~o
<STREAMINFO> 1 39
<VECSIZE> 39<NULLD><MFCC_D_A_C_K_0><DIAGC>
~s "silst"
<NUMMIXES> 4
<MIXTURE> 1 9.665006e-02
<MEAN> 39
 -1.421388e+01 -8.484357e+00 -1.040408e+01 -1.437746e+01 -9.236181e+00 -1.691599e+01 -9.639193e+00 -8.663800e+00 -3.964608e+00 -3.673227e+00 -3.924004e+00 -9.033918e-01 6.592776e+01 -1.024505e-01 5.185026e-02 7.407861e-02 -1.457268e-01 2.597545e-01 1.476119e-01 4.132231e-01 4.585263e-01 5.133205e-01 3.479892e-01 5.383254e-01 3.064870e-01 4.326577e-01 3.589849e-02 2.072173e-03 -5.310990e-03 3.339547e-02 1.415701e-02 3.394748e-02 2.039631e-02 2.058534e-02 2.058092e-02 3.586606e-02 1.382695e-02 1.632310e-02 -2.808480e-02
<VARIANCE> 39
 5.326079e+01 4.301962e+01 5.410748e+01 5.034538e+01 7.266526e+01 6.242595e+01 6.594944e+01 6.610578e+01 5.868891e+01 5.578159e+01 5.444048e+01 4.409095e+01 5.501222e+01 2.311528e+00 1.914803e+00 2.506173e+00 2.924497e+00 3.634304e+00 3.521263e+00 3.875314e+00 4.042346e+00 3.737086e+00 3.645875e+00 3.442829e+00 2.903903e+00 2.024172e+00 3.346761e-01 2.983750e-01 4.075993e-01 4.990267e-01 6.134622e-01 6.322787e-01 7.169118e-01 7.760753e-01 7.273142e-01 6.943170e-01 6.720725e-01 5.646138e-01 3.123240e-01
<GCONST> 1.301622e+02
<MIXTURE> 2 3.823473e-01
<MEAN> 39
 -1.407603e+01 -9.185846e+00 -1.171959e+01 -1.107039e+01 -1.054986e+01 -1.698236e+01 -1.252764e+01 -1.196905e+01 -7.439257e+00 -4.577610e+00 -7.820293e+00 -2.526902e+00 5.747924e+01 3.544223e-02 7.198322e-02 1.126816e-01 1.632500e-01 1.958889e-01 2.487406e-01 2.691827e-01 3.057178e-01 3.358052e-01 3.604577e-01 3.229232e-01 2.378450e-01 -1.103563e-02 1.089802e-02 2.787018e-02 2.565836e-02 8.755906e-03 2.535531e-02 8.757761e-03 1.890194e-02 2.094840e-02 2.423334e-02 1.674347e-02 3.268006e-02 1.907403e-02 2.871463e-02
<VARIANCE> 39
 6.516902e+00 5.844234e+00 8.202612e+00 1.154982e+01 1.348250e+01 1.547153e+01 1.866750e+01 2.133470e+01 2.366324e+01 2.020877e+01 2.022427e+01 1.793530e+01 3.725305e+00 2.297268e-01 3.676794e-01 5.766756e-01 8.068619e-01 1.034940e+00 1.274836e+00 1.512904e+00 1.751175e+00 1.860806e+00 1.803604e+00 1.692115e+00 1.591556e+00 8.303516e-02 4.301136e-02 7.333166e-02 1.166261e-01 1.660600e-01 2.170605e-01 2.688111e-01 3.229080e-01 3.758760e-01 4.041919e-01 3.931763e-01 3.689387e-01 3.389277e-01 1.532196e-02
<GCONST> 7.955216e+01
<MIXTURE> 3 3.859935e-01
<MEAN> 39
 -1.337143e+01 -8.981157e+00 -1.141231e+01 -1.038268e+01 -1.054909e+01 -1.713928e+01 -1.315306e+01 -1.268265e+01 -8.319503e+00 -4.887371e+00 -8.621213e+00 -2.990607e+00 5.720543e+01 -2.436740e-02 -6.753146e-02 -9.629054e-02 -1.191185e-01 -2.090343e-01 -2.284080e-01 -2.860074e-01 -3.106299e-01 -3.351226e-01 -3.209113e-01 -3.361851e-01 -2.343673e-01 -5.250829e-02 -2.578418e-02 -1.826142e-02 -2.192220e-02 -3.583691e-02 -7.978491e-03 -5.119285e-03 1.193264e-02 1.529248e-02 1.567013e-02 1.393104e-03 1.300980e-02 1.432512e-03 7.206236e-03
<VARIANCE> 39
 4.342429e+00 4.793786e+00 7.056651e+00 9.936770e+00 1.186074e+01 1.432639e+01 1.711945e+01 1.967482e+01 2.165374e+01 1.928252e+01 1.850640e+01 1.643618e+01 2.125422e+00 2.025761e-01 3.498416e-01 5.504275e-01 7.715856e-01 9.932767e-01 1.224861e+00 1.475617e+00 1.711926e+00 1.828890e+00 1.769788e+00 1.647785e+00 1.551971e+00 6.796490e-02 3.724821e-02 6.918611e-02 1.110788e-01 1.594019e-01 2.080569e-01 2.603604e-01 3.144251e-01 3.687690e-01 3.971120e-01 3.862130e-01 3.595922e-01 3.305146e-01 1.159097e-02
<GCONST> 7.594078e+01
<MIXTURE> 4 1.345708e-01
<MEAN> 39
 -1.527405e+01 -8.018887e+00 -1.138198e+01 -1.325520e+01 -9.221092e+00 -1.700948e+01 -1.029396e+01 -9.837518e+00 -4.700870e+00 -4.170467e+00 -4.346881e+00 -1.053480e+00 6.236121e+01 -2.887068e-02 -1.447535e-02 -5.953881e-02 3.396821e-02 -1.076762e-01 -1.728121e-01 -2.996261e-01 -3.746483e-01 -3.939841e-01 -3.594292e-01 -3.650469e-01 -2.591047e-01 -1.794210e-01 4.840637e-02 -2.834377e-02 1.195680e-02 2.054779e-02 -5.458626e-02 -3.258350e-02 -7.162059e-02 -5.981889e-02 -7.932529e-02 -4.736427e-02 -9.054598e-02 -5.215583e-02 -1.003639e-02
<VARIANCE> 39
 3.472952e+01 2.078253e+01 2.908855e+01 2.603078e+01 3.955113e+01 3.729974e+01 3.965066e+01 4.324081e+01 4.396051e+01 3.956314e+01 3.598524e+01 2.993036e+01 1.517300e+01 9.815281e-01 8.487076e-01 1.276899e+00 1.593011e+00 1.963252e+00 2.169145e+00 2.460755e+00 2.672611e+00 2.684284e+00 2.573303e+00 2.395325e+00 2.100267e+00 6.602595e-01 1.510443e-01 1.493018e-01 2.269369e-01 2.949699e-01 3.670502e-01 4.211812e-01 4.867695e-01 5.490786e-01 5.545194e-01 5.398966e-01 4.976372e-01 4.341748e-01 9.041548e-02
<GCONST> 1.089637e+02
~h "sp"
<BEGINHMM>
<NUMSTATES> 3
<STATE> 2
~s "silst"
<TRANSP> 3
 0.000000e+00 4.785555e-01 5.214446e-01
 0.000000e+00 9.913028e-01 8.697184e-03
 0.000000e+00 0.000000e+00 0.000000e+00
<ENDHMM>
~h "oov"
<BEGINHMM>
<NUMSTATES> 3
<STATE> 2
<NUMMIXES> 4
<MIXTURE> 1 1.730647e-01
<MEAN> 39
 -1.216300e+01 -8.235501e+00 -9.204543e+00 -1.496889e+01 -9.643527e+00 -1.851628e+01 -9.910248e+00 -7.047832e+00 -2.162867e+00 -2.680680e+00 -2.273615e+00 -7.888988e-01 6.998492e+01 -1.798042e-01 -2.772524e-01 2.775534e-01 -6.264547e-01 3.097854e-01 2.034878e-01 8.490211e-01 1.307051e+00 1.101564e+00 4.919438e-01 1.004105e+00 5.175688e-01 1.466460e+00 6.018882e-02 -8.144726e-02 -3.492102e-02 -8.150387e-02 -9.632632e-03 9.055230e-02 8.739755e-02 6.011911e-02 2.365007e-02 5.139197e-02 4.201042e-02 2.676316e-02 1.180699e-01
<VARIANCE> 39
 6.179116e+01 5.892828e+01 6.725527e+01 5.814035e+01 8.939380e+01 8.740591e+01 8.072805e+01 7.984065e+01 7.332222e+01 6.835748e+01 6.734590e+01 5.436246e+01 5.858731e+01 5.786475e+00 4.596075e+00 5.328603e+00 5.274098e+00 7.578455e+00 6.750668e+00 6.562428e+00 6.813507e+00 6.182963e+00 5.948781e+00 5.530344e+00 4.659417e+00 3.224426e+00 6.830142e-01 6.024705e-01 6.869875e-01 8.252501e-01 1.058228e+00 1.035960e+00 1.056866e+00 1.213481e+00 1.092993e+00 9.834939e-01 9.642348e-01 7.971196e-01 6.198408e-01
<GCONST> 1.472718e+02
<MIXTURE> 2 3.293451e-01
<MEAN> 39
 -1.003327e+01 -1.080532e+01 -1.022412e+01 -1.726035e+01 -9.873049e+00 -1.548328e+01 -8.154914e+00 -5.783410e+00 -2.202394e+00 -2.612047e+00 -1.652651e+00 -1.081715e+00 7.283112e+01 -1.802011e-02 1.854487e-01 1.771152e-03 2.818182e-01 1.515544e-01 1.917601e-01 1.278078e-01 2.640054e-02 1.192353e-01 2.593612e-01 1.197755e-01 1.914656e-01 -3.996256e-01 -9.465860e-03 7.073998e-02 2.883163e-02 8.570962e-02 1.565747e-02 -3.949325e-02 -2.112623e-02 1.402345e-03 5.533817e-02 6.145186e-02 3.739362e-02 4.474974e-02 -8.079635e-02
<VARIANCE> 39
 7.752868e+01 7.914465e+01 9.451474e+01 7.853003e+01 1.288670e+02 1.183436e+02 1.052134e+02 1.054462e+02 9.097151e+01 8.172536e+01 8.621712e+01 7.761459e+01 4.736131e+01 6.562921e-01 1.163497e+00 1.586970e+00 1.882156e+00 2.406455e+00 2.818043e+00 3.111955e+00 3.266419e+00 3.154621e+00 2.973108e+00 2.813326e+00 2.566464e+00 6.986618e-01 1.339484e-01 2.042670e-01 2.759393e-01 3.542970e-01 4.466882e-01 5.183558e-01 5.908375e-01 6.594688e-01 6.225823e-01 5.872931e-01 5.656490e-01 5.125279e-01 1.092484e-01
<GCONST> 1.259650e+02
<MIXTURE> 3 2.822531e-01
<MEAN> 39
 -8.512030e+00 -1.024685e+01 -1.102469e+01 -1.572960e+01 -1.054877e+01 -1.640579e+01 -9.018151e+00 -6.382055e+00 -2.753281e+00 -2.181703e+00 -2.832998e+00 -7.974691e-01 6.999586e+01 -2.280242e-01 2.667761e-01 -2.184770e-01 3.822252e-01 -5.081332e-02 -9.835116e-02 -4.511451e-01 -8.850431e-01 -7.295957e-01 -4.269930e-01 -6.722935e-01 -3.051096e-01 -9.109493e-01 -9.348322e-02 -1.623962e-02 4.239546e-02 -3.085377e-02 -4.034100e-02 -9.955979e-02 -9.809905e-02 -4.505599e-02 -4.951332e-02 -8.402006e-02 -3.938162e-02 -4.907592e-02 -4.054617e-03
<VARIANCE> 39
 4.763824e+01 4.963294e+01 8.360664e+01 5.757495e+01 9.996279e+01 9.829578e+01 8.564290e+01 9.379809e+01 8.452827e+01 7.298322e+01 7.819617e+01 6.497697e+01 4.456445e+01 8.753551e-01 1.229251e+00 1.885859e+00 2.091529e+00 2.662581e+00 3.128731e+00 3.345352e+00 3.733762e+00 3.560349e+00 3.366927e+00 3.132721e+00 2.810039e+00 9.100161e-01 1.340048e-01 1.827603e-01 2.817643e-01 3.418443e-01 4.334439e-01 5.123807e-01 5.827554e-01 6.871367e-01 6.570134e-01 6.137486e-01 5.874092e-01 5.212346e-01 1.139360e-01
<GCONST> 1.250881e+02
<MIXTURE> 4 2.133447e-01
<MEAN> 39
 -1.166856e+01 -8.072705e+00 -8.075829e+00 -1.596996e+01 -1.057189e+01 -1.969420e+01 -1.002131e+01 -6.223557e+00 -1.511447e+00 -2.014250e+00 -8.392000e-01 -4.462486e-01 7.213345e+01 6.319588e-01 -5.099351e-01 -4.817549e-02 -5.765368e-01 -5.062187e-01 -2.979677e-01 -1.594589e-01 2.223221e-01 -4.063845e-02 -2.281591e-01 -6.958379e-02 -2.378692e-01 8.102975e-01 1.991302e-02 -1.672988e-02 -1.095266e-01 5.849938e-02 2.909628e-02 1.206360e-01 2.347440e-02 -1.212965e-01 -1.494416e-01 -8.915205e-02 -1.500134e-01 -6.304809e-02 -1.543427e-01
<VARIANCE> 39
 7.300691e+01 6.645495e+01 8.765755e+01 6.953876e+01 1.096944e+02 1.063622e+02 9.596763e+01 9.592168e+01 8.418208e+01 8.176969e+01 7.568119e+01 6.395045e+01 4.500603e+01 4.451233e+00 3.630582e+00 4.765515e+00 5.056157e+00 6.794334e+00 6.917795e+00 6.415280e+00 6.951046e+00 5.864387e+00 5.763661e+00 5.202432e+00 4.515625e+00 2.611247e+00 6.994720e-01 5.864739e-01 7.505085e-01 8.672733e-01 1.179044e+00 1.179196e+00 1.159478e+00 1.318226e+00 1.130688e+00 1.062110e+00 9.692407e-01 8.294418e-01 4.684548e-01
<GCONST> 1.483892e+02
<TRANSP> 3
 0.000000e+00 1.000000e+00 0.000000e+00
 0.000000e+00 9.849580e-01 1.504196e-02
 0.000000e+00 0.000000e+00 0.000000e+00
<ENDHMM>
~h "sil"
<BEGINHMM>
<NUMSTATES> 3
<STATE> 2
~s "silst"
<TRANSP> 3
 0.000000e+00 1.000000e+00 0.000000e+00
 0.000000e+00 9.973359e-01 2.664124e-03
 0.000000e+00 0.000000e+00 0.000000e+00
<ENDHMM>
~h "noise"
<BEGINHMM>
<NUMSTATES> 3
<STATE> 2
~s "silst"
<TRANSP> 3
 0.000000e+00 1.000000e+00 0.000000e+00
 0.000000e+00 9.868097e-01 1.319025e-02
 0.000000e+00 0.000000e+00 0.000000e+00
<ENDHMM>
