~o
<STREAMINFO> 1 22
<VECSIZE> 22<NULLD><MFCC_0><DIAGC>
~h "BN"
<BEGINHMM>
<NUMSTATES> 5
<STATE> 2
<NUMMIXES> 2
<MIXTURE> 1 5.770870e-001
<MEAN> 22
 7.542615e+000 1.627530e+001 3.574143e+000 5.281786e+000 5.980360e+001 8.811554e+001 9.508515e+001 9.278132e+001 6.964021e+001 7.232816e+001 1.814339e+002 1.344822e+002 1.183040e+002 1.126179e+002 5.983208e+000 4.021724e+000 6.007535e+000 5.178982e+000 5.614986e+000 4.559569e+000 2.457320e+000 2.535657e+000
<VARIANCE> 22
 1.363953e+003 1.140359e+003 1.048054e+003 6.689553e+002 1.510031e+004 9.551288e+003 9.806235e+002 1.229304e+003 3.080001e+002 4.839170e+002 3.089397e+003 4.238865e+003 4.666098e+002 2.132030e+002 5.049760e+000 1.551182e+000 1.402988e+000 1.054245e+000 7.860146e-001 5.447630e+000 6.010603e+000 4.256577e+000
<GCONST> 1.478940e+002
<MIXTURE> 2 4.229127e-001
<MEAN> 22
 4.574477e+000 7.884455e+000 1.399775e+000 2.459401e+000 1.421504e+002 1.492131e+002 6.035165e+001 6.692683e+001 5.940557e+001 5.933791e+001 9.604473e+001 7.607043e+001 8.095214e+001 8.209853e+001 2.978836e+000 2.560483e+000 4.320727e+000 4.003554e+000 3.845908e+000 2.483866e+000 1.757733e+000 1.834834e+000
<VARIANCE> 22
 8.331467e+001 1.657681e+002 9.077342e+000 1.412083e+001 3.722200e+004 2.074984e+004 1.951423e+003 2.283794e+003 1.106877e+003 1.112277e+003 4.435558e+003 3.550625e+003 1.747815e+003 1.619249e+003 8.484654e+000 3.015801e+000 7.771696e+000 4.565800e+000 4.605119e+000 6.946476e+000 5.184001e+000 4.490666e+000
<GCONST> 1.494706e+002
<STATE> 3
<NUMMIXES> 2
<MIXTURE> 1 4.507430e-001
<MEAN> 22
 1.601440e+000 1.169788e+001 6.379926e-001 3.657054e+000 1.034806e+001 1.794612e+002 1.003825e+002 1.219522e+002 6.264909e+001 9.550925e+001 2.027237e+002 4.731788e+001 1.212319e+002 1.080547e+002 6.978214e+000 2.289436e+000 6.123446e+000 3.973705e+000 5.989133e+000 1.179300e+000 1.951745e+000 3.289223e+000
<VARIANCE> 22
 1.061783e+001 2.167206e+002 3.300596e+000 2.162084e+001 4.182329e+002 2.522900e+003 2.548017e+002 8.428652e+002 6.851250e+001 3.975487e+002 5.847405e+002 8.051723e+002 1.776556e+002 1.681974e+002 1.235564e-001 3.314984e-001 1.542078e-001 6.471649e-001 2.945637e-002 6.550557e-001 6.066970e+000 5.669744e+000
<GCONST> 1.062586e+002
<MIXTURE> 2 5.492569e-001
<MEAN> 22
 7.186209e-001 6.335086e+000 3.110896e-001 1.891597e+000 8.279376e+000 1.658976e+002 8.412873e+001 1.132254e+002 5.499618e+001 8.530688e+001 1.775503e+002 3.332646e+001 1.082522e+002 9.531850e+001 6.931348e+000 2.095259e+000 5.973881e+000 3.789046e+000 5.957389e+000 1.083390e+000 1.083867e+000 2.528754e+000
<VARIANCE> 22
 4.801632e+000 8.753659e+001 3.300596e+000 7.493709e+000 4.514838e+002 1.141856e+003 1.321411e+002 4.404986e+002 4.646698e+001 2.936043e+002 3.938800e+002 3.967599e+002 6.303223e+001 8.062915e+001 3.571121e-001 1.449209e-001 2.146005e-001 6.537878e-001 1.170552e-001 3.099291e-001 3.958500e+000 5.781814e+000
<GCONST> 9.870990e+001
<STATE> 4
<NUMMIXES> 2
<MIXTURE> 1 5.166785e-001
<MEAN> 22
 1.064932e+001 8.987667e+000 2.994810e+000 2.324864e+000 9.273946e+001 2.635582e+001 1.076857e+002 9.780939e+001 7.960537e+001 6.243283e+001 1.267353e+002 1.955323e+002 1.142786e+002 1.198939e+002 4.352859e+000 4.912848e+000 4.423483e+000 5.775839e+000 4.627038e+000 6.013609e+000 3.459230e+000 3.173090e+000
<VARIANCE> 22
 2.403116e+002 2.562677e+002 2.382321e+001 1.304495e+001 7.650980e+003 9.258023e+002 8.288248e+002 4.475922e+002 3.754524e+002 9.641318e+001 6.323201e+003 8.822175e+002 2.515725e+002 1.241867e+002 7.486077e+000 1.132392e-001 7.590081e+000 1.798575e-001 2.363809e+000 1.872904e-001 6.317739e+000 6.932784e+000
<GCONST> 1.252892e+002
<MIXTURE> 2 4.833215e-001
<MEAN> 22
 6.204022e+000 3.594430e+000 1.950851e+000 9.935725e-001 1.128440e+002 2.160103e+001 1.055691e+002 7.525237e+001 8.081647e+001 5.634542e+001 6.662041e+001 1.627208e+002 9.817982e+001 1.085834e+002 2.878052e+000 4.614239e+000 2.629564e+000 5.788310e+000 3.546917e+000 5.523899e+000 2.772839e+000 2.066810e+000
<VARIANCE> 22
 9.666492e+001 6.243336e+001 9.417972e+000 3.780795e+000 5.577835e+003 8.042235e+002 1.006141e+003 7.287460e+002 4.628528e+002 6.841299e+001 3.416320e+003 1.651083e+003 2.038154e+002 1.365960e+002 4.615381e+000 6.699597e-001 8.000063e+000 2.085554e-001 1.841358e+000 3.381066e+000 6.071418e+000 5.944551e+000
<GCONST> 1.247311e+002
<TRANSP> 5
 0.000000e+000 1.000000e+000 0.000000e+000 0.000000e+000 0.000000e+000
 0.000000e+000 8.172002e-001 1.827998e-001 0.000000e+000 0.000000e+000
 0.000000e+000 0.000000e+000 9.502084e-001 4.979166e-002 0.000000e+000
 0.000000e+000 0.000000e+000 0.000000e+000 9.373190e-001 6.268103e-002
 0.000000e+000 0.000000e+000 0.000000e+000 0.000000e+000 0.000000e+000
<ENDHMM>
~h "BS"
<BEGINHMM>
<NUMSTATES> 5
<STATE> 2
<NUMMIXES> 2
<MIXTURE> 1 5.085485e-001
<MEAN> 22
 1.676895e+001 1.652019e+001 5.205685e+000 5.007692e+000 7.941631e+001 6.706154e+001 7.948870e+001 7.689841e+001 6.637992e+001 6.281617e+001 1.740350e+002 1.694604e+002 1.156128e+002 1.151441e+002 6.012244e+000 4.865088e+000 6.163410e+000 5.831164e+000 5.483429e+000 5.844289e+000 2.868488e+000 2.200215e+000
<VARIANCE> 22
 1.527122e+003 1.193749e+003 1.196671e+003 7.952796e+002 2.030698e+004 1.010462e+004 1.083897e+003 9.797456e+002 8.439131e+001 9.503734e+001 1.165185e+003 1.286670e+003 1.832726e+002 1.412478e+002 5.008699e+000 5.890871e-001 1.660879e-001 1.515249e-001 1.605211e+000 1.791392e+000 3.498507e+000 4.484750e+000
<GCONST> 1.362110e+002
<MIXTURE> 2 4.914509e-001
<MEAN> 22
 1.528887e+001 1.521158e+001 2.579623e+000 2.636252e+000 8.008868e+001 7.407928e+001 4.809648e+001 4.601617e+001 6.006284e+001 5.681570e+001 1.299414e+002 1.258545e+002 1.005451e+002 1.004538e+002 5.075948e+000 4.236227e+000 5.897680e+000 5.803425e+000 4.904043e+000 4.931154e+000 2.523616e+000 1.786538e+000
<VARIANCE> 22
 2.074342e+002 2.010838e+002 1.113148e+001 1.548761e+001 1.100279e+004 6.675044e+003 8.792570e+002 7.434448e+002 1.574859e+002 1.528356e+002 1.613592e+003 1.552766e+003 3.197721e+002 3.032492e+002 6.503460e+000 2.763984e+000 9.331980e-001 8.381585e-001 1.707901e+000 7.508986e+000 3.028895e+000 3.259630e+000
<GCONST> 1.315134e+002
<STATE> 3
<NUMMIXES> 2
<MIXTURE> 1 4.720908e-001
<MEAN> 22
 2.411245e+001 2.390351e+001 4.753023e+000 4.527789e+000 1.212447e+002 1.161232e+002 1.048185e+002 1.046488e+002 8.143117e+001 7.451009e+001 1.284423e+002 1.346531e+002 1.121054e+002 1.116394e+002 1.218375e+000 3.517525e+000 4.895955e+000 5.073159e+000 2.875631e+000 3.549695e+000 2.846755e+000 3.766423e+000
<VARIANCE> 22
 5.548149e+002 5.712534e+002 3.248530e+001 2.465448e+001 2.294987e+003 1.904298e+003 2.907150e+003 2.615445e+003 2.622006e+002 2.823734e+002 1.861448e+003 1.790133e+003 1.715271e+002 1.369683e+002 2.980936e+000 9.941866e-001 8.416405e+000 5.161929e-001 5.562184e+000 4.140943e+000 6.557661e+000 4.422749e+000
<GCONST> 1.362756e+002
<MIXTURE> 2 5.279103e-001
<MEAN> 22
 1.666009e+001 1.752991e+001 2.992925e+000 2.903237e+000 9.727778e+001 9.948557e+001 6.278560e+001 6.150118e+001 6.657132e+001 6.031338e+001 9.431860e+001 9.559912e+001 9.950645e+001 1.000090e+002 1.606814e+000 2.656912e+000 5.475220e+000 5.598435e+000 3.417323e+000 2.090311e+000 2.485889e+000 2.731186e+000
<VARIANCE> 22
 2.595464e+002 2.816897e+002 1.284727e+001 1.232347e+001 1.496813e+003 1.184978e+003 1.804181e+003 1.462289e+003 1.789259e+002 1.223409e+002 1.077311e+003 1.025065e+003 9.815431e+001 8.696491e+001 2.237284e+000 1.602918e+000 4.122299e+000 5.499540e-001 3.075871e+000 5.674383e+000 5.157123e+000 4.417315e+000
<GCONST> 1.269135e+002
<STATE> 4
<NUMMIXES> 2
<MIXTURE> 1 4.763090e-001
<MEAN> 22
 1.015541e+001 9.801133e+000 2.758590e+000 2.454530e+000 6.902251e+001 6.728113e+001 1.240639e+002 1.215664e+002 7.420750e+001 6.875139e+001 1.927979e+002 1.909946e+002 1.174862e+002 1.166712e+002 3.718406e+000 4.528822e+000 6.759005e+000 5.243773e+000 5.030085e+000 5.200800e+000 4.067574e+000 4.405695e+000
<VARIANCE> 22
 9.355004e+001 8.505105e+001 8.509787e+000 6.413077e+000 2.294759e+003 1.987370e+003 8.040564e+002 6.841473e+002 1.569357e+002 1.440965e+002 7.716558e+002 5.901017e+002 1.727878e+002 1.227002e+002 1.211240e+001 2.698442e-001 1.829467e-001 2.148845e-001 6.892592e+000 7.095004e-001 4.782364e+000 7.193632e+000
<GCONST> 1.180558e+002
<MIXTURE> 2 5.236891e-001
<MEAN> 22
 5.007447e+000 4.962080e+000 1.417785e+000 1.328449e+000 6.967640e+001 6.963932e+001 1.035967e+002 1.039075e+002 6.385692e+001 5.889421e+001 1.572236e+002 1.558784e+002 1.045484e+002 1.040425e+002 2.010594e+000 4.266831e+000 6.765619e+000 5.180621e+000 4.050679e+000 4.764436e+000 2.893278e+000 3.175440e+000
<VARIANCE> 22
 3.898545e+001 3.922466e+001 3.632421e+000 3.344549e+000 1.382954e+003 1.347748e+003 6.511262e+002 6.184536e+002 7.616219e+001 9.544820e+001 5.222883e+002 5.407262e+002 7.756560e+001 7.776160e+001 9.830715e+000 2.806740e-001 2.091334e-001 1.653683e-001 9.806398e+000 9.395528e-001 5.902287e+000 7.733280e+000
<GCONST> 1.114466e+002
<TRANSP> 5
 0.000000e+000 1.000000e+000 0.000000e+000 0.000000e+000 0.000000e+000
 0.000000e+000 7.827860e-001 2.172139e-001 0.000000e+000 0.000000e+000
 0.000000e+000 0.000000e+000 9.117375e-001 8.826247e-002 0.000000e+000
 0.000000e+000 0.000000e+000 0.000000e+000 9.520407e-001 4.795929e-002
 0.000000e+000 0.000000e+000 0.000000e+000 0.000000e+000 0.000000e+000
<ENDHMM>
~h "CF"
<BEGINHMM>
<NUMSTATES> 5
<STATE> 2
<NUMMIXES> 2
<MIXTURE> 1 5.339163e-001
<MEAN> 22
 1.229864e+001 1.125139e+001 4.819835e+000 4.114699e+000 7.996766e+001 5.334923e+001 1.020421e+002 8.965491e+001 8.081639e+001 6.803488e+001 1.369927e+002 1.586471e+002 1.107871e+002 1.154217e+002 4.619114e+000 4.381494e+000 4.941744e+000 5.475003e+000 4.864359e+000 5.254879e+000 3.176575e+000 2.782694e+000
<VARIANCE> 22
 9.696708e+002 6.845998e+002 6.770029e+002 4.031926e+002 7.211247e+003 3.685776e+003 1.243639e+003 1.145530e+003 7.360012e+002 3.033831e+002 5.344524e+003 3.766742e+003 3.171034e+002 1.919536e+002 7.306617e+000 1.203084e+000 5.099006e+000 6.927537e-001 2.135956e+000 3.909421e+000 6.834298e+000 4.905782e+000
<GCONST> 1.468420e+002
<MIXTURE> 2 4.660838e-001
<MEAN> 22
 6.326640e+000 6.573827e+000 2.498879e+000 2.144108e+000 8.715134e+001 7.358945e+001 7.879955e+001 6.265202e+001 7.364680e+001 6.062346e+001 8.735017e+001 1.070564e+002 9.199992e+001 9.903144e+001 3.091202e+000 3.262305e+000 4.394496e+000 5.123395e+000 3.864760e+000 3.414028e+000 2.525635e+000 2.244324e+000
<VARIANCE> 22
 1.230574e+002 1.103640e+002 1.655067e+001 1.396271e+001 1.082601e+004 7.577799e+003 2.173325e+003 1.416687e+003 6.765879e+002 4.553316e+002 3.559529e+003 3.217849e+003 6.511450e+002 5.612079e+002 5.632555e+000 2.740353e+000 5.840688e+000 2.197617e+000 2.466798e+000 8.025879e+000 6.067266e+000 4.943439e+000
<GCONST> 1.419315e+002
<STATE> 3
<NUMMIXES> 2
<MIXTURE> 1 4.514500e-001
<MEAN> 22
 2.162163e+000 1.561368e+001 9.410269e-001 5.271775e+000 1.068821e+001 1.892919e+002 1.038648e+002 1.254834e+002 6.388501e+001 1.045924e+002 2.037263e+002 5.406780e+001 1.210055e+002 9.647060e+001 6.976595e+000 2.366669e+000 6.198593e+000 3.549512e+000 5.989223e+000 1.478561e+000 2.251770e+000 3.411505e+000
<VARIANCE> 22
 1.582840e+001 4.184935e+002 3.340056e+000 4.348004e+001 2.289854e+002 3.515891e+003 3.671910e+002 1.372839e+003 9.328195e+001 4.696840e+002 6.906920e+002 1.495672e+003 2.126547e+002 3.793633e+002 1.265028e-001 5.316207e-001 1.662445e-001 1.843192e+000 3.302607e-002 2.367406e+000 6.536966e+000 5.646279e+000
<GCONST> 1.139508e+002
<MIXTURE> 2 5.485488e-001
<MEAN> 22
 8.136261e-001 7.116115e+000 3.469698e-001 2.692706e+000 7.172832e+000 1.773447e+002 8.457416e+001 1.180041e+002 5.538869e+001 9.476292e+001 1.764618e+002 3.328677e+001 1.068857e+002 8.220782e+001 6.936491e+000 2.078182e+000 5.993211e+000 3.167119e+000 5.960343e+000 9.894919e-001 1.075139e+000 2.427783e+000
<VARIANCE> 22
 4.801632e+000 1.269535e+002 3.300596e+000 1.383237e+001 2.744494e+002 1.332621e+003 1.469471e+002 7.134644e+002 4.026218e+001 3.685529e+002 3.779814e+002 4.303945e+002 6.624837e+001 1.940469e+002 3.065062e-001 1.312508e-001 1.272923e-001 1.733824e+000 9.500812e-002 3.501220e-001 4.043925e+000 5.700009e+000
<GCONST> 1.011134e+002
<STATE> 4
<NUMMIXES> 2
<MIXTURE> 1 4.955783e-001
<MEAN> 22
 1.038085e+001 8.040720e+000 3.517045e+000 2.541444e+000 7.471033e+001 3.089044e+001 1.047929e+002 9.895080e+001 7.822691e+001 6.400787e+001 1.433986e+002 1.961682e+002 1.110090e+002 1.184825e+002 5.009647e+000 4.967488e+000 5.075330e+000 5.705606e+000 4.976431e+000 6.015095e+000 3.466566e+000 3.276335e+000
<VARIANCE> 22
 2.195238e+002 1.731456e+002 2.761029e+001 1.283174e+001 6.581926e+003 9.475106e+002 9.321411e+002 4.346894e+002 5.289753e+002 1.125119e+002 6.023494e+003 5.984911e+002 3.861071e+002 1.107821e+002 6.691725e+000 5.876104e-002 4.624981e+000 2.078228e-001 1.928223e+000 8.887658e-002 6.103966e+000 6.497256e+000
<GCONST> 1.231060e+002
<MIXTURE> 2 5.044218e-001
<MEAN> 22
 6.728821e+000 3.565639e+000 2.427284e+000 1.197965e+000 1.161922e+002 2.508649e+001 1.067808e+002 8.475613e+001 8.223245e+001 5.575873e+001 7.755460e+001 1.769178e+002 8.849120e+001 1.083390e+002 3.205688e+000 4.897493e+000 3.637615e+000 5.678883e+000 3.848600e+000 5.992229e+000 2.669816e+000 2.166309e+000
<VARIANCE> 22
 1.067023e+002 5.061866e+001 1.252169e+001 4.239166e+000 6.655990e+003 9.287702e+002 1.306752e+003 4.619811e+002 4.942760e+002 8.916320e+001 4.304564e+003 7.011731e+002 4.885424e+002 9.910920e+001 5.506892e+000 1.666720e-001 5.919623e+000 2.416343e-001 1.911935e+000 4.000843e-001 5.950130e+000 5.800210e+000
<GCONST> 1.218944e+002
<TRANSP> 5
 0.000000e+000 1.000000e+000 0.000000e+000 0.000000e+000 0.000000e+000
 0.000000e+000 8.616816e-001 1.383184e-001 0.000000e+000 0.000000e+000
 0.000000e+000 0.000000e+000 9.450380e-001 5.496204e-002 0.000000e+000
 0.000000e+000 0.000000e+000 0.000000e+000 9.341711e-001 6.582889e-002
 0.000000e+000 0.000000e+000 0.000000e+000 0.000000e+000 0.000000e+000
<ENDHMM>
~h "CN"
<BEGINHMM>
<NUMSTATES> 5
<STATE> 2
<NUMMIXES> 2
<MIXTURE> 1 4.827456e-001
<MEAN> 22
 1.443738e+001 1.366028e+001 3.339975e+000 3.293387e+000 4.497132e+001 4.382052e+001 8.492631e+001 8.157250e+001 6.866721e+001 6.321784e+001 1.794120e+002 1.770360e+002 1.213394e+002 1.190774e+002 6.127744e+000 4.770670e+000 6.186327e+000 5.912855e+000 5.633353e+000 5.708031e+000 2.837631e+000 2.112992e+000
<VARIANCE> 22
 7.078078e+002 5.700498e+002 3.707122e+002 2.744942e+002 3.366834e+003 2.499721e+003 1.118352e+003 8.318099e+002 1.159287e+002 7.339861e+001 2.022078e+003 1.665053e+003 2.402610e+002 1.715052e+002 4.463515e+000 5.690712e-001 1.606276e-001 1.089768e-001 5.592581e-001 2.478650e+000 3.066184e+000 4.122951e+000
<GCONST> 1.290156e+002
<MIXTURE> 2 5.172542e-001
<MEAN> 22
 1.648796e+001 1.626890e+001 2.316695e+000 2.604546e+000 6.569553e+001 6.289705e+001 5.109277e+001 5.159189e+001 6.176786e+001 5.895236e+001 1.183399e+002 1.188001e+002 1.038774e+002 1.033395e+002 4.030686e+000 3.870571e+000 6.015194e+000 5.856719e+000 4.778261e+000 4.128654e+000 2.627773e+000 1.807518e+000
<VARIANCE> 22
 2.438084e+002 2.410243e+002 7.274131e+000 9.054852e+000 2.324073e+003 2.239751e+003 6.625224e+002 7.068757e+002 7.805679e+001 9.287455e+001 2.088832e+003 2.057566e+003 1.033449e+002 9.677647e+001 8.036482e+000 1.915562e+000 1.154810e-001 3.869636e-001 1.131335e+000 8.661390e+000 2.189432e+000 2.650606e+000
<GCONST> 1.211637e+002
<STATE> 3
<NUMMIXES> 2
<MIXTURE> 1 4.757850e-001
<MEAN> 22
 1.012775e+001 1.094245e+001 1.576978e+000 1.395767e+000 1.584999e+002 1.536601e+002 7.497761e+001 7.389339e+001 6.983750e+001 6.862283e+001 4.721773e+001 4.693444e+001 1.078090e+002 1.099969e+002 2.058947e+000 1.958453e+000 5.774306e+000 5.926221e+000 3.250856e+000 7.850140e-001 3.567616e+000 3.487022e+000
<VARIANCE> 22
 1.579858e+002 1.874451e+002 4.499223e+000 3.052204e+000 1.451889e+003 1.345151e+003 5.750211e+002 6.651389e+002 1.070529e+002 1.173333e+002 3.959677e+002 4.595382e+002 1.731779e+002 1.334930e+002 1.130658e-001 1.275980e-001 5.947748e-001 4.895225e-001 2.007139e-001 2.114866e-001 5.783648e+000 5.700120e+000
<GCONST> 1.071501e+002
<MIXTURE> 2 5.242139e-001
<MEAN> 22
 5.685973e+000 6.029688e+000 8.893932e-001 7.554895e-001 1.333763e+002 1.270231e+002 6.858149e+001 6.517445e+001 6.329603e+001 6.007105e+001 4.011686e+001 4.514522e+001 9.860416e+001 9.941212e+001 2.018941e+000 1.907707e+000 5.789987e+000 5.943245e+000 3.155782e+000 7.575836e-001 2.820366e+000 2.741652e+000
<VARIANCE> 22
 6.426466e+001 9.070319e+001 3.300596e+000 2.164982e+000 1.625478e+003 1.205218e+003 4.574135e+002 4.833008e+002 6.337453e+001 8.000895e+001 2.944062e+002 4.064250e+002 6.694086e+001 6.229057e+001 6.504287e-002 1.235436e-001 9.205256e-001 6.155202e-001 1.528725e-001 2.168715e-001 5.940264e+000 6.030588e+000
<GCONST> 1.012038e+002
<STATE> 4
<NUMMIXES> 2
<MIXTURE> 1 5.011979e-001
<MEAN> 22
 1.740288e+001 1.587202e+001 3.422528e+000 3.261458e+000 6.557008e+001 5.811527e+001 9.022578e+001 8.704163e+001 7.047726e+001 6.552696e+001 1.772436e+002 1.748737e+002 1.181923e+002 1.165575e+002 5.849422e+000 4.613910e+000 6.315101e+000 5.778626e+000 5.583845e+000 5.375552e+000 4.455920e+000 4.280671e+000
<VARIANCE> 22
 3.771642e+002 3.199437e+002 1.304556e+001 1.575980e+001 7.901144e+003 5.709044e+003 1.205036e+003 1.095898e+003 1.982080e+002 1.200383e+002 1.996198e+003 1.808825e+003 2.468077e+002 1.378851e+002 5.206445e+000 1.380472e+000 2.768833e-001 2.644482e-001 1.098187e+000 3.535192e+000 7.028639e+000 4.166581e+000
<GCONST> 1.288814e+002
<MIXTURE> 2 4.988016e-001
<MEAN> 22
 1.138504e+001 1.088023e+001 1.796148e+000 1.885602e+000 7.879057e+001 7.757351e+001 5.452964e+001 5.244224e+001 6.312423e+001 6.152650e+001 1.215706e+002 1.150177e+002 1.045801e+002 1.050477e+002 4.184986e+000 3.428247e+000 5.995414e+000 5.956647e+000 4.595441e+000 3.297824e+000 3.604247e+000 3.601774e+000
<VARIANCE> 22
 2.156894e+002 1.822297e+002 6.099554e+000 8.428154e+000 3.577971e+003 3.278425e+003 1.047302e+003 1.040389e+003 1.700419e+002 1.441624e+002 1.965905e+003 2.275896e+003 2.344394e+002 1.594776e+002 5.895616e+000 3.759051e+000 3.684905e-001 2.728731e-001 1.432938e+000 9.310117e+000 7.263557e+000 5.513578e+000
<GCONST> 1.281633e+002
<TRANSP> 5
 0.000000e+000 1.000000e+000 0.000000e+000 0.000000e+000 0.000000e+000
 0.000000e+000 8.174351e-001 1.825649e-001 0.000000e+000 0.000000e+000
 0.000000e+000 0.000000e+000 9.650531e-001 3.494693e-002 0.000000e+000
 0.000000e+000 0.000000e+000 0.000000e+000 9.170607e-001 8.293930e-002
 0.000000e+000 0.000000e+000 0.000000e+000 0.000000e+000 0.000000e+000
<ENDHMM>
~h "CP"
<BEGINHMM>
<NUMSTATES> 5
<STATE> 2
<NUMMIXES> 2
<MIXTURE> 1 6.095641e-001
<MEAN> 22
 1.569181e+001 1.323976e+001 4.545418e+000 4.026148e+000 6.365878e+001 5.926886e+001 1.139194e+002 1.119125e+002 7.697297e+001 7.162405e+001 1.893410e+002 1.915520e+002 1.264597e+002 1.221713e+002 3.990304e+000 4.576397e+000 6.360553e+000 5.468826e+000 5.306174e+000 5.425046e+000 3.377855e+000 3.337545e+000
<VARIANCE> 22
 1.007120e+003 6.104166e+002 6.740527e+002 3.873676e+002 2.758277e+003 2.141641e+003 1.330307e+003 1.512768e+003 2.137825e+002 2.134227e+002 2.083865e+003 1.341267e+003 4.036763e+002 2.248841e+002 1.135159e+001 4.264846e-001 2.040408e+000 2.861833e-001 4.496453e+000 1.125786e+000 5.351224e+000 5.473118e+000
<GCONST> 1.393674e+002
<MIXTURE> 2 3.904340e-001
<MEAN> 22
 6.737630e+000 5.204498e+000 1.634207e+000 1.437665e+000 2.054323e+002 1.569832e+002 6.264332e+001 6.065694e+001 4.613466e+001 4.293628e+001 9.202155e+001 1.030614e+002 7.306777e+001 7.384212e+001 1.963054e+000 2.821718e+000 3.770173e+000 3.710819e+000 2.962737e+000 3.280531e+000 1.743483e+000 1.716906e+000
<VARIANCE> 22
 1.653473e+002 6.857693e+001 1.049905e+001 7.687044e+000 3.877593e+004 2.192684e+004 2.743796e+003 2.624419e+003 1.128592e+003 9.796054e+002 5.743923e+003 6.208505e+003 2.668169e+003 2.647488e+003 8.076355e+000 4.422373e+000 1.008989e+001 6.697196e+000 7.492851e+000 7.448941e+000 4.679255e+000 4.609185e+000
<GCONST> 1.524689e+002
<STATE> 3
<NUMMIXES> 2
<MIXTURE> 1 5.027065e-001
<MEAN> 22
 1.183158e+001 1.198513e+001 2.964519e+000 2.974945e+000 5.596996e+001 5.207866e+001 7.513683e+001 7.967467e+001 7.072787e+001 6.764011e+001 1.522507e+002 1.556206e+002 1.100660e+002 1.101313e+002 3.254262e+000 4.417607e+000 6.658700e+000 5.297704e+000 5.852372e+000 5.733468e+000 3.955439e+000 3.792675e+000
<VARIANCE> 22
 1.116871e+002 1.079957e+002 1.253845e+001 1.143272e+001 8.398246e+002 6.538623e+002 4.231911e+002 5.519396e+002 1.465738e+002 1.492385e+002 8.082097e+002 8.365840e+002 1.271986e+002 1.196704e+002 1.200259e+001 3.015465e-001 2.375101e-001 2.090759e-001 8.319638e-001 9.217322e-001 5.090483e+000 4.895376e+000
<GCONST> 1.146553e+002
<MIXTURE> 2 4.972954e-001
<MEAN> 22
 7.209060e+000 7.555235e+000 1.645869e+000 1.650600e+000 5.330415e+001 4.780906e+001 5.747361e+001 5.917865e+001 6.386333e+001 6.029261e+001 1.246384e+002 1.258725e+002 1.000829e+002 9.927225e+001 1.982820e+000 4.070754e+000 6.590709e+000 5.363195e+000 5.466525e+000 5.179906e+000 2.926311e+000 2.781019e+000
<VARIANCE> 22
 5.841111e+001 5.943388e+001 5.497880e+000 5.456007e+000 6.787917e+002 6.805422e+002 3.000895e+002 3.639210e+002 1.028024e+002 1.180847e+002 5.349133e+002 5.644035e+002 6.871202e+001 7.370395e+001 8.833394e+000 6.869209e-001 2.750634e-001 2.496614e-001 1.451852e+000 4.132465e+000 4.907614e+000 4.810923e+000
<GCONST> 1.112610e+002
<STATE> 4
<NUMMIXES> 2
<MIXTURE> 1 4.644065e-001
<MEAN> 22
 1.048446e+001 9.510823e+000 2.868268e+000 2.895236e+000 3.807663e+001 3.410364e+001 1.018461e+002 1.010106e+002 7.147526e+001 6.680594e+001 1.982673e+002 1.983111e+002 1.243245e+002 1.231354e+002 6.946247e+000 4.982683e+000 6.402441e+000 5.576278e+000 6.018788e+000 5.944499e+000 4.193657e+000 3.932717e+000
<VARIANCE> 22
 8.798352e+001 8.099097e+001 8.357927e+000 8.408064e+000 1.071207e+003 6.294515e+002 5.013743e+002 3.149482e+002 1.032189e+002 8.454872e+001 6.021757e+002 4.541403e+002 1.775125e+002 1.081374e+002 3.485264e-001 2.422438e-002 2.405072e-001 2.441813e-001 5.133648e-002 1.073478e-001 5.421591e+000 5.564401e+000
<GCONST> 1.010004e+002
<MIXTURE> 2 5.355908e-001
<MEAN> 22
 5.463148e+000 5.496807e+000 1.353604e+000 1.454459e+000 3.301747e+001 2.896847e+001 7.893655e+001 8.084413e+001 6.145743e+001 5.861527e+001 1.694160e+002 1.712000e+002 1.089289e+002 1.089912e+002 6.744063e+000 4.921667e+000 6.212150e+000 5.625244e+000 5.952268e+000 5.939994e+000 3.482073e+000 3.271085e+000
<VARIANCE> 22
 3.191818e+001 3.072803e+001 3.300596e+000 2.681327e+000 8.437186e+002 5.111511e+002 2.474925e+002 2.567283e+002 7.051381e+001 9.642930e+001 4.181064e+002 4.088556e+002 8.876105e+001 9.034957e+001 1.613945e+000 1.091000e-001 2.174438e-001 2.548628e-001 9.996529e-002 1.900483e-001 5.495622e+000 5.796286e+000
<GCONST> 9.826740e+001
<TRANSP> 5
 0.000000e+000 1.000000e+000 0.000000e+000 0.000000e+000 0.000000e+000
 0.000000e+000 6.706880e-001 3.293121e-001 0.000000e+000 0.000000e+000
 0.000000e+000 0.000000e+000 9.430368e-001 5.696318e-002 0.000000e+000
 0.000000e+000 0.000000e+000 0.000000e+000 9.313970e-001 6.860305e-002
 0.000000e+000 0.000000e+000 0.000000e+000 0.000000e+000 0.000000e+000
<ENDHMM>
~h "CV"
<BEGINHMM>
<NUMSTATES> 5
<STATE> 2
<NUMMIXES> 2
<MIXTURE> 1 5.067239e-001
<MEAN> 22
 1.477284e+001 1.453370e+001 4.045622e+000 3.788358e+000 5.897454e+001 5.196282e+001 9.007751e+001 8.634885e+001 6.752316e+001 6.123300e+001 1.723236e+002 1.700867e+002 1.184093e+002 1.175998e+002 5.709602e+000 4.632436e+000 6.156246e+000 5.724988e+000 5.529644e+000 5.489738e+000 3.022737e+000 2.625492e+000
<VARIANCE> 22
 8.210184e+002 6.435006e+002 4.776231e+002 2.997837e+002 7.997796e+003 5.394935e+003 7.829389e+002 6.238112e+002 1.282579e+002 7.317664e+001 2.501135e+003 1.964763e+003 1.967375e+002 1.535055e+002 6.341369e+000 6.089326e-001 1.025058e+000 2.330243e-001 1.166395e+000 2.333150e+000 3.847664e+000 4.510470e+000
<GCONST> 1.348060e+002
<MIXTURE> 2 4.932765e-001
<MEAN> 22
 1.441554e+001 1.485540e+001 2.879207e+000 2.810771e+000 7.570744e+001 7.101780e+001 6.329849e+001 6.145158e+001 6.119027e+001 5.629414e+001 1.149295e+002 1.170473e+002 1.022908e+002 1.016945e+002 3.488741e+000 3.884072e+000 5.839533e+000 5.491342e+000 4.576737e+000 4.296605e+000 2.477368e+000 2.257809e+000
<VARIANCE> 22
 2.498156e+002 2.402181e+002 1.451287e+001 1.574971e+001 6.481247e+003 4.716153e+003 8.192186e+002 7.489100e+002 1.629331e+002 1.244837e+002 2.773979e+003 2.421385e+003 3.114798e+002 2.953215e+002 9.169752e+000 1.619547e+000 2.821502e+000 8.911887e-001 2.368712e+000 6.782879e+000 3.191295e+000 3.217869e+000
<GCONST> 1.332229e+002
<STATE> 3
<NUMMIXES> 2
<MIXTURE> 1 4.698557e-001
<MEAN> 22
 1.121249e+001 1.093022e+001 2.422113e+000 2.677036e+000 1.486483e+002 1.441998e+002 8.253716e+001 8.270792e+001 7.004958e+001 6.663377e+001 5.771788e+001 6.153438e+001 1.110347e+002 1.111809e+002 1.503334e+000 2.604497e+000 5.859214e+000 5.077988e+000 2.942479e+000 1.305919e+000 3.991152e+000 3.914331e+000
<VARIANCE> 22
 1.783122e+002 1.599560e+002 1.134190e+001 1.459493e+001 2.021230e+003 1.751226e+003 8.460043e+002 9.140350e+002 1.254351e+002 1.014339e+002 5.466479e+002 4.920729e+002 2.303064e+002 1.534080e+002 4.231187e-001 3.373999e-001 5.248050e+000 5.007047e-001 4.962314e-001 6.472859e-001 5.272808e+000 5.495429e+000
<GCONST> 1.181153e+002
<MIXTURE> 2 5.301438e-001
<MEAN> 22
 5.803284e+000 6.160013e+000 1.349269e+000 1.450429e+000 1.172153e+002 1.190517e+002 6.978521e+001 6.928517e+001 6.083691e+001 5.759192e+001 5.266533e+001 5.276344e+001 9.822707e+001 9.905332e+001 1.436128e+000 2.412833e+000 6.107317e+000 5.178155e+000 2.930633e+000 1.113079e+000 3.045434e+000 2.922829e+000
<VARIANCE> 22
 7.073013e+001 6.910415e+001 4.317858e+000 4.532514e+000 1.953096e+003 1.494909e+003 4.979833e+002 5.295183e+002 4.723695e+001 5.496675e+001 2.994636e+002 3.042988e+002 7.804975e+001 8.329336e+001 3.369896e-001 3.962780e-001 4.054468e+000 5.420773e-001 4.027195e-001 4.091361e-001 5.611161e+000 5.868576e+000
<GCONST> 1.077982e+002
<STATE> 4
<NUMMIXES> 2
<MIXTURE> 1 5.059527e-001
<MEAN> 22
 1.550745e+001 1.474117e+001 3.806578e+000 3.496313e+000 3.884211e+001 3.440471e+001 9.163800e+001 9.228791e+001 6.955354e+001 6.249681e+001 1.851008e+002 1.880615e+002 1.195276e+002 1.177946e+002 6.144731e+000 4.873410e+000 6.295729e+000 5.742015e+000 5.778341e+000 5.936409e+000 4.679342e+000 4.497056e+000
<VARIANCE> 22
 2.310381e+002 2.674178e+002 1.684400e+001 1.449353e+001 1.375006e+003 1.003646e+003 8.596898e+002 5.854789e+002 1.179221e+002 7.085896e+001 1.621994e+003 1.024760e+003 1.887693e+002 1.299072e+002 4.683585e+000 1.804411e-001 2.137682e-001 1.958229e-001 5.647951e-001 4.812639e-001 5.814335e+000 4.486379e+000
<GCONST> 1.163077e+002
<MIXTURE> 2 4.940473e-001
<MEAN> 22
 1.047980e+001 1.068022e+001 2.185618e+000 2.154561e+000 4.202480e+001 3.659904e+001 6.272906e+001 6.717146e+001 6.199104e+001 5.583249e+001 1.424533e+002 1.543981e+002 1.056200e+002 1.055501e+002 4.874013e+000 4.603273e+000 6.106555e+000 5.840302e+000 5.292414e+000 5.744215e+000 3.974619e+000 3.861530e+000
<VARIANCE> 22
 1.306422e+002 1.362598e+002 7.463470e+000 7.020127e+000 1.127269e+003 8.698511e+002 8.798232e+002 8.388383e+002 8.345089e+001 5.728890e+001 1.928698e+003 1.436689e+003 1.152525e+002 1.020462e+002 8.330567e+000 9.909981e-001 1.292332e-001 1.385000e-001 9.294060e-001 2.830283e+000 6.525551e+000 5.422635e+000
<GCONST> 1.167877e+002
<TRANSP> 5
 0.000000e+000 1.000000e+000 0.000000e+000 0.000000e+000 0.000000e+000
 0.000000e+000 8.249162e-001 1.750838e-001 0.000000e+000 0.000000e+000
 0.000000e+000 0.000000e+000 9.548816e-001 4.511833e-002 0.000000e+000
 0.000000e+000 0.000000e+000 0.000000e+000 8.980339e-001 1.019662e-001
 0.000000e+000 0.000000e+000 0.000000e+000 0.000000e+000 0.000000e+000
<ENDHMM>
~h "DC"
<BEGINHMM>
<NUMSTATES> 5
<STATE> 2
<NUMMIXES> 2
<MIXTURE> 1 5.056287e-001
<MEAN> 22
 1.357988e+001 1.325191e+001 4.359499e+000 4.057145e+000 7.692152e+001 7.089394e+001 8.008890e+001 7.840530e+001 6.895187e+001 6.412266e+001 1.638828e+002 1.645273e+002 1.191293e+002 1.171528e+002 5.117454e+000 4.474815e+000 6.241318e+000 5.755398e+000 5.408641e+000 5.372194e+000 2.734046e+000 2.343193e+000
<VARIANCE> 22
 7.971956e+002 6.199808e+002 6.522564e+002 4.131265e+002 1.340792e+004 9.183495e+003 1.148514e+003 9.126580e+002 1.563787e+002 1.002739e+002 2.475093e+003 2.082948e+003 3.291285e+002 2.229742e+002 8.159018e+000 1.105031e+000 2.810178e-001 2.572013e-001 1.185181e+000 3.925927e+000 3.516655e+000 3.922191e+000
<GCONST> 1.385923e+002
<MIXTURE> 2 4.943705e-001
<MEAN> 22
 1.221186e+001 1.201211e+001 2.857120e+000 3.459734e+000 9.451533e+001 9.025632e+001 5.158382e+001 5.252874e+001 6.265538e+001 5.910789e+001 1.074064e+002 1.093466e+002 9.936369e+001 9.801653e+001 2.923821e+000 3.493349e+000 5.796111e+000 5.491150e+000 4.520561e+000 4.212723e+000 2.408261e+000 1.834904e+000
<VARIANCE> 22
 1.483361e+002 1.491314e+002 2.468992e+001 3.721914e+001 8.908604e+003 6.103626e+003 9.393114e+002 9.388819e+002 2.484459e+002 2.220455e+002 2.106044e+003 2.035626e+003 5.401358e+002 4.922829e+002 8.339592e+000 2.334569e+000 1.984957e+000 1.493002e+000 2.162817e+000 8.493611e+000 2.760665e+000 2.818171e+000
<GCONST> 1.364597e+002
<STATE> 3
<NUMMIXES> 2
<MIXTURE> 1 4.703711e-001
<MEAN> 22
 1.501857e+001 1.622831e+001 2.486720e+000 2.575251e+000 1.341329e+002 1.285753e+002 5.253077e+001 5.380467e+001 6.979675e+001 6.790067e+001 7.472224e+001 7.478838e+001 1.042112e+002 1.054480e+002 2.026902e+000 2.326237e+000 5.950459e+000 5.831448e+000 3.754901e+000 7.164943e-001 3.187647e+000 3.036362e+000
<VARIANCE> 22
 2.720504e+002 3.199429e+002 1.881232e+001 1.500889e+001 1.755534e+003 1.431317e+003 7.458470e+002 7.726484e+002 8.009264e+001 9.894559e+001 5.678588e+002 6.208704e+002 1.613977e+002 1.347281e+002 9.557617e-001 8.488095e-001 3.443274e-001 3.718402e-001 3.299138e-001 2.018661e+000 5.534718e+000 5.909858e+000
<GCONST> 1.180062e+002
<MIXTURE> 2 5.296291e-001
<MEAN> 22
 7.822597e+000 8.097971e+000 1.219548e+000 1.338913e+000 1.101706e+002 1.097849e+002 4.127760e+001 4.394798e+001 6.130377e+001 5.820916e+001 7.036396e+001 7.109316e+001 9.514468e+001 9.541131e+001 1.869256e+000 1.962714e+000 5.991219e+000 5.940716e+000 3.773319e+000 2.812676e-001 2.404619e+000 2.215676e+000
<VARIANCE> 22
 1.278160e+002 1.237216e+002 4.653778e+000 4.259811e+000 1.066609e+003 9.455295e+002 4.255479e+002 4.251459e+002 6.950560e+001 1.011077e+002 3.675630e+002 3.651740e+002 7.788249e+001 9.973112e+001 5.710521e-001 7.727991e-001 2.208475e-001 3.410639e-001 2.651679e-001 4.504641e-001 5.324453e+000 5.346733e+000
<GCONST> 1.064611e+002
<STATE> 4
<NUMMIXES> 2
<MIXTURE> 1 4.946427e-001
<MEAN> 22
 1.596254e+001 1.518127e+001 3.955514e+000 3.544762e+000 3.436168e+001 3.217925e+001 9.036700e+001 8.900053e+001 6.855493e+001 6.333876e+001 1.856871e+002 1.864021e+002 1.166572e+002 1.164966e+002 6.455211e+000 4.979583e+000 6.326553e+000 5.732041e+000 5.837938e+000 6.122328e+000 4.625737e+000 4.396385e+000
<VARIANCE> 22
 2.580469e+002 2.907822e+002 1.679237e+001 1.477476e+001 1.141080e+003 8.693052e+002 8.473655e+002 7.046483e+002 1.080522e+002 9.955471e+001 1.095701e+003 9.191276e+002 1.647602e+002 1.279341e+002 3.152734e+000 1.839378e-001 2.231474e-001 1.985866e-001 2.309567e-001 1.871288e-001 6.666852e+000 3.717356e+000
<GCONST> 1.137494e+002
<MIXTURE> 2 5.053566e-001
<MEAN> 22
 1.119825e+001 1.106030e+001 2.140627e+000 1.990149e+000 4.680554e+001 4.018498e+001 6.103740e+001 6.182225e+001 6.131598e+001 5.710690e+001 1.471962e+002 1.506434e+002 1.039688e+002 1.041563e+002 5.133710e+000 4.733525e+000 6.143930e+000 5.785571e+000 5.404915e+000 6.130076e+000 3.864995e+000 3.835991e+000
<VARIANCE> 22
 1.540846e+002 1.409197e+002 6.544275e+000 5.587963e+000 1.346045e+003 9.421989e+002 9.103658e+002 7.584305e+002 7.630423e+001 7.383659e+001 1.330659e+003 1.145773e+003 1.063209e+002 1.016376e+002 7.709488e+000 6.715465e-001 1.798201e-001 1.926316e-001 7.100609e-001 1.376296e+000 7.375243e+000 4.761704e+000
<GCONST> 1.154954e+002
<TRANSP> 5
 0.000000e+000 1.000000e+000 0.000000e+000 0.000000e+000 0.000000e+000
 0.000000e+000 8.799742e-001 1.200258e-001 0.000000e+000 0.000000e+000
 0.000000e+000 0.000000e+000 9.559519e-001 4.404810e-002 0.000000e+000
 0.000000e+000 0.000000e+000 0.000000e+000 8.981998e-001 1.018003e-001
 0.000000e+000 0.000000e+000 0.000000e+000 0.000000e+000 0.000000e+000
<ENDHMM>
~h "FM"
<BEGINHMM>
<NUMSTATES> 5
<STATE> 2
<NUMMIXES> 2
<MIXTURE> 1 4.313319e-001
<MEAN> 22
 9.799983e+000 5.214671e+000 4.029193e+000 2.428819e+000 5.960483e+001 1.732873e+001 8.367328e+001 1.065743e+002 1.000241e+002 6.614609e+001 1.669328e+002 2.081612e+002 1.249033e+002 1.264046e+002 3.206948e+000 4.952726e+000 6.698957e+000 5.835004e+000 5.525294e+000 6.025687e+000 3.467290e+000 2.361244e+000
<VARIANCE> 22
 7.561180e+002 7.475052e+002 5.754825e+002 3.802034e+002 1.261009e+003 6.233375e+002 1.201228e+003 2.738213e+002 4.377580e+002 2.805411e+002 1.959166e+003 5.224995e+002 2.522236e+002 1.253894e+002 1.191527e+001 5.659235e-002 2.104161e-001 1.416374e-001 3.184324e-001 7.293642e-002 6.855568e+000 6.125322e+000
<GCONST> 1.242393e+002
<MIXTURE> 2 5.686675e-001
<MEAN> 22
 6.648036e+000 2.789843e+000 1.824794e+000 9.840368e-001 5.882388e+001 1.682565e+001 5.503204e+001 8.722258e+001 8.817210e+001 5.874564e+001 1.308590e+002 1.797219e+002 1.081492e+002 1.124260e+002 2.063062e+000 4.797206e+000 6.374266e+000 5.800454e+000 5.176951e+000 5.942034e+000 2.735982e+000 1.809955e+000
<VARIANCE> 22
 6.734306e+001 4.357394e+001 1.638252e+001 4.891798e+000 1.107609e+003 6.577566e+002 5.164364e+002 5.222240e+002 5.020718e+002 1.724684e+002 8.641467e+002 1.186625e+003 2.076166e+002 1.463039e+002 9.435919e+000 3.212524e-001 3.842402e-001 2.057910e-001 4.691510e-001 7.808356e-001 6.134339e+000 5.211876e+000
<GCONST> 1.153684e+002
<STATE> 3
<NUMMIXES> 2
<MIXTURE> 1 4.667906e-001
<MEAN> 22
 2.109316e+000 8.963993e+000 8.499924e-001 2.817332e+000 1.277518e+001 5.643150e+001 1.045772e+002 7.486272e+001 6.261094e+001 9.103394e+001 2.058557e+002 1.550028e+002 1.215482e+002 1.147718e+002 6.997951e+000 4.448593e+000 6.103272e+000 5.337747e+000 6.001320e+000 6.429101e+000 2.317472e+000 3.513854e+000
<VARIANCE> 22
 1.322747e+001 7.728475e+001 3.300596e+000 1.483434e+001 3.865412e+002 7.999336e+002 2.589998e+002 6.126671e+002 6.728075e+001 4.741754e+002 4.412857e+002 9.894235e+002 1.920181e+002 1.316588e+002 6.504287e-002 2.637541e-001 9.260669e-002 2.237004e-001 2.082488e-002 3.269324e-001 6.527444e+000 5.604599e+000
<GCONST> 1.000333e+002
<MIXTURE> 2 5.332095e-001
<MEAN> 22
 8.737112e-001 5.959065e+000 3.521338e-001 1.405328e+000 8.095113e+000 5.716192e+001 8.710060e+001 5.641835e+001 5.387069e+001 8.201986e+001 1.808116e+002 1.255348e+002 1.086378e+002 9.926462e+001 6.955128e+000 4.122743e+000 6.021303e+000 5.332503e+000 5.989039e+000 6.432893e+000 1.233606e+000 2.935716e+000
<VARIANCE> 22
 4.801632e+000 3.934783e+001 3.300596e+000 3.802272e+000 3.021795e+002 4.805605e+002 1.126073e+002 3.956741e+002 4.527983e+001 2.094434e+002 2.445372e+002 5.415018e+002 7.250831e+001 7.242488e+001 2.901440e-001 2.486380e-001 4.953413e-002 2.437782e-001 3.406025e-002 8.869690e-001 4.430489e+000 5.730643e+000
<GCONST> 9.300119e+001
<STATE> 4
<NUMMIXES> 2
<MIXTURE> 1 5.335787e-001
<MEAN> 22
 6.909750e+000 6.488385e+000 1.797358e+000 2.324992e+000 6.406734e+001 5.536164e+001 7.207156e+001 6.804351e+001 7.572489e+001 6.647970e+001 1.517694e+002 1.439562e+002 1.076242e+002 1.061902e+002 4.015133e+000 4.302163e+000 6.346438e+000 5.579043e+000 5.512467e+000 5.603708e+000 2.937875e+000 3.148634e+000
<VARIANCE> 22
 1.019754e+002 6.887315e+001 8.533072e+000 1.330498e+001 1.156781e+004 7.028906e+003 8.302682e+002 1.026408e+003 4.519730e+002 2.173134e+002 1.538716e+003 1.932900e+003 1.901826e+002 1.795832e+002 1.124916e+001 7.928778e-001 4.056519e-001 2.774392e-001 4.864717e-001 3.748530e+000 6.006603e+000 6.402464e+000
<GCONST> 1.269849e+002
<MIXTURE> 2 4.664202e-001
<MEAN> 22
 3.239576e+000 2.839435e+000 7.915365e-001 6.856790e-001 1.069866e+002 8.781285e+001 4.187564e+001 3.602352e+001 6.247129e+001 5.312996e+001 1.050764e+002 9.691305e+001 8.711108e+001 8.441969e+001 2.376992e+000 2.872889e+000 5.381331e+000 4.893819e+000 4.316708e+000 3.204799e+000 1.746643e+000 1.649581e+000
<VARIANCE> 22
 3.281884e+001 3.221221e+001 3.300596e+000 2.164982e+000 2.452246e+004 1.393313e+004 8.710175e+002 6.368569e+002 9.992865e+002 5.970218e+002 2.518049e+003 2.320766e+003 1.336343e+003 1.260294e+003 8.686831e+000 3.174300e+000 5.199372e+000 4.217652e+000 3.684649e+000 1.056114e+001 5.015771e+000 5.209431e+000
<GCONST> 1.387845e+002
<TRANSP> 5
 0.000000e+000 1.000000e+000 0.000000e+000 0.000000e+000 0.000000e+000
 0.000000e+000 8.905825e-001 1.094175e-001 0.000000e+000 0.000000e+000
 0.000000e+000 0.000000e+000 9.542303e-001 4.576964e-002 0.000000e+000
 0.000000e+000 0.000000e+000 0.000000e+000 8.506094e-001 1.493907e-001
 0.000000e+000 0.000000e+000 0.000000e+000 0.000000e+000 0.000000e+000
<ENDHMM>
~h "FN"
<BEGINHMM>
<NUMSTATES> 5
<STATE> 2
<NUMMIXES> 2
<MIXTURE> 1 5.365713e-001
<MEAN> 22
 1.523195e+001 1.342153e+001 6.697506e+000 5.474834e+000 1.274530e+002 1.018114e+002 1.074152e+002 1.003616e+002 7.621884e+001 6.768210e+001 1.516877e+002 1.502153e+002 1.170794e+002 1.174070e+002 4.680727e+000 4.117485e+000 5.129774e+000 5.397058e+000 4.923455e+000 4.538985e+000 3.159761e+000 2.761609e+000
<VARIANCE> 22
 2.238357e+003 1.576112e+003 1.759501e+003 1.035446e+003 2.678096e+004 1.652424e+004 1.482628e+003 8.404261e+002 3.259923e+002 1.598000e+002 6.467146e+003 5.930596e+003 5.403589e+002 2.852400e+002 7.743546e+000 1.656245e+000 5.760054e+000 9.747264e-001 2.418665e+000 5.247525e+000 6.866519e+000 5.867543e+000
<GCONST> 1.546510e+002
<MIXTURE> 2 4.634286e-001
<MEAN> 22
 6.375564e+000 7.580037e+000 1.805626e+000 2.046132e+000 1.338974e+002 1.274939e+002 6.891888e+001 7.786437e+001 6.161013e+001 5.651335e+001 9.141177e+001 8.086938e+001 8.401347e+001 8.906489e+001 3.151059e+000 2.633823e+000 4.268323e+000 4.415454e+000 3.954710e+000 2.330048e+000 2.225649e+000 2.255758e+000
<VARIANCE> 22
 1.520638e+002 1.489398e+002 1.926569e+001 1.340536e+001 2.211225e+004 1.371440e+004 1.753348e+003 1.786702e+003 7.067182e+002 5.100424e+002 3.843218e+003 5.496245e+003 1.423885e+003 1.156242e+003 6.398433e+000 2.839160e+000 6.985069e+000 4.285184e+000 3.280921e+000 6.242533e+000 5.699297e+000 5.209559e+000
<GCONST> 1.471866e+002
<STATE> 3
<NUMMIXES> 2
<MIXTURE> 1 4.818697e-001
<MEAN> 22
 2.128332e+000 1.625126e+001 8.586385e-001 3.782182e+000 1.166879e+001 1.163808e+002 1.008802e+002 9.766210e+001 6.219722e+001 7.137685e+001 2.023470e+002 1.003142e+002 1.194789e+002 1.096566e+002 6.980177e+000 3.363451e+000 6.138706e+000 4.956495e+000 5.993518e+000 3.395832e+000 2.278975e+000 3.793684e+000
<VARIANCE> 22
 1.253999e+001 2.974928e+002 3.300596e+000 2.154713e+001 3.793795e+002 5.827251e+003 2.337796e+002 1.127239e+003 5.520018e+001 1.862604e+002 4.396306e+002 5.093743e+003 1.372106e+002 1.864609e+002 8.609895e-002 1.819130e+000 1.195579e-001 1.190495e+000 2.082488e-002 6.069845e+000 6.384221e+000 5.208555e+000
<GCONST> 1.116546e+002
<MIXTURE> 2 5.181292e-001
<MEAN> 22
 9.054722e-001 1.003827e+001 3.717286e-001 2.382262e+000 7.676412e+000 1.389592e+002 8.441656e+001 9.125053e+001 5.477674e+001 6.276270e+001 1.777505e+002 4.883820e+001 1.070627e+002 9.289862e+001 6.924128e+000 2.523576e+000 5.996485e+000 4.638397e+000 5.953454e+000 1.879136e+000 1.169497e+000 3.203776e+000
<VARIANCE> 22
 5.199710e+000 1.354877e+002 3.300596e+000 9.358488e+000 3.723698e+002 3.051199e+003 1.260128e+002 9.570536e+002 3.399537e+001 8.757048e+001 4.488379e+002 2.256539e+003 6.882352e+001 1.620835e+002 3.429626e-001 1.002403e+000 8.078123e-002 1.603787e+000 1.133614e-001 3.583511e+000 4.117555e+000 5.609008e+000
<GCONST> 1.063386e+002
<STATE> 4
<NUMMIXES> 2
<MIXTURE> 1 4.906875e-001
<MEAN> 22
 1.234624e+001 4.238171e+000 3.211402e+000 1.458341e+000 9.580035e+001 2.447603e+001 1.022808e+002 9.964182e+001 7.559468e+001 6.028531e+001 1.253346e+002 1.999167e+002 1.132248e+002 1.209434e+002 3.966347e+000 4.953903e+000 5.218915e+000 5.807209e+000 4.472556e+000 5.925457e+000 3.766482e+000 2.608312e+000
<VARIANCE> 22
 1.982594e+002 6.298114e+001 1.655723e+001 4.638014e+000 5.885485e+003 9.904999e+002 1.380438e+003 4.713876e+002 2.037348e+002 7.457541e+001 6.405618e+003 8.570057e+002 3.269641e+002 1.275471e+002 7.735003e+000 1.649965e-001 5.526807e+000 1.596888e-001 2.881317e+000 5.185335e-001 6.171113e+000 6.536903e+000
<GCONST> 1.231743e+002
<MIXTURE> 2 5.093123e-001
<MEAN> 22
 7.566599e+000 2.462453e+000 2.080677e+000 7.934349e-001 9.862156e+001 2.089160e+001 8.227507e+001 6.688507e+001 6.880688e+001 5.437027e+001 6.052651e+001 1.499608e+002 9.494099e+001 1.067555e+002 2.365524e+000 4.154253e+000 4.266376e+000 5.797734e+000 3.432770e+000 4.619859e+000 3.029002e+000 1.799173e+000
<VARIANCE> 22
 1.123821e+002 2.899325e+001 8.694580e+000 2.164982e+000 4.935482e+003 6.587229e+002 1.788186e+003 9.201720e+002 1.443610e+002 4.553564e+001 2.305145e+003 2.227750e+003 2.430366e+002 1.063501e+002 2.891284e+000 1.956438e+000 7.139914e+000 2.048730e-001 1.131494e+000 6.943486e+000 6.252340e+000 5.345849e+000
<GCONST> 1.228516e+002
<TRANSP> 5
 0.000000e+000 1.000000e+000 0.000000e+000 0.000000e+000 0.000000e+000
 0.000000e+000 7.432178e-001 2.567823e-001 0.000000e+000 0.000000e+000
 0.000000e+000 0.000000e+000 9.552230e-001 4.477695e-002 0.000000e+000
 0.000000e+000 0.000000e+000 0.000000e+000 9.178564e-001 8.214359e-002
 0.000000e+000 0.000000e+000 0.000000e+000 0.000000e+000 0.000000e+000
<ENDHMM>
~h "FU"
<BEGINHMM>
<NUMSTATES> 5
<STATE> 2
<NUMMIXES> 2
<MIXTURE> 1 4.854422e-001
<MEAN> 22
 1.249736e+001 4.014157e+000 2.976249e+000 1.305694e+000 1.051154e+002 2.394378e+001 1.022557e+002 9.632656e+001 6.968200e+001 5.804612e+001 1.017742e+002 1.945926e+002 1.091491e+002 1.176704e+002 3.935833e+000 4.948923e+000 4.453730e+000 5.859472e+000 4.221210e+000 5.962217e+000 3.540206e+000 2.235502e+000
<VARIANCE> 22
 3.072401e+002 6.154816e+001 1.876512e+001 4.205348e+000 7.317618e+003 1.090677e+003 1.022417e+003 3.383937e+002 1.614391e+002 5.970821e+001 6.622388e+003 7.502980e+002 2.335294e+002 1.212407e+002 6.647024e+000 1.108017e-001 7.034690e+000 1.320231e-001 2.367530e+000 3.147393e-001 6.312736e+000 5.686315e+000
<GCONST> 1.210459e+002
<MIXTURE> 2 5.145564e-001
<MEAN> 22
 6.112464e+000 2.543562e+000 1.801648e+000 7.913228e-001 1.212101e+002 2.618644e+001 9.885461e+001 8.234650e+001 5.978254e+001 5.315535e+001 4.951218e+001 1.689818e+002 9.371741e+001 1.055819e+002 2.543199e+000 4.741023e+000 3.303195e+000 5.740869e+000 3.199224e+000 5.710054e+000 2.710429e+000 1.919599e+000
<VARIANCE> 22
 1.138800e+002 2.734607e+001 7.548966e+000 2.164982e+000 5.023869e+003 1.470687e+003 8.927282e+002 4.137620e+002 1.515360e+002 5.641419e+001 2.847307e+003 1.435636e+003 1.864623e+002 1.175402e+002 3.150342e+000 5.611957e-001 7.572400e+000 2.885940e-001 1.576716e+000 1.613589e+000 5.959190e+000 5.222973e+000
<GCONST> 1.199013e+002
<STATE> 3
<NUMMIXES> 2
<MIXTURE> 1 4.394773e-001
<MEAN> 22
 2.008198e+000 1.341674e+001 8.090890e-001 2.863353e+000 8.865026e+000 1.683803e+002 9.993183e+001 1.052575e+002 6.104567e+001 6.911923e+001 2.016140e+002 4.285952e+001 1.191771e+002 1.032576e+002 6.980332e+000 2.307007e+000 6.126394e+000 4.420605e+000 5.990785e+000 1.569469e+000 2.161428e+000 3.210761e+000
<VARIANCE> 22
 1.643936e+001 2.938834e+002 3.300596e+000 1.251140e+001 2.925230e+002 3.101427e+003 2.823507e+002 1.101533e+003 7.009074e+001 1.762426e+002 5.676257e+002 1.614192e+003 1.852885e+002 1.763331e+002 1.022847e-001 5.234835e-001 1.104628e-001 1.796322e+000 2.082488e-002 1.861913e+000 6.504759e+000 6.151345e+000
<GCONST> 1.084413e+002
<MIXTURE> 2 5.605223e-001
<MEAN> 22
 8.673080e-001 5.304718e+000 4.226187e-001 1.434875e+000 6.975868e+000 1.582336e+002 8.206091e+001 9.959673e+001 5.232011e+001 5.765730e+001 1.735295e+002 2.303755e+001 1.038518e+002 8.950980e+001 6.934192e+000 2.066645e+000 6.009988e+000 4.211704e+000 5.957476e+000 1.275156e+000 1.188995e+000 2.496167e+000
<VARIANCE> 22
 4.801632e+000 8.423184e+001 3.300596e+000 4.221045e+000 3.488192e+002 9.771117e+002 1.033852e+002 4.224401e+002 3.716343e+001 1.011412e+002 3.450817e+002 4.383704e+002 6.972417e+001 7.760597e+001 3.336058e-001 1.243397e-001 6.783309e-002 2.219273e+000 1.187745e-001 4.775671e-001 4.214344e+000 6.368379e+000
<GCONST> 9.659276e+001
<STATE> 4
<NUMMIXES> 2
<MIXTURE> 1 6.145371e-001
<MEAN> 22
 4.869880e+000 1.713033e+001 1.863689e+000 4.236042e+000 4.648456e+001 6.137524e+001 1.000165e+002 8.442743e+001 6.266504e+001 6.372073e+001 1.961016e+002 1.658829e+002 1.197518e+002 1.117678e+002 6.680836e+000 4.690012e+000 6.096381e+000 5.689471e+000 5.872176e+000 5.707938e+000 2.910101e+000 4.083810e+000
<VARIANCE> 22
 2.614024e+002 5.097939e+002 1.540962e+002 1.210189e+002 1.309890e+004 8.304140e+003 6.122185e+002 9.262292e+002 1.341555e+002 1.826422e+002 1.743134e+003 2.499924e+003 3.092997e+002 3.246598e+002 1.573200e+000 8.971766e-001 3.101444e-001 4.026875e-001 2.915448e-001 2.240542e+000 6.875501e+000 4.995649e+000
<GCONST> 1.321059e+002
<MIXTURE> 2 3.854622e-001
<MEAN> 22
 4.173106e+000 7.824399e+000 1.202141e+000 2.198197e+000 1.135599e+002 1.042731e+002 6.279229e+001 5.389258e+001 5.086467e+001 4.902831e+001 1.067195e+002 1.058374e+002 8.601902e+001 8.308285e+001 3.996323e+000 3.328498e+000 4.836784e+000 4.720247e+000 4.143993e+000 3.779928e+000 2.023342e+000 2.672254e+000
<VARIANCE> 22
 8.561669e+001 1.455850e+002 6.073841e+000 1.644177e+001 2.918296e+004 1.634699e+004 1.604637e+003 1.394769e+003 6.004141e+002 6.152198e+002 5.673261e+003 4.267340e+003 1.668811e+003 1.551083e+003 8.435532e+000 4.092366e+000 5.698805e+000 4.802095e+000 4.650681e+000 8.638083e+000 6.121145e+000 6.326174e+000
<GCONST> 1.478610e+002
<TRANSP> 5
 0.000000e+000 1.000000e+000 0.000000e+000 0.000000e+000 0.000000e+000
 0.000000e+000 9.291478e-001 7.085215e-002 0.000000e+000 0.000000e+000
 0.000000e+000 0.000000e+000 9.408403e-001 5.915964e-002 0.000000e+000
 0.000000e+000 0.000000e+000 0.000000e+000 8.593142e-001 1.406857e-001
 0.000000e+000 0.000000e+000 0.000000e+000 0.000000e+000 0.000000e+000
<ENDHMM>
~h "MC"
<BEGINHMM>
<NUMSTATES> 5
<STATE> 2
<NUMMIXES> 2
<MIXTURE> 1 4.884917e-001
<MEAN> 22
 1.181882e+001 1.361634e+001 5.561766e+000 3.929644e+000 6.837734e+001 4.530824e+001 9.324901e+001 9.421800e+001 8.465163e+001 6.572210e+001 1.621601e+002 1.807527e+002 1.256691e+002 1.244243e+002 4.292364e+000 4.552924e+000 6.566508e+000 5.875196e+000 5.083537e+000 5.149353e+000 3.160621e+000 2.682146e+000
<VARIANCE> 22
 1.114405e+003 1.671666e+003 9.796324e+002 5.899067e+002 3.943213e+003 3.775508e+003 1.644377e+003 7.548488e+002 3.886885e+002 1.364448e+002 5.831838e+003 2.561191e+003 5.513708e+002 1.527931e+002 9.134133e+000 1.073165e+000 2.603751e-001 1.370548e-001 1.380233e+000 4.245291e+000 6.354066e+000 5.779735e+000
<GCONST> 1.417464e+002
<MIXTURE> 2 5.115077e-001
<MEAN> 22
 8.296618e+000 7.862082e+000 2.893684e+000 2.252521e+000 6.953440e+001 5.417616e+001 6.075725e+001 6.806370e+001 6.897894e+001 6.588888e+001 1.160657e+002 1.308398e+002 1.029283e+002 1.060393e+002 3.649821e+000 3.807299e+000 6.091633e+000 5.755361e+000 4.651466e+000 4.116255e+000 2.785051e+000 2.187170e+000
<VARIANCE> 22
 1.285976e+002 2.330221e+002 4.640269e+001 1.196217e+001 3.090709e+003 2.710459e+003 7.815107e+002 1.132914e+003 3.126981e+002 2.560714e+002 2.690496e+003 3.470189e+003 3.465854e+002 2.434270e+002 7.590895e+000 1.913193e+000 4.678658e-001 3.213466e-001 1.339714e+000 8.271187e+000 5.987107e+000 4.797172e+000
<GCONST> 1.319219e+002
<STATE> 3
<NUMMIXES> 2
<MIXTURE> 1 4.697870e-001
<MEAN> 22
 2.305060e+000 1.242921e+001 8.848309e-001 3.744211e+000 8.983597e+000 9.706844e+001 1.011691e+002 6.858283e+001 6.108124e+001 8.400854e+001 2.018595e+002 1.076803e+002 1.194211e+002 1.083945e+002 6.997257e+000 3.492471e+000 6.088786e+000 5.548900e+000 5.999463e+000 3.228260e+000 2.388863e+000 3.550594e+000
<VARIANCE> 22
 1.322625e+001 1.277051e+002 3.300596e+000 1.762664e+001 1.639710e+002 3.474571e+003 2.640345e+002 1.116766e+003 7.432783e+001 5.618876e+002 4.541592e+002 2.953299e+003 1.549613e+002 1.654399e+002 6.504287e-002 1.395543e+000 8.090255e-002 4.071179e-001 2.082488e-002 9.167120e+000 6.393375e+000 5.093649e+000
<GCONST> 1.086913e+002
<MIXTURE> 2 5.302128e-001
<MEAN> 22
 9.439330e-001 7.238189e+000 4.562892e-001 2.094932e+000 6.729023e+000 1.049551e+002 8.507045e+001 5.278691e+001 5.280158e+001 7.544665e+001 1.776015e+002 7.128719e+001 1.067097e+002 9.144515e+001 6.973989e+000 2.744292e+000 6.021794e+000 5.706445e+000 5.989141e+000 1.679084e+000 1.390156e+000 2.950567e+000
<VARIANCE> 22
 4.801632e+000 4.943221e+001 3.300596e+000 5.589113e+000 1.053607e+002 1.228838e+003 1.125589e+002 4.828619e+002 4.835831e+001 2.653251e+002 2.382430e+002 1.145566e+003 6.154682e+001 1.727386e+002 1.301065e-001 9.431170e-001 2.952812e-002 2.931530e-001 2.481312e-002 6.809960e+000 4.784486e+000 5.017411e+000
<GCONST> 9.729317e+001
<STATE> 4
<NUMMIXES> 2
<MIXTURE> 1 4.963862e-001
<MEAN> 22
 9.136012e+000 5.754684e+000 2.842610e+000 2.070376e+000 8.082375e+001 3.922159e+001 7.209851e+001 8.906510e+001 7.996573e+001 6.305795e+001 1.379331e+002 1.774194e+002 1.136627e+002 1.149077e+002 3.866414e+000 4.601186e+000 6.311680e+000 5.738170e+000 5.034307e+000 5.457164e+000 3.297332e+000 3.203491e+000
<VARIANCE> 22
 1.074260e+002 7.878237e+001 1.334642e+001 1.092426e+001 8.229091e+003 4.707420e+003 8.799884e+002 8.095303e+002 4.152815e+002 1.824189e+002 3.228607e+003 2.451594e+003 2.273840e+002 1.470959e+002 9.088142e+000 7.379305e-001 2.815121e-001 2.077357e-001 1.173716e+000 3.276988e+000 6.123285e+000 6.177749e+000
<GCONST> 1.269891e+002
<MIXTURE> 2 5.036148e-001
<MEAN> 22
 5.880588e+000 3.519041e+000 1.621915e+000 1.125747e+000 7.685121e+001 3.954123e+001 4.916211e+001 6.024107e+001 6.807601e+001 5.704247e+001 8.363613e+001 1.332965e+002 9.614293e+001 1.013539e+002 2.192437e+000 3.891974e+000 6.017924e+000 5.661452e+000 4.016448e+000 4.587266e+000 2.836615e+000 2.266848e+000
<VARIANCE> 22
 4.571957e+001 3.924180e+001 4.557370e+000 3.496281e+000 4.137393e+003 2.984839e+003 6.048278e+002 9.217876e+002 2.954523e+002 1.976600e+002 1.727532e+003 2.566114e+003 2.788172e+002 2.735183e+002 4.099049e+000 2.005625e+000 7.960701e-001 6.947175e-001 1.226360e+000 7.491410e+000 5.947495e+000 5.770580e+000
<GCONST> 1.250439e+002
<TRANSP> 5
 0.000000e+000 1.000000e+000 0.000000e+000 0.000000e+000 0.000000e+000
 0.000000e+000 7.509984e-001 2.490016e-001 0.000000e+000 0.000000e+000
 0.000000e+000 0.000000e+000 9.610364e-001 3.896354e-002 0.000000e+000
 0.000000e+000 0.000000e+000 0.000000e+000 9.222968e-001 7.770327e-002
 0.000000e+000 0.000000e+000 0.000000e+000 0.000000e+000 0.000000e+000
<ENDHMM>
~h "NU"
<BEGINHMM>
<NUMSTATES> 5
<STATE> 2
<NUMMIXES> 2
<MIXTURE> 1 6.384016e-001
<MEAN> 22
 8.486532e+000 1.270039e+001 3.208001e+000 2.892430e+000 1.094971e+002 9.448907e+001 9.754923e+001 8.451611e+001 7.285308e+001 6.439236e+001 1.685856e+002 1.544326e+002 1.179845e+002 1.186620e+002 5.119790e+000 4.251867e+000 5.866253e+000 5.676685e+000 5.159722e+000 4.514089e+000 2.618373e+000 2.508569e+000
<VARIANCE> 22
 8.496626e+002 1.523985e+003 6.262908e+002 3.973772e+002 2.797065e+004 1.710740e+004 1.354861e+003 7.590875e+002 2.402836e+002 1.374200e+002 4.852063e+003 3.559579e+003 8.199279e+002 2.806340e+002 7.544838e+000 1.164147e+000 2.818393e+000 3.132348e-001 2.007734e+000 5.764108e+000 6.303759e+000 5.282365e+000
<GCONST> 1.481797e+002
<MIXTURE> 2 3.615973e-001
<MEAN> 22
 2.205394e+000 2.411577e+000 7.553891e-001 7.764905e-001 3.528303e+002 2.740820e+002 2.653605e+001 2.567296e+001 2.669241e+001 2.249202e+001 4.620154e+001 4.191446e+001 3.413103e+001 4.049942e+001 1.459008e+000 1.333070e+000 2.110481e+000 2.075475e+000 1.834392e+000 1.151404e+000 8.248735e-001 8.164091e-001
<VARIANCE> 22
 4.885862e+001 6.383384e+001 1.192305e+001 5.185090e+000 5.572786e+004 3.191397e+004 1.543660e+003 1.302541e+003 1.230908e+003 8.445377e+002 4.425817e+003 4.008234e+003 2.473979e+003 2.698787e+003 6.168821e+000 3.403006e+000 8.302056e+000 7.130054e+000 6.084556e+000 4.417876e+000 3.224408e+000 2.938016e+000
<GCONST> 1.473404e+002
<STATE> 3
<NUMMIXES> 2
<MIXTURE> 1 4.735346e-001
<MEAN> 22
 1.994018e+000 1.184571e+001 7.373693e-001 3.051754e+000 1.301716e+001 8.752659e+001 1.007710e+002 7.967839e+001 6.220596e+001 6.756826e+001 2.022537e+002 1.198181e+002 1.201637e+002 1.125519e+002 6.987353e+000 3.767262e+000 6.137532e+000 5.388711e+000 5.993178e+000 3.712843e+000 2.134171e+000 3.537223e+000
<VARIANCE> 22
 1.279226e+001 1.811868e+002 3.300596e+000 1.361249e+001 4.334395e+002 3.725563e+003 2.993503e+002 8.801394e+002 5.977768e+001 1.455712e+002 5.033764e+002 3.182760e+003 1.780313e+002 1.464539e+002 6.504287e-002 1.166911e+000 1.186479e-001 4.199133e-001 2.082488e-002 6.255806e+000 6.236755e+000 5.397687e+000
<GCONST> 1.081907e+002
<MIXTURE> 2 5.264643e-001
<MEAN> 22
 7.870232e-001 5.459856e+000 3.381894e-001 1.772615e+000 9.045017e+000 9.944302e+001 8.411378e+001 6.406905e+001 5.476582e+001 6.027351e+001 1.769608e+002 7.917378e+001 1.068780e+002 9.802362e+001 6.926171e+000 3.057763e+000 6.028471e+000 5.264992e+000 5.940422e+000 2.115163e+000 1.080427e+000 2.849001e+000
<VARIANCE> 22
 4.801632e+000 6.005542e+001 3.300596e+000 6.518041e+000 4.502646e+002 1.538317e+003 1.708463e+002 4.405590e+002 3.771150e+001 8.127557e+001 3.969641e+002 1.312619e+003 7.480602e+001 1.058677e+002 3.922020e-001 7.233902e-001 5.922518e-002 3.605898e-001 1.209992e-001 4.598230e+000 3.955169e+000 5.724695e+000
<GCONST> 1.014391e+002
<STATE> 4
<NUMMIXES> 2
<MIXTURE> 1 4.943209e-001
<MEAN> 22
 9.891681e+000 6.019081e+000 2.889001e+000 2.029200e+000 7.559518e+001 3.060439e+001 8.808737e+001 9.816654e+001 7.415655e+001 5.903841e+001 1.416274e+002 1.872771e+002 1.166067e+002 1.175243e+002 3.757455e+000 4.759155e+000 6.404574e+000 5.759423e+000 4.713708e+000 5.594505e+000 3.503266e+000 3.064184e+000
<VARIANCE> 22
 1.177740e+002 8.075056e+001 1.128911e+001 8.113399e+000 3.458295e+003 1.719781e+003 1.000318e+003 5.612339e+002 2.224761e+002 6.204541e+001 3.740077e+003 1.798554e+003 1.839203e+002 1.406968e+002 9.335068e+000 4.697738e-001 1.187952e+000 2.154312e-001 2.797680e+000 1.671496e+000 6.195839e+000 6.342007e+000
<GCONST> 1.236918e+002
<MIXTURE> 2 5.056797e-001
<MEAN> 22
 4.383434e+000 3.431131e+000 1.294307e+000 1.089935e+000 6.969807e+001 4.746755e+001 5.915880e+001 6.162028e+001 6.545797e+001 5.451032e+001 8.451791e+001 1.186805e+002 1.004686e+002 1.012136e+002 1.896734e+000 3.547437e+000 6.145572e+000 5.616285e+000 3.653255e+000 3.430851e+000 2.612122e+000 2.203375e+000
<VARIANCE> 22
 4.528397e+001 3.425148e+001 3.420369e+000 3.987164e+000 2.659791e+003 2.585712e+003 8.901412e+002 9.527136e+002 1.455258e+002 5.535192e+001 1.637618e+003 2.537151e+003 1.346807e+002 1.336880e+002 3.487797e+000 1.834014e+000 2.433783e+000 3.409337e-001 1.633443e+000 7.778367e+000 6.025055e+000 5.796580e+000
<GCONST> 1.215839e+002
<TRANSP> 5
 0.000000e+000 1.000000e+000 0.000000e+000 0.000000e+000 0.000000e+000
 0.000000e+000 6.603749e-001 3.396252e-001 0.000000e+000 0.000000e+000
 0.000000e+000 0.000000e+000 9.519216e-001 4.807843e-002 0.000000e+000
 0.000000e+000 0.000000e+000 0.000000e+000 9.137490e-001 8.625095e-002
 0.000000e+000 0.000000e+000 0.000000e+000 0.000000e+000 0.000000e+000
<ENDHMM>
~h "OK"
<BEGINHMM>
<NUMSTATES> 5
<STATE> 2
<NUMMIXES> 2
<MIXTURE> 1 5.066813e-001
<MEAN> 22
 1.687943e+001 4.714396e+000 4.962688e+000 1.996675e+000 1.054492e+002 2.656338e+001 1.036843e+002 9.915320e+001 8.029238e+001 5.721264e+001 1.124983e+002 1.990222e+002 1.159733e+002 1.203792e+002 3.263060e+000 4.893665e+000 5.216496e+000 5.854113e+000 4.093884e+000 5.870676e+000 3.805424e+000 2.597430e+000
<VARIANCE> 22
 6.577358e+002 3.634313e+002 3.785580e+002 2.243081e+002 5.067630e+003 1.372569e+003 9.977875e+002 3.236572e+002 2.274419e+002 6.640385e+001 5.208568e+003 9.602169e+002 2.702472e+002 1.148758e+002 7.857224e+000 2.424572e-001 7.162933e+000 1.471351e-001 2.908623e+000 6.425694e-001 5.952194e+000 6.451632e+000
<GCONST> 1.329689e+002
<MIXTURE> 2 4.933187e-001
<MEAN> 22
 1.036511e+001 3.375298e+000 2.886243e+000 1.132379e+000 1.013940e+002 3.404888e+001 9.439535e+001 7.604706e+001 7.180294e+001 5.361196e+001 7.303512e+001 1.576384e+002 1.002595e+002 1.086927e+002 2.206845e+000 4.447296e+000 4.132658e+000 5.741238e+000 3.281733e+000 5.343777e+000 3.113508e+000 2.073241e+000
<VARIANCE> 22
 1.920234e+002 5.078211e+001 1.611682e+001 5.138145e+000 4.169067e+003 2.301341e+003 1.143148e+003 7.446655e+002 1.948390e+002 8.216748e+001 2.564779e+003 2.464070e+003 2.311154e+002 1.360415e+002 4.202684e+000 9.937202e-001 9.465022e+000 3.443970e-001 2.242521e+000 3.672611e+000 5.950509e+000 5.372148e+000
<GCONST> 1.276465e+002
<STATE> 3
<NUMMIXES> 2
<MIXTURE> 1 4.820446e-001
<MEAN> 22
 2.688370e+000 1.439297e+001 1.108366e+000 3.480097e+000 1.479336e+001 8.909422e+001 1.013939e+002 9.813866e+001 6.220571e+001 7.114526e+001 2.038405e+002 1.348999e+002 1.209368e+002 1.149149e+002 6.998317e+000 3.970493e+000 6.104679e+000 5.230743e+000 6.000267e+000 4.235713e+000 2.565041e+000 3.634539e+000
<VARIANCE> 22
 1.862540e+001 3.373545e+002 3.975833e+000 1.720283e+001 3.235836e+002 5.629449e+003 2.462065e+002 8.249453e+002 6.589368e+001 2.812068e+002 4.195716e+002 4.482460e+003 1.578745e+002 1.481075e+002 6.504287e-002 1.352952e+000 9.372120e-002 6.847106e-001 2.082488e-002 5.212114e+000 6.634700e+000 5.600391e+000
<GCONST> 1.105929e+002
<MIXTURE> 2 5.179561e-001
<MEAN> 22
 1.121249e+000 8.925839e+000 5.151259e-001 2.291916e+000 8.118736e+000 1.187832e+002 8.478074e+001 8.902168e+001 5.336396e+001 6.581660e+001 1.806546e+002 7.165804e+001 1.086057e+002 9.897159e+001 6.956964e+000 2.975919e+000 6.020561e+000 4.817132e+000 5.984447e+000 2.494031e+000 1.506381e+000 3.132114e+000
<VARIANCE> 22
 5.142281e+000 1.321531e+002 3.300596e+000 8.568539e+000 3.153250e+002 3.090432e+003 1.209311e+002 6.667755e+002 4.457014e+001 1.190883e+002 2.491009e+002 2.451026e+003 6.609982e+001 1.017268e+002 2.315482e-001 1.173111e+000 4.501586e-002 6.305120e-001 4.192355e-002 4.147443e+000 5.077491e+000 5.836436e+000
<GCONST> 1.028711e+002
<STATE> 4
<NUMMIXES> 2
<MIXTURE> 1 5.267262e-001
<MEAN> 22
 8.859539e+000 8.571609e+000 2.376467e+000 2.332954e+000 5.858517e+001 3.858035e+001 9.051046e+001 8.473704e+001 6.707455e+001 5.944178e+001 1.526802e+002 1.672292e+002 1.107694e+002 1.130027e+002 4.870778e+000 4.620772e+000 5.860964e+000 5.788650e+000 4.989164e+000 5.425018e+000 2.925163e+000 3.312770e+000
<VARIANCE> 22
 1.791476e+002 1.701642e+002 2.127147e+001 1.226755e+001 3.915254e+003 2.875669e+003 1.258324e+003 6.574883e+002 1.926720e+002 1.373281e+002 5.165026e+003 2.484672e+003 7.045325e+002 2.345048e+002 7.698056e+000 8.949860e-001 2.865593e+000 2.594520e-001 2.320709e+000 3.196234e+000 6.065664e+000 6.364483e+000
<GCONST> 1.320420e+002
<MIXTURE> 2 4.732736e-001
<MEAN> 22
 4.708905e+000 2.557039e+000 1.250421e+000 8.282667e-001 1.470083e+002 9.637894e+001 5.625110e+001 4.420098e+001 5.466270e+001 4.623406e+001 6.497755e+001 9.801952e+001 7.841293e+001 8.271209e+001 1.913829e+000 2.821221e+000 3.817887e+000 4.693046e+000 2.955335e+000 3.021340e+000 2.092118e+000 1.679311e+000
<VARIANCE> 22
 7.471026e+001 3.269819e+001 4.116155e+000 3.207087e+000 3.120579e+004 2.089141e+004 2.020082e+003 1.159497e+003 7.349360e+002 5.357936e+002 2.571268e+003 3.862917e+003 1.599242e+003 1.565184e+003 3.762973e+000 3.583956e+000 9.571103e+000 5.124786e+000 3.518817e+000 9.407607e+000 5.854814e+000 5.345498e+000
<GCONST> 1.429422e+002
<TRANSP> 5
 0.000000e+000 1.000000e+000 0.000000e+000 0.000000e+000 0.000000e+000
 0.000000e+000 8.860575e-001 1.139425e-001 0.000000e+000 0.000000e+000
 0.000000e+000 0.000000e+000 9.435157e-001 5.648428e-002 0.000000e+000
 0.000000e+000 0.000000e+000 0.000000e+000 7.615286e-001 2.384714e-001
 0.000000e+000 0.000000e+000 0.000000e+000 0.000000e+000 0.000000e+000
<ENDHMM>
~h "PF"
<BEGINHMM>
<NUMSTATES> 5
<STATE> 2
<NUMMIXES> 2
<MIXTURE> 1 5.194809e-001
<MEAN> 22
 1.178370e+001 1.454339e+001 6.394459e+000 6.248708e+000 1.583566e+002 1.727292e+002 1.014982e+002 1.197962e+002 7.515037e+001 7.856252e+001 1.771817e+002 1.429655e+002 1.155353e+002 1.108827e+002 5.073557e+000 3.928727e+000 5.937598e+000 4.938290e+000 5.472569e+000 4.297610e+000 2.783232e+000 3.123293e+000
<VARIANCE> 22
 2.152331e+003 1.811688e+003 1.771790e+003 1.166080e+003 4.565297e+004 2.517181e+004 1.418715e+003 2.696894e+003 3.474982e+002 6.084929e+002 3.932053e+003 4.360422e+003 5.081351e+002 2.500813e+002 8.525111e+000 1.667142e+000 2.623798e+000 1.401309e+000 1.370328e+000 4.738871e+000 6.574745e+000 5.696720e+000
<GCONST> 1.562921e+002
<MIXTURE> 2 4.805183e-001
<MEAN> 22
 6.975937e+000 8.910054e+000 2.264369e+000 2.508110e+000 1.085284e+002 1.363957e+002 7.396162e+001 9.676823e+001 6.547533e+001 6.644609e+001 1.113251e+002 7.900784e+001 8.892678e+001 8.766978e+001 3.150141e+000 2.677748e+000 4.865909e+000 4.296036e+000 4.392745e+000 2.323188e+000 2.171097e+000 2.310395e+000
<VARIANCE> 22
 1.610191e+002 1.950604e+002 3.703917e+001 1.673453e+001 1.822754e+004 1.020606e+004 1.766557e+003 2.560188e+003 6.530720e+002 6.861339e+002 3.715060e+003 4.069830e+003 1.067353e+003 8.478767e+002 8.244732e+000 2.196844e+000 5.713548e+000 3.277404e+000 3.393948e+000 5.209033e+000 5.614597e+000 4.554800e+000
<GCONST> 1.467840e+002
<STATE> 3
<NUMMIXES> 2
<MIXTURE> 1 4.938579e-001
<MEAN> 22
 2.181880e+000 1.794871e+001 9.605488e-001 4.827945e+000 1.238405e+001 1.276675e+002 1.003688e+002 1.191312e+002 6.168990e+001 8.058489e+001 2.011977e+002 1.171447e+002 1.194799e+002 1.068051e+002 6.991611e+000 3.514390e+000 6.121553e+000 4.538492e+000 5.997320e+000 3.596801e+000 2.487092e+000 3.891908e+000
<VARIANCE> 22
 1.187442e+001 3.708168e+002 3.300596e+000 2.746676e+001 4.506148e+002 7.527238e+003 2.439339e+002 1.492094e+003 5.191697e+001 3.963462e+002 3.924272e+002 4.116302e+003 1.302913e+002 2.134525e+002 6.504287e-002 1.490294e+000 1.171809e-001 1.304913e+000 2.082488e-002 4.724710e+000 6.718864e+000 4.855663e+000
<GCONST> 1.125870e+002
<MIXTURE> 2 5.061413e-001
<MEAN> 22
 1.074264e+000 1.037791e+001 4.650210e-001 3.058556e+000 9.778239e+000 1.539979e+002 8.582184e+001 1.180123e+002 5.517503e+001 7.668726e+001 1.784505e+002 6.687966e+001 1.081705e+002 8.999993e+001 6.906616e+000 2.746243e+000 5.993429e+000 3.955931e+000 5.944249e+000 2.250152e+000 1.348942e+000 3.086905e+000
<VARIANCE> 22
 5.935790e+000 1.576707e+002 3.300596e+000 1.304542e+001 5.690071e+002 3.840222e+003 1.627480e+002 1.099682e+003 4.880173e+001 2.402497e+002 5.130225e+002 2.203233e+003 6.450922e+001 1.796908e+002 4.667586e-001 9.497108e-001 2.502534e-001 1.206101e+000 1.551768e-001 2.849831e+000 4.755250e+000 4.592065e+000
<GCONST> 1.106512e+002
<STATE> 4
<NUMMIXES> 2
<MIXTURE> 1 4.980941e-001
<MEAN> 22
 1.342726e+001 3.570103e+000 3.873655e+000 1.425769e+000 1.179436e+002 2.342989e+001 1.288692e+002 1.023865e+002 8.479587e+001 5.999444e+001 1.370617e+002 2.031107e+002 1.122333e+002 1.215680e+002 3.648127e+000 4.971396e+000 3.914883e+000 5.808880e+000 4.031555e+000 5.972089e+000 3.691794e+000 2.808925e+000
<VARIANCE> 22
 2.672043e+002 5.097760e+001 2.547607e+001 6.033263e+000 8.024218e+003 1.093444e+003 1.875349e+003 2.938358e+002 4.637394e+002 6.836240e+001 4.637095e+003 5.820399e+002 3.221294e+002 1.177163e+002 8.315609e+000 6.726410e-002 8.377253e+000 1.604339e-001 4.090293e+000 2.185836e-001 6.647064e+000 6.615636e+000
<GCONST> 1.232967e+002
<MIXTURE> 2 5.019053e-001
<MEAN> 22
 7.731311e+000 2.354301e+000 2.613108e+000 9.106520e-001 1.116390e+002 2.194260e+001 1.095735e+002 7.121198e+001 7.871198e+001 5.382715e+001 7.886799e+001 1.559544e+002 9.434828e+001 1.077381e+002 2.129961e+000 4.311412e+000 3.010504e+000 5.742732e+000 3.022723e+000 4.843159e+000 2.781329e+000 2.048845e+000
<VARIANCE> 22
 1.194665e+002 2.498976e+001 1.509930e+001 2.736813e+000 5.167372e+003 6.179725e+002 2.805772e+003 9.057547e+002 3.524540e+002 4.877011e+001 2.098195e+003 1.879967e+003 2.708477e+002 1.029292e+002 3.290907e+000 1.497115e+000 7.629624e+000 2.143414e-001 2.036517e+000 5.909660e+000 6.660752e+000 5.514864e+000
<GCONST> 1.252346e+002
<TRANSP> 5
 0.000000e+000 1.000000e+000 0.000000e+000 0.000000e+000 0.000000e+000
 0.000000e+000 6.482978e-001 3.517021e-001 0.000000e+000 0.000000e+000
 0.000000e+000 0.000000e+000 9.551114e-001 4.488864e-002 0.000000e+000
 0.000000e+000 0.000000e+000 0.000000e+000 9.169178e-001 8.308224e-002
 0.000000e+000 0.000000e+000 0.000000e+000 0.000000e+000 0.000000e+000
<ENDHMM>
~h "PR"
<BEGINHMM>
<NUMSTATES> 5
<STATE> 2
<NUMMIXES> 2
<MIXTURE> 1 5.935717e-001
<MEAN> 22
 1.048971e+001 1.249533e+001 5.139729e+000 5.178603e+000 6.675358e+001 8.082674e+001 9.391235e+001 9.541225e+001 7.445281e+001 6.637830e+001 1.665440e+002 1.470393e+002 1.148187e+002 1.113208e+002 4.353093e+000 4.070387e+000 6.165993e+000 5.317999e+000 5.185977e+000 4.339055e+000 2.691131e+000 3.013901e+000
<VARIANCE> 22
 1.571374e+003 1.237335e+003 1.205411e+003 7.887310e+002 1.344591e+004 9.015106e+003 1.243170e+003 1.281480e+003 3.245986e+002 2.203268e+002 3.880899e+003 2.872314e+003 5.836191e+002 4.421321e+002 1.000416e+001 1.161569e+000 2.060550e+000 6.873602e-001 2.379953e+000 4.681052e+000 6.154828e+000 5.926133e+000
<GCONST> 1.502463e+002
<MIXTURE> 2 4.064280e-001
<MEAN> 22
 5.953810e+000 4.076475e+000 1.625133e+000 1.418848e+000 1.522744e+002 1.270012e+002 5.074254e+001 4.599404e+001 5.209438e+001 4.470451e+001 8.167553e+001 8.333862e+001 7.511857e+001 7.358119e+001 1.947687e+000 2.291040e+000 3.935026e+000 4.040150e+000 3.039571e+000 1.818049e+000 1.648503e+000 1.540383e+000
<VARIANCE> 22
 1.369147e+002 9.431517e+001 9.813478e+000 9.978879e+000 3.244939e+004 2.050386e+004 2.065458e+003 1.975629e+003 1.111801e+003 7.812902e+002 3.854801e+003 3.817617e+003 2.217021e+003 2.083505e+003 6.216178e+000 3.257950e+000 9.648055e+000 6.238281e+000 5.300459e+000 6.595049e+000 5.114999e+000 4.999184e+000
<GCONST> 1.494472e+002
<STATE> 3
<NUMMIXES> 2
<MIXTURE> 1 4.773986e-001
<MEAN> 22
 1.895957e+000 1.190048e+001 7.830002e-001 3.827566e+000 1.197570e+001 8.669910e+001 1.012495e+002 9.205872e+001 6.244770e+001 6.953423e+001 2.013431e+002 1.308849e+002 1.196238e+002 1.117313e+002 6.965702e+000 3.855589e+000 6.128353e+000 5.173296e+000 5.995691e+000 4.029641e+000 2.309295e+000 3.875026e+000
<VARIANCE> 22
 9.561849e+000 1.706608e+002 3.300596e+000 2.116170e+001 3.554456e+002 3.041033e+003 2.608614e+002 7.647009e+002 6.435252e+001 1.791013e+002 4.805656e+002 2.239538e+003 1.614459e+002 1.622500e+002 2.123052e-001 8.035949e-001 1.118777e-001 3.703322e-001 2.860103e-002 4.077612e+000 6.532764e+000 5.859694e+000
<GCONST> 1.081325e+002
<MIXTURE> 2 5.226010e-001
<MEAN> 22
 8.380926e-001 7.068244e+000 3.847535e-001 2.510054e+000 8.961233e+000 9.959428e+001 8.458131e+001 8.056137e+001 5.512660e+001 5.919717e+001 1.759603e+002 8.731532e+001 1.064221e+002 9.564849e+001 6.902458e+000 3.277682e+000 6.046767e+000 5.005203e+000 5.951997e+000 2.950294e+000 1.209737e+000 3.294980e+000
<VARIANCE> 22
 4.801632e+000 8.223665e+001 3.300596e+000 1.185507e+001 3.532677e+002 1.696667e+003 1.494291e+002 4.995236e+002 4.530069e+001 9.421097e+001 3.873226e+002 1.363966e+003 7.353085e+001 1.302982e+002 5.442414e-001 6.351179e-001 6.529444e-002 3.160751e-001 1.411500e-001 3.430693e+000 4.391127e+000 6.630395e+000
<GCONST> 1.030098e+002
<STATE> 4
<NUMMIXES> 2
<MIXTURE> 1 5.021124e-001
<MEAN> 22
 1.086212e+001 3.765020e+000 3.218943e+000 1.529378e+000 6.894992e+001 2.034030e+001 9.251595e+001 9.859572e+001 7.482856e+001 5.869883e+001 1.374653e+002 1.980601e+002 1.142862e+002 1.182026e+002 3.552917e+000 4.950413e+000 6.375972e+000 5.803020e+000 4.413826e+000 5.968630e+000 3.749608e+000 2.745985e+000
<VARIANCE> 22
 1.627517e+002 4.156016e+001 1.561222e+001 5.302488e+000 2.956947e+003 5.243364e+002 8.109239e+002 3.543198e+002 2.078631e+002 6.889156e+001 3.675595e+003 5.402877e+002 2.214912e+002 1.079951e+002 9.447248e+000 6.507948e-002 1.664882e+000 1.592864e-001 3.720634e+000 1.195800e-001 5.825404e+000 6.403253e+000
<GCONST> 1.156402e+002
<MIXTURE> 2 4.978871e-001
<MEAN> 22
 7.598331e+000 2.215722e+000 1.976268e+000 7.093385e-001 6.872495e+001 1.929552e+001 7.395644e+001 7.220562e+001 6.838405e+001 5.447334e+001 9.295447e+001 1.578766e+002 9.991531e+001 1.048175e+002 1.950476e+000 4.517631e+000 6.133752e+000 5.747775e+000 3.402312e+000 5.690234e+000 2.896822e+000 1.904555e+000
<VARIANCE> 22
 9.870158e+001 1.743782e+001 7.692131e+000 2.164982e+000 2.070735e+003 5.131195e+002 8.737898e+002 7.536328e+002 1.903460e+002 5.155880e+001 1.469735e+003 1.376431e+003 1.868504e+002 1.060585e+002 5.247713e+000 6.219370e-001 3.354748e+000 2.209856e-001 3.064422e+000 2.358742e+000 5.864222e+000 5.547636e+000
<GCONST> 1.179203e+002
<TRANSP> 5
 0.000000e+000 1.000000e+000 0.000000e+000 0.000000e+000 0.000000e+000
 0.000000e+000 7.160386e-001 2.839614e-001 0.000000e+000 0.000000e+000
 0.000000e+000 0.000000e+000 9.514157e-001 4.858431e-002 0.000000e+000
 0.000000e+000 0.000000e+000 0.000000e+000 9.075447e-001 9.245522e-002
 0.000000e+000 0.000000e+000 0.000000e+000 0.000000e+000 0.000000e+000
<ENDHMM>
~h "SP"
<BEGINHMM>
<NUMSTATES> 5
<STATE> 2
<NUMMIXES> 2
<MIXTURE> 1 5.789438e-001
<MEAN> 22
 1.276024e+001 1.583739e+001 7.936240e+000 7.837604e+000 3.681222e+001 9.567495e+001 1.069407e+002 1.131974e+002 7.691200e+001 8.214974e+001 1.827376e+002 1.367906e+002 1.219390e+002 1.141573e+002 5.149471e+000 3.868986e+000 6.023339e+000 4.850263e+000 5.594650e+000 4.022546e+000 2.422216e+000 2.684980e+000
<VARIANCE> 22
 3.554056e+003 2.386710e+003 2.918494e+003 1.750721e+003 3.428409e+003 9.930840e+003 1.534869e+003 1.638715e+003 3.536221e+002 1.070953e+003 4.481500e+003 4.594981e+003 7.071780e+002 3.023566e+002 8.451299e+000 1.675666e+000 2.643594e+000 1.587736e+000 1.208099e+000 5.790171e+000 6.249208e+000 5.109972e+000
<GCONST> 1.553662e+002
<MIXTURE> 2 4.210563e-001
<MEAN> 22
 3.417659e+000 5.446045e+000 1.161320e+000 2.246930e+000 2.237421e+002 2.113457e+002 4.588422e+001 6.631074e+001 4.760853e+001 4.984121e+001 7.643587e+001 5.851904e+001 6.281703e+001 6.121077e+001 1.757913e+000 1.980832e+000 3.686323e+000 2.751240e+000 3.223241e+000 1.743844e+000 1.297968e+000 1.474702e+000
<VARIANCE> 22
 7.637501e+001 1.339076e+002 1.022175e+001 2.588621e+001 5.732536e+004 2.441364e+004 1.983796e+003 3.576563e+003 1.527794e+003 1.760634e+003 4.964274e+003 3.859622e+003 2.394784e+003 2.304673e+003 7.582352e+000 3.236009e+000 9.907659e+000 5.429317e+000 7.055206e+000 5.184703e+000 4.227677e+000 4.361246e+000
<GCONST> 1.528749e+002
<STATE> 3
<NUMMIXES> 2
<MIXTURE> 1 4.797660e-001
<MEAN> 22
 1.664179e+000 1.692395e+001 6.856682e-001 4.979159e+000 1.228444e+001 1.677966e+002 1.034252e+002 1.289960e+002 6.435119e+001 9.126700e+001 2.020833e+002 8.361634e+001 1.200093e+002 1.030324e+002 6.979448e+000 2.832622e+000 6.173682e+000 3.917793e+000 6.001143e+000 2.483096e+000 2.142277e+000 3.614098e+000
<VARIANCE> 22
 1.010658e+001 3.921355e+002 3.300596e+000 3.662966e+001 4.955111e+002 6.156305e+003 3.312571e+002 1.588087e+003 8.743783e+001 5.245630e+002 5.398422e+002 2.167824e+003 1.645225e+002 1.984852e+002 1.171833e-001 1.042116e+000 2.010965e-001 1.049648e+000 4.319284e-002 3.672397e+000 6.404094e+000 5.533512e+000
<GCONST> 1.147853e+002
<MIXTURE> 2 5.202336e-001
<MEAN> 22
 8.097351e-001 7.411709e+000 3.425892e-001 2.847523e+000 8.860847e+000 1.705768e+002 8.530247e+001 1.246581e+002 5.622713e+001 8.245505e+001 1.747065e+002 4.951201e+001 1.055331e+002 8.564222e+001 6.896584e+000 2.255697e+000 5.981693e+000 3.454024e+000 5.939415e+000 1.701868e+000 1.139457e+000 2.552013e+000
<VARIANCE> 22
 4.801632e+000 1.282547e+002 3.300596e+000 1.784983e+001 5.993126e+002 2.205648e+003 1.678122e+002 7.497625e+002 5.693491e+001 3.629827e+002 4.392633e+002 7.237477e+002 6.859647e+001 1.463884e+002 5.379137e-001 3.850452e-001 3.214159e-001 6.743360e-001 1.924628e-001 1.363830e+000 4.172509e+000 5.874220e+000
<GCONST> 1.073479e+002
<STATE> 4
<NUMMIXES> 2
<MIXTURE> 1 5.025230e-001
<MEAN> 22
 1.245109e+001 5.021200e+000 4.034304e+000 1.743176e+000 1.037976e+002 2.085530e+001 1.185301e+002 9.853941e+001 8.501093e+001 5.947743e+001 1.315999e+002 1.958920e+002 1.069955e+002 1.181575e+002 4.097554e+000 4.960916e+000 4.261017e+000 5.804695e+000 4.500529e+000 5.943658e+000 3.551835e+000 2.790916e+000
<VARIANCE> 22
 3.324116e+002 7.794945e+001 5.663502e+001 7.911574e+000 8.806196e+003 8.445960e+002 1.463490e+003 3.613530e+002 6.503481e+002 6.036015e+001 4.601807e+003 6.647701e+002 3.389778e+002 1.063243e+002 7.806276e+000 9.173618e-002 7.303452e+000 1.691296e-001 2.987967e+000 3.469045e-001 6.309478e+000 6.808568e+000
<GCONST> 1.253786e+002
<MIXTURE> 2 4.974767e-001
<MEAN> 22
 7.735099e+000 1.894453e+000 2.689339e+000 8.137121e-001 1.234794e+002 1.708998e+001 1.162973e+002 6.995477e+001 8.873824e+001 5.565609e+001 7.332018e+001 1.529773e+002 8.924292e+001 1.064231e+002 2.352878e+000 4.330772e+000 2.825301e+000 5.754987e+000 3.306281e+000 4.699465e+000 2.850843e+000 1.769094e+000
<VARIANCE> 22
 1.504165e+002 1.793085e+001 1.956425e+001 2.388460e+000 5.711637e+003 5.527264e+002 2.073244e+003 7.924446e+002 5.259267e+002 4.827342e+001 1.942436e+003 1.876994e+003 2.921830e+002 1.040437e+002 3.306153e+000 1.270511e+000 6.913465e+000 2.202232e-001 1.848979e+000 6.449996e+000 6.275241e+000 5.380202e+000
<GCONST> 1.248817e+002
<TRANSP> 5
 0.000000e+000 1.000000e+000 0.000000e+000 0.000000e+000 0.000000e+000
 0.000000e+000 6.596130e-001 3.403870e-001 0.000000e+000 0.000000e+000
 0.000000e+000 0.000000e+000 9.543918e-001 4.560820e-002 0.000000e+000
 0.000000e+000 0.000000e+000 0.000000e+000 9.332854e-001 6.671460e-002
 0.000000e+000 0.000000e+000 0.000000e+000 0.000000e+000 0.000000e+000
<ENDHMM>
~h "ST"
<BEGINHMM>
<NUMSTATES> 5
<STATE> 2
<NUMMIXES> 2
<MIXTURE> 1 5.155334e-001
<MEAN> 22
 8.969728e+000 1.245752e+001 3.772013e+000 3.690782e+000 8.953915e+001 1.007208e+002 1.022661e+002 9.389510e+001 7.648702e+001 7.322689e+001 1.802189e+002 1.447354e+002 1.236185e+002 1.205220e+002 5.494506e+000 3.895346e+000 6.424723e+000 5.748724e+000 5.419137e+000 4.102684e+000 2.949187e+000 2.988494e+000
<VARIANCE> 22
 9.296851e+002 1.014363e+003 7.795847e+002 4.745693e+002 2.023193e+004 1.287888e+004 1.264585e+003 7.116292e+002 3.004803e+002 2.870496e+002 4.712223e+003 5.256655e+003 5.388715e+002 2.262548e+002 6.486256e+000 2.123888e+000 5.371964e-001 4.018867e-001 1.392402e+000 6.586398e+000 6.779164e+000 6.017449e+000
<GCONST> 1.472156e+002
<MIXTURE> 2 4.844668e-001
<MEAN> 22
 5.200417e+000 7.093599e+000 1.669227e+000 2.243760e+000 8.069471e+001 8.722404e+001 6.620450e+001 6.487432e+001 6.625546e+001 6.889991e+001 1.157564e+002 9.048265e+001 9.826629e+001 1.013704e+002 3.373387e+000 2.891550e+000 5.807227e+000 5.431734e+000 4.370490e+000 2.333146e+000 2.612028e+000 2.419791e+000
<VARIANCE> 22
 7.956101e+001 1.213154e+002 1.927248e+001 1.409358e+001 1.335621e+004 7.188016e+003 1.028891e+003 9.849988e+002 3.656044e+002 5.674173e+002 3.318723e+003 3.332567e+003 8.261003e+002 6.342253e+002 8.049616e+000 2.153026e+000 2.380766e+000 1.704617e+000 3.154299e+000 7.220435e+000 6.209147e+000 5.599511e+000
<GCONST> 1.399796e+002
<STATE> 3
<NUMMIXES> 2
<MIXTURE> 1 4.719369e-001
<MEAN> 22
 1.958104e+000 1.404261e+001 7.894921e-001 3.037168e+000 1.188495e+001 1.100311e+002 1.002522e+002 7.634782e+001 6.231305e+001 8.320364e+001 2.028205e+002 9.240944e+001 1.202245e+002 1.125627e+002 6.994920e+000 3.106447e+000 6.103259e+000 5.783529e+000 5.999158e+000 2.619794e+000 2.080870e+000 3.380786e+000
<VARIANCE> 22
 1.172282e+001 2.120641e+002 3.300596e+000 1.338873e+001 3.704151e+002 3.817331e+003 2.115291e+002 6.201119e+002 4.826385e+001 4.178147e+002 3.658441e+002 4.133148e+003 1.269940e+002 1.101722e+002 6.504287e-002 1.854703e+000 9.268537e-002 4.030885e-001 2.082488e-002 7.836329e+000 6.009568e+000 5.655416e+000
<GCONST> 1.079843e+002
<MIXTURE> 2 5.280622e-001
<MEAN> 22
 7.519516e-001 7.820414e+000 2.746113e-001 1.443953e+000 7.444694e+000 1.136507e+002 8.437545e+001 6.043486e+001 5.508191e+001 7.619904e+001 1.783979e+002 6.286199e+001 1.082315e+002 9.889536e+001 6.946060e+000 2.436779e+000 6.025899e+000 5.892328e+000 5.977190e+000 1.194902e+000 1.061109e+000 2.665926e+000
<VARIANCE> 22
 4.801632e+000 9.133561e+001 3.300596e+000 3.685279e+000 2.420735e+002 1.688831e+003 1.084183e+002 4.820900e+002 3.470486e+001 2.141802e+002 3.111336e+002 1.494518e+003 5.943447e+001 6.718737e+001 3.000274e-001 9.760900e-001 3.551115e-002 3.200368e-001 4.993226e-002 4.629877e+000 3.872926e+000 5.709645e+000
<GCONST> 9.898254e+001
<STATE> 4
<NUMMIXES> 2
<MIXTURE> 1 4.956926e-001
<MEAN> 22
 1.213279e+001 3.851049e+000 2.918367e+000 1.357399e+000 9.158945e+001 2.054610e+001 8.505652e+001 1.023634e+002 8.663950e+001 6.051474e+001 1.206097e+002 2.039337e+002 1.178600e+002 1.222028e+002 3.827484e+000 4.981500e+000 6.191321e+000 5.901016e+000 4.654559e+000 5.988264e+000 3.492972e+000 2.603745e+000
<VARIANCE> 22
 1.672965e+002 5.431305e+001 1.310577e+001 6.222782e+000 4.722707e+003 8.708490e+002 8.145766e+002 3.020916e+002 4.326221e+002 5.030207e+001 5.464971e+003 5.170591e+002 2.089561e+002 1.094776e+002 7.503151e+000 3.991652e-002 1.055946e+000 9.014302e-002 1.697323e+000 1.185075e-001 6.033189e+000 6.339716e+000
<GCONST> 1.149549e+002
<MIXTURE> 2 5.043076e-001
<MEAN> 22
 7.876097e+000 1.815616e+000 1.514599e+000 7.810993e-001 9.221741e+001 2.038163e+001 6.830738e+001 7.693950e+001 7.765455e+001 5.477164e+001 6.478949e+001 1.691830e+002 9.986449e+001 1.092159e+002 2.300073e+000 4.765481e+000 5.855545e+000 5.855437e+000 3.787672e+000 5.908806e+000 2.798152e+000 1.711026e+000
<VARIANCE> 22
 9.460780e+001 1.518167e+001 3.665898e+000 2.777952e+000 3.423507e+003 7.557866e+002 6.343107e+002 7.318082e+002 2.666810e+002 4.326382e+001 2.197487e+003 1.367383e+003 1.511819e+002 1.118803e+002 3.193774e+000 3.215065e-001 1.578172e+000 1.546659e-001 1.003430e+000 1.487312e+000 5.930659e+000 5.233609e+000
<GCONST> 1.142950e+002
<TRANSP> 5
 0.000000e+000 1.000000e+000 0.000000e+000 0.000000e+000 0.000000e+000
 0.000000e+000 7.777369e-001 2.222631e-001 0.000000e+000 0.000000e+000
 0.000000e+000 0.000000e+000 9.566293e-001 4.337074e-002 0.000000e+000
 0.000000e+000 0.000000e+000 0.000000e+000 9.137025e-001 8.629754e-002
 0.000000e+000 0.000000e+000 0.000000e+000 0.000000e+000 0.000000e+000
<ENDHMM>
~h "TT"
<BEGINHMM>
<NUMSTATES> 5
<STATE> 2
<NUMMIXES> 2
<MIXTURE> 1 4.741792e-001
<MEAN> 22
 1.915374e+001 1.787203e+001 1.029168e+001 8.960555e+000 7.557793e+001 7.814964e+001 1.150366e+002 1.189285e+002 8.138776e+001 7.823502e+001 1.832047e+002 1.697311e+002 1.200093e+002 1.190742e+002 5.359553e+000 4.321970e+000 5.762519e+000 5.160753e+000 5.427315e+000 4.745585e+000 3.062078e+000 3.244933e+000
<VARIANCE> 22
 3.689941e+003 2.766360e+003 2.874781e+003 1.888039e+003 6.672104e+003 8.559456e+003 1.581464e+003 1.390411e+003 5.852825e+002 7.498696e+002 2.292115e+003 3.021900e+003 3.032906e+002 1.723728e+002 7.686490e+000 1.056325e+000 4.067732e+000 1.227950e+000 2.057449e+000 3.847097e+000 6.640385e+000 5.319099e+000
<GCONST> 1.534861e+002
<MIXTURE> 2 5.258209e-001
<MEAN> 22
 9.463213e+000 1.090822e+001 2.897032e+000 3.579723e+000 5.489186e+001 9.899805e+001 7.001583e+001 9.736159e+001 6.914916e+001 7.919869e+001 1.357582e+002 1.235663e+002 1.020189e+002 1.031890e+002 3.938219e+000 3.652295e+000 5.669323e+000 4.842750e+000 5.077266e+000 3.786447e+000 2.629575e+000 2.548945e+000
<VARIANCE> 22
 2.132129e+002 2.396448e+002 3.238389e+001 3.298869e+001 3.931512e+003 8.058469e+003 1.505434e+003 2.764476e+003 3.248045e+002 1.035661e+003 2.041003e+003 2.150307e+003 2.604650e+002 1.945284e+002 9.740158e+000 1.832523e+000 2.652060e+000 1.914083e+000 1.687889e+000 6.415817e+000 6.626483e+000 4.966261e+000
<GCONST> 1.399974e+002
<STATE> 3
<NUMMIXES> 2
<MIXTURE> 1 4.813760e-001
<MEAN> 22
 2.427420e+000 2.104725e+001 1.036997e+000 6.807921e+000 1.298737e+001 1.625315e+002 1.051301e+002 1.504697e+002 6.487173e+001 1.073247e+002 2.052015e+002 1.318527e+002 1.222209e+002 1.107816e+002 6.983634e+000 3.385287e+000 6.163140e+000 4.114050e+000 5.996360e+000 3.262900e+000 2.550631e+000 3.934227e+000
<VARIANCE> 22
 1.493260e+001 4.568004e+002 3.378499e+000 6.247364e+001 3.167399e+002 1.019340e+004 4.424554e+002 2.347970e+003 1.238466e+002 1.299755e+003 6.549774e+002 2.385488e+003 2.112229e+002 2.508752e+002 6.672269e-002 1.239400e+000 1.621729e-001 1.310580e+000 2.082488e-002 4.074796e+000 6.379535e+000 5.121668e+000
<GCONST> 1.175617e+002
<MIXTURE> 2 5.186238e-001
<MEAN> 22
 1.221305e+000 1.299691e+001 5.384062e-001 4.483010e+000 9.753629e+000 1.759303e+002 8.626714e+001 1.463118e+002 5.492589e+001 1.052723e+002 1.786462e+002 9.383354e+001 1.082540e+002 9.007819e+001 6.923557e+000 2.781078e+000 5.995290e+000 3.644057e+000 5.949822e+000 2.374841e+000 1.462131e+000 3.450654e+000
<VARIANCE> 22
 7.499903e+000 1.968056e+002 3.300596e+000 3.225277e+001 5.064022e+002 5.314813e+003 1.759775e+002 1.771377e+003 7.539323e+001 8.757747e+002 3.300255e+002 1.327632e+003 6.628736e+001 2.210403e+002 3.923497e-001 9.308955e-001 2.484493e-001 1.028407e+000 1.394424e-001 2.834590e+000 4.747101e+000 5.599365e+000
<GCONST> 1.135143e+002
<STATE> 4
<NUMMIXES> 2
<MIXTURE> 1 5.360557e-001
<MEAN> 22
 1.741961e+001 3.885763e+000 6.032380e+000 1.695081e+000 1.413531e+002 2.478353e+001 1.432044e+002 1.011456e+002 1.024138e+002 5.984280e+001 1.338771e+002 1.989252e+002 1.085281e+002 1.193750e+002 3.086334e+000 4.958227e+000 3.541368e+000 5.820595e+000 3.873982e+000 5.937784e+000 3.662947e+000 2.734983e+000
<VARIANCE> 22
 4.362078e+002 4.951910e+001 7.434428e+001 9.647637e+000 1.008605e+004 9.053573e+002 2.586138e+003 4.169550e+002 1.166928e+003 7.430593e+001 3.126965e+003 6.701295e+002 3.667169e+002 1.257135e+002 7.467825e+000 1.057602e-001 8.385972e+000 1.574916e-001 3.804256e+000 4.106865e-001 5.615965e+000 6.479229e+000
<GCONST> 1.276541e+002
<MIXTURE> 2 4.639426e-001
<MEAN> 22
 1.058514e+001 2.179825e+000 3.639462e+000 8.532508e-001 1.556415e+002 3.875671e+001 1.210279e+002 6.798283e+001 9.414698e+001 5.182170e+001 9.058606e+001 1.508990e+002 9.018857e+001 1.022194e+002 1.822574e+000 4.181798e+000 2.737440e+000 5.587767e+000 2.934938e+000 4.583970e+000 2.960349e+000 1.752346e+000
<VARIANCE> 22
 1.943293e+002 2.578200e+001 2.787942e+001 3.111615e+000 1.163619e+004 7.222060e+003 4.001649e+003 1.183509e+003 1.434418e+003 1.861422e+002 1.602286e+003 2.910846e+003 6.611942e+002 6.525320e+002 3.224160e+000 2.264029e+000 7.459083e+000 1.730625e+000 2.506868e+000 6.983657e+000 5.844751e+000 5.270487e+000
<GCONST> 1.386944e+002
<TRANSP> 5
 0.000000e+000 1.000000e+000 0.000000e+000 0.000000e+000 0.000000e+000
 0.000000e+000 6.365240e-001 3.634759e-001 0.000000e+000 0.000000e+000
 0.000000e+000 0.000000e+000 9.539002e-001 4.609986e-002 0.000000e+000
 0.000000e+000 0.000000e+000 0.000000e+000 9.353647e-001 6.463527e-002
 0.000000e+000 0.000000e+000 0.000000e+000 0.000000e+000 0.000000e+000
<ENDHMM>
~h "VA"
<BEGINHMM>
<NUMSTATES> 5
<STATE> 2
<NUMMIXES> 2
<MIXTURE> 1 5.782629e-001
<MEAN> 22
 1.528617e+001 1.481285e+001 7.049243e+000 5.714044e+000 1.094222e+002 1.175383e+002 1.141211e+002 1.216383e+002 8.590639e+001 8.644643e+001 1.524610e+002 1.469964e+002 1.092365e+002 1.089821e+002 4.124457e+000 3.869110e+000 5.046577e+000 4.892817e+000 4.749917e+000 4.109670e+000 3.196289e+000 2.947244e+000
<VARIANCE> 22
 1.578607e+003 1.292032e+003 1.028441e+003 6.286995e+002 1.695694e+004 1.331145e+004 3.191185e+003 2.864796e+003 9.070751e+002 1.155377e+003 5.285533e+003 4.276320e+003 8.627348e+002 4.430034e+002 8.742996e+000 1.625409e+000 5.682062e+000 1.558542e+000 2.895072e+000 5.358603e+000 6.184092e+000 5.191728e+000
<GCONST> 1.582997e+002
<MIXTURE> 2 4.217386e-001
<MEAN> 22
 7.560378e+000 8.032762e+000 3.333961e+000 3.040390e+000 1.866490e+002 1.839078e+002 6.726860e+001 8.822292e+001 6.164881e+001 6.692784e+001 8.480647e+001 8.075243e+001 7.184940e+001 7.370870e+001 2.386102e+000 2.423130e+000 3.810286e+000 3.574106e+000 3.477774e+000 2.197871e+000 2.053215e+000 2.026742e+000
<VARIANCE> 22
 1.964401e+002 1.514129e+002 5.111030e+001 2.478678e+001 3.706622e+004 1.750833e+004 3.016362e+003 4.138212e+003 1.522324e+003 1.828347e+003 3.984003e+003 4.285952e+003 1.902803e+003 1.790079e+003 7.292111e+000 2.886743e+000 8.129248e+000 4.878397e+000 4.934310e+000 5.712137e+000 5.439980e+000 4.920724e+000
<GCONST> 1.543953e+002
<STATE> 3
<NUMMIXES> 2
<MIXTURE> 1 4.855800e-001
<MEAN> 22
 3.161639e+000 1.924424e+001 1.479455e+000 6.928419e+000 1.295081e+001 1.308136e+002 9.952594e+001 1.228302e+002 6.043229e+001 9.626915e+001 1.998165e+002 1.265749e+002 1.189119e+002 1.025739e+002 6.974645e+000 3.565751e+000 6.115880e+000 4.591080e+000 5.988945e+000 3.789662e+000 2.758207e+000 3.820490e+000
<VARIANCE> 22
 2.276593e+001 3.914208e+002 8.842218e+000 5.087320e+001 3.781669e+002 9.627083e+003 3.074476e+002 2.739195e+003 9.503689e+001 1.002505e+003 5.654738e+002 3.293429e+003 1.779501e+002 3.960480e+002 1.195453e-001 1.514453e+000 1.070550e-001 1.632058e+000 2.082488e-002 5.651090e+000 6.521762e+000 5.103995e+000
<GCONST> 1.193654e+002
<MIXTURE> 2 5.144190e-001
<MEAN> 22
 1.559595e+000 1.154809e+001 7.610592e-001 4.377226e+000 1.070611e+001 1.541416e+002 8.398097e+001 1.219187e+002 5.411658e+001 9.302872e+001 1.764220e+002 8.428952e+001 1.071260e+002 8.180598e+001 6.887611e+000 2.853248e+000 6.018441e+000 4.145482e+000 5.937593e+000 2.522162e+000 1.644503e+000 3.242824e+000
<VARIANCE> 22
 9.880755e+000 1.606949e+002 3.300596e+000 2.595216e+001 4.827349e+002 6.023075e+003 2.078162e+002 2.531427e+003 8.705704e+001 6.200827e+002 5.096731e+002 2.238263e+003 9.599152e+001 3.930984e+002 5.814295e-001 1.163100e+000 1.895170e-001 1.733843e+000 1.403620e-001 4.530969e+000 5.207952e+000 5.499172e+000
<GCONST> 1.170898e+002
<STATE> 4
<NUMMIXES> 2
<MIXTURE> 1 5.094869e-001
<MEAN> 22
 1.652538e+001 4.375049e+000 6.059248e+000 1.918672e+000 1.258965e+002 2.123697e+001 1.358974e+002 1.004362e+002 1.002722e+002 5.831980e+001 1.400779e+002 1.986316e+002 1.041103e+002 1.184522e+002 3.470768e+000 4.956847e+000 4.097168e+000 5.811652e+000 4.080965e+000 5.924538e+000 3.594746e+000 2.878518e+000
<VARIANCE> 22
 3.538036e+002 8.462394e+001 5.463513e+001 1.136862e+001 9.358929e+003 7.969565e+002 3.154239e+003 3.042105e+002 1.000362e+003 9.717941e+001 4.570619e+003 5.544338e+002 4.927925e+002 1.146052e+002 8.030609e+000 8.410428e-002 8.521519e+000 1.597704e-001 4.066527e+000 3.128879e-001 5.913912e+000 6.575754e+000
<GCONST> 1.277602e+002
<MIXTURE> 2 4.905137e-001
<MEAN> 22
 9.317525e+000 2.597016e+000 3.460077e+000 1.367128e+000 1.232953e+002 2.251825e+001 1.165648e+002 6.762534e+001 9.377912e+001 5.265467e+001 7.779684e+001 1.449686e+002 8.764580e+001 1.056981e+002 2.095052e+000 4.024930e+000 3.154847e+000 5.707202e+000 3.138883e+000 4.352761e+000 2.892920e+000 2.083798e+000
<VARIANCE> 22
 1.426013e+002 2.965037e+001 2.030172e+001 6.401773e+000 6.211914e+003 6.639960e+002 3.500933e+003 7.502586e+002 5.562586e+002 6.604588e+001 1.583017e+003 2.098260e+003 3.752958e+002 9.853281e+001 2.183215e+000 1.680889e+000 7.415008e+000 2.224267e-001 1.520664e+000 6.718824e+000 5.944582e+000 5.621266e+000
<GCONST> 1.273430e+002
<TRANSP> 5
 0.000000e+000 1.000000e+000 0.000000e+000 0.000000e+000 0.000000e+000
 0.000000e+000 7.398102e-001 2.601898e-001 0.000000e+000 0.000000e+000
 0.000000e+000 0.000000e+000 9.456071e-001 5.439296e-002 0.000000e+000
 0.000000e+000 0.000000e+000 0.000000e+000 9.170023e-001 8.299772e-002
 0.000000e+000 0.000000e+000 0.000000e+000 0.000000e+000 0.000000e+000
<ENDHMM>
~h "VQ"
<BEGINHMM>
<NUMSTATES> 5
<STATE> 2
<NUMMIXES> 2
<MIXTURE> 1 4.839076e-001
<MEAN> 22
 2.259499e+001 1.097103e+001 1.048238e+001 6.443198e+000 1.281983e+002 2.691006e+001 1.229653e+002 1.015823e+002 8.902193e+001 6.021540e+001 1.253273e+002 1.934177e+002 1.111698e+002 1.191888e+002 3.182885e+000 4.844251e+000 3.927604e+000 5.767378e+000 3.921241e+000 5.764552e+000 3.992621e+000 2.758269e+000
<VARIANCE> 22
 3.041531e+003 2.244248e+003 2.392091e+003 1.553792e+003 8.801061e+003 2.864698e+003 1.606207e+003 3.759027e+002 4.637257e+002 8.905749e+001 5.368127e+003 1.570401e+003 5.061369e+002 1.363879e+002 7.752529e+000 4.179444e-001 9.218035e+000 2.832526e-001 3.638291e+000 1.120389e+000 5.762739e+000 5.997912e+000
<GCONST> 1.464533e+002
<MIXTURE> 2 5.160925e-001
<MEAN> 22
 1.089890e+001 6.126714e+000 3.901906e+000 2.099870e+000 1.190819e+002 4.007558e+001 1.047063e+002 8.986009e+001 7.665359e+001 5.531242e+001 8.927521e+001 1.640498e+002 9.504496e+001 1.090159e+002 2.780965e+000 4.514374e+000 3.474241e+000 5.593290e+000 3.530287e+000 5.198824e+000 3.282805e+000 2.095118e+000
<VARIANCE> 22
 2.701197e+002 2.537012e+002 3.911473e+001 2.937160e+001 7.322516e+003 3.587737e+003 1.501370e+003 5.015254e+002 4.288938e+002 1.177351e+002 3.584729e+003 3.093898e+003 3.953924e+002 2.369522e+002 6.179284e+000 1.158213e+000 9.158180e+000 6.023500e-001 3.002039e+000 3.269379e+000 5.902536e+000 4.874164e+000
<GCONST> 1.370487e+002
<STATE> 3
<NUMMIXES> 2
<MIXTURE> 1 4.881477e-001
<MEAN> 22
 2.935390e+000 1.625590e+001 1.108319e+000 5.194394e+000 1.179540e+001 1.162924e+002 1.012005e+002 1.086170e+002 6.100457e+001 7.489931e+001 2.032924e+002 1.164014e+002 1.208455e+002 1.046614e+002 6.994855e+000 3.609308e+000 6.154050e+000 4.820803e+000 5.999471e+000 3.787205e+000 2.544762e+000 3.790162e+000
<VARIANCE> 22
 2.120623e+001 3.212058e+002 3.707378e+000 5.124440e+001 2.986721e+002 8.023881e+003 3.244688e+002 1.723363e+003 8.059911e+001 3.669754e+002 5.568351e+002 4.045932e+003 2.056877e+002 3.103896e+002 6.504287e-002 1.484898e+000 1.303186e-001 1.224005e+000 2.082488e-002 5.010819e+000 6.476029e+000 5.371341e+000
<GCONST> 1.155332e+002
<MIXTURE> 2 5.118526e-001
<MEAN> 22
 1.225442e+000 9.009895e+000 5.468386e-001 3.374517e+000 8.873960e+000 1.362475e+002 8.222940e+001 1.004954e+002 5.255295e+001 6.953940e+001 1.767733e+002 6.308736e+001 1.067413e+002 8.507008e+001 6.938686e+000 2.772200e+000 6.030158e+000 4.477400e+000 5.965190e+000 2.393999e+000 1.459662e+000 3.398783e+000
<VARIANCE> 22
 6.632014e+000 1.103312e+002 3.300596e+000 1.919457e+001 4.499240e+002 3.295422e+003 1.645458e+002 1.057615e+003 5.269815e+001 2.042330e+002 4.001113e+002 1.843618e+003 8.537959e+001 2.875195e+002 3.337976e-001 9.358749e-001 8.056484e-002 9.894894e-001 9.145143e-002 3.078039e+000 4.808609e+000 5.858818e+000
<GCONST> 1.087352e+002
<STATE> 4
<NUMMIXES> 2
<MIXTURE> 1 5.352199e-001
<MEAN> 22
 1.221764e+001 4.990291e+000 4.663701e+000 2.145236e+000 9.810614e+001 3.880984e+001 1.031159e+002 9.085844e+001 7.585503e+001 5.582329e+001 1.077764e+002 1.760698e+002 9.948695e+001 1.121981e+002 3.197623e+000 4.716393e+000 4.443849e+000 5.683998e+000 3.983180e+000 5.567719e+000 3.701166e+000 3.112291e+000
<VARIANCE> 22
 2.069995e+002 6.712568e+001 4.014094e+001 1.306347e+001 8.309790e+003 3.469716e+003 1.323256e+003 5.191650e+002 4.144955e+002 8.589999e+001 4.371723e+003 1.858385e+003 3.793973e+002 1.547901e+002 7.598662e+000 5.273270e-001 8.169946e+000 3.151914e-001 3.465515e+000 1.836727e+000 5.785314e+000 6.286105e+000
<GCONST> 1.320016e+002
<MIXTURE> 2 4.647801e-001
<MEAN> 22
 6.116708e+000 2.412736e+000 2.650504e+000 1.023012e+000 1.392328e+002 7.584023e+001 7.737800e+001 5.889463e+001 6.254510e+001 4.651841e+001 5.762906e+001 1.247127e+002 7.983932e+001 9.287164e+001 1.701344e+000 3.471084e+000 3.285249e+000 5.006942e+000 2.651771e+000 3.835944e+000 2.645294e+000 1.904751e+000
<VARIANCE> 22
 8.496034e+001 2.013566e+001 1.614589e+001 4.194703e+000 2.352862e+004 1.559349e+004 2.570940e+003 1.251970e+003 6.514572e+002 3.322655e+002 1.652789e+003 3.838525e+003 1.078180e+003 1.161509e+003 2.108156e+000 3.297936e+000 9.598836e+000 3.386862e+000 2.395328e+000 7.655573e+000 6.178490e+000 5.536742e+000
<GCONST> 1.406494e+002
<TRANSP> 5
 0.000000e+000 1.000000e+000 0.000000e+000 0.000000e+000 0.000000e+000
 0.000000e+000 7.952452e-001 2.047548e-001 0.000000e+000 0.000000e+000
 0.000000e+000 0.000000e+000 9.473304e-001 5.266966e-002 0.000000e+000
 0.000000e+000 0.000000e+000 0.000000e+000 8.969650e-001 1.030350e-001
 0.000000e+000 0.000000e+000 0.000000e+000 0.000000e+000 0.000000e+000
<ENDHMM>
~h "SIL"
<BEGINHMM>
<NUMSTATES> 5
<STATE> 2
<NUMMIXES> 2
<MIXTURE> 1 2.457055e-001
<MEAN> 22
 3.114970e+002 2.637935e+002 2.824896e+002 2.265844e+002 8.648278e+001 7.160651e+001 2.994302e+001 2.971113e+001 2.134893e+001 2.059065e+001 5.792352e+001 5.480178e+001 3.738615e+001 3.682438e+001 2.052576e+000 1.485124e+000 2.014367e+000 1.910997e+000 1.869647e+000 1.721552e+000 3.106321e+000 3.132487e+000
<VARIANCE> 22
 5.907511e+004 4.140359e+004 4.875409e+004 3.148328e+004 3.828236e+004 2.528073e+004 2.049413e+003 2.030715e+003 9.644722e+002 9.274054e+002 7.444930e+003 6.946279e+003 2.863106e+003 2.782556e+003 9.669722e+000 4.911230e+000 8.292845e+000 7.431194e+000 7.280292e+000 7.219068e+000 7.541184e+000 7.544419e+000
<GCONST> 1.824754e+002
<MIXTURE> 2 7.542956e-001
<MEAN> 22
 3.555028e+000 2.991525e+000 3.222423e+000 2.573650e+000 1.510396e+001 1.218721e+001 7.357044e-005 -4.307970e-005 1.715188e-005 -4.888682e-006 1.815200e-004 1.640643e-004 1.056099e-004 7.509329e-005 -1.820582e-006 -3.720033e-006 5.625116e-006 -1.612376e-006 4.034864e-006 4.630085e-006 2.189188e-002 2.171353e-002
<VARIANCE> 22
 1.734029e+003 1.228156e+003 1.419454e+003 9.082725e+002 7.628882e+003 4.971528e+003 9.838196e+000 1.115232e+001 2.936353e+000 3.516743e+000 3.745900e+001 4.440890e+001 4.184655e+000 3.870682e+000 6.504287e-002 1.793315e-002 2.326111e-002 1.170389e-002 2.082488e-002 5.618803e-002 6.518397e-002 6.431892e-002
<GCONST> 7.657196e+001
<STATE> 3
<NUMMIXES> 2
<MIXTURE> 1 4.888920e-001
<MEAN> 22
 4.884420e+000 4.553243e+000 1.542174e+000 1.527636e+000 2.358396e+001 2.146569e+001 1.100963e+002 1.058884e+002 7.248505e+001 6.433664e+001 2.040226e+002 2.026462e+002 1.265961e+002 1.232768e+002 6.509640e+000 4.905091e+000 6.300449e+000 5.825279e+000 5.858075e+000 5.854708e+000 2.580096e+000 2.475544e+000
<VARIANCE> 22
 9.680621e+001 9.267185e+001 9.146504e+000 8.217319e+000 1.218531e+003 1.111963e+003 7.149144e+002 4.386604e+002 1.495065e+002 1.187503e+002 1.717417e+003 1.166308e+003 3.226633e+002 1.671331e+002 2.843839e+000 2.081962e-001 5.645353e-001 1.919426e-001 4.847611e-001 7.048081e-001 5.852136e+000 5.911012e+000
<GCONST> 1.155431e+002
<MIXTURE> 2 5.111104e-001
<MEAN> 22
 3.331800e+000 4.406879e+000 9.264703e-001 1.196642e+000 2.687588e+001 3.152849e+001 8.393417e+001 8.293469e+001 6.226539e+001 5.741397e+001 1.606202e+002 1.612068e+002 1.068970e+002 1.080191e+002 5.821316e+000 4.534411e+000 5.918677e+000 5.762932e+000 5.491405e+000 5.237040e+000 1.903209e+000 1.986913e+000
<VARIANCE> 22
 5.304580e+001 7.130685e+001 3.522590e+000 4.576648e+000 1.685278e+003 1.839204e+003 6.912653e+002 6.212058e+002 1.392009e+002 1.125306e+002 2.209280e+003 2.243455e+003 1.866644e+002 1.110433e+002 5.390779e+000 1.144649e+000 1.161419e+000 2.912878e-001 1.281753e+000 3.735065e+000 5.135684e+000 4.960765e+000
<GCONST> 1.199229e+002
<STATE> 4
<NUMMIXES> 2
<MIXTURE> 1 4.800415e-001
<MEAN> 22
 1.504509e+000 2.600030e+000 5.970873e-001 1.004484e+000 6.340188e+000 8.743293e+000 1.038885e+002 1.019687e+002 6.473311e+001 6.335939e+001 2.092463e+002 2.068145e+002 1.242299e+002 1.244354e+002 6.987834e+000 4.984154e+000 6.038720e+000 5.924312e+000 5.998285e+000 5.991460e+000 2.088760e+000 2.126156e+000
<VARIANCE> 22
 1.060032e+001 3.257117e+001 3.300596e+000 3.685988e+000 8.087603e+001 2.016384e+002 1.876013e+002 2.007130e+002 5.613708e+001 5.315477e+001 4.018442e+002 5.375222e+002 1.154004e+002 1.240368e+002 7.893043e-002 2.891925e-002 3.722275e-002 7.414567e-002 2.082488e-002 9.011929e-002 5.876594e+000 5.893816e+000
<GCONST> 8.415652e+001
<MIXTURE> 2 5.199525e-001
<MEAN> 22
 9.214050e-001 2.036667e+000 3.479804e-001 6.529264e-001 5.386317e+000 9.942286e+000 8.584665e+001 8.462943e+001 5.526785e+001 5.465254e+001 1.802657e+002 1.769558e+002 1.094065e+002 1.084963e+002 6.952570e+000 4.933945e+000 6.003515e+000 5.920496e+000 5.983851e+000 5.901982e+000 1.414019e+000 1.648695e+000
<VARIANCE> 22
 6.123097e+000 2.362298e+001 3.300596e+000 2.164982e+000 1.082718e+002 3.990003e+002 8.472849e+001 1.250566e+002 2.695017e+001 5.615637e+001 2.242995e+002 4.953874e+002 4.704085e+001 5.755187e+001 2.840025e-001 1.528245e-001 2.326111e-002 8.570620e-002 3.773919e-002 5.770937e-001 4.526535e+000 5.022736e+000
<GCONST> 8.410217e+001
<TRANSP> 5
 0.000000e+000 1.000000e+000 0.000000e+000 0.000000e+000 0.000000e+000
 0.000000e+000 9.090186e-001 9.098145e-002 0.000000e+000 0.000000e+000
 0.000000e+000 0.000000e+000 9.955878e-001 4.412216e-003 0.000000e+000
 0.000000e+000 0.000000e+000 0.000000e+000 9.963986e-001 3.601366e-003
 0.000000e+000 0.000000e+000 0.000000e+000 0.000000e+000 0.000000e+000
<ENDHMM>
