~o
<STREAMINFO> 1 22
<VECSIZE> 22<NULLD><MFCC_0><DIAGC>
~h "BN"
<BEGINHMM>
<NUMSTATES> 5
<STATE> 2
<NUMMIXES> 2
<MIXTURE> 1 3.209252e-001
<MEAN> 22
 9.102030e+000 1.368943e+001 5.295779e+000 5.509652e+000 1.846253e+001 2.193570e+001 8.092847e+001 7.346833e+001 5.903486e+001 5.568563e+001 1.770402e+002 1.678555e+002 1.101054e+002 1.080286e+002 6.884900e+000 5.027817e+000 6.066974e+000 5.908371e+000 5.810818e+000 6.125024e+000 2.428523e+000 2.226000e+000
<VARIANCE> 22
 2.384461e+003 1.610315e+003 1.920018e+003 1.213710e+003 4.149307e+002 4.129564e+002 6.047496e+002 5.684059e+002 6.506345e+001 5.860962e+001 8.864623e+002 1.009262e+003 1.595389e+002 1.602749e+002 1.668077e-001 1.564257e-001 6.248854e-002 8.323306e-002 1.595050e-001 2.411732e-001 5.725662e+000 4.040215e+000
<GCONST> 1.181329e+002
<MIXTURE> 2 6.790747e-001
<MEAN> 22
 5.998786e+000 8.118211e+000 1.640157e+000 2.700572e+000 1.445534e+002 1.577059e+002 7.182188e+001 8.489296e+001 7.008246e+001 7.181569e+001 1.080341e+002 7.301395e+001 9.334135e+001 9.219590e+001 3.039079e+000 2.481583e+000 4.680404e+000 4.064241e+000 4.064214e+000 2.080443e+000 2.288457e+000 2.373092e+000
<VARIANCE> 22
 1.251403e+002 2.308040e+002 1.017999e+001 1.638378e+001 3.282264e+004 1.701051e+004 2.333599e+003 2.679188e+003 9.715152e+002 1.147176e+003 5.850750e+003 3.373090e+003 1.734819e+003 1.335480e+003 8.176501e+000 2.128452e+000 7.472754e+000 3.323247e+000 3.673376e+000 5.332891e+000 6.088974e+000 5.743940e+000
<GCONST> 1.495859e+002
<STATE> 3
<NUMMIXES> 2
<MIXTURE> 1 3.939933e-001
<MEAN> 22
 1.497980e+000 2.094559e+001 4.968644e-001 5.314829e+000 7.513332e+000 1.370965e+002 1.004700e+002 1.020562e+002 6.223054e+001 8.568169e+001 2.038348e+002 8.359776e+001 1.219273e+002 1.107352e+002 6.998803e+000 3.023188e+000 6.102619e+000 4.621196e+000 5.998212e+000 2.556870e+000 1.745029e+000 3.630803e+000
<VARIANCE> 22
 9.968560e+000 3.738996e+002 3.300596e+000 2.867217e+001 9.952931e+001 5.791287e+003 3.282791e+002 1.656943e+003 6.843353e+001 5.748989e+002 6.691624e+002 2.905482e+003 2.279756e+002 1.781575e+002 6.504287e-002 1.237240e+000 9.268408e-002 8.817991e-001 2.082488e-002 5.690691e+000 5.514063e+000 5.328394e+000
<GCONST> 1.115736e+002
<MIXTURE> 2 6.060078e-001
<MEAN> 22
 8.940117e-001 4.844084e+000 4.315509e-001 1.560628e+000 9.852498e+000 1.725203e+002 8.691067e+001 1.187140e+002 5.628759e+001 8.850958e+001 1.807807e+002 3.180525e+001 1.098350e+002 9.653398e+001 6.933005e+000 2.062027e+000 6.006766e+000 3.675137e+000 5.960622e+000 1.102461e+000 1.365793e+000 2.642184e+000
<VARIANCE> 22
 4.801632e+000 4.257692e+001 3.300596e+000 3.549652e+000 5.802055e+002 9.762051e+002 1.372927e+002 2.006961e+002 5.607659e+001 2.621735e+002 4.159193e+002 3.298728e+002 6.279035e+001 8.298839e+001 3.629135e-001 1.165130e-001 2.318989e-001 4.727437e-001 1.155060e-001 3.000934e-001 4.864645e+000 5.960221e+000
<GCONST> 9.629991e+001
<STATE> 4
<NUMMIXES> 2
<MIXTURE> 1 4.298562e-001
<MEAN> 22
 1.395223e+001 5.076177e+000 3.122235e+000 1.656718e+000 5.267676e+001 2.391714e+001 8.763280e+001 9.491069e+001 7.150578e+001 5.803870e+001 1.543324e+002 1.941183e+002 1.144852e+002 1.168837e+002 4.872658e+000 4.992368e+000 6.402764e+000 5.852461e+000 5.198188e+000 6.011242e+000 3.655247e+000 2.775999e+000
<VARIANCE> 22
 3.027361e+002 6.840220e+001 2.009095e+001 6.306057e+000 2.883773e+003 8.697625e+002 6.207053e+002 3.237642e+002 2.775083e+002 6.497320e+001 3.849458e+003 5.119376e+002 2.727198e+002 1.197339e+002 8.438850e+000 2.200064e-002 2.432158e-001 1.257735e-001 1.758044e+000 5.618803e-002 5.905245e+000 6.558567e+000
<GCONST> 1.130176e+002
<MIXTURE> 2 5.701436e-001
<MEAN> 22
 6.140312e+000 1.616316e+000 2.549301e+000 7.405124e-001 1.634593e+002 1.813168e+001 1.268720e+002 8.620349e+001 9.192802e+001 5.856716e+001 3.475780e+001 1.794198e+002 9.917123e+001 1.150771e+002 1.972208e+000 4.712344e+000 7.678290e-001 5.817789e+000 2.863378e+000 5.641588e+000 2.997008e+000 1.931341e+000
<VARIANCE> 22
 8.374560e+001 1.231588e+001 1.790224e+001 2.164982e+000 3.850549e+003 7.592903e+002 3.750092e+002 7.983801e+002 3.253335e+002 6.828733e+001 3.759123e+002 1.719435e+003 2.194817e+002 1.705873e+002 3.707277e-001 4.320479e-001 1.566335e+000 1.850449e-001 2.659048e-001 2.618346e+000 6.212708e+000 5.672979e+000
<GCONST> 1.125757e+002
<TRANSP> 5
 0.000000e+000 1.000000e+000 0.000000e+000 0.000000e+000 0.000000e+000
 0.000000e+000 8.123854e-001 1.876147e-001 0.000000e+000 0.000000e+000
 0.000000e+000 0.000000e+000 9.556096e-001 4.439043e-002 0.000000e+000
 0.000000e+000 0.000000e+000 0.000000e+000 9.267425e-001 7.325745e-002
 0.000000e+000 0.000000e+000 0.000000e+000 0.000000e+000 0.000000e+000
<ENDHMM>
~h "BS"
<BEGINHMM>
<NUMSTATES> 5
<STATE> 2
<NUMMIXES> 2
<MIXTURE> 1 7.310124e-002
<MEAN> 22
 3.622194e+001 3.402660e+001 2.236347e+001 1.942631e+001 4.428732e+002 3.206911e+002 1.035890e+002 9.478857e+001 6.816225e+001 6.613665e+001 1.602885e+002 1.473383e+002 1.129512e+002 1.129354e+002 1.547765e+000 3.840828e+000 6.706375e+000 5.319505e+000 3.311385e+000 4.120416e+000 1.848201e+000 2.425741e+000
<VARIANCE> 22
 9.814360e+003 7.290285e+003 8.617860e+003 5.661392e+003 3.450500e+004 1.470300e+004 1.749135e+003 1.435113e+003 3.389039e+001 2.163654e+001 1.304096e+003 8.876572e+002 1.211730e+002 7.810925e+001 6.928848e+000 1.455560e+000 2.074091e-001 2.345089e-001 8.710189e+000 3.386694e+000 5.756994e+000 6.074035e+000
<GCONST> 1.469440e+002
<MIXTURE> 2 9.268987e-001
<MEAN> 22
 1.328593e+001 1.313334e+001 2.264940e+000 2.309002e+000 5.100216e+001 5.024501e+001 6.477946e+001 6.262004e+001 6.350960e+001 6.023426e+001 1.558225e+002 1.518718e+002 1.092752e+002 1.086496e+002 5.864568e+000 4.627252e+000 5.986101e+000 5.831291e+000 5.405091e+000 5.587098e+000 2.755081e+000 1.972664e+000
<VARIANCE> 22
 1.654102e+002 1.514611e+002 5.635899e+000 6.206285e+000 4.384266e+003 3.291230e+003 1.010417e+003 9.367443e+002 1.519576e+002 1.539120e+002 1.865044e+003 1.951784e+003 3.346284e+002 2.994725e+002 4.919127e+000 1.399344e+000 5.936390e-001 5.228180e-001 9.674445e-001 4.088168e+000 3.079102e+000 3.825232e+000
<GCONST> 1.256450e+002
<STATE> 3
<NUMMIXES> 2
<MIXTURE> 1 4.199947e-001
<MEAN> 22
 1.465092e+001 1.493184e+001 3.555090e+000 3.466481e+000 1.313002e+002 1.237182e+002 1.459339e+002 1.411659e+002 8.884283e+001 7.859077e+001 1.532645e+002 1.605674e+002 1.163791e+002 1.148755e+002 4.455716e-001 3.716848e+000 4.425376e+000 4.724810e+000 1.813483e+000 3.836785e+000 2.916167e+000 3.870908e+000
<VARIANCE> 22
 4.239019e+002 4.398633e+002 1.901794e+001 2.100722e+001 1.505760e+003 1.697087e+003 1.006764e+003 8.894409e+002 1.850132e+002 2.652044e+002 2.128415e+003 1.293602e+003 1.776914e+002 1.378383e+002 3.210034e-001 3.389690e-001 1.125256e+001 2.551697e-001 6.107517e+000 9.231488e-001 6.453882e+000 5.577749e+000
<GCONST> 1.269033e+002
<MIXTURE> 2 5.800055e-001
<MEAN> 22
 2.164963e+001 2.231008e+001 3.694465e+000 3.615131e+000 9.279298e+001 9.509940e+001 4.745838e+001 4.864155e+001 6.497597e+001 6.075653e+001 9.474432e+001 9.366233e+001 1.004179e+002 1.011906e+002 2.141727e+000 2.845448e+000 6.145366e+000 5.756616e+000 4.150536e+000 2.420295e+000 2.712174e+000 2.825783e+000
<VARIANCE> 22
 3.461065e+002 3.602868e+002 2.320952e+001 1.794053e+001 1.585289e+003 1.265448e+003 6.453295e+002 6.479550e+002 1.168593e+002 1.220307e+002 9.111887e+002 8.249426e+002 1.166485e+002 9.920837e+001 4.067500e+000 2.197087e+000 3.686477e-001 3.692717e-001 1.883826e+000 7.898569e+000 5.343228e+000 4.382422e+000
<GCONST> 1.241550e+002
<STATE> 4
<NUMMIXES> 2
<MIXTURE> 1 4.466004e-001
<MEAN> 22
 9.204054e+000 8.842299e+000 2.483697e+000 2.143708e+000 3.442740e+001 3.514237e+001 1.024606e+002 9.971931e+001 6.545553e+001 6.012606e+001 1.935080e+002 1.913998e+002 1.153084e+002 1.146609e+002 6.724607e+000 4.942805e+000 6.440918e+000 5.518748e+000 6.059281e+000 5.833740e+000 3.870106e+000 3.684304e+000
<VARIANCE> 22
 8.306501e+001 7.900436e+001 7.269590e+000 5.496544e+000 1.082080e+003 8.342111e+002 5.903362e+002 4.283380e+002 1.053692e+002 8.693108e+001 7.740300e+002 6.597056e+002 1.878907e+002 1.458052e+002 1.626378e+000 1.310721e-001 2.841541e-001 2.502607e-001 1.952007e-001 3.228251e-001 4.474750e+000 8.366347e+000
<GCONST> 1.082172e+002
<MIXTURE> 2 5.533988e-001
<MEAN> 22
 6.316182e+000 6.043580e+000 1.762354e+000 1.640588e+000 9.049637e+001 8.908050e+001 1.169136e+002 1.179932e+002 6.846382e+001 6.381075e+001 1.566633e+002 1.560868e+002 1.052561e+002 1.048882e+002 7.473432e-003 3.999265e+000 6.999494e+000 5.000000e+000 3.505367e+000 4.354845e+000 3.061582e+000 3.803813e+000
<VARIANCE> 22
 6.457991e+001 5.835651e+001 5.950639e+000 5.044569e+000 7.154848e+002 6.529958e+002 5.867024e+002 5.135214e+002 9.814571e+001 1.274316e+002 4.216855e+002 4.580768e+002 7.312862e+001 7.985278e+001 6.504287e-002 1.793315e-002 2.326111e-002 1.170389e-002 1.191374e+001 2.648551e-001 6.494909e+000 7.383056e+000
<GCONST> 9.807436e+001
<TRANSP> 5
 0.000000e+000 1.000000e+000 0.000000e+000 0.000000e+000 0.000000e+000
 0.000000e+000 7.651628e-001 2.348373e-001 0.000000e+000 0.000000e+000
 0.000000e+000 0.000000e+000 9.244083e-001 7.559171e-002 0.000000e+000
 0.000000e+000 0.000000e+000 0.000000e+000 9.481794e-001 5.182059e-002
 0.000000e+000 0.000000e+000 0.000000e+000 0.000000e+000 0.000000e+000
<ENDHMM>
~h "CF"
<BEGINHMM>
<NUMSTATES> 5
<STATE> 2
<NUMMIXES> 2
<MIXTURE> 1 2.380122e-001
<MEAN> 22
 9.049708e+000 1.320387e+001 5.530702e+000 5.816087e+000 1.346841e+001 2.171451e+001 9.084483e+001 8.018662e+001 5.957058e+001 5.834264e+001 1.883392e+002 1.782037e+002 1.136914e+002 1.125263e+002 6.916968e+000 5.003030e+000 6.040145e+000 5.960751e+000 5.931553e+000 6.108474e+000 2.217437e+000 2.237332e+000
<VARIANCE> 22
 1.955593e+003 1.433428e+003 1.764088e+003 1.037507e+003 2.577086e+002 3.957946e+002 3.688540e+002 5.171012e+002 8.115279e+001 6.506262e+001 6.589594e+002 8.217368e+002 1.449642e+002 1.399659e+002 2.659398e-001 7.226875e-002 1.315283e-001 3.770828e-002 9.725438e-002 1.887440e-001 5.952589e+000 3.815246e+000
<GCONST> 1.149493e+002
<MIXTURE> 2 7.619869e-001
<MEAN> 22
 8.178123e+000 6.920838e+000 3.013636e+000 2.445714e+000 8.578397e+001 8.668167e+001 8.425024e+001 6.836769e+001 7.951256e+001 6.547156e+001 8.630167e+001 1.029372e+002 9.579724e+001 1.027850e+002 2.703263e+000 3.181901e+000 4.533185e+000 5.022105e+000 3.767183e+000 3.381287e+000 2.898447e+000 2.662283e+000
<VARIANCE> 22
 1.979062e+002 1.230284e+002 2.068227e+001 1.734129e+001 8.334240e+003 7.034859e+003 2.336929e+003 1.749678e+003 6.545260e+002 5.552711e+002 3.411176e+003 3.375920e+003 6.400005e+002 5.423016e+002 4.942275e+000 2.250675e+000 6.098359e+000 2.011526e+000 2.263885e+000 7.751194e+000 6.020249e+000 5.632219e+000
<GCONST> 1.426508e+002
<STATE> 3
<NUMMIXES> 2
<MIXTURE> 1 3.519862e-001
<MEAN> 22
 2.608251e+000 2.384492e+001 9.765540e-001 5.932861e+000 1.712705e+001 1.223063e+002 9.998206e+001 9.074522e+001 6.359071e+001 8.594992e+001 1.931446e+002 9.437120e+001 1.176487e+002 1.034542e+002 6.839609e+000 3.284382e+000 6.203488e+000 4.741377e+000 5.900984e+000 3.085467e+000 2.075282e+000 3.885480e+000
<VARIANCE> 22
 2.491987e+001 4.996734e+002 3.380784e+000 4.244307e+001 1.017556e+003 5.833025e+003 5.602916e+002 2.041924e+003 1.302566e+002 4.837506e+002 1.513984e+003 3.000861e+003 2.998269e+002 2.732455e+002 7.899250e-001 1.405017e+000 6.076607e-001 1.647080e+000 2.650395e-001 7.468021e+000 5.979869e+000 5.023321e+000
<GCONST> 1.262599e+002
<MIXTURE> 2 6.480150e-001
<MEAN> 22
 9.463659e-001 6.493145e+000 4.621198e-001 3.071723e+000 5.908473e+000 1.945526e+002 9.021338e+001 1.289634e+002 5.718199e+001 1.020391e+002 1.860065e+002 3.125395e+001 1.110543e+002 8.361725e+001 7.000000e+000 2.000000e+000 6.008102e+000 2.940505e+000 5.999992e+000 9.937211e-001 1.420653e+000 2.540785e+000
<VARIANCE> 22
 4.801632e+000 9.504736e+001 3.300596e+000 1.927553e+001 4.956259e+001 9.288104e+002 1.849883e+002 4.358094e+002 5.003489e+001 3.959272e+002 3.654964e+002 1.497671e+002 1.043764e+002 2.387201e+002 6.504287e-002 1.793315e-002 2.326111e-002 1.256665e+000 2.082488e-002 5.618803e-002 5.143826e+000 5.750494e+000
<GCONST> 9.002189e+001
<STATE> 4
<NUMMIXES> 2
<MIXTURE> 1 4.237182e-001
<MEAN> 22
 9.051957e+000 5.628015e+000 2.707992e+000 2.095420e+000 2.913277e+001 2.397097e+001 9.048263e+001 9.741455e+001 6.593000e+001 6.079874e+001 1.867113e+002 1.947561e+002 1.164002e+002 1.165012e+002 6.325937e+000 5.000440e+000 6.199590e+000 5.711407e+000 5.885411e+000 5.989098e+000 3.379999e+000 3.032389e+000
<VARIANCE> 22
 1.785179e+002 5.859946e+001 1.412295e+001 7.562442e+000 7.950748e+002 5.783633e+002 6.441893e+002 3.234571e+002 1.652108e+002 9.197198e+001 1.063000e+003 5.095082e+002 2.103533e+002 1.286949e+002 4.040532e+000 1.793315e-002 1.597541e-001 2.061848e-001 1.235340e-001 5.618803e-002 6.402450e+000 6.398783e+000
<GCONST> 1.053873e+002
<MIXTURE> 2 5.762815e-001
<MEAN> 22
 1.060083e+001 1.556191e+000 3.867177e+000 8.178200e-001 1.720905e+002 2.516068e+001 1.210508e+002 9.694340e+001 9.697369e+001 5.769235e+001 3.822483e+001 1.917115e+002 8.550813e+001 1.134875e+002 1.910421e+000 4.977076e+000 2.486437e+000 5.673064e+000 3.041512e+000 5.953139e+000 3.152529e+000 2.050548e+000
<VARIANCE> 22
 2.146537e+002 8.407757e+000 2.930613e+001 2.164982e+000 3.447859e+003 1.105848e+003 1.189400e+003 2.397856e+002 4.585835e+002 8.468705e+001 5.147635e+002 4.439798e+002 4.458661e+002 1.195878e+002 2.212565e-001 6.634592e-002 4.650006e+000 2.413775e-001 2.345369e-001 2.191778e-001 6.215971e+000 5.595406e+000
<GCONST> 1.100624e+002
<TRANSP> 5
 0.000000e+000 1.000000e+000 0.000000e+000 0.000000e+000 0.000000e+000
 0.000000e+000 8.344382e-001 1.655618e-001 0.000000e+000 0.000000e+000
 0.000000e+000 0.000000e+000 9.505392e-001 4.946076e-002 0.000000e+000
 0.000000e+000 0.000000e+000 0.000000e+000 9.303471e-001 6.965295e-002
 0.000000e+000 0.000000e+000 0.000000e+000 0.000000e+000 0.000000e+000
<ENDHMM>
~h "CN"
<BEGINHMM>
<NUMSTATES> 5
<STATE> 2
<NUMMIXES> 2
<MIXTURE> 1 4.178365e-001
<MEAN> 22
 8.700454e+000 8.182545e+000 2.877727e+000 2.753247e+000 2.115431e+001 2.358997e+001 9.285191e+001 8.873669e+001 6.386714e+001 5.942783e+001 1.920641e+002 1.885781e+002 1.189333e+002 1.170482e+002 6.999014e+000 5.000000e+000 6.131792e+000 5.935068e+000 5.999438e+000 6.016325e+000 2.756824e+000 1.962839e+000
<VARIANCE> 22
 5.289095e+002 4.141586e+002 3.706834e+002 2.725742e+002 3.517497e+002 5.060109e+002 5.984874e+002 4.012341e+002 9.205051e+001 6.772698e+001 8.177471e+002 6.563710e+002 2.511269e+002 1.908767e+002 6.504287e-002 1.793315e-002 1.144225e-001 6.071524e-002 2.082488e-002 5.618803e-002 3.245460e+000 3.991843e+000
<GCONST> 1.055284e+002
<MIXTURE> 2 5.821629e-001
<MEAN> 22
 2.081930e+001 2.063679e+001 2.607156e+000 2.902922e+000 9.227570e+001 8.803883e+001 4.352032e+001 4.550467e+001 6.557381e+001 6.212199e+001 9.964777e+001 9.900270e+001 1.054511e+002 1.046263e+002 3.023084e+000 3.330799e+000 6.018838e+000 5.875110e+000 4.291515e+000 3.082151e+000 2.631216e+000 2.041270e+000
<VARIANCE> 22
 3.272357e+002 3.067159e+002 9.520253e+000 1.168253e+001 2.106835e+003 2.063151e+003 4.795020e+002 6.297909e+002 1.165454e+002 1.092211e+002 1.444592e+003 1.663135e+003 1.649841e+002 1.349865e+002 6.080859e+000 2.085938e+000 1.921433e-001 4.294135e-001 7.593899e-001 9.841538e+000 2.249448e+000 3.096831e+000
<GCONST> 1.227172e+002
<STATE> 3
<NUMMIXES> 2
<MIXTURE> 1 4.697022e-001
<MEAN> 22
 8.761883e+000 8.377618e+000 1.135207e+000 1.035116e+000 1.648886e+002 1.589394e+002 8.570107e+001 8.256602e+001 6.858489e+001 6.672021e+001 3.923305e+001 4.322228e+001 1.063588e+002 1.083013e+002 2.063421e+000 1.835423e+000 5.535270e+000 5.867157e+000 3.107448e+000 8.284550e-001 2.962199e+000 2.882431e+000
<VARIANCE> 22
 1.530374e+002 1.747973e+002 3.300596e+000 2.164982e+000 1.658275e+003 1.421090e+003 4.296679e+002 5.324172e+002 1.591565e+002 1.754606e+002 3.956318e+002 5.449071e+002 2.421137e+002 1.857069e+002 1.241498e-001 2.200471e-001 1.587539e+000 1.189249e+000 1.346249e-001 2.283925e-001 6.000956e+000 6.035120e+000
<GCONST> 1.099821e+002
<MIXTURE> 2 5.302990e-001
<MEAN> 22
 6.377314e+000 7.529028e+000 1.236857e+000 9.938315e-001 1.319633e+002 1.260199e+002 6.145917e+001 5.951842e+001 6.481840e+001 6.192546e+001 4.472209e+001 4.671938e+001 1.005313e+002 1.012512e+002 2.006745e+000 2.000000e+000 6.000000e+000 6.000000e+000 3.230038e+000 7.547579e-001 3.372381e+000 3.300334e+000
<VARIANCE> 22
 6.071748e+001 9.377324e+001 3.559946e+000 2.164982e+000 1.159434e+003 9.037315e+002 2.930162e+002 3.341914e+002 5.076266e+001 5.549335e+001 2.318096e+002 2.884329e+002 5.173962e+001 5.125831e+001 6.504287e-002 1.793315e-002 2.326111e-002 1.170389e-002 1.771232e-001 1.850944e-001 6.006175e+000 5.983192e+000
<GCONST> 8.861495e+001
<STATE> 4
<NUMMIXES> 2
<MIXTURE> 1 3.980126e-001
<MEAN> 22
 1.057684e+001 9.616220e+000 3.178007e+000 2.752257e+000 3.901291e+001 3.142777e+001 9.929655e+001 9.543819e+001 6.505202e+001 6.061354e+001 1.953907e+002 1.929443e+002 1.163600e+002 1.154651e+002 6.989934e+000 5.000001e+000 6.281278e+000 5.778861e+000 6.012992e+000 5.978873e+000 3.789439e+000 3.697904e+000
<VARIANCE> 22
 1.182982e+002 9.688224e+001 8.598775e+000 7.189660e+000 7.098623e+003 4.429318e+003 4.349648e+002 3.490109e+002 9.375489e+001 6.486439e+001 5.076883e+002 4.677291e+002 1.501108e+002 1.186143e+002 6.504287e-002 1.793315e-002 2.021591e-001 1.722354e-001 2.082488e-002 5.618803e-002 7.951163e+000 4.567232e+000
<GCONST> 1.007064e+002
<MIXTURE> 2 6.019877e-001
<MEAN> 22
 1.669157e+001 1.618721e+001 2.177830e+000 2.440280e+000 9.359720e+001 9.163313e+001 5.334405e+001 5.149372e+001 6.763484e+001 6.569949e+001 1.160247e+002 1.101148e+002 1.067145e+002 1.072729e+002 3.574299e+000 3.291163e+000 6.051185e+000 5.911822e+000 4.441465e+000 3.068874e+000 4.223701e+000 4.113741e+000
<VARIANCE> 22
 4.072814e+002 3.484178e+002 1.064753e+001 1.577468e+001 3.625690e+003 3.094903e+003 1.234917e+003 1.278888e+003 2.196896e+002 1.635593e+002 1.811630e+003 1.918772e+003 3.094806e+002 1.863051e+002 5.866030e+000 3.699322e+000 3.842260e-001 3.363939e-001 1.477359e+000 9.451850e+000 6.806557e+000 5.163444e+000
<GCONST> 1.316661e+002
<TRANSP> 5
 0.000000e+000 1.000000e+000 0.000000e+000 0.000000e+000 0.000000e+000
 0.000000e+000 8.407832e-001 1.592167e-001 0.000000e+000 0.000000e+000
 0.000000e+000 0.000000e+000 9.635937e-001 3.640629e-002 0.000000e+000
 0.000000e+000 0.000000e+000 0.000000e+000 9.193599e-001 8.064009e-002
 0.000000e+000 0.000000e+000 0.000000e+000 0.000000e+000 0.000000e+000
<ENDHMM>
~h "CP"
<BEGINHMM>
<NUMSTATES> 5
<STATE> 2
<NUMMIXES> 2
<MIXTURE> 1 7.673625e-001
<MEAN> 22
 1.374258e+001 1.205665e+001 4.015958e+000 3.445940e+000 5.369127e+001 5.589563e+001 1.041205e+002 1.037286e+002 7.451367e+001 6.931134e+001 1.805346e+002 1.844665e+002 1.228699e+002 1.190640e+002 3.794198e+000 4.587653e+000 6.653004e+000 5.490317e+000 5.292934e+000 5.518248e+000 3.210835e+000 3.141582e+000
<VARIANCE> 22
 7.534548e+002 4.995790e+002 5.227446e+002 2.998356e+002 1.464011e+003 1.684722e+003 1.345382e+003 1.461664e+003 2.025855e+002 2.127133e+002 2.291604e+003 1.284000e+003 4.679160e+002 2.564291e+002 1.155391e+001 3.416484e-001 2.311929e-001 2.500948e-001 4.311921e+000 9.598060e-001 5.367019e+000 5.278885e+000
<GCONST> 1.349921e+002
<MIXTURE> 2 2.326376e-001
<MEAN> 22
 6.799523e+000 4.211679e+000 9.930560e-001 1.018763e+000 3.176699e+002 2.323443e+002 5.854678e+001 4.697176e+001 3.432444e+001 3.182484e+001 4.984028e+001 6.236118e+001 5.077111e+001 5.225100e+001 1.056443e+000 1.633814e+000 1.273126e+000 2.585010e+000 1.250591e+000 1.481487e+000 1.421293e+000 1.675619e+000
<VARIANCE> 22
 4.054908e+002 7.944697e+001 4.354125e+000 4.514878e+000 3.217683e+004 2.103814e+004 4.845706e+003 3.705526e+003 1.475676e+003 1.212889e+003 4.300331e+003 5.600122e+003 3.004683e+003 3.030017e+003 3.128879e+000 3.724161e+000 5.628756e+000 7.533719e+000 3.106687e+000 4.970427e+000 5.175451e+000 6.061510e+000
<GCONST> 1.506331e+002
<STATE> 3
<NUMMIXES> 2
<MIXTURE> 1 5.233216e-001
<MEAN> 22
 1.168094e+001 1.086955e+001 2.979063e+000 3.000751e+000 4.899554e+001 3.922939e+001 9.505343e+001 9.889169e+001 7.314206e+001 6.801191e+001 1.879999e+002 1.903650e+002 1.236136e+002 1.220368e+002 6.001005e+000 4.781885e+000 6.490694e+000 5.426210e+000 6.028616e+000 5.763986e+000 3.619684e+000 3.445021e+000
<VARIANCE> 22
 1.080713e+002 1.047246e+002 1.047112e+001 1.062287e+001 1.352658e+003 6.055729e+002 6.643295e+002 5.478525e+002 1.165429e+002 1.042083e+002 7.942365e+002 6.931769e+002 1.619464e+002 1.286412e+002 5.938064e+000 1.857505e-001 2.739299e-001 2.445526e-001 1.890204e-001 3.428932e-001 5.359581e+000 5.176948e+000
<GCONST> 1.114491e+002
<MIXTURE> 2 4.766783e-001
<MEAN> 22
 1.077135e+001 1.122118e+001 3.115346e+000 3.055516e+000 6.950191e+001 6.124269e+001 5.920811e+001 6.299406e+001 7.332619e+001 6.884838e+001 1.172391e+002 1.198491e+002 1.046546e+002 1.045946e+002 2.980755e-001 3.732834e+000 6.785520e+000 5.182255e+000 5.119277e+000 4.742693e+000 3.389241e+000 3.108528e+000
<VARIANCE> 22
 1.208840e+002 1.110243e+002 1.554573e+001 1.349443e+001 7.380842e+002 8.891932e+002 3.099463e+002 4.033384e+002 1.440517e+002 1.834175e+002 4.798059e+002 5.668416e+002 1.189164e+002 1.159182e+002 5.153185e-001 4.934555e-001 2.059294e-001 1.745565e-001 2.151243e+000 5.543635e+000 5.259100e+000 5.076003e+000
<GCONST> 1.137094e+002
<STATE> 4
<NUMMIXES> 2
<MIXTURE> 1 6.529270e-001
<MEAN> 22
 6.714087e+000 6.782629e+000 1.753816e+000 1.932051e+000 3.032028e+001 2.947473e+001 8.418939e+001 8.460765e+001 6.228483e+001 5.948549e+001 1.759559e+002 1.768195e+002 1.107513e+002 1.108693e+002 6.995702e+000 4.999612e+000 6.237482e+000 5.665483e+000 6.000645e+000 5.987048e+000 3.879894e+000 3.701958e+000
<VARIANCE> 22
 4.249180e+001 4.376460e+001 3.617291e+000 4.532805e+000 6.179083e+002 5.006917e+002 3.162534e+002 2.869744e+002 7.082983e+001 8.147358e+001 4.915699e+002 4.686052e+002 1.015398e+002 1.005565e+002 6.504287e-002 1.793315e-002 1.810885e-001 2.226097e-001 2.082488e-002 5.618803e-002 5.501701e+000 5.789756e+000
<GCONST> 9.180143e+001
<MIXTURE> 2 3.470737e-001
<MEAN> 22
 7.498439e+000 7.431722e+000 1.338649e+000 1.230835e+000 5.003162e+001 4.701419e+001 6.090556e+001 6.274673e+001 6.208755e+001 6.001221e+001 1.354397e+002 1.369646e+002 9.959216e+001 9.910295e+001 2.469066e+000 4.323543e+000 6.612057e+000 5.340265e+000 5.908973e+000 5.923878e+000 3.295929e+000 3.130233e+000
<VARIANCE> 22
 5.475317e+001 4.987988e+001 3.300596e+000 2.394126e+000 4.374564e+002 3.678917e+002 2.980095e+002 3.820689e+002 6.966113e+001 1.028127e+002 2.892725e+002 3.410934e+002 5.212496e+001 6.388026e+001 1.088146e+001 3.411714e-001 2.971307e-001 2.490107e-001 4.289692e-001 6.263634e-001 5.269585e+000 5.101225e+000
<GCONST> 1.032162e+002
<TRANSP> 5
 0.000000e+000 1.000000e+000 0.000000e+000 0.000000e+000 0.000000e+000
 0.000000e+000 6.809734e-001 3.190265e-001 0.000000e+000 0.000000e+000
 0.000000e+000 0.000000e+000 9.241784e-001 7.582171e-002 0.000000e+000
 0.000000e+000 0.000000e+000 0.000000e+000 9.469358e-001 5.306415e-002
 0.000000e+000 0.000000e+000 0.000000e+000 0.000000e+000 0.000000e+000
<ENDHMM>
~h "CV"
<BEGINHMM>
<NUMSTATES> 5
<STATE> 2
<NUMMIXES> 2
<MIXTURE> 1 4.069874e-001
<MEAN> 22
 8.919353e+000 9.624292e+000 3.133650e+000 2.970149e+000 2.049339e+001 2.145778e+001 9.071897e+001 8.608324e+001 6.259426e+001 5.821984e+001 1.873947e+002 1.836458e+002 1.158550e+002 1.153476e+002 6.987843e+000 4.993921e+000 6.151760e+000 5.907872e+000 5.993915e+000 6.011587e+000 2.738079e+000 2.272889e+000
<VARIANCE> 22
 5.344843e+002 4.702822e+002 5.171611e+002 3.212214e+002 3.773708e+002 3.684189e+002 5.283173e+002 4.477693e+002 7.953446e+001 5.784309e+001 7.322109e+002 7.031493e+002 1.832967e+002 1.482917e+002 6.504287e-002 2.022691e-002 1.287289e-001 8.566697e-002 2.082488e-002 8.844876e-002 3.264079e+000 4.067132e+000
<GCONST> 1.060489e+002
<MIXTURE> 2 5.930125e-001
<MEAN> 22
 1.971854e+001 1.935404e+001 3.381551e+000 3.215177e+000 1.029307e+002 9.665067e+001 6.522231e+001 6.603920e+001 6.869181e+001 6.034656e+001 1.011031e+002 1.112218e+002 1.089089e+002 1.076330e+002 2.336869e+000 3.522015e+000 6.009629e+000 5.397049e+000 4.082547e+000 3.485529e+000 2.689540e+000 2.580780e+000
<VARIANCE> 22
 4.534321e+002 4.128120e+002 1.528762e+001 1.342476e+001 8.533493e+003 5.879661e+003 9.601752e+002 9.816563e+002 2.274532e+002 1.297717e+002 2.780916e+003 2.506367e+003 3.643020e+002 3.263103e+002 6.455374e+000 1.390843e+000 2.750331e+000 7.191741e-001 2.084120e+000 7.042726e+000 3.852093e+000 3.783118e+000
<GCONST> 1.353627e+002
<STATE> 3
<NUMMIXES> 2
<MIXTURE> 1 3.928773e-001
<MEAN> 22
 8.750157e+000 8.731794e+000 2.639874e+000 2.912217e+000 1.680567e+002 1.632005e+002 9.978532e+001 9.864788e+001 7.229868e+001 6.911511e+001 4.736927e+001 5.227451e+001 1.131548e+002 1.131680e+002 1.680628e+000 2.413302e+000 4.492625e+000 4.774957e+000 2.649203e+000 1.492036e+000 3.394599e+000 3.287417e+000
<VARIANCE> 22
 1.408293e+002 1.356437e+002 1.491992e+001 2.030793e+001 1.822304e+003 1.426146e+003 5.283115e+002 6.618765e+002 1.364603e+002 1.016417e+002 4.628106e+002 4.715839e+002 2.948659e+002 1.958795e+002 3.496382e-001 3.026118e-001 1.016335e+001 7.301132e-001 3.440890e-001 4.477918e-001 5.514199e+000 5.715003e+000
<GCONST> 1.176731e+002
<MIXTURE> 2 6.071222e-001
<MEAN> 22
 5.891209e+000 6.357618e+000 1.251787e+000 1.316788e+000 1.204690e+002 1.216418e+002 6.963721e+001 6.991790e+001 6.077791e+001 5.754205e+001 5.239827e+001 5.274119e+001 9.883202e+001 9.952570e+001 1.338181e+000 2.562687e+000 6.893203e+000 5.175918e+000 2.866054e+000 1.220461e+000 3.495772e+000 3.362430e+000
<VARIANCE> 22
 5.603649e+001 5.722134e+001 3.300596e+000 2.585987e+000 1.225955e+003 8.439306e+002 2.308265e+002 2.731007e+002 3.297696e+001 4.376120e+001 1.951644e+002 2.125875e+002 6.036758e+001 6.285099e+001 2.355545e-001 2.984047e-001 9.550089e-002 2.623357e-001 2.294347e-001 2.858653e-001 5.632598e+000 5.975116e+000
<GCONST> 9.615040e+001
<STATE> 4
<NUMMIXES> 2
<MIXTURE> 1 4.804103e-001
<MEAN> 22
 1.067681e+001 9.615115e+000 3.056080e+000 2.608807e+000 2.315120e+001 2.307892e+001 9.478001e+001 9.245835e+001 6.403430e+001 5.839657e+001 1.911266e+002 1.903817e+002 1.154874e+002 1.146566e+002 6.993746e+000 5.000494e+000 6.223433e+000 5.832309e+000 6.022047e+000 5.989760e+000 4.229271e+000 4.051993e+000
<VARIANCE> 22
 1.088867e+002 1.002089e+002 9.453756e+000 7.313700e+000 4.963051e+002 4.522813e+002 4.513289e+002 3.451899e+002 8.924705e+001 6.617064e+001 6.600159e+002 5.813456e+002 1.771177e+002 1.416878e+002 6.504287e-002 1.793315e-002 1.735121e-001 1.395710e-001 2.170509e-002 5.618803e-002 6.771729e+000 5.023454e+000
<GCONST> 9.625961e+001
<MIXTURE> 2 5.195911e-001
<MEAN> 22
 1.570668e+001 1.565459e+001 2.655908e+000 2.997077e+000 7.805451e+001 6.843460e+001 4.514669e+001 5.022375e+001 6.507382e+001 5.996819e+001 1.055834e+002 1.130704e+002 1.039961e+002 1.042205e+002 2.510813e+000 3.524646e+000 6.146598e+000 5.761163e+000 4.438278e+000 3.418931e+000 4.313015e+000 4.243446e+000
<VARIANCE> 22
 2.764567e+002 2.549522e+002 1.605987e+001 1.634569e+001 1.404494e+003 1.415744e+003 5.501375e+002 6.900421e+002 1.066499e+002 8.945950e+001 1.344845e+003 1.677918e+003 1.559581e+002 1.169416e+002 6.406677e+000 1.971174e+000 2.268396e-001 2.519050e-001 9.645289e-001 9.455263e+000 5.832059e+000 5.572098e+000
<GCONST> 1.234858e+002
<TRANSP> 5
 0.000000e+000 1.000000e+000 0.000000e+000 0.000000e+000 0.000000e+000
 0.000000e+000 8.453841e-001 1.546159e-001 0.000000e+000 0.000000e+000
 0.000000e+000 0.000000e+000 9.467764e-001 5.322355e-002 0.000000e+000
 0.000000e+000 0.000000e+000 0.000000e+000 9.195261e-001 8.047388e-002
 0.000000e+000 0.000000e+000 0.000000e+000 0.000000e+000 0.000000e+000
<ENDHMM>
~h "DC"
<BEGINHMM>
<NUMSTATES> 5
<STATE> 2
<NUMMIXES> 2
<MIXTURE> 1 4.213696e-001
<MEAN> 22
 9.776831e+000 9.280343e+000 3.799034e+000 3.331377e+000 4.242724e+001 4.007769e+001 8.995414e+001 8.653859e+001 6.348689e+001 5.940725e+001 1.879340e+002 1.851408e+002 1.177451e+002 1.168050e+002 6.975567e+000 4.993263e+000 6.178907e+000 5.862956e+000 5.962050e+000 6.008921e+000 2.484687e+000 2.113973e+000
<VARIANCE> 22
 8.950833e+002 6.473712e+002 8.321838e+002 5.126006e+002 1.055902e+004 6.622533e+003 6.843832e+002 4.734726e+002 9.913561e+001 6.144167e+001 8.744099e+002 7.523299e+002 2.314587e+002 1.801326e+002 1.307203e-001 1.793315e-002 1.468991e-001 1.182623e-001 8.392970e-002 1.105464e-001 3.091773e+000 3.478346e+000
<GCONST> 1.177542e+002
<MIXTURE> 2 5.786300e-001
<MEAN> 22
 1.391480e+001 1.346693e+001 2.702316e+000 2.866966e+000 1.080724e+002 9.957510e+001 4.504745e+001 4.578355e+001 6.525708e+001 6.155500e+001 1.105144e+002 1.137829e+002 1.049705e+002 1.029110e+002 1.990921e+000 3.475652e+000 6.055320e+000 5.563678e+000 4.506975e+000 4.263796e+000 2.527740e+000 1.994283e+000
<VARIANCE> 22
 1.602514e+002 1.393707e+002 1.263201e+001 1.478221e+001 1.064713e+004 7.282146e+003 6.761245e+002 7.330408e+002 2.849699e+002 2.184762e+002 1.254697e+003 1.356279e+003 6.427541e+002 5.290682e+002 6.873197e+000 2.168262e+000 1.465566e+000 1.228865e+000 1.983326e+000 9.342911e+000 2.842951e+000 3.182183e+000
<GCONST> 1.334914e+002
<STATE> 3
<NUMMIXES> 2
<MIXTURE> 1 4.900053e-001
<MEAN> 22
 1.382347e+001 1.533762e+001 2.864815e+000 3.224653e+000 1.366743e+002 1.345189e+002 6.714520e+001 6.838393e+001 6.832372e+001 6.544681e+001 5.981133e+001 6.030450e+001 9.861841e+001 9.916436e+001 1.916682e+000 2.219370e+000 5.873892e+000 5.717232e+000 3.405692e+000 8.364952e-001 2.729592e+000 2.677467e+000
<VARIANCE> 22
 2.701411e+002 3.478613e+002 2.644277e+001 3.046277e+001 2.343638e+003 1.688025e+003 5.994069e+002 6.290609e+002 1.123279e+002 1.593563e+002 5.257332e+002 5.719567e+002 1.980097e+002 2.085212e+002 5.116008e-001 5.025077e-001 8.018355e-001 7.180704e-001 3.546205e-001 9.866430e-001 5.480389e+000 5.477411e+000
<GCONST> 1.200825e+002
<MIXTURE> 2 5.099941e-001
<MEAN> 22
 8.811869e+000 9.009594e+000 1.082677e+000 1.159252e+000 1.112819e+002 1.076157e+002 3.099903e+001 3.376491e+001 6.316888e+001 6.071082e+001 7.997504e+001 8.096553e+001 9.958031e+001 1.002561e+002 2.000547e+000 2.007158e+000 6.000122e+000 6.005706e+000 4.000205e+000 2.787185e-002 2.758512e+000 2.441963e+000
<VARIANCE> 22
 1.370081e+002 1.263695e+002 3.300596e+000 2.298391e+000 4.742610e+002 5.182565e+002 1.174237e+002 1.328980e+002 6.833478e+001 8.808076e+001 1.694157e+002 1.788874e+002 9.741981e+001 9.503301e+001 6.022195e-001 8.891481e-001 2.326111e-002 1.016344e-001 2.082488e-002 5.618803e-002 5.408078e+000 5.822036e+000
<GCONST> 9.246841e+001
<STATE> 4
<NUMMIXES> 2
<MIXTURE> 1 5.514570e-001
<MEAN> 22
 9.996490e+000 9.229527e+000 3.177571e+000 2.826817e+000 2.254900e+001 2.220685e+001 9.597479e+001 9.352277e+001 6.417271e+001 5.972176e+001 1.909208e+002 1.902203e+002 1.145898e+002 1.145880e+002 6.996800e+000 5.001597e+000 6.305078e+000 5.722795e+000 6.012841e+000 5.997454e+000 4.104827e+000 3.915236e+000
<VARIANCE> 22
 8.538832e+001 8.160892e+001 8.465502e+000 7.130188e+000 3.602102e+002 3.712831e+002 3.902866e+002 3.462393e+002 9.095974e+001 7.885203e+001 5.180009e+002 4.759768e+002 1.536730e+002 1.270816e+002 6.504287e-002 1.793315e-002 2.120056e-001 2.003581e-001 2.082488e-002 5.618803e-002 7.135295e+000 4.407715e+000
<GCONST> 9.495859e+001
<MIXTURE> 2 4.485424e-001
<MEAN> 22
 1.848745e+001 1.829367e+001 2.896147e+000 2.684573e+000 7.456696e+001 6.684904e+001 3.982021e+001 4.338944e+001 6.623576e+001 6.157019e+001 1.219668e+002 1.266316e+002 1.035243e+002 1.037889e+002 3.528840e+000 4.200113e+000 6.111429e+000 5.810043e+000 4.884465e+000 5.523428e+000 4.274223e+000 4.216989e+000
<VARIANCE> 22
 3.647442e+002 3.564637e+002 2.247513e+001 1.735359e+001 1.400455e+003 1.178726e+003 5.035133e+002 4.896742e+002 1.203860e+002 1.225633e+002 7.960664e+002 8.662153e+002 1.520726e+002 1.216286e+002 8.821602e+000 2.154574e+000 1.657700e-001 2.074728e-001 6.936775e-001 6.207297e+000 7.307353e+000 4.744714e+000
<GCONST> 1.223563e+002
<TRANSP> 5
 0.000000e+000 1.000000e+000 0.000000e+000 0.000000e+000 0.000000e+000
 0.000000e+000 8.698914e-001 1.301086e-001 0.000000e+000 0.000000e+000
 0.000000e+000 0.000000e+000 9.549965e-001 4.500350e-002 0.000000e+000
 0.000000e+000 0.000000e+000 0.000000e+000 9.086825e-001 9.131753e-002
 0.000000e+000 0.000000e+000 0.000000e+000 0.000000e+000 0.000000e+000
<ENDHMM>
~h "FM"
<BEGINHMM>
<NUMSTATES> 5
<STATE> 2
<NUMMIXES> 2
<MIXTURE> 1 1.318001e-001
<MEAN> 22
 1.293281e+001 1.755134e+001 7.740181e+000 7.770152e+000 4.839719e+001 6.826518e+001 6.970024e+001 7.331553e+001 7.148174e+001 7.548791e+001 1.519960e+002 1.309452e+002 1.077762e+002 1.096627e+002 4.626164e+000 3.966984e+000 5.997126e+000 5.351215e+000 5.212998e+000 5.284285e+000 2.695440e+000 3.096309e+000
<VARIANCE> 22
 2.381972e+003 2.388439e+003 1.908523e+003 1.234013e+003 3.652223e+003 3.718346e+003 1.127289e+003 1.223787e+003 4.738215e+002 3.753968e+002 2.158978e+003 2.257143e+003 7.173930e+002 3.388207e+002 9.205488e+000 1.140544e+000 1.496973e+000 5.492616e-001 1.517452e+000 4.864281e+000 7.079946e+000 5.337789e+000
<GCONST> 1.488966e+002
<MIXTURE> 2 8.681999e-001
<MEAN> 22
 7.135785e+000 1.292877e+000 2.006043e+000 6.288863e-001 6.410704e+001 8.922062e+000 6.347228e+001 1.009491e+002 9.514034e+001 5.728868e+001 1.408097e+002 2.011198e+002 1.144458e+002 1.192533e+002 2.260488e+000 5.000000e+000 6.523437e+000 5.904313e+000 5.281998e+000 5.998956e+000 3.142699e+000 1.831345e+000
<VARIANCE> 22
 6.426501e+001 4.063125e+000 7.818382e+000 2.164982e+000 8.000037e+002 7.039478e+001 7.997369e+002 2.056537e+002 4.993739e+002 7.209428e+001 1.169915e+003 3.740619e+002 1.767110e+002 1.307422e+002 1.023554e+001 1.793315e-002 2.494507e-001 8.653035e-002 3.492768e-001 5.618803e-002 6.393408e+000 5.542655e+000
<GCONST> 9.941035e+001
<STATE> 3
<NUMMIXES> 2
<MIXTURE> 1 4.384369e-001
<MEAN> 22
 2.339560e+000 9.210411e+000 8.697420e-001 3.181857e+000 1.566211e+001 5.262108e+001 1.048507e+002 8.150948e+001 6.419679e+001 9.157594e+001 2.058449e+002 1.618693e+002 1.213772e+002 1.165489e+002 6.991042e+000 4.482004e+000 6.139938e+000 5.269925e+000 5.992497e+000 6.297128e+000 2.212842e+000 3.326863e+000
<VARIANCE> 22
 1.758522e+001 8.219411e+001 3.300596e+000 1.691780e+001 6.619253e+002 1.025448e+003 4.520986e+002 4.987585e+002 8.310484e+001 5.882687e+002 8.127178e+002 9.739355e+002 3.299655e+002 1.642036e+002 6.504287e-002 2.820642e-001 1.541904e-001 2.212329e-001 3.752569e-002 3.253722e-001 6.285110e+000 5.625205e+000
<GCONST> 1.045486e+002
<MIXTURE> 2 5.615635e-001
<MEAN> 22
 8.113967e-001 5.915272e+000 3.601735e-001 1.204138e+000 5.707330e+000 6.203421e+001 8.839977e+001 5.094307e+001 5.314180e+001 8.198219e+001 1.830071e+002 1.202266e+002 1.100870e+002 9.870589e+001 6.962909e+000 4.055618e+000 6.002520e+000 5.408198e+000 5.994463e+000 6.291790e+000 1.358952e+000 3.126528e+000
<VARIANCE> 22
 4.801632e+000 3.687712e+001 3.300596e+000 2.164982e+000 4.956259e+001 2.717861e+002 7.063197e+001 2.911582e+002 3.650163e+001 1.430483e+002 1.510482e+002 3.802411e+002 4.135939e+001 5.044847e+001 2.458148e-001 2.795785e-001 2.326111e-002 2.423013e-001 2.082488e-002 2.383131e+000 4.935994e+000 5.828966e+000
<GCONST> 8.667816e+001
<STATE> 4
<NUMMIXES> 2
<MIXTURE> 1 9.018124e-001
<MEAN> 22
 6.315941e+000 5.418838e+000 1.616899e+000 1.648515e+000 4.386330e+001 3.382631e+001 6.035799e+001 5.577580e+001 7.928720e+001 6.525491e+001 1.357849e+002 1.335591e+002 1.055160e+002 1.033604e+002 2.911527e+000 3.988934e+000 6.441377e+000 5.612088e+000 5.303113e+000 5.282556e+000 2.681164e+000 2.561152e+000
<VARIANCE> 22
 7.586532e+001 6.072832e+001 6.332023e+000 8.718075e+000 7.496060e+002 6.936607e+002 8.023132e+002 8.271104e+002 3.801898e+002 1.853770e+002 1.173127e+003 1.364460e+003 1.143599e+002 1.234745e+002 1.030324e+001 1.535143e+000 2.571206e-001 2.386422e-001 5.018805e-001 5.892577e+000 5.831510e+000 6.275934e+000
<GCONST> 1.191054e+002
<MIXTURE> 2 9.818751e-002
<MEAN> 22
 2.114536e-001 1.916302e+000 5.726872e-002 4.889861e-001 4.969779e+002 3.758193e+002 2.887147e+001 2.325999e+001 1.550594e+001 2.032274e+001 5.165444e+001 4.249533e+001 2.734261e+001 2.745016e+001 1.757707e+000 1.127753e+000 1.612336e+000 1.334801e+000 1.506609e+000 1.475773e+000 2.511005e-001 8.986780e-001
<VARIANCE> 22
 4.801632e+000 2.215610e+001 3.300596e+000 2.164982e+000 3.248385e+003 8.365374e+002 2.487264e+003 1.708870e+003 7.176968e+002 1.294392e+003 7.958763e+003 5.511306e+003 2.230314e+003 2.248533e+003 9.214441e+000 3.855942e+000 7.814465e+000 5.368093e+000 6.769802e+000 6.522507e+000 1.007427e+000 3.844355e+000
<GCONST> 1.363595e+002
<TRANSP> 5
 0.000000e+000 1.000000e+000 0.000000e+000 0.000000e+000 0.000000e+000
 0.000000e+000 8.890987e-001 1.109013e-001 0.000000e+000 0.000000e+000
 0.000000e+000 0.000000e+000 9.556193e-001 4.438068e-002 0.000000e+000
 0.000000e+000 0.000000e+000 0.000000e+000 8.369308e-001 1.630692e-001
 0.000000e+000 0.000000e+000 0.000000e+000 0.000000e+000 0.000000e+000
<ENDHMM>
~h "FN"
<BEGINHMM>
<NUMSTATES> 5
<STATE> 2
<NUMMIXES> 2
<MIXTURE> 1 5.208431e-001
<MEAN> 22
 1.656360e+001 3.912795e+000 6.551584e+000 3.194405e+000 1.754358e+002 1.233393e+001 1.133523e+002 1.023371e+002 8.345458e+001 6.048278e+001 4.401605e+001 2.035308e+002 1.030067e+002 1.208699e+002 1.790899e+000 4.982755e+000 2.939870e+000 5.872617e+000 2.984671e+000 5.980289e+000 3.758777e+000 2.016069e+000
<VARIANCE> 22
 1.668782e+003 9.693585e+002 1.321123e+003 7.709429e+002 2.569324e+003 2.431502e+002 1.059639e+003 2.529914e+002 1.931360e+002 6.682279e+001 1.440815e+003 5.746364e+002 3.625064e+002 1.153568e+002 5.019182e-001 4.568334e-002 8.202258e+000 1.264824e-001 6.146796e-001 1.369914e-001 6.223753e+000 5.890289e+000
<GCONST> 1.255296e+002
<MIXTURE> 2 4.791566e-001
<MEAN> 22
 5.914301e+000 1.120436e+001 1.783995e+000 2.788926e+000 1.197567e+002 1.492427e+002 8.682293e+001 9.036753e+001 6.639721e+001 6.435287e+001 1.585712e+002 9.630916e+001 1.027295e+002 1.003059e+002 4.699933e+000 3.098897e+000 5.580801e+000 4.635158e+000 5.102120e+000 2.948845e+000 2.472376e+000 2.649126e+000
<VARIANCE> 22
 1.671747e+002 2.494085e+002 1.415038e+001 1.476272e+001 3.428590e+004 1.786676e+004 1.950114e+003 1.615655e+003 6.043517e+002 4.930741e+002 5.191117e+003 6.320175e+003 1.711942e+003 1.073220e+003 8.710868e+000 2.648447e+000 3.770548e+000 3.053762e+000 2.956742e+000 6.436180e+000 6.373956e+000 5.530124e+000
<GCONST> 1.480350e+002
<STATE> 3
<NUMMIXES> 2
<MIXTURE> 1 4.681009e-001
<MEAN> 22
 2.455536e+000 1.700262e+001 7.980922e-001 3.555132e+000 1.244171e+001 7.397420e+001 9.446777e+001 7.698072e+001 5.975023e+001 6.616669e+001 1.914071e+002 1.288285e+002 1.144075e+002 1.075058e+002 6.969138e+000 3.998725e+000 6.145596e+000 5.458853e+000 5.982962e+000 4.186409e+000 2.135148e+000 3.903866e+000
<VARIANCE> 22
 2.168680e+001 3.031001e+002 3.300596e+000 2.119382e+001 4.792405e+002 3.123388e+003 2.800957e+002 1.099024e+003 7.434758e+001 1.867236e+002 5.133707e+002 3.252576e+003 1.283984e+002 1.674999e+002 1.405849e-001 1.266908e+000 1.607099e-001 5.808621e-001 4.687002e-002 6.692801e+000 6.265888e+000 5.343622e+000
<GCONST> 1.124257e+002
<MIXTURE> 2 5.318995e-001
<MEAN> 22
 8.922976e-001 9.558551e+000 4.624423e-001 2.632875e+000 5.969253e+000 1.750438e+002 8.997094e+001 1.093354e+002 5.715863e+001 6.753319e+001 1.884480e+002 2.536933e+001 1.116914e+002 9.519506e+001 6.976540e+000 2.002375e+000 6.001754e+000 4.206041e+000 5.986394e+000 1.251098e+000 1.361445e+000 3.099491e+000
<VARIANCE> 22
 4.801632e+000 1.257576e+002 3.300596e+000 1.203901e+001 7.045315e+001 1.036920e+003 2.082354e+002 5.136678e+002 4.230165e+001 1.244355e+002 4.864456e+002 1.618600e+002 1.414084e+002 2.361630e+002 1.019069e-001 1.793315e-002 2.326111e-002 1.443122e+000 2.509085e-002 2.112303e-001 4.768963e+000 5.354066e+000
<GCONST> 9.185767e+001
<STATE> 4
<NUMMIXES> 2
<MIXTURE> 1 6.704308e-001
<MEAN> 22
 1.052631e+001 2.390069e+000 2.792027e+000 8.867689e-001 1.020748e+002 2.088682e+001 1.026441e+002 9.717652e+001 7.180824e+001 5.650837e+001 1.085739e+002 1.970846e+002 1.062109e+002 1.174271e+002 3.631413e+000 4.998142e+000 4.675395e+000 5.808964e+000 4.164641e+000 5.984023e+000 3.450806e+000 2.102641e+000
<VARIANCE> 22
 1.678193e+002 1.489628e+001 1.366353e+001 2.164982e+000 5.459821e+003 9.076024e+002 1.279769e+003 2.536301e+002 1.956597e+002 7.194121e+001 6.736588e+003 4.554882e+002 4.592669e+002 1.530213e+002 7.073049e+000 1.793315e-002 6.888886e+000 1.545444e-001 2.928009e+000 5.618803e-002 6.072579e+000 5.983131e+000
<GCONST> 1.151857e+002
<MIXTURE> 2 3.295688e-001
<MEAN> 22
 6.977223e+000 6.972756e+000 1.770713e+000 1.705805e+000 5.102674e+001 4.310538e+001 5.651361e+001 4.167993e+001 6.515412e+001 5.684732e+001 8.082071e+001 1.008622e+002 9.878743e+001 1.001527e+002 2.822138e+000 3.076687e+000 5.605464e+000 5.646373e+000 3.881312e+000 2.923697e+000 2.818556e+000 2.618266e+000
<VARIANCE> 22
 1.331099e+002 1.983778e+002 9.638493e+000 7.863600e+000 1.508411e+003 1.701403e+003 1.301377e+003 6.254559e+002 8.994873e+001 4.879385e+001 2.292341e+003 1.170404e+003 1.484721e+002 9.600477e+001 4.129567e+000 2.491832e+000 2.938037e+000 7.927694e-001 9.420882e-001 1.005538e+001 6.365345e+000 6.254734e+000
<GCONST> 1.251738e+002
<TRANSP> 5
 0.000000e+000 1.000000e+000 0.000000e+000 0.000000e+000 0.000000e+000
 0.000000e+000 8.134078e-001 1.865923e-001 0.000000e+000 0.000000e+000
 0.000000e+000 0.000000e+000 9.553547e-001 4.464533e-002 0.000000e+000
 0.000000e+000 0.000000e+000 0.000000e+000 9.060421e-001 9.395789e-002
 0.000000e+000 0.000000e+000 0.000000e+000 0.000000e+000 0.000000e+000
<ENDHMM>
~h "FU"
<BEGINHMM>
<NUMSTATES> 5
<STATE> 2
<NUMMIXES> 2
<MIXTURE> 1 8.053953e-001
<MEAN> 22
 9.843357e+000 1.311968e+000 2.363572e+000 6.944954e-001 1.380213e+002 1.889500e+001 1.027325e+002 9.420338e+001 6.509785e+001 5.468079e+001 5.157793e+001 1.916800e+002 9.893480e+001 1.126423e+002 2.544303e+000 5.000000e+000 3.295220e+000 5.848838e+000 3.241594e+000 5.996478e+000 3.226137e+000 1.948971e+000
<VARIANCE> 22
 2.436625e+002 4.063125e+000 1.027488e+001 2.164982e+000 4.879946e+003 7.360190e+002 9.696180e+002 1.754393e+002 1.994276e+002 5.460012e+001 3.168375e+003 3.220170e+002 2.181853e+002 1.351786e+002 3.219696e+000 1.793315e-002 7.841087e+000 1.283126e-001 1.449404e+000 5.618803e-002 6.258786e+000 5.676416e+000
<GCONST> 1.092112e+002
<MIXTURE> 2 1.946046e-001
<MEAN> 22
 8.607453e+000 9.194906e+000 2.831836e+000 2.327858e+000 5.548111e+001 5.627795e+001 7.910303e+001 5.822962e+001 6.251173e+001 5.719353e+001 8.921078e+001 1.144540e+002 9.883591e+001 1.003833e+002 3.399849e+000 3.628187e+000 5.212817e+000 5.526530e+000 4.080368e+000 4.097388e+000 2.910792e+000 2.835689e+000
<VARIANCE> 22
 1.907270e+002 1.465811e+002 2.940971e+001 1.270519e+001 3.005945e+003 2.939091e+003 1.451719e+003 9.144131e+002 1.319609e+002 9.413478e+001 4.193353e+003 2.307887e+003 2.620977e+002 1.449963e+002 5.778386e+000 2.078059e+000 4.281174e+000 6.017022e-001 1.952896e+000 7.688326e+000 5.922626e+000 5.168632e+000
<GCONST> 1.323082e+002
<STATE> 3
<NUMMIXES> 2
<MIXTURE> 1 4.331910e-001
<MEAN> 22
 2.143302e+000 1.883533e+001 7.015736e-001 3.381718e+000 7.665664e+000 1.378812e+002 1.025776e+002 9.138754e+001 6.230009e+001 6.956049e+001 2.046717e+002 7.296879e+001 1.213087e+002 1.072732e+002 6.998035e+000 2.909745e+000 6.153312e+000 4.869463e+000 5.998917e+000 2.616382e+000 2.036219e+000 3.231534e+000
<VARIANCE> 22
 2.236370e+001 3.703518e+002 3.300596e+000 1.477575e+001 9.907668e+001 5.762890e+003 3.932953e+002 1.684716e+003 8.813208e+001 1.779277e+002 7.864001e+002 3.263098e+003 2.720957e+002 1.808704e+002 6.504287e-002 1.472354e+000 1.298046e-001 1.526155e+000 2.082488e-002 5.822190e+000 6.279824e+000 5.634471e+000
<GCONST> 1.127148e+002
<MIXTURE> 2 5.668097e-001
<MEAN> 22
 9.759437e-001 3.759159e+000 5.252565e-001 1.286055e+000 7.636793e+000 1.626980e+002 8.247554e+001 1.033347e+002 5.246249e+001 5.790688e+001 1.745581e+002 2.030060e+001 1.043434e+002 8.944474e+001 6.933630e+000 2.034200e+000 6.015281e+000 4.150126e+000 5.961672e+000 1.305201e+000 1.381979e+000 2.629429e+000
<VARIANCE> 22
 4.801632e+000 3.198004e+001 3.300596e+000 2.440982e+000 4.401783e+002 7.644039e+002 8.810596e+001 2.250872e+002 3.534429e+001 9.515623e+001 3.106863e+002 3.276923e+002 6.011581e+001 7.091343e+001 3.573905e-001 9.161723e-002 6.461892e-002 2.211228e+000 1.104654e-001 4.187959e-001 4.875977e+000 6.680402e+000
<GCONST> 9.322973e+001
<STATE> 4
<NUMMIXES> 2
<MIXTURE> 1 6.882001e-001
<MEAN> 22
 4.560750e+000 1.120124e+001 2.006648e+000 3.292007e+000 1.523111e+001 2.408163e+001 9.818501e+001 9.043973e+001 6.073312e+001 5.801642e+001 1.963013e+002 1.881039e+002 1.168354e+002 1.136416e+002 6.992820e+000 5.001050e+000 6.119367e+000 5.832660e+000 5.998914e+000 6.003738e+000 2.880943e+000 3.657904e+000
<VARIANCE> 22
 2.291441e+002 3.222265e+002 1.603815e+002 1.057918e+002 1.686157e+002 4.763109e+002 2.547539e+002 3.032647e+002 7.669788e+001 8.446343e+001 4.115097e+002 4.890292e+002 1.400522e+002 1.224118e+002 6.504287e-002 1.793315e-002 1.051192e-001 1.393356e-001 2.082488e-002 5.618803e-002 6.683466e+000 5.500365e+000
<GCONST> 1.005448e+002
<MIXTURE> 2 3.117997e-001
<MEAN> 22
 6.097092e+000 7.580750e+000 1.410978e+000 3.013697e+000 2.224846e+002 1.879208e+002 6.442942e+001 6.392768e+001 5.146637e+001 5.232939e+001 1.175219e+002 9.105902e+001 8.330911e+001 7.440271e+001 3.791591e+000 2.977888e+000 4.482050e+000 3.913692e+000 4.004789e+000 3.396106e+000 2.221282e+000 2.219055e+000
<VARIANCE> 22
 1.499443e+002 2.188588e+002 7.620453e+000 5.890442e+001 4.453554e+004 2.338952e+004 2.258058e+003 2.530490e+003 9.584197e+002 1.118996e+003 7.663022e+003 6.135589e+003 2.549740e+003 2.315827e+003 9.350299e+000 4.677354e+000 6.979215e+000 5.903553e+000 5.818818e+000 8.264609e+000 6.767816e+000 6.346384e+000
<GCONST> 1.555338e+002
<TRANSP> 5
 0.000000e+000 1.000000e+000 0.000000e+000 0.000000e+000 0.000000e+000
 0.000000e+000 9.246718e-001 7.532819e-002 0.000000e+000 0.000000e+000
 0.000000e+000 0.000000e+000 9.467824e-001 5.321764e-002 0.000000e+000
 0.000000e+000 0.000000e+000 0.000000e+000 8.349651e-001 1.650349e-001
 0.000000e+000 0.000000e+000 0.000000e+000 0.000000e+000 0.000000e+000
<ENDHMM>
~h "MC"
<BEGINHMM>
<NUMSTATES> 5
<STATE> 2
<NUMMIXES> 2
<MIXTURE> 1 9.549433e-002
<MEAN> 22
 1.833586e+001 2.194895e+001 1.142030e+001 9.664914e+000 1.492349e+002 1.681342e+002 1.119980e+002 6.035427e+001 7.430968e+001 7.811911e+001 1.903610e+002 1.128832e+002 1.287766e+002 1.162530e+002 5.427985e+000 3.199319e+000 6.133429e+000 5.748471e+000 5.287169e+000 2.905478e+000 2.285802e+000 2.938236e+000
<VARIANCE> 22
 2.879783e+003 2.210417e+003 2.548601e+003 1.493193e+003 4.614526e+004 2.042403e+004 2.068926e+003 1.005693e+003 2.683541e+002 2.026009e+002 8.326846e+003 2.812058e+003 1.553208e+003 5.401523e+002 5.463491e+000 1.426037e+000 1.212693e+000 4.469458e-001 1.281818e+000 8.932676e+000 6.014268e+000 5.295610e+000
<GCONST> 1.553158e+002
<MIXTURE> 2 9.045056e-001
<MEAN> 22
 5.666480e+000 6.994480e+000 1.542371e+000 2.097103e+000 4.840541e+001 5.658134e+001 6.100988e+001 5.027938e+001 7.111079e+001 6.622573e+001 1.139527e+002 1.084769e+002 1.015312e+002 1.012617e+002 3.641614e+000 3.415644e+000 6.185465e+000 5.726619e+000 4.756415e+000 3.781797e+000 2.888020e+000 2.727957e+000
<VARIANCE> 22
 5.404517e+001 7.402548e+001 3.880463e+000 7.603931e+000 1.241811e+003 1.706778e+003 7.217200e+002 7.452393e+002 2.136277e+002 2.416762e+002 2.846317e+003 1.861032e+003 1.476893e+002 1.244566e+002 7.832732e+000 1.689779e+000 2.595342e-001 2.133880e-001 1.404117e+000 9.691322e+000 6.084533e+000 5.592895e+000
<GCONST> 1.218550e+002
<STATE> 3
<NUMMIXES> 2
<MIXTURE> 1 2.820562e-001
<MEAN> 22
 2.627344e+000 1.399935e+001 7.803734e-001 4.336948e+000 1.063588e+001 1.137951e+002 1.090572e+002 7.916624e+001 6.594786e+001 9.176853e+001 2.125416e+002 1.056310e+002 1.263194e+002 1.135447e+002 6.884167e+000 3.363938e+000 6.185626e+000 5.338187e+000 5.966971e+000 2.642697e+000 2.180132e+000 3.454522e+000
<VARIANCE> 22
 2.148377e+001 1.651181e+002 3.300596e+000 2.423977e+001 4.142326e+002 4.160631e+003 3.562792e+002 1.292612e+003 5.955121e+001 6.688163e+002 6.667325e+002 3.274553e+003 1.555013e+002 1.366460e+002 6.385581e-001 1.417662e+000 1.673465e-001 5.518026e-001 7.661538e-002 8.086685e+000 6.078436e+000 5.183715e+000
<GCONST> 1.160318e+002
<MIXTURE> 2 7.179441e-001
<MEAN> 22
 1.048112e+000 8.280232e+000 5.926891e-001 2.373185e+000 6.075013e+000 1.011142e+002 8.698674e+001 5.142670e+001 5.297982e+001 7.622366e+001 1.806762e+002 7.715631e+001 1.077736e+002 9.336375e+001 6.999998e+000 2.905737e+000 6.002147e+000 5.739423e+000 6.000000e+000 2.157777e+000 1.663740e+000 3.162601e+000
<VARIANCE> 22
 4.801632e+000 5.946261e+001 3.300596e+000 6.431095e+000 4.956259e+001 1.259750e+003 8.425152e+001 4.286634e+002 4.421038e+001 2.449583e+002 1.483086e+002 1.328685e+003 5.083987e+001 1.677782e+002 6.504287e-002 1.093836e+000 2.326111e-002 2.344882e-001 2.082488e-002 8.433016e+000 5.548010e+000 5.086788e+000
<GCONST> 9.495814e+001
<STATE> 4
<NUMMIXES> 2
<MIXTURE> 1 9.409056e-001
<MEAN> 22
 8.769494e+000 2.700052e+000 2.745224e+000 1.014159e+000 8.165761e+001 1.431274e+001 6.496782e+001 9.771655e+001 7.602926e+001 5.608979e+001 1.202477e+002 1.962549e+002 1.098350e+002 1.161658e+002 3.248549e+000 5.000000e+000 6.262694e+000 5.804391e+000 4.630759e+000 5.994590e+000 3.273269e+000 2.594376e+000
<VARIANCE> 22
 7.991981e+001 1.464707e+001 1.250622e+001 2.164982e+000 2.712277e+003 1.950696e+002 8.695275e+002 2.512589e+002 4.631178e+002 5.675977e+001 3.331079e+003 4.319395e+002 2.687529e+002 1.254972e+002 7.971509e+000 1.793315e-002 2.155076e-001 1.573476e-001 1.321332e+000 5.618803e-002 5.905692e+000 6.244009e+000
<GCONST> 1.067306e+002
<MIXTURE> 2 5.909467e-002
<MEAN> 22
 4.415813e+000 2.648709e+001 1.171350e+000 4.595466e+000 1.214855e+002 1.187012e+002 6.715027e+001 7.002742e+001 6.128623e+001 5.556522e+001 1.311173e+002 1.184196e+002 9.893555e+001 9.522446e+001 3.817704e+000 3.271754e+000 5.194844e+000 4.530230e+000 4.325773e+000 3.868695e+000 1.892555e+000 3.146690e+000
<VARIANCE> 22
 8.273117e+001 2.982678e+003 4.902123e+000 3.794223e+001 2.822702e+004 1.658629e+004 2.033644e+003 2.245677e+003 1.073326e+003 7.269749e+002 6.581196e+003 6.512571e+003 2.242406e+003 2.071359e+003 1.014608e+001 3.592168e+000 6.032773e+000 4.781954e+000 4.818336e+000 7.861200e+000 5.503576e+000 6.458964e+000
<GCONST> 1.540292e+002
<TRANSP> 5
 0.000000e+000 1.000000e+000 0.000000e+000 0.000000e+000 0.000000e+000
 0.000000e+000 8.745375e-001 1.254625e-001 0.000000e+000 0.000000e+000
 0.000000e+000 0.000000e+000 9.591504e-001 4.084953e-002 0.000000e+000
 0.000000e+000 0.000000e+000 0.000000e+000 9.009896e-001 9.901041e-002
 0.000000e+000 0.000000e+000 0.000000e+000 0.000000e+000 0.000000e+000
<ENDHMM>
~h "NU"
<BEGINHMM>
<NUMSTATES> 5
<STATE> 2
<NUMMIXES> 2
<MIXTURE> 1 8.053777e-001
<MEAN> 22
 8.168428e+000 1.181810e+001 2.996842e+000 2.927077e+000 9.661280e+001 8.855450e+001 9.535432e+001 8.257887e+001 7.165166e+001 6.362977e+001 1.652029e+002 1.460144e+002 1.135678e+002 1.156230e+002 5.081804e+000 4.085295e+000 5.905676e+000 5.570610e+000 5.143492e+000 4.224234e+000 2.677544e+000 2.525354e+000
<VARIANCE> 22
 6.170154e+002 1.120404e+003 4.394755e+002 2.790927e+002 2.101462e+004 1.301735e+004 1.428712e+003 9.456640e+002 2.247618e+002 1.246444e+002 4.331316e+003 3.697725e+003 9.182902e+002 2.534429e+002 7.434974e+000 1.298068e+000 2.504246e+000 3.829064e-001 2.219379e+000 6.026311e+000 6.117873e+000 5.068220e+000
<GCONST> 1.465801e+002
<MIXTURE> 2 1.946222e-001
<MEAN> 22
 0.000000e+000 0.000000e+000 0.000000e+000 0.000000e+000 5.315967e+002 4.080164e+002 0.000000e+000 0.000000e+000 0.000000e+000 0.000000e+000 0.000000e+000 0.000000e+000 0.000000e+000 0.000000e+000 0.000000e+000 0.000000e+000 0.000000e+000 0.000000e+000 0.000000e+000 0.000000e+000 0.000000e+000 0.000000e+000
<VARIANCE> 22
 4.801632e+000 4.063125e+000 3.300596e+000 2.164982e+000 3.309092e+003 2.711523e+003 9.838196e+000 1.115232e+001 2.936353e+000 3.516743e+000 3.745900e+001 4.440890e+001 4.184655e+000 3.870682e+000 6.504287e-002 1.793315e-002 2.326111e-002 1.170389e-002 2.082488e-002 5.618803e-002 6.153807e-002 6.060927e-002
<GCONST> 5.130989e+001
<STATE> 3
<NUMMIXES> 2
<MIXTURE> 1 5.664858e-001
<MEAN> 22
 1.389966e+000 1.338669e+001 5.067094e-001 3.306777e+000 7.003600e+000 8.747094e+001 9.843981e+001 7.292196e+001 6.026954e+001 6.661240e+001 1.986234e+002 1.148648e+002 1.180883e+002 1.096132e+002 6.999007e+000 3.750632e+000 6.082170e+000 5.398077e+000 6.000000e+000 3.798434e+000 1.687715e+000 3.479343e+000
<VARIANCE> 22
 8.152618e+000 1.667423e+002 3.300596e+000 1.370889e+001 5.311789e+001 3.322229e+003 2.760468e+002 9.314858e+002 6.597388e+001 1.577672e+002 5.489212e+002 2.565785e+003 1.998357e+002 1.722198e+002 6.504287e-002 1.098722e+000 7.541759e-002 4.236997e-001 2.082488e-002 6.768538e+000 5.565557e+000 5.026327e+000
<GCONST> 1.051431e+002
<MIXTURE> 2 4.335136e-001
<MEAN> 22
 7.952783e-001 2.331595e+000 3.999706e-001 1.087236e+000 1.145140e+001 1.124312e+002 8.553127e+001 6.736083e+001 5.522495e+001 6.127495e+001 1.778540e+002 6.648090e+001 1.070134e+002 9.777895e+001 6.893075e+000 2.758601e+000 6.071434e+000 5.175042e+000 5.938663e+000 1.272862e+000 1.210895e+000 2.808171e+000
<VARIANCE> 22
 4.801632e+000 6.386582e+000 3.300596e+000 2.164982e+000 7.800978e+002 9.183850e+002 1.624495e+002 4.311819e+002 4.525418e+001 6.921057e+001 4.118407e+002 6.098065e+002 6.437592e+001 9.820357e+001 6.068749e-001 2.714344e-001 1.078345e-001 3.199672e-001 1.676221e-001 9.533899e-001 4.421802e+000 6.177555e+000
<GCONST> 9.600044e+001
<STATE> 4
<NUMMIXES> 2
<MIXTURE> 1 5.480031e-001
<MEAN> 22
 8.228181e+000 3.666355e+000 2.445760e+000 1.267679e+000 7.416750e+001 1.369076e+001 8.274415e+001 9.782758e+001 6.980131e+001 5.620204e+001 1.367256e+002 1.971433e+002 1.137921e+002 1.170374e+002 3.951972e+000 5.000000e+000 6.512990e+000 5.907954e+000 4.642083e+000 5.996278e+000 3.297534e+000 2.563724e+000
<VARIANCE> 22
 9.909557e+001 2.863849e+001 9.617226e+000 3.148084e+000 3.053855e+003 2.088746e+002 7.096848e+002 2.545249e+002 2.317159e+002 6.239151e+001 3.818189e+003 4.187957e+002 2.324309e+002 1.237567e+002 9.206611e+000 1.793315e-002 2.536863e-001 8.357484e-002 2.693941e+000 5.618803e-002 6.223695e+000 6.359301e+000
<GCONST> 1.075307e+002
<MIXTURE> 2 4.519961e-001
<MEAN> 22
 4.786132e+000 6.003712e+000 1.368539e+000 2.061766e+000 6.071803e+001 6.601760e+001 6.168373e+001 5.792838e+001 6.737229e+001 5.679699e+001 9.623264e+001 9.955488e+001 1.021847e+002 9.989166e+001 2.329935e+000 3.166334e+000 5.925654e+000 5.426496e+000 3.983606e+000 2.832489e+000 2.653565e+000 2.786281e+000
<VARIANCE> 22
 5.557873e+001 9.390421e+001 4.083541e+000 1.202384e+001 2.694792e+003 2.704376e+003 1.208382e+003 9.960760e+002 1.430747e+002 5.615826e+001 2.320857e+003 1.630041e+003 1.208194e+002 1.439191e+002 5.154332e+000 1.447600e+000 3.210326e+000 3.929597e-001 1.876653e+000 7.155885e+000 6.209954e+000 6.303069e+000
<GCONST> 1.250976e+002
<TRANSP> 5
 0.000000e+000 1.000000e+000 0.000000e+000 0.000000e+000 0.000000e+000
 0.000000e+000 7.036616e-001 2.963383e-001 0.000000e+000 0.000000e+000
 0.000000e+000 0.000000e+000 9.479903e-001 5.200973e-002 0.000000e+000
 0.000000e+000 0.000000e+000 0.000000e+000 9.214834e-001 7.851662e-002
 0.000000e+000 0.000000e+000 0.000000e+000 0.000000e+000 0.000000e+000
<ENDHMM>
~h "OK"
<BEGINHMM>
<NUMSTATES> 5
<STATE> 2
<NUMMIXES> 2
<MIXTURE> 1 6.852605e-001
<MEAN> 22
 1.462448e+001 2.816425e+000 4.265134e+000 1.365243e+000 1.221457e+002 1.580424e+001 1.002184e+002 9.507983e+001 7.660818e+001 5.352551e+001 8.123293e+001 1.967669e+002 1.073372e+002 1.164707e+002 2.304327e+000 4.998079e+000 4.602940e+000 5.912477e+000 3.406097e+000 5.995472e+000 3.467541e+000 2.181605e+000
<VARIANCE> 22
 4.972832e+002 2.031461e+002 2.440772e+002 1.386363e+002 4.142045e+003 4.383466e+002 9.281636e+002 2.175592e+002 2.589450e+002 5.670762e+001 3.484759e+003 3.903265e+002 3.360347e+002 1.275226e+002 5.088110e+000 1.793315e-002 9.297795e+000 7.986046e-002 2.417968e+000 5.618803e-002 5.786415e+000 5.980185e+000
<GCONST> 1.222525e+002
<MIXTURE> 2 3.147390e-001
<MEAN> 22
 8.592248e+000 7.018231e+000 2.048798e+000 1.897003e+000 5.392268e+001 6.208912e+001 7.474575e+001 5.280023e+001 6.960592e+001 6.031639e+001 9.222688e+001 1.011436e+002 9.945898e+001 1.016223e+002 2.741649e+000 3.243250e+000 4.808095e+000 5.506451e+000 3.925958e+000 3.625944e+000 3.039482e+000 2.582031e+000
<VARIANCE> 22
 1.744458e+002 1.544329e+002 1.563700e+001 1.477861e+001 2.096399e+003 3.342181e+003 1.780549e+003 1.070419e+003 1.330140e+002 1.093173e+002 2.865483e+003 1.663735e+003 3.488858e+002 1.453874e+002 5.292447e+000 1.612627e+000 6.731687e+000 6.313700e-001 2.209953e+000 8.949038e+000 6.566773e+000 5.991290e+000
<GCONST> 1.323445e+002
<STATE> 3
<NUMMIXES> 2
<MIXTURE> 1 4.882435e-001
<MEAN> 22
 2.449087e+000 2.053248e+001 7.997956e-001 4.237204e+000 1.022923e+001 1.020876e+002 1.008589e+002 8.829200e+001 6.162453e+001 7.478427e+001 2.024535e+002 1.113863e+002 1.204865e+002 1.120024e+002 6.998070e+000 3.676667e+000 6.133180e+000 5.095633e+000 5.999552e+000 3.767775e+000 2.161560e+000 3.749106e+000
<VARIANCE> 22
 3.038096e+001 4.027364e+002 3.300596e+000 2.148203e+001 2.195948e+002 5.609779e+003 3.887119e+002 1.312131e+003 8.710091e+001 3.005581e+002 7.476373e+002 2.975167e+003 2.587054e+002 1.965875e+002 6.504287e-002 1.207702e+000 1.162098e-001 6.385863e-001 2.082488e-002 6.197539e+000 6.483101e+000 5.194373e+000
<GCONST> 1.132220e+002
<MIXTURE> 2 5.117559e-001
<MEAN> 22
 1.025393e+000 6.323242e+000 6.364960e-001 2.095159e+000 8.020821e+000 1.450877e+002 8.466185e+001 9.729405e+001 5.249464e+001 6.815620e+001 1.809893e+002 4.641842e+001 1.087591e+002 9.711037e+001 6.922952e+000 2.453963e+000 6.016205e+000 4.522883e+000 5.974003e+000 1.546230e+000 1.578216e+000 3.134500e+000
<VARIANCE> 22
 4.801632e+000 6.463869e+001 3.300596e+000 6.451313e+000 3.846410e+002 1.125990e+003 9.088219e+001 4.783618e+002 3.786888e+001 8.257373e+001 2.459007e+002 3.569253e+002 5.135074e+001 8.125609e+001 4.544611e-001 2.991618e-001 4.670088e-002 4.369227e-001 7.951717e-002 4.677970e-001 5.400378e+000 5.903502e+000
<GCONST> 9.493777e+001
<STATE> 4
<NUMMIXES> 2
<MIXTURE> 1 8.879273e-001
<MEAN> 22
 4.323046e+000 5.830548e+000 1.562990e+000 1.883905e+000 2.785189e+001 3.057359e+001 9.641174e+001 9.487041e+001 6.304468e+001 5.738236e+001 1.950189e+002 1.942552e+002 1.171539e+002 1.166516e+002 6.870633e+000 4.999063e+000 6.124907e+000 5.851142e+000 5.976973e+000 5.999996e+000 2.689332e+000 3.170888e+000
<VARIANCE> 22
 4.257442e+001 6.423423e+001 5.582180e+000 5.783257e+000 1.253519e+003 9.587466e+002 3.676211e+002 2.282454e+002 9.598145e+001 7.212190e+001 5.396895e+002 3.740360e+002 1.505531e+002 1.001257e+002 7.526551e-001 1.793315e-002 1.093057e-001 1.266989e-001 5.926711e-002 5.618803e-002 6.185913e+000 6.278628e+000
<GCONST> 9.720692e+001
<MIXTURE> 2 1.120724e-001
<MEAN> 22
 2.941952e+000 2.659359e+000 1.132408e+000 9.576116e-001 2.964109e+002 2.228524e+002 4.527332e+001 2.619886e+001 3.283159e+001 2.786139e+001 3.906324e+001 6.508425e+001 4.441040e+001 4.951836e+001 1.229089e+000 2.052450e+000 1.628268e+000 2.734404e+000 1.481170e+000 2.617011e+000 1.584657e+000 1.547937e+000
<VARIANCE> 22
 3.722040e+001 3.978038e+001 7.942421e+000 6.325154e+000 5.054934e+004 3.339010e+004 2.943622e+003 1.049743e+003 1.209449e+003 8.732906e+002 3.166480e+003 5.227907e+003 2.242688e+003 2.670505e+003 3.718183e+000 5.144726e+000 7.275005e+000 8.154439e+000 3.806692e+000 9.527932e+000 5.624266e+000 5.363253e+000
<GCONST> 1.479703e+002
<TRANSP> 5
 0.000000e+000 1.000000e+000 0.000000e+000 0.000000e+000 0.000000e+000
 0.000000e+000 9.036988e-001 9.630113e-002 0.000000e+000 0.000000e+000
 0.000000e+000 0.000000e+000 9.293481e-001 7.065184e-002 0.000000e+000
 0.000000e+000 0.000000e+000 0.000000e+000 8.370206e-001 1.629794e-001
 0.000000e+000 0.000000e+000 0.000000e+000 0.000000e+000 0.000000e+000
<ENDHMM>
~h "PF"
<BEGINHMM>
<NUMSTATES> 5
<STATE> 2
<NUMMIXES> 2
<MIXTURE> 1 3.169350e-001
<MEAN> 22
 1.065277e+001 1.327630e+001 7.291948e+000 7.374764e+000 1.739290e+002 1.426159e+002 1.007782e+002 9.210487e+001 6.319712e+001 6.307245e+001 1.986397e+002 1.867409e+002 1.154126e+002 1.163517e+002 6.986416e+000 4.948486e+000 6.117153e+000 5.788217e+000 5.981934e+000 6.016162e+000 2.463006e+000 2.469607e+000
<VARIANCE> 22
 3.031170e+003 2.461704e+003 2.629236e+003 1.747235e+003 5.003824e+004 3.093020e+004 2.931606e+002 5.956106e+002 4.506641e+001 1.124597e+002 5.225569e+002 9.906167e+002 1.133250e+002 1.398356e+002 6.773610e-002 1.539424e-001 1.034278e-001 1.995340e-001 5.337731e-002 3.177693e-001 6.364820e+000 5.768824e+000
<GCONST> 1.272702e+002
<MIXTURE> 2 6.830653e-001
<MEAN> 22
 7.065724e+000 1.061983e+001 2.141855e+000 2.876236e+000 1.103143e+002 1.623501e+002 8.283753e+001 1.176391e+002 7.166790e+001 7.745129e+001 1.334734e+002 7.890645e+001 9.983765e+001 9.323759e+001 3.454818e+000 2.639912e+000 5.356195e+000 4.121446e+000 4.752565e+000 2.199804e+000 2.463435e+000 2.886673e+000
<VARIANCE> 22
 1.855543e+002 2.608774e+002 3.166201e+001 1.607248e+001 2.050620e+004 9.728528e+003 1.965414e+003 3.189458e+003 5.789174e+002 8.053961e+002 5.213276e+003 3.784928e+003 1.159129e+003 7.033334e+002 9.369638e+000 1.537044e+000 4.985568e+000 2.413023e+000 2.898881e+000 3.834172e+000 6.210760e+000 5.065325e+000
<GCONST> 1.466885e+002
<STATE> 3
<NUMMIXES> 2
<MIXTURE> 1 3.403126e-001
<MEAN> 22
 2.330588e+000 2.103822e+001 9.207965e-001 4.501274e+000 1.164742e+001 4.824155e+001 9.407098e+001 8.624290e+001 5.909073e+001 6.497591e+001 1.933538e+002 1.643833e+002 1.155499e+002 1.112933e+002 6.993928e+000 4.537965e+000 6.044561e+000 5.532001e+000 5.998949e+000 5.375803e+000 2.344127e+000 3.752625e+000
<VARIANCE> 22
 1.225383e+001 4.355844e+002 3.300596e+000 2.207760e+001 1.619165e+002 1.388497e+003 2.089168e+002 6.199407e+002 4.216420e+001 1.720007e+002 3.871020e+002 1.779300e+003 1.206681e+002 1.360707e+002 6.504287e-002 5.230125e-001 4.257414e-002 2.546488e-001 2.082488e-002 2.661697e+000 6.157902e+000 5.814914e+000
<GCONST> 1.022173e+002
<MIXTURE> 2 6.596869e-001
<MEAN> 22
 1.350914e+000 1.043680e+001 6.250852e-001 3.618474e+000 1.000886e+001 1.873437e+002 9.241927e+001 1.350279e+002 5.800122e+001 8.535921e+001 1.879384e+002 5.608637e+001 1.129649e+002 9.189835e+001 6.925070e+000 2.428267e+000 6.058572e+000 3.601589e+000 5.957820e+000 1.698244e+000 1.694095e+000 3.334127e+000
<VARIANCE> 22
 8.340253e+000 1.564007e+002 3.300596e+000 1.998459e+001 6.108772e+002 1.709506e+003 2.682881e+002 8.271639e+002 7.018040e+001 2.623109e+002 6.719566e+002 9.366805e+002 1.314192e+002 2.130108e+002 3.855325e-001 3.151202e-001 2.736131e-001 6.598712e-001 1.217163e-001 5.055196e-001 5.846372e+000 4.383870e+000
<GCONST> 1.080135e+002
<STATE> 4
<NUMMIXES> 2
<MIXTURE> 1 7.467851e-001
<MEAN> 22
 1.217239e+001 1.511581e+000 3.609854e+000 7.473960e-001 1.367406e+002 1.916506e+001 1.316757e+002 9.924351e+001 8.421145e+001 5.644529e+001 1.081343e+002 1.988537e+002 1.038335e+002 1.180692e+002 2.704959e+000 5.000000e+000 3.076280e+000 5.817508e+000 3.330758e+000 5.999064e+000 3.423969e+000 2.299021e+000
<VARIANCE> 22
 2.268871e+002 4.595645e+000 2.318706e+001 2.164982e+000 6.452630e+003 6.897109e+002 1.716520e+003 2.121632e+002 4.303971e+002 6.891795e+001 4.411577e+003 4.027220e+002 4.087984e+002 1.310672e+002 6.276491e+000 1.793315e-002 8.498028e+000 1.491935e-001 3.615926e+000 5.618803e-002 6.854161e+000 6.091883e+000
<GCONST> 1.151807e+002
<MIXTURE> 2 2.532147e-001
<MEAN> 22
 6.874207e+000 7.304921e+000 2.624838e+000 2.359763e+000 5.737185e+001 2.736771e+001 8.510342e+001 4.789299e+001 7.737577e+001 5.795092e+001 9.336973e+001 1.185571e+002 9.871425e+001 1.035241e+002 2.831053e+000 3.503758e+000 4.245307e+000 5.631437e+000 3.747956e+000 3.530429e+000 2.747929e+000 2.805897e+000
<VARIANCE> 22
 1.364964e+002 1.287133e+002 2.308531e+001 1.231087e+001 2.259297e+003 7.262343e+002 3.265903e+003 8.367991e+002 3.713895e+002 6.669151e+001 2.610308e+003 1.272376e+003 2.707860e+002 8.865105e+001 4.950576e+000 2.055022e+000 6.490967e+000 2.916906e-001 1.804561e+000 9.461854e+000 6.538304e+000 6.327929e+000
<GCONST> 1.297260e+002
<TRANSP> 5
 0.000000e+000 1.000000e+000 0.000000e+000 0.000000e+000 0.000000e+000
 0.000000e+000 6.762369e-001 3.237631e-001 0.000000e+000 0.000000e+000
 0.000000e+000 0.000000e+000 9.551782e-001 4.482178e-002 0.000000e+000
 0.000000e+000 0.000000e+000 0.000000e+000 9.149491e-001 8.505094e-002
 0.000000e+000 0.000000e+000 0.000000e+000 0.000000e+000 0.000000e+000
<ENDHMM>
~h "PR"
<BEGINHMM>
<NUMSTATES> 5
<STATE> 2
<NUMMIXES> 2
<MIXTURE> 1 8.503805e-001
<MEAN> 22
 8.211436e+000 1.157412e+001 3.860041e+000 4.772774e+000 3.260270e+001 6.883039e+001 9.456812e+001 9.291282e+001 7.429686e+001 6.641486e+001 1.798128e+002 1.441857e+002 1.167546e+002 1.144389e+002 5.061450e+000 4.060348e+000 6.462333e+000 5.328200e+000 5.632462e+000 4.299268e+000 2.319764e+000 2.962336e+000
<VARIANCE> 22
 1.201351e+003 9.495859e+002 9.214919e+002 6.023271e+002 1.366716e+003 3.282384e+003 1.415707e+003 1.038055e+003 2.689010e+002 1.973151e+002 3.219540e+003 2.706922e+003 8.911797e+002 3.114289e+002 8.844562e+000 1.060091e+000 3.707096e-001 4.694934e-001 1.226325e+000 4.215861e+000 5.888667e+000 5.712880e+000
<GCONST> 1.421661e+002
<MIXTURE> 2 1.496200e-001
<MEAN> 22
 6.202016e-001 2.192405e+000 2.192171e-001 6.757725e-001 4.581512e+002 3.536345e+002 2.654144e+001 1.681478e+001 1.454260e+001 1.517655e+001 4.488171e+001 2.741091e+001 2.543518e+001 2.404577e+001 1.461553e+000 8.404906e-001 1.230824e+000 1.252543e+000 1.280227e+000 7.360302e-001 5.878216e-001 7.418054e-001
<VARIANCE> 22
 8.547013e+000 3.542043e+001 3.300596e+000 5.053327e+000 6.201633e+003 4.075552e+003 2.352595e+003 1.071329e+003 7.153581e+002 7.754055e+002 7.246946e+003 3.171021e+003 2.179217e+003 1.938210e+003 7.886260e+000 2.627896e+000 5.826087e+000 5.287014e+000 5.828330e+000 3.379881e+000 2.461898e+000 3.180698e+000
<GCONST> 1.376756e+002
<STATE> 3
<NUMMIXES> 2
<MIXTURE> 1 9.158148e-001
<MEAN> 22
 1.063357e+000 1.024833e+001 5.186139e-001 3.356990e+000 7.043887e+000 9.813087e+001 9.205647e+001 8.647610e+001 5.760438e+001 6.465189e+001 1.886757e+002 1.047567e+002 1.123157e+002 1.022449e+002 6.999856e+000 3.503877e+000 6.022588e+000 5.036858e+000 5.999732e+000 3.418926e+000 1.669197e+000 3.680728e+000
<VARIANCE> 22
 4.801632e+000 1.452221e+002 3.300596e+000 1.873528e+001 6.240257e+001 2.281989e+003 2.005204e+002 7.020566e+002 5.077112e+001 1.652693e+002 4.234117e+002 1.917338e+003 1.258249e+002 2.058063e+002 6.504287e-002 7.250004e-001 2.326111e-002 3.611391e-001 2.082488e-002 3.865778e+000 5.675595e+000 6.231347e+000
<GCONST> 1.008427e+002
<MIXTURE> 2 8.418708e-002
<MEAN> 22
 3.081998e+000 2.811518e+000 1.025637e+000 1.440071e+000 4.099310e+001 8.187940e+001 8.501784e+001 7.994847e+001 6.251139e+001 6.100306e+001 1.646016e+002 9.497889e+001 1.058379e+002 9.801831e+001 6.111348e+000 3.297068e+000 6.451640e+000 5.060834e+000 5.581798e+000 2.824340e+000 1.753274e+000 2.927783e+000
<VARIANCE> 22
 2.940203e+001 1.173625e+001 4.678419e+000 3.412080e+000 2.572650e+003 2.740132e+003 5.707982e+002 5.899967e+002 1.430596e+002 1.477115e+002 1.588831e+003 2.614262e+003 2.344547e+002 2.901328e+002 4.521226e+000 1.017284e+000 1.093631e+000 3.835366e-001 1.365587e+000 4.173704e+000 5.064149e+000 7.244164e+000
<GCONST> 1.198684e+002
<STATE> 4
<NUMMIXES> 2
<MIXTURE> 1 7.054071e-001
<MEAN> 22
 8.840509e+000 2.261076e+000 2.575315e+000 1.010345e+000 7.056206e+001 1.592093e+001 8.435262e+001 9.610970e+001 6.952092e+001 5.554300e+001 1.273889e+002 1.950701e+002 1.095371e+002 1.156345e+002 3.255869e+000 5.000214e+000 6.605543e+000 5.845553e+000 4.234585e+000 5.998007e+000 3.565452e+000 2.268908e+000
<VARIANCE> 22
 1.175271e+002 1.197619e+001 1.138221e+001 2.164982e+000 2.573132e+003 2.832881e+002 6.180726e+002 1.943128e+002 2.193933e+002 6.312102e+001 3.599563e+003 3.481476e+002 2.375995e+002 1.076228e+002 9.106944e+000 1.793315e-002 2.395072e-001 1.305891e-001 3.788026e+000 5.618803e-002 5.847282e+000 6.055144e+000
<GCONST> 1.065518e+002
<MIXTURE> 2 2.945923e-001
<MEAN> 22
 9.800306e+000 4.815504e+000 2.578965e+000 1.428818e+000 5.744099e+001 2.887364e+001 8.151360e+001 5.438697e+001 7.556060e+001 5.921864e+001 9.236361e+001 1.295687e+002 1.035650e+002 1.013911e+002 1.858886e+000 3.791161e+000 5.053354e+000 5.647705e+000 3.224858e+000 4.637414e+000 2.692845e+000 2.403072e+000
<VARIANCE> 22
 1.785273e+002 7.188373e+001 1.328875e+001 7.121391e+000 2.339045e+003 8.720447e+002 1.826152e+003 1.086087e+003 1.470520e+002 5.549451e+001 1.276217e+003 1.460655e+003 1.228027e+002 1.051392e+002 4.193429e+000 1.192759e+000 7.771785e+000 2.784621e-001 2.297614e+000 7.325864e+000 5.910768e+000 6.212094e+000
<GCONST> 1.251914e+002
<TRANSP> 5
 0.000000e+000 1.000000e+000 0.000000e+000 0.000000e+000 0.000000e+000
 0.000000e+000 6.900588e-001 3.099412e-001 0.000000e+000 0.000000e+000
 0.000000e+000 0.000000e+000 9.487595e-001 5.124048e-002 0.000000e+000
 0.000000e+000 0.000000e+000 0.000000e+000 9.178861e-001 8.211391e-002
 0.000000e+000 0.000000e+000 0.000000e+000 0.000000e+000 0.000000e+000
<ENDHMM>
~h "SP"
<BEGINHMM>
<NUMSTATES> 5
<STATE> 2
<NUMMIXES> 2
<MIXTURE> 1 8.358405e-001
<MEAN> 22
 1.057861e+001 1.438703e+001 6.236547e+000 7.075547e+000 4.427669e+001 1.184318e+002 9.442223e+001 1.172736e+002 7.630029e+001 8.677108e+001 1.641415e+002 1.082720e+002 1.144402e+002 1.071839e+002 4.450878e+000 3.361374e+000 6.040157e+000 4.428219e+000 5.487708e+000 3.089894e+000 2.369332e+000 2.649434e+000
<VARIANCE> 22
 2.668063e+003 1.814909e+003 2.165726e+003 1.307418e+003 3.141276e+003 8.984857e+003 1.665810e+003 1.860164e+003 3.667632e+002 1.068031e+003 4.464990e+003 3.770072e+003 6.110647e+002 3.310509e+002 9.889701e+000 1.616509e+000 2.334760e+000 1.653879e+000 1.229073e+000 5.578004e+000 5.838641e+000 4.933539e+000
<GCONST> 1.539278e+002
<MIXTURE> 2 1.641595e-001
<MEAN> 22
 8.694805e-040 7.362969e-040 -5.064286e-038 5.147684e-040 5.310355e+002 3.993491e+002 -6.114530e-037 1.089359e-035 -8.619382e-037 -7.869002e-037 -5.391906e-037 -1.097696e-036 -6.368998e-037 1.940081e-036 0.000000e+000 -6.989172e-040 -3.534492e-036 -1.063827e-038 -1.741469e-037 -5.682991e-039 3.447917e-039 3.522466e-037
<VARIANCE> 22
 4.801632e+000 4.063125e+000 3.300596e+000 2.164982e+000 3.435558e+003 2.506360e+003 9.838196e+000 1.115232e+001 2.936353e+000 3.516743e+000 3.745900e+001 4.440890e+001 4.184655e+000 3.870682e+000 6.504287e-002 1.793315e-002 2.326111e-002 1.170389e-002 2.082488e-002 5.618803e-002 6.153807e-002 6.060927e-002
<GCONST> 5.126872e+001
<STATE> 3
<NUMMIXES> 2
<MIXTURE> 1 4.404576e-001
<MEAN> 22
 1.707914e+000 2.184776e+001 6.418028e-001 6.256784e+000 9.249972e+000 1.085191e+002 9.568587e+001 1.038324e+002 6.038109e+001 7.387484e+001 1.942492e+002 1.134949e+002 1.158722e+002 1.044828e+002 6.997763e+000 3.594147e+000 6.075186e+000 4.755039e+000 5.999254e+000 3.729181e+000 2.026844e+000 3.772257e+000
<VARIANCE> 22
 9.119285e+000 3.721342e+002 3.300596e+000 4.161590e+001 1.236652e+002 6.509744e+003 2.718639e+002 1.507678e+003 5.747343e+001 4.064992e+002 5.546423e+002 3.579900e+003 1.724623e+002 2.517846e+002 6.504287e-002 1.385581e+000 6.953214e-002 1.032118e+000 2.082488e-002 4.920843e+000 6.113147e+000 5.162298e+000
<GCONST> 1.113796e+002
<MIXTURE> 2 5.595433e-001
<MEAN> 22
 1.122584e+000 3.610568e+000 4.712311e-001 1.770792e+000 1.069538e+001 1.925488e+002 9.332591e+001 1.383651e+002 5.997392e+001 9.152966e+001 1.842928e+002 4.865498e+001 1.107054e+002 8.885144e+001 6.897874e+000 2.114845e+000 6.074862e+000 3.179322e+000 5.950511e+000 1.456763e+000 1.439496e+000 2.540879e+000
<VARIANCE> 22
 7.191632e+000 2.576539e+001 3.300596e+000 5.373448e+000 6.642686e+002 1.567224e+003 3.542770e+002 4.111690e+002 9.983891e+001 4.012025e+002 7.095455e+002 4.708463e+002 1.558197e+002 1.776633e+002 5.476238e-001 1.759425e-001 4.150733e-001 2.717553e-001 2.055783e-001 5.208629e-001 5.081013e+000 6.067004e+000
<GCONST> 1.044937e+002
<STATE> 4
<NUMMIXES> 2
<MIXTURE> 1 7.058328e-001
<MEAN> 22
 1.268040e+001 1.131329e+000 4.169777e+000 5.680882e-001 1.539666e+002 1.402085e+001 1.284921e+002 9.718409e+001 9.322279e+001 5.698800e+001 8.577421e+001 1.948666e+002 9.435238e+001 1.157559e+002 2.496457e+000 5.000000e+000 2.848375e+000 5.833371e+000 3.463136e+000 5.991960e+000 3.401987e+000 1.873098e+000
<VARIANCE> 22
 3.298817e+002 4.063125e+000 5.336226e+001 2.164982e+000 6.285856e+003 6.582110e+002 1.404222e+003 1.891510e+002 4.795184e+002 5.189875e+001 3.199807e+003 3.352122e+002 4.179057e+002 1.095589e+002 4.484970e+000 1.793315e-002 7.643801e+000 1.388671e-001 2.654619e+000 5.618803e-002 6.265534e+000 5.689296e+000
<GCONST> 1.140585e+002
<MIXTURE> 2 2.941673e-001
<MEAN> 22
 7.535367e+000 6.626652e+000 2.687189e+000 2.287995e+000 6.766633e+001 2.837657e+001 1.008133e+002 5.052069e+001 8.501534e+001 5.951220e+001 9.517722e+001 1.188064e+002 9.759239e+001 1.035154e+002 3.027101e+000 3.577811e+000 3.949378e+000 5.641129e+000 3.905332e+000 3.305835e+000 2.995454e+000 2.687514e+000
<VARIANCE> 22
 1.178568e+002 1.302851e+002 1.841401e+001 1.186108e+001 2.604864e+003 9.270128e+002 2.694783e+003 8.379559e+002 6.878589e+002 7.350864e+001 3.043622e+003 1.687395e+003 2.661264e+002 1.184525e+002 5.419686e+000 1.562388e+000 6.892880e+000 3.324687e-001 1.775591e+000 9.545213e+000 6.641240e+000 6.744730e+000
<GCONST> 1.310250e+002
<TRANSP> 5
 0.000000e+000 1.000000e+000 0.000000e+000 0.000000e+000 0.000000e+000
 0.000000e+000 6.367123e-001 3.632877e-001 0.000000e+000 0.000000e+000
 0.000000e+000 0.000000e+000 9.582657e-001 4.173429e-002 0.000000e+000
 0.000000e+000 0.000000e+000 0.000000e+000 9.238918e-001 7.610814e-002
 0.000000e+000 0.000000e+000 0.000000e+000 0.000000e+000 0.000000e+000
<ENDHMM>
~h "ST"
<BEGINHMM>
<NUMSTATES> 5
<STATE> 2
<NUMMIXES> 2
<MIXTURE> 1 1.142303e-001
<MEAN> 22
 2.540329e+001 3.152680e+001 1.644699e+001 1.230123e+001 2.791333e+002 2.231146e+002 1.009232e+002 8.617086e+001 7.305050e+001 7.534467e+001 1.749662e+002 1.289389e+002 1.142646e+002 1.129183e+002 5.515675e+000 3.670637e+000 6.482934e+000 5.622594e+000 5.390451e+000 3.586322e+000 2.835131e+000 3.012342e+000
<VARIANCE> 22
 4.640473e+003 4.713826e+003 4.220012e+003 2.553089e+003 5.647636e+004 2.989421e+004 1.434781e+003 9.453657e+002 2.754726e+002 3.033159e+002 4.567039e+003 4.966548e+003 7.663399e+002 2.242610e+002 5.893069e+000 2.094700e+000 4.052259e-001 5.320567e-001 9.538116e-001 7.822058e+000 6.964014e+000 6.422709e+000
<GCONST> 1.560080e+002
<MIXTURE> 2 8.857693e-001
<MEAN> 22
 4.021585e+000 7.801516e+000 1.011260e+000 1.972915e+000 6.485690e+001 1.016691e+002 8.527171e+001 7.997942e+001 6.990057e+001 7.486481e+001 1.584933e+002 9.967210e+001 1.124391e+002 1.097399e+002 4.671164e+000 3.009494e+000 6.052069e+000 5.579431e+000 5.042891e+000 2.566123e+000 2.572350e+000 2.697629e+000
<VARIANCE> 22
 4.627361e+001 1.168438e+002 3.300596e+000 6.897457e+000 1.020587e+004 6.760602e+003 1.596151e+003 1.053814e+003 3.530932e+002 5.326340e+002 4.600412e+003 4.706269e+003 1.028154e+003 6.397393e+002 8.710276e+000 2.305525e+000 1.995202e+000 1.394728e+000 2.742024e+000 6.820323e+000 6.433452e+000 5.870270e+000
<GCONST> 1.375540e+002
<STATE> 3
<NUMMIXES> 2
<MIXTURE> 1 3.609445e-001
<MEAN> 22
 2.621809e+000 1.633501e+001 8.530444e-001 3.751906e+000 1.713941e+001 6.226240e+001 9.458233e+001 6.914304e+001 6.040174e+001 6.914382e+001 1.905686e+002 1.346342e+002 1.147474e+002 1.097810e+002 6.898931e+000 4.139942e+000 6.194064e+000 5.743516e+000 5.956306e+000 4.700758e+000 1.960647e+000 3.352278e+000
<VARIANCE> 22
 2.073223e+001 2.216078e+002 3.300596e+000 1.702619e+001 7.650712e+002 2.356507e+003 3.225961e+002 8.101106e+002 7.349658e+001 2.274884e+002 7.189713e+002 3.264968e+003 1.563913e+002 1.400713e+002 4.993577e-001 1.429862e+000 1.715946e-001 2.549814e-001 9.215407e-002 6.793977e+000 5.530201e+000 5.111578e+000
<GCONST> 1.135683e+002
<MIXTURE> 2 6.390545e-001
<MEAN> 22
 7.948577e-001 7.735848e+000 3.931880e-001 1.381605e+000 5.866614e+000 1.374125e+002 9.073008e+001 6.775584e+001 5.748226e+001 8.471523e+001 1.894669e+002 4.744821e+001 1.132602e+002 1.031242e+002 6.999772e+000 2.051705e+000 6.000704e+000 5.884809e+000 6.000000e+000 3.978233e-001 1.326800e+000 2.822021e+000
<VARIANCE> 22
 4.801632e+000 9.520116e+001 3.300596e+000 2.802596e+000 4.956259e+001 9.382597e+002 1.632166e+002 5.068961e+002 4.122950e+001 2.878735e+002 3.598120e+002 3.385415e+002 1.079986e+002 1.176076e+002 6.504287e-002 8.334993e-002 2.326111e-002 4.090947e-001 2.082488e-002 2.420210e-001 4.794066e+000 6.063008e+000
<GCONST> 8.960197e+001
<STATE> 4
<NUMMIXES> 2
<MIXTURE> 1 7.565461e-001
<MEAN> 22
 1.060922e+001 1.324749e+000 2.373238e+000 5.943489e-001 1.037324e+002 1.761566e+001 7.693978e+001 9.878709e+001 8.417461e+001 5.712785e+001 9.037976e+001 1.994312e+002 1.099587e+002 1.186446e+002 2.992697e+000 5.000000e+000 6.206286e+000 5.907653e+000 4.181662e+000 5.996027e+000 3.327654e+000 1.953482e+000
<VARIANCE> 22
 1.468955e+002 4.063125e+000 9.728840e+000 2.164982e+000 3.622990e+003 7.044355e+002 6.663574e+002 1.872560e+002 3.604304e+002 4.807397e+001 4.536549e+003 3.699045e+002 2.864582e+002 1.258780e+002 5.578335e+000 1.793315e-002 3.119341e-001 8.381784e-002 1.492134e+000 5.618803e-002 6.112055e+000 5.771776e+000
<GCONST> 1.060835e+002
<MIXTURE> 2 2.434537e-001
<MEAN> 22
 7.792881e+000 7.373288e+000 1.665521e+000 2.471254e+000 5.263161e+001 2.944736e+001 7.183649e+001 5.644704e+001 7.597083e+001 5.969284e+001 9.312562e+001 1.383176e+002 1.045564e+002 1.059760e+002 2.990780e+000 4.223778e+000 5.442039e+000 5.776027e+000 4.186412e+000 5.411258e+000 2.729595e+000 2.756821e+000
<VARIANCE> 22
 9.107198e+001 1.099472e+002 5.689333e+000 1.304748e+001 3.399714e+003 1.058061e+003 1.115277e+003 1.037860e+003 3.434353e+002 7.037991e+001 4.228575e+003 1.888440e+003 1.506829e+002 1.243096e+002 6.336369e+000 1.015524e+000 3.865321e+000 2.367294e-001 1.623673e+000 5.300290e+000 5.883079e+000 6.149751e+000
<GCONST> 1.263474e+002
<TRANSP> 5
 0.000000e+000 1.000000e+000 0.000000e+000 0.000000e+000 0.000000e+000
 0.000000e+000 7.244788e-001 2.755212e-001 0.000000e+000 0.000000e+000
 0.000000e+000 0.000000e+000 9.571332e-001 4.286684e-002 0.000000e+000
 0.000000e+000 0.000000e+000 0.000000e+000 9.179419e-001 8.205815e-002
 0.000000e+000 0.000000e+000 0.000000e+000 0.000000e+000 0.000000e+000
<ENDHMM>
~h "TT"
<BEGINHMM>
<NUMSTATES> 5
<STATE> 2
<NUMMIXES> 2
<MIXTURE> 1 4.657667e-001
<MEAN> 22
 1.997406e+001 5.449371e+000 8.459428e+000 3.314236e+000 2.253927e+002 8.456538e+000 1.727149e+002 1.041167e+002 1.226029e+002 6.044123e+001 9.629881e+001 2.014206e+002 1.039790e+002 1.189835e+002 1.377214e+000 4.997135e+000 1.217793e+000 5.917783e+000 2.311659e+000 5.991387e+000 3.684253e+000 2.315973e+000
<VARIANCE> 22
 1.931370e+003 1.199514e+003 1.383878e+003 8.874059e+002 2.516755e+003 1.344324e+002 1.300475e+003 2.692366e+002 5.370582e+002 1.116474e+002 8.661066e+002 3.928790e+002 3.198665e+002 1.382005e+002 4.518623e-001 1.793315e-002 2.674470e+000 7.545700e-002 5.872381e-001 5.618803e-002 5.678956e+000 6.453042e+000
<GCONST> 1.228174e+002
<MIXTURE> 2 5.342330e-001
<MEAN> 22
 9.226904e+000 1.230877e+001 2.840478e+000 3.879858e+000 4.555317e+001 1.152221e+002 9.216656e+001 1.215697e+002 7.464519e+001 8.967475e+001 1.781555e+002 1.384090e+002 1.161004e+002 1.119922e+002 5.186733e+000 3.708822e+000 6.365171e+000 4.687472e+000 5.708625e+000 3.833425e+000 3.034337e+000 2.777164e+000
<VARIANCE> 22
 1.995494e+002 3.394573e+002 2.350216e+001 3.363238e+001 2.589270e+003 1.120097e+004 1.978567e+003 2.966651e+003 3.126064e+002 1.307081e+003 3.164383e+003 2.936602e+003 5.645877e+002 2.600594e+002 8.524683e+000 1.634098e+000 4.699525e-001 1.801869e+000 6.002244e-001 5.543739e+000 6.882859e+000 5.103426e+000
<GCONST> 1.390886e+002
<STATE> 3
<NUMMIXES> 2
<MIXTURE> 1 3.510787e-001
<MEAN> 22
 2.535270e+000 2.302583e+001 9.441481e-001 5.809431e+000 1.181136e+001 5.672940e+001 9.452448e+001 9.630431e+001 5.969752e+001 6.920493e+001 1.924063e+002 1.612907e+002 1.156694e+002 1.100191e+002 6.991364e+000 4.368043e+000 6.083930e+000 5.321334e+000 5.997520e+000 5.174181e+000 2.277534e+000 3.853233e+000
<VARIANCE> 22
 1.745514e+001 4.791546e+002 3.300596e+000 4.487592e+001 1.828948e+002 2.084508e+003 2.677901e+002 5.833181e+002 7.287759e+001 3.199273e+002 5.010210e+002 2.056145e+003 1.568401e+002 2.076226e+002 6.504287e-002 6.576226e-001 7.688721e-002 2.955365e-001 2.082488e-002 2.121016e+000 5.831745e+000 5.293785e+000
<GCONST> 1.069401e+002
<MIXTURE> 2 6.489207e-001
<MEAN> 22
 1.557106e+000 1.319974e+001 6.925609e-001 5.409909e+000 9.717449e+000 2.233064e+002 9.448056e+001 1.733777e+002 5.852338e+001 1.235611e+002 1.904432e+002 8.819337e+001 1.139547e+002 9.433993e+001 6.969368e+000 2.452821e+000 6.086335e+000 3.166893e+000 5.991601e+000 1.655366e+000 1.841785e+000 3.572963e+000
<VARIANCE> 22
 1.035329e+001 2.219184e+002 3.300596e+000 5.090297e+001 2.933226e+002 1.358119e+003 2.843050e+002 7.691817e+002 9.503738e+001 4.802444e+002 4.858491e+002 5.974169e+002 1.491727e+002 3.210152e+002 1.628613e-001 2.645648e-001 1.185353e-001 1.972473e-001 3.312487e-002 3.421550e-001 5.808274e+000 5.524390e+000
<GCONST> 1.046592e+002
<STATE> 4
<NUMMIXES> 2
<MIXTURE> 1 7.372332e-001
<MEAN> 22
 1.518731e+001 2.124945e+000 5.226738e+000 1.013108e+000 1.411234e+002 2.689999e+001 1.391425e+002 9.706509e+001 9.780608e+001 5.603422e+001 1.200858e+002 1.943212e+002 1.021566e+002 1.158063e+002 2.709587e+000 5.000017e+000 3.257935e+000 5.827011e+000 3.541181e+000 5.987951e+000 3.355048e+000 2.347256e+000
<VARIANCE> 22
 3.681566e+002 1.051891e+001 6.147580e+001 2.164982e+000 8.190169e+003 9.254020e+002 2.290813e+003 2.454069e+002 1.032797e+003 5.213337e+001 2.954882e+003 4.261992e+002 3.864276e+002 1.341483e+002 6.578610e+000 1.793315e-002 8.525380e+000 1.430628e-001 3.714322e+000 5.618803e-002 5.502177e+000 6.231772e+000
<GCONST> 1.184916e+002
<MIXTURE> 2 2.627673e-001
<MEAN> 22
 1.025267e+001 6.290203e+000 4.128235e+000 2.507630e+000 1.304063e+002 6.688757e+001 9.017094e+001 3.789098e+001 8.705757e+001 5.307732e+001 9.121740e+001 1.026142e+002 8.728674e+001 9.228597e+001 2.069499e+000 3.046019e+000 3.675395e+000 5.176296e+000 3.389788e+000 2.666421e+000 2.742086e+000 2.220852e+000
<VARIANCE> 22
 2.511293e+002 1.199790e+002 4.576718e+001 2.305779e+001 1.881746e+004 1.414063e+004 5.186799e+003 1.111142e+003 2.149798e+003 4.415245e+002 2.345612e+003 2.446884e+003 1.147938e+003 1.120976e+003 4.269615e+000 3.023725e+000 7.384608e+000 3.482360e+000 2.898406e+000 1.014116e+001 6.335761e+000 6.073828e+000
<GCONST> 1.489045e+002
<TRANSP> 5
 0.000000e+000 1.000000e+000 0.000000e+000 0.000000e+000 0.000000e+000
 0.000000e+000 8.324199e-001 1.675801e-001 0.000000e+000 0.000000e+000
 0.000000e+000 0.000000e+000 9.535748e-001 4.642522e-002 0.000000e+000
 0.000000e+000 0.000000e+000 0.000000e+000 9.194027e-001 8.059730e-002
 0.000000e+000 0.000000e+000 0.000000e+000 0.000000e+000 0.000000e+000
<ENDHMM>
~h "VA"
<BEGINHMM>
<NUMSTATES> 5
<STATE> 2
<NUMMIXES> 2
<MIXTURE> 1 5.055861e-001
<MEAN> 22
 1.757126e+001 1.067895e+001 7.591032e+000 4.539159e+000 1.085668e+002 3.139449e+001 1.373273e+002 9.946265e+001 9.774789e+001 6.200492e+001 1.578392e+002 1.966273e+002 1.134280e+002 1.190774e+002 3.810529e+000 4.884645e+000 4.422276e+000 5.713788e+000 4.227596e+000 5.925033e+000 3.127010e+000 2.513812e+000
<VARIANCE> 22
 1.524833e+003 1.260453e+003 1.028876e+003 6.414694e+002 1.102739e+004 1.320294e+003 4.822428e+003 5.597434e+002 1.358536e+003 1.265231e+002 5.277511e+003 1.047051e+003 5.186363e+002 1.872643e+002 8.642017e+000 1.619640e-001 8.080986e+000 2.142354e-001 4.424349e+000 2.816139e-001 5.921299e+000 5.272830e+000
<GCONST> 1.432138e+002
<MIXTURE> 2 4.944121e-001
<MEAN> 22
 8.365187e+000 1.207927e+001 3.779997e+000 4.403302e+000 1.759309e+002 2.351343e+002 8.027789e+001 1.172821e+002 6.535971e+001 9.068723e+001 1.163616e+002 6.971769e+001 8.347137e+001 7.840276e+001 3.152768e+000 2.100191e+000 4.451009e+000 3.255092e+000 4.052413e+000 1.381798e+000 2.487977e+000 2.636936e+000
<VARIANCE> 22
 3.599463e+002 2.195940e+002 8.411653e+001 3.581643e+001 3.861829e+004 1.009527e+004 3.193886e+003 5.924552e+003 1.324604e+003 2.360972e+003 6.543996e+003 2.347374e+003 2.320288e+003 1.530741e+003 9.081840e+000 1.303725e+000 7.328698e+000 3.198259e+000 4.921377e+000 1.965040e+000 6.190949e+000 5.101913e+000
<GCONST> 1.541925e+002
<STATE> 3
<NUMMIXES> 2
<MIXTURE> 1 5.390365e-001
<MEAN> 22
 1.789411e+000 1.966618e+001 7.615697e-001 6.922565e+000 8.195172e+000 8.256989e+001 9.111795e+001 8.599517e+001 5.707827e+001 7.870970e+001 1.886569e+002 1.205160e+002 1.130131e+002 1.004852e+002 6.995852e+000 3.816039e+000 6.021240e+000 5.290045e+000 5.999995e+000 4.178016e+000 2.030497e+000 3.721960e+000
<VARIANCE> 22
 8.324551e+000 3.671483e+002 3.300596e+000 4.898965e+001 7.803607e+001 3.422817e+003 2.084590e+002 6.966609e+002 6.453387e+001 4.159414e+002 4.075044e+002 3.884889e+003 1.182153e+002 4.034258e+002 6.504287e-002 1.326758e+000 2.326111e-002 4.963987e-001 2.082488e-002 6.593647e+000 6.000878e+000 5.257730e+000
<GCONST> 1.077253e+002
<MIXTURE> 2 4.609629e-001
<MEAN> 22
 2.767457e+000 1.060945e+001 1.452777e+000 4.291026e+000 1.453261e+001 2.203322e+002 9.087604e+001 1.667301e+002 5.635311e+001 1.152267e+002 1.856527e+002 7.995283e+001 1.122031e+002 7.955541e+001 6.853321e+000 2.348619e+000 6.066103e+000 3.158721e+000 5.917024e+000 1.718607e+000 2.307134e+000 3.307140e+000
<VARIANCE> 22
 2.328560e+001 1.574773e+002 1.064458e+001 2.635721e+001 7.785897e+002 2.660865e+003 4.224061e+002 1.470530e+003 1.255852e+002 5.332746e+002 9.817598e+002 1.102331e+003 2.237880e+002 3.601916e+002 7.849279e-001 3.384579e-001 3.006494e-001 6.959765e-001 1.874407e-001 6.598930e-001 6.249649e+000 5.396876e+000
<GCONST> 1.170029e+002
<STATE> 4
<NUMMIXES> 2
<MIXTURE> 1 7.181849e-001
<MEAN> 22
 1.454269e+001 2.276387e+000 5.194100e+000 1.090486e+000 1.382062e+002 1.781599e+001 1.320535e+002 9.766015e+001 9.847276e+001 5.540583e+001 1.197406e+002 1.951678e+002 9.631465e+001 1.155202e+002 3.097317e+000 5.000195e+000 3.720433e+000 5.856774e+000 3.809687e+000 5.987192e+000 3.342576e+000 2.406880e+000
<VARIANCE> 22
 2.852671e+002 1.276962e+001 4.205695e+001 2.344972e+000 8.211252e+003 6.254800e+002 2.482143e+003 2.094604e+002 8.065985e+002 8.108040e+001 4.202804e+003 3.227322e+002 4.965552e+002 1.198944e+002 7.006604e+000 1.793315e-002 8.621957e+000 1.227123e-001 3.550140e+000 5.618803e-002 5.925284e+000 6.278835e+000
<GCONST> 1.180277e+002
<MIXTURE> 2 2.818141e-001
<MEAN> 22
 6.743073e+000 7.178167e+000 2.958489e+000 3.018599e+000 7.388721e+001 3.685703e+001 9.471098e+001 4.847149e+001 8.450298e+001 5.710124e+001 8.037229e+001 1.067763e+002 9.301357e+001 1.020484e+002 2.496119e+000 3.162707e+000 3.932893e+000 5.538134e+000 3.528447e+000 2.942516e+000 2.930686e+000 2.794856e+000
<VARIANCE> 22
 1.026148e+002 1.832137e+002 2.508323e+001 2.342148e+001 3.079858e+003 1.193932e+003 3.579973e+003 5.491259e+002 3.983136e+002 1.187355e+002 1.955987e+003 1.003458e+003 4.366124e+002 1.102586e+002 2.943362e+000 1.539655e+000 6.743351e+000 3.038367e-001 1.308842e+000 8.260391e+000 6.358787e+000 6.427106e+000
<GCONST> 1.306151e+002
<TRANSP> 5
 0.000000e+000 1.000000e+000 0.000000e+000 0.000000e+000 0.000000e+000
 0.000000e+000 7.637669e-001 2.362330e-001 0.000000e+000 0.000000e+000
 0.000000e+000 0.000000e+000 9.439516e-001 5.604839e-002 0.000000e+000
 0.000000e+000 0.000000e+000 0.000000e+000 9.180448e-001 8.195523e-002
 0.000000e+000 0.000000e+000 0.000000e+000 0.000000e+000 0.000000e+000
<ENDHMM>
~h "VQ"
<BEGINHMM>
<NUMSTATES> 5
<STATE> 2
<NUMMIXES> 2
<MIXTURE> 1 1.840656e-001
<MEAN> 22
 2.131919e+001 2.960044e+001 1.384287e+001 1.508651e+001 5.170807e+001 1.194470e+002 7.493443e+001 9.355088e+001 6.720182e+001 6.492847e+001 1.353631e+002 7.448318e+001 9.820980e+001 9.397423e+001 4.153227e+000 2.913369e+000 5.691768e+000 4.621932e+000 5.040715e+000 2.558916e+000 2.848451e+000 3.252729e+000
<VARIANCE> 22
 5.617514e+003 4.170388e+003 4.424947e+003 2.844144e+003 6.021273e+003 4.911773e+003 1.235109e+003 1.284216e+003 2.810663e+002 2.490609e+002 3.060438e+003 1.920003e+003 7.100866e+002 3.468123e+002 8.949761e+000 1.011020e+000 3.236330e+000 9.937344e-001 2.203530e+000 3.498958e+000 6.531150e+000 4.803954e+000
<GCONST> 1.532461e+002
<MIXTURE> 2 8.159335e-001
<MEAN> 22
 1.167333e+001 2.905773e+000 4.094948e+000 1.306917e+000 1.069908e+002 2.169987e+001 1.014936e+002 7.231190e+001 7.859792e+001 5.482367e+001 8.230924e+001 1.601065e+002 9.689767e+001 1.098738e+002 2.360183e+000 4.244304e+000 3.458431e+000 5.714102e+000 3.260231e+000 4.923149e+000 3.534487e+000 2.485041e+000
<VARIANCE> 22
 2.034302e+002 1.878257e+001 3.030424e+001 4.630287e+000 5.696200e+003 4.214643e+002 2.464541e+003 1.015484e+003 3.441761e+002 6.319013e+001 2.964899e+003 2.047944e+003 3.675125e+002 1.297872e+002 3.952319e+000 1.648110e+000 8.915453e+000 2.042072e-001 2.332394e+000 5.262021e+000 5.924899e+000 5.931408e+000
<GCONST> 1.279687e+002
<STATE> 3
<NUMMIXES> 2
<MIXTURE> 1 5.115522e-001
<MEAN> 22
 2.625196e+000 1.979934e+001 8.501268e-001 5.786531e+000 9.079300e+000 1.026732e+002 9.881698e+001 9.549040e+001 6.012926e+001 7.201789e+001 2.001129e+002 1.192262e+002 1.196936e+002 1.053529e+002 6.997587e+000 3.744244e+000 6.122526e+000 5.040233e+000 5.998556e+000 4.016734e+000 2.169099e+000 3.842597e+000
<VARIANCE> 22
 2.260466e+001 3.275798e+002 3.300596e+000 5.397356e+001 1.279188e+002 7.158175e+003 4.299158e+002 1.992896e+003 8.834985e+001 3.616092e+002 7.897855e+002 3.172500e+003 2.594539e+002 2.587397e+002 6.504287e-002 1.309847e+000 1.075141e-001 1.056189e+000 2.082488e-002 5.498090e+000 6.169852e+000 4.877419e+000
<GCONST> 1.147332e+002
<MIXTURE> 2 4.884465e-001
<MEAN> 22
 1.136391e+000 6.068780e+000 7.128897e-001 3.022252e+000 1.003563e+001 1.642158e+002 8.414539e+001 1.148969e+002 5.274361e+001 7.436201e+001 1.791719e+002 4.564429e+001 1.073497e+002 8.147925e+001 6.943648e+000 2.387502e+000 6.050694e+000 4.091169e+000 5.961832e+000 1.754731e+000 1.685027e+000 3.482165e+000
<VARIANCE> 22
 4.801632e+000 3.775349e+001 3.300596e+000 1.385770e+001 6.351160e+002 1.481302e+003 1.826582e+002 7.194644e+002 5.983408e+001 2.015134e+002 4.158419e+002 4.141842e+002 8.774982e+001 2.410625e+002 2.963357e-001 2.821584e-001 1.497844e-001 6.673662e-001 1.170948e-001 3.432983e-001 5.430698e+000 6.170565e+000
<GCONST> 1.019239e+002
<STATE> 4
<NUMMIXES> 2
<MIXTURE> 1 9.028401e-001
<MEAN> 22
 1.039986e+001 2.972245e+000 3.882868e+000 1.203249e+000 9.578741e+001 2.347587e+001 1.054110e+002 9.445390e+001 7.504210e+001 5.371228e+001 1.080232e+002 1.929094e+002 1.003753e+002 1.143285e+002 3.265458e+000 4.999846e+000 4.283551e+000 5.861219e+000 3.898871e+000 5.995600e+000 3.499855e+000 2.452976e+000
<VARIANCE> 22
 1.649497e+002 2.595177e+001 3.040789e+001 3.970978e+000 5.255435e+003 9.923124e+002 9.794928e+002 2.021270e+002 4.320388e+002 6.455688e+001 4.821252e+003 3.110169e+002 4.000856e+002 1.144571e+002 7.746902e+000 1.793315e-002 8.724999e+000 1.195187e-001 3.562052e+000 5.618803e-002 5.863063e+000 6.138036e+000
<GCONST> 1.164830e+002
<MIXTURE> 2 9.715992e-002
<MEAN> 22
 2.885574e+000 4.664650e+000 1.399118e+000 1.872742e+000 4.053232e+002 3.153089e+002 4.036403e+001 3.867046e+001 2.669902e+001 2.801900e+001 5.516053e+001 3.518562e+001 4.134568e+001 4.104306e+001 1.871897e+000 1.287053e+000 2.159826e+000 1.983607e+000 1.805951e+000 1.027505e+000 1.042688e+000 1.699327e+000
<VARIANCE> 22
 6.968573e+001 1.189064e+002 1.293754e+001 1.929831e+001 4.840030e+004 2.091522e+004 2.892868e+003 2.695960e+003 1.034016e+003 1.152541e+003 6.156711e+003 2.601161e+003 2.520366e+003 2.455056e+003 7.980075e+000 2.718319e+000 8.714240e+000 5.828717e+000 6.080141e+000 3.024741e+000 3.925493e+000 6.081860e+000
<GCONST> 1.508882e+002
<TRANSP> 5
 0.000000e+000 1.000000e+000 0.000000e+000 0.000000e+000 0.000000e+000
 0.000000e+000 8.546479e-001 1.453521e-001 0.000000e+000 0.000000e+000
 0.000000e+000 0.000000e+000 9.443383e-001 5.566174e-002 0.000000e+000
 0.000000e+000 0.000000e+000 0.000000e+000 8.854539e-001 1.145461e-001
 0.000000e+000 0.000000e+000 0.000000e+000 0.000000e+000 0.000000e+000
<ENDHMM>
~h "SIL"
<BEGINHMM>
<NUMSTATES> 5
<STATE> 2
<NUMMIXES> 2
<MIXTURE> 1 1.630645e-001
<MEAN> 22
 4.892303e+002 4.129817e+002 4.450114e+002 3.566435e+002 8.802488e-001 1.250129e+000 3.969196e+001 3.899079e+001 2.807623e+001 2.655565e+001 7.768253e+001 7.466859e+001 4.933363e+001 4.860374e+001 2.754984e+000 1.993669e+000 2.641029e+000 2.528421e+000 2.482489e+000 2.334321e+000 4.666619e+000 4.663649e+000
<VARIANCE> 22
 6.612891e+003 4.106622e+003 4.627828e+003 3.332927e+003 6.615942e+001 1.565158e+002 2.348119e+003 2.294587e+003 1.092151e+003 1.015210e+003 8.564610e+003 8.146975e+003 3.231630e+003 3.132805e+003 1.120593e+001 5.744744e+000 9.251947e+000 8.405720e+000 8.296553e+000 8.444290e+000 4.021953e+000 4.055509e+000
<GCONST> 1.625164e+002
<MIXTURE> 2 8.369356e-001
<MEAN> 22
 0.000000e+000 0.000000e+000 0.000000e+000 0.000000e+000 3.661408e+001 2.963425e+001 0.000000e+000 0.000000e+000 0.000000e+000 0.000000e+000 0.000000e+000 0.000000e+000 0.000000e+000 0.000000e+000 0.000000e+000 0.000000e+000 0.000000e+000 0.000000e+000 0.000000e+000 0.000000e+000 0.000000e+000 0.000000e+000
<VARIANCE> 22
 4.801632e+000 4.063125e+000 3.300596e+000 2.164982e+000 1.817521e+004 1.195245e+004 9.838196e+000 1.115232e+001 2.936353e+000 3.516743e+000 3.745900e+001 4.440890e+001 4.184655e+000 3.870682e+000 6.504287e-002 1.793315e-002 2.326111e-002 1.170389e-002 2.082488e-002 5.618803e-002 6.153807e-002 6.060927e-002
<GCONST> 5.449670e+001
<STATE> 3
<NUMMIXES> 2
<MIXTURE> 1 7.761996e-001
<MEAN> 22
 1.416780e+000 1.829021e+000 6.010297e-001 7.571452e-001 7.948529e+000 9.852693e+000 1.011303e+002 9.776661e+001 6.357577e+001 5.935989e+001 1.984603e+002 1.962289e+002 1.186380e+002 1.173113e+002 6.999706e+000 5.000001e+000 6.123404e+000 5.906526e+000 6.001796e+000 6.000549e+000 1.988166e+000 2.013163e+000
<VARIANCE> 22
 4.928069e+000 7.057216e+000 3.300596e+000 2.164982e+000 6.940946e+001 1.196918e+002 3.442590e+002 2.260980e+002 1.027248e+002 7.958427e+001 5.731264e+002 4.312073e+002 2.001281e+002 1.417614e+002 6.504287e-002 1.793315e-002 1.082404e-001 8.480243e-002 2.082488e-002 5.618803e-002 5.623474e+000 5.625078e+000
<GCONST> 8.317467e+001
<MIXTURE> 2 2.238030e-001
<MEAN> 22
 8.827983e+000 1.124796e+001 2.243227e+000 2.834075e+000 5.365271e+001 6.093169e+001 8.258972e+001 7.985500e+001 6.978517e+001 6.429702e+001 1.466551e+002 1.425515e+002 1.092668e+002 1.094315e+002 4.613912e+000 4.090470e+000 5.918583e+000 5.530612e+000 5.068479e+000 4.564208e+000 2.468599e+000 2.482338e+000
<VARIANCE> 22
 1.780401e+002 2.139357e+002 1.459338e+001 1.596903e+001 2.818988e+003 2.818593e+003 1.433801e+003 1.276551e+003 2.717124e+002 2.063049e+002 3.701294e+003 3.666376e+003 4.172413e+002 2.325775e+002 8.423180e+000 1.663748e+000 2.135386e+000 4.933262e-001 2.011456e+000 6.028141e+000 5.222958e+000 4.728884e+000
<GCONST> 1.339749e+002
<STATE> 4
<NUMMIXES> 2
<MIXTURE> 1 2.366227e-001
<MEAN> 22
 5.716202e-001 1.105578e+000 2.789437e-001 6.307492e-001 3.985811e+000 4.112044e+000 1.063354e+002 1.138265e+002 6.400082e+001 6.617459e+001 2.298199e+002 2.341068e+002 1.356084e+002 1.379985e+002 7.000000e+000 5.000000e+000 6.000167e+000 5.997326e+000 6.000000e+000 6.000000e+000 9.854034e-001 1.466377e+000
<VARIANCE> 22
 4.801632e+000 5.128071e+000 3.300596e+000 2.202693e+000 4.956259e+001 5.429972e+001 1.149892e+001 1.305760e+001 3.890794e+000 7.101713e+000 3.745900e+001 4.440890e+001 6.501584e+000 7.676006e+000 6.504287e-002 1.793315e-002 2.326111e-002 1.170389e-002 2.082488e-002 5.618803e-002 3.575567e+000 4.653256e+000
<GCONST> 5.427434e+001
<MIXTURE> 2 7.633778e-001
<MEAN> 22
 1.023651e+000 1.610425e+000 4.000703e-001 6.267729e-001 4.850913e+000 6.053685e+000 8.671078e+001 8.621464e+001 5.627206e+001 5.497504e+001 1.822943e+002 1.819078e+002 1.105378e+002 1.100633e+002 6.990260e+000 4.994120e+000 6.006881e+000 5.976644e+000 5.996633e+000 5.992773e+000 1.769392e+000 1.903159e+000
<VARIANCE> 22
 4.801632e+000 1.131886e+001 3.300596e+000 2.164982e+000 7.011172e+001 8.371510e+001 5.059396e+001 5.363187e+001 2.204675e+001 4.098459e+001 1.100668e+002 1.285880e+002 3.356242e+001 3.757437e+001 6.504287e-002 1.793315e-002 2.326111e-002 2.462812e-002 2.082488e-002 5.618803e-002 5.365407e+000 5.872205e+000
<GCONST> 6.896340e+001
<TRANSP> 5
 0.000000e+000 1.000000e+000 0.000000e+000 0.000000e+000 0.000000e+000
 0.000000e+000 9.079468e-001 9.205325e-002 0.000000e+000 0.000000e+000
 0.000000e+000 0.000000e+000 9.973098e-001 2.690218e-003 0.000000e+000
 0.000000e+000 0.000000e+000 0.000000e+000 9.924657e-001 7.534296e-003
 0.000000e+000 0.000000e+000 0.000000e+000 0.000000e+000 0.000000e+000
<ENDHMM>
