~o
<STREAMINFO> 1 39
<VECSIZE> 39<NULLD><MFCC_D_A_C_K_0><DIAGC>
~s "silst"
<MEAN> 39
 -1.366094e+01 -8.982308e+00 -1.131754e+01 -1.170687e+01 -1.031545e+01 -1.705164e+01 -1.205619e+01 -1.131219e+01 -6.807871e+00 -4.404049e+00 -6.993431e+00 -2.258771e+00 5.959229e+01 -7.860410e-03 1.884366e-03 2.635468e-03 9.816421e-03 7.190873e-04 -3.438189e-04 -1.075267e-02 -1.148307e-02 -9.238033e-03 -2.949692e-03 -9.824996e-03 -5.769047e-03 -1.540701e-02 1.260493e-03 8.333790e-04 2.097600e-03 -3.215683e-03 1.397512e-03 7.485394e-05 4.058237e-03 6.072714e-03 5.862042e-03 3.084812e-03 6.283022e-03 2.396191e-03 6.966718e-03
<VARIANCE> 39
 1.753375e+01 1.424949e+01 1.974192e+01 2.260848e+01 2.740529e+01 2.783920e+01 3.150579e+01 3.556762e+01 3.609298e+01 2.939114e+01 3.278459e+01 2.520725e+01 2.913108e+01 5.907658e-01 6.664079e-01 9.609823e-01 1.228257e+00 1.571792e+00 1.786923e+00 2.075322e+00 2.352904e+00 2.393287e+00 2.293585e+00 2.167332e+00 1.920780e+00 4.534782e-01 9.310018e-02 1.156392e-01 1.707823e-01 2.279945e-01 2.923059e-01 3.417746e-01 3.999455e-01 4.577198e-01 4.708205e-01 4.547430e-01 4.280424e-01 3.843039e-01 6.051939e-02
<GCONST> 1.002743e+02
~h "sp"
<BEGINHMM>
<NUMSTATES> 3
<STATE> 2
~s "silst"
<TRANSP> 3
 0.000000e+00 3.140225e-01 6.859775e-01
 0.000000e+00 9.913331e-01 8.666898e-03
 0.000000e+00 0.000000e+00 0.000000e+00
<ENDHMM>
~h "oov"
<BEGINHMM>
<NUMSTATES> 3
<STATE> 2
<MEAN> 39
 -1.096052e+01 -9.312347e+00 -9.954239e+00 -1.592068e+01 -9.810021e+00 -1.714482e+01 -8.989716e+00 -6.527809e+00 -2.304658e+00 -2.571374e+00 -2.021047e+00 -8.828750e-01 7.085182e+01 3.542018e-02 -1.401956e-02 -1.873960e-02 -5.408554e-02 -5.157392e-03 7.777413e-04 4.998451e-02 5.386321e-02 4.322800e-02 1.195225e-02 4.213572e-02 2.530427e-02 9.022320e-02 -5.406498e-03 -2.763988e-03 -8.875721e-03 1.717493e-02 -5.945182e-03 1.214102e-03 -1.858797e-02 -2.791486e-02 -2.728798e-02 -1.341374e-02 -2.911570e-02 -1.046087e-02 -3.933606e-02
<VARIANCE> 39
 7.152473e+01 6.472432e+01 8.221436e+01 6.640977e+01 1.062559e+02 1.019649e+02 8.958153e+01 9.250806e+01 8.086872e+01 7.467162e+01 7.564735e+01 6.350492e+01 5.144733e+01 2.671131e+00 2.416445e+00 3.035958e+00 3.437341e+00 4.424543e+00 4.479352e+00 4.665162e+00 5.287810e+00 4.729324e+00 4.315621e+00 4.200065e+00 3.467877e+00 2.456383e+00 3.736942e-01 3.552344e-01 4.609590e-01 5.551333e-01 7.132949e-01 7.591495e-01 7.973951e-01 9.110487e-01 8.323164e-01 7.729335e-01 7.344275e-01 6.288930e-01 3.027506e-01
<GCONST> 1.384310e+02
<TRANSP> 3
 0.000000e+00 1.000000e+00 0.000000e+00
 0.000000e+00 9.812975e-01 1.870254e-02
 0.000000e+00 0.000000e+00 0.000000e+00
<ENDHMM>
~h "sil"
<BEGINHMM>
<NUMSTATES> 3
<STATE> 2
~s "silst"
<TRANSP> 3
 0.000000e+00 1.000000e+00 0.000000e+00
 0.000000e+00 9.990950e-01 9.050019e-04
 0.000000e+00 0.000000e+00 0.000000e+00
<ENDHMM>
~h "noise"
<BEGINHMM>
<NUMSTATES> 3
<STATE> 2
~s "silst"
<TRANSP> 3
 0.000000e+00 1.000000e+00 0.000000e+00
 0.000000e+00 9.819224e-01 1.807756e-02
 0.000000e+00 0.000000e+00 0.000000e+00
<ENDHMM>
