~o
<STREAMINFO> 1 39
<VECSIZE> 39<NULLD><MFCC_D_A_C_K_0><DIAGC>
~h "oov"
<BEGINHMM>
<NUMSTATES> 3
<STATE> 2
<MEAN> 39
 -1.320061e+01 -9.045435e+00 -1.107065e+01 -1.241496e+01 -1.020869e+01 -1.706376e+01 -1.152879e+01 -1.049663e+01 -6.052867e+00 -4.093839e+00 -6.139353e+00 -2.028407e+00 6.153960e+01 7.341694e-05 -4.419120e-05 -9.383122e-05 4.300592e-05 -5.225536e-05 9.364280e-05 9.267862e-05 -8.796941e-05 -3.679305e-05 6.555190e-05 -2.377571e-04 -5.480339e-06 -5.290576e-04 -2.412766e-06 -3.284280e-06 -5.318245e-06 -6.010989e-06 -2.001252e-06 -3.582099e-06 -2.508314e-06 -4.914196e-06 -1.516193e-06 -4.776375e-06 -4.319736e-06 -4.005124e-06 1.281628e-05
<VARIANCE> 39
 2.807732e+01 2.305115e+01 3.091015e+01 3.273347e+01 4.097263e+01 4.065653e+01 4.290623e+01 4.869934e+01 4.668792e+01 3.771920e+01 4.372886e+01 3.211121e+01 5.135391e+01 9.515204e-01 9.678077e-01 1.317575e+00 1.608144e+00 2.055250e+00 2.247841e+00 2.520645e+00 2.857868e+00 2.792471e+00 2.640368e+00 2.514206e+00 2.184797e+00 7.818276e-01 1.414245e-01 1.567167e-01 2.210344e-01 2.834775e-01 3.635410e-01 4.141038e-01 4.689218e-01 5.354324e-01 5.324296e-01 5.094256e-01 4.810573e-01 4.271313e-01 1.007086e-01
<GCONST> 1.113828e+02
<TRANSP> 3
 0.000000e+00 1.000000e+00 0.000000e+00
 0.000000e+00 9.898966e-01 1.010335e-02
 0.000000e+00 0.000000e+00 0.000000e+00
<ENDHMM>
~h "sil"
<BEGINHMM>
<NUMSTATES> 3
<STATE> 2
<MEAN> 39
 -1.310056e+01 -8.681144e+00 -1.132283e+01 -1.277485e+01 -1.085127e+01 -1.738726e+01 -1.168166e+01 -1.034937e+01 -5.551661e+00 -3.973145e+00 -6.066309e+00 -1.937297e+00 6.135166e+01 -1.700864e-02 -2.541566e-02 -2.920992e-02 -3.485289e-02 -1.026482e-02 -1.049526e-02 -1.526482e-02 -8.766427e-03 -1.048372e-02 -1.497543e-02 -2.302855e-02 -1.402512e-02 1.051977e-01 3.864571e-03 7.214540e-03 7.098341e-03 9.481938e-03 4.461886e-03 9.030799e-03 5.710952e-03 8.114848e-03 5.643632e-03 8.495695e-03 6.869794e-03 6.382112e-03 -3.260067e-02
<VARIANCE> 39
 2.122734e+01 1.866468e+01 2.473996e+01 2.903913e+01 3.850194e+01 3.410617e+01 3.826400e+01 4.469680e+01 4.274829e+01 3.371844e+01 3.906767e+01 2.934638e+01 4.034379e+01 8.134274e-01 9.057018e-01 1.247148e+00 1.604546e+00 2.113436e+00 2.113981e+00 2.394005e+00 2.717286e+00 2.684796e+00 2.503784e+00 2.414388e+00 2.097013e+00 1.375755e+00 1.262709e-01 1.493250e-01 2.139578e-01 2.875560e-01 3.747736e-01 3.903525e-01 4.463093e-01 5.088375e-01 5.121312e-01 4.830999e-01 4.583651e-01 4.066966e-01 1.566383e-01
<GCONST> 1.093860e+02
<TRANSP> 3
 0.000000e+00 1.000000e+00 0.000000e+00
 0.000000e+00 9.896533e-01 1.034675e-02
 0.000000e+00 0.000000e+00 0.000000e+00
<ENDHMM>
~h "noise"
<BEGINHMM>
<NUMSTATES> 3
<STATE> 2
<MEAN> 39
 -1.320016e+01 -9.042541e+00 -1.107407e+01 -1.241796e+01 -1.021600e+01 -1.706690e+01 -1.152998e+01 -1.049582e+01 -6.050152e+00 -4.092027e+00 -6.140261e+00 -2.027678e+00 6.153600e+01 1.000537e-04 -8.604099e-05 -1.468551e-04 -1.295933e-04 -1.458122e-05 1.568825e-04 1.582310e-04 6.976040e-05 1.069402e-04 8.293104e-05 -1.972160e-04 -6.114773e-06 -3.901199e-04 2.616631e-06 -5.740440e-07 8.884672e-07 -7.532653e-07 1.546460e-05 6.878574e-06 3.476525e-06 -7.912065e-06 4.733738e-06 -4.995672e-06 2.689630e-06 -1.106106e-06 -1.729332e-05
<VARIANCE> 39
 2.759998e+01 2.260943e+01 3.031964e+01 3.211918e+01 4.015895e+01 3.974556e+01 4.203255e+01 4.772820e+01 4.573407e+01 3.696075e+01 4.280116e+01 3.153446e+01 5.002716e+01 9.335030e-01 9.494875e-01 1.290388e+00 1.578377e+00 2.014579e+00 2.199534e+00 2.468051e+00 2.799726e+00 2.735459e+00 2.586747e+00 2.461988e+00 2.140472e+00 7.712170e-01 1.383667e-01 1.535051e-01 2.170824e-01 2.777954e-01 3.562729e-01 4.062450e-01 4.605691e-01 5.244912e-01 5.216829e-01 4.995200e-01 4.723326e-01 4.194460e-01 9.926980e-02
<GCONST> 1.106108e+02
<TRANSP> 3
 0.000000e+00 1.000000e+00 0.000000e+00
 0.000000e+00 9.900344e-01 9.965560e-03
 0.000000e+00 0.000000e+00 0.000000e+00
<ENDHMM>
