~o
<STREAMINFO> 1 22
<VECSIZE> 22<NULLD><MFCC_0><DIAGC>
~h "SIL"
<BEGINHMM>
<NUMSTATES> 5
<STATE> 2
<MEAN> 22
 5.626247e+00 7.396932e+00 2.097200e+00 2.472937e+00 4.240775e+01 6.026446e+01 9.090754e+01 8.949604e+01 6.477496e+01 6.448850e+01 1.612133e+02 1.456602e+02 1.107074e+02 1.084495e+02 5.481471e+00 4.070344e+00 5.756289e+00 5.424155e+00 5.274922e+00 4.502147e+00 2.326887e+00 2.587141e+00
<VARIANCE> 22
 4.801635e+02 4.063120e+02 3.300595e+02 2.164982e+02 4.956268e+03 5.429985e+03 9.837579e+02 1.115179e+03 2.936362e+02 3.515820e+02 3.745738e+03 4.440754e+03 4.183320e+02 3.870127e+02 6.504288e+00 1.793316e+00 2.326111e+00 1.170389e+00 2.082489e+00 5.618803e+00 6.153808e+00 6.060927e+00
<GCONST> 1.445108e+02
<STATE> 3
<MEAN> 22
 5.626247e+00 7.396932e+00 2.097200e+00 2.472937e+00 4.240775e+01 6.026446e+01 9.090754e+01 8.949604e+01 6.477496e+01 6.448850e+01 1.612133e+02 1.456602e+02 1.107074e+02 1.084495e+02 5.481471e+00 4.070344e+00 5.756289e+00 5.424155e+00 5.274922e+00 4.502147e+00 2.326887e+00 2.587141e+00
<VARIANCE> 22
 4.801635e+02 4.063120e+02 3.300595e+02 2.164982e+02 4.956268e+03 5.429985e+03 9.837579e+02 1.115179e+03 2.936362e+02 3.515820e+02 3.745738e+03 4.440754e+03 4.183320e+02 3.870127e+02 6.504288e+00 1.793316e+00 2.326111e+00 1.170389e+00 2.082489e+00 5.618803e+00 6.153808e+00 6.060927e+00
<GCONST> 1.445108e+02
<STATE> 4
<MEAN> 22
 5.626247e+00 7.396932e+00 2.097200e+00 2.472937e+00 4.240775e+01 6.026446e+01 9.090754e+01 8.949604e+01 6.477496e+01 6.448850e+01 1.612133e+02 1.456602e+02 1.107074e+02 1.084495e+02 5.481471e+00 4.070344e+00 5.756289e+00 5.424155e+00 5.274922e+00 4.502147e+00 2.326887e+00 2.587141e+00
<VARIANCE> 22
 4.801635e+02 4.063120e+02 3.300595e+02 2.164982e+02 4.956268e+03 5.429985e+03 9.837579e+02 1.115179e+03 2.936362e+02 3.515820e+02 3.745738e+03 4.440754e+03 4.183320e+02 3.870127e+02 6.504288e+00 1.793316e+00 2.326111e+00 1.170389e+00 2.082489e+00 5.618803e+00 6.153808e+00 6.060927e+00
<GCONST> 1.445108e+02
<TRANSP> 5
 0.000000e+00 1.000000e+00 0.000000e+00 0.000000e+00 0.000000e+00
 0.000000e+00 4.800000e-01 3.200000e-01 2.000000e-01 0.000000e+00
 0.000000e+00 0.000000e+00 6.000000e-01 4.000000e-01 0.000000e+00
 0.000000e+00 2.000000e-01 0.000000e+00 5.600000e-01 2.400000e-01
 0.000000e+00 0.000000e+00 0.000000e+00 0.000000e+00 0.000000e+00
<ENDHMM>
~h "oov"
<BEGINHMM>
<NUMSTATES> 5
<STATE> 2
<MEAN> 22
 1.768312e+01 1.698265e+01 1.207828e+01 1.018673e+01 1.018559e+02 1.078806e+02 8.186299e+01 7.878403e+01 6.018515e+01 5.919062e+01 1.212312e+02 1.037442e+02 9.097993e+01 8.935506e+01 3.845067e+00 3.039819e+00 4.507881e+00 4.339865e+00 4.034803e+00 3.112937e+00 2.225713e+00 2.397238e+00
<VARIANCE> 22
 5.288113e+03 3.835731e+03 4.302481e+03 2.760352e+03 2.271872e+04 1.433816e+04 2.697103e+03 2.500611e+03 1.180369e+03 1.108385e+03 6.634373e+03 6.034255e+03 2.000218e+03 1.837455e+03 9.559297e+00 3.355524e+00 7.431905e+00 4.727660e+00 5.493153e+00 7.226751e+00 6.188223e+00 5.995564e+00
<GCONST> 1.699035e+02
<STATE> 3
<MEAN> 22
 6.813641e+00 9.114636e+00 1.770947e+00 2.465411e+00 6.469182e+01 9.830442e+01 8.632723e+01 8.785255e+01 6.833788e+01 6.983582e+01 1.319639e+02 1.065667e+02 1.068791e+02 1.038329e+02 4.216609e+00 3.317474e+00 5.563787e+00 5.154927e+00 4.716478e+00 3.150885e+00 2.575439e+00 2.886503e+00
<VARIANCE> 22
 1.360074e+02 1.855670e+02 1.011776e+01 1.498597e+01 4.721754e+03 5.319235e+03 1.284272e+03 1.635361e+03 3.335204e+02 4.357540e+02 4.305905e+03 4.147240e+03 2.750002e+02 2.500855e+02 8.218155e+00 1.814657e+00 3.427970e+00 1.235965e+00 2.591376e+00 6.598910e+00 6.365441e+00 5.952792e+00
<GCONST> 1.375306e+02
<STATE> 4
<MEAN> 22
 3.063819e+00 4.778512e+00 9.559410e-01 1.407286e+00 1.749434e+01 2.519160e+01 9.556673e+01 9.217996e+01 6.273066e+01 6.118499e+01 1.886287e+02 1.807255e+02 1.162819e+02 1.145276e+02 6.655959e+00 4.777086e+00 6.073020e+00 5.775846e+00 5.864633e+00 5.707025e+00 2.154411e+00 2.389129e+00
<VARIANCE> 22
 4.302995e+01 7.463628e+01 3.662012e+00 5.907979e+00 1.198844e+03 1.656434e+03 4.723691e+02 5.086009e+02 1.240667e+02 1.481396e+02 1.319432e+03 1.826289e+03 2.111999e+02 1.884082e+02 1.931061e+00 4.891815e-01 4.559088e-01 2.876154e-01 4.339792e-01 1.572709e+00 5.907974e+00 6.044305e+00
<GCONST> 1.146834e+02
<TRANSP> 5
 0.000000e+00 1.000000e+00 0.000000e+00 0.000000e+00 0.000000e+00
 0.000000e+00 3.522155e-01 6.477844e-01 0.000000e+00 0.000000e+00
 0.000000e+00 0.000000e+00 8.804313e-01 1.195687e-01 0.000000e+00
 0.000000e+00 0.000000e+00 0.000000e+00 9.103993e-01 8.960075e-02
 0.000000e+00 0.000000e+00 0.000000e+00 0.000000e+00 0.000000e+00
<ENDHMM>
