~o
<STREAMINFO> 1 22
<VECSIZE> 22<NULLD><MFCC_0><DIAGC>
~h "BN"
<BEGINHMM>
<NUMSTATES> 5
<STATE> 2
<NUMMIXES> 2
<MIXTURE> 1 4.311363e-001
<MEAN> 22
 7.342153e+000 1.592443e+001 4.033309e+000 5.197901e+000 1.626543e+001 2.975187e+001 8.522445e+001 7.307804e+001 5.987572e+001 5.806007e+001 1.825812e+002 1.644595e+002 1.128083e+002 1.092652e+002 6.909386e+000 4.874981e+000 6.082260e+000 5.816675e+000 5.853673e+000 6.102368e+000 2.234172e+000 2.156708e+000
<VARIANCE> 22
 1.765570e+003 1.297796e+003 1.399918e+003 8.846094e+002 4.321633e+002 6.828982e+002 6.072256e+002 6.328666e+002 7.253094e+001 7.542929e+001 9.233666e+002 1.322135e+003 2.003947e+002 1.927711e+002 1.381653e-001 2.893777e-001 7.767127e-002 1.591010e-001 1.315826e-001 4.537831e-001 5.629469e+000 3.386964e+000
<GCONST> 1.202625e+002
<MIXTURE> 2 5.688632e-001
<MEAN> 22
 5.669415e+000 8.092795e+000 1.533606e+000 2.890197e+000 1.565306e+002 1.783234e+002 7.006179e+001 9.235969e+001 6.818803e+001 7.429028e+001 1.149953e+002 6.611893e+001 9.155212e+001 8.971561e+001 3.191833e+000 2.393564e+000 4.883444e+000 3.763944e+000 4.160945e+000 1.947218e+000 2.163523e+000 2.441259e+000
<VARIANCE> 22
 1.123144e+002 1.841037e+002 8.507895e+000 1.740628e+001 3.668200e+004 1.683435e+004 2.323418e+003 2.662464e+003 1.059557e+003 1.320710e+003 5.973391e+003 3.397959e+003 1.974407e+003 1.488822e+003 9.181317e+000 2.028604e+000 6.904098e+000 3.240732e+000 4.038991e+000 4.542048e+000 5.901823e+000 5.862840e+000
<GCONST> 1.496039e+002
<STATE> 3
<NUMMIXES> 2
<MIXTURE> 1 4.083252e-001
<MEAN> 22
 1.509951e+000 1.893093e+001 5.297105e-001 4.946401e+000 8.075254e+000 1.555152e+002 1.012333e+002 1.074854e+002 6.300911e+001 8.955389e+001 2.043478e+002 6.619875e+001 1.220153e+002 1.102696e+002 6.998641e+000 2.684898e+000 6.131926e+000 4.394974e+000 5.998474e+000 1.909043e+000 1.755881e+000 3.509869e+000
<VARIANCE> 22
 1.019095e+001 3.797165e+002 3.300596e+000 2.885601e+001 1.198846e+002 4.602646e+003 3.105362e+002 1.571407e+003 7.199286e+001 5.370846e+002 6.322914e+002 1.738730e+003 2.161599e+002 1.611040e+002 6.504287e-002 8.211333e-001 1.151299e-001 8.152452e-001 2.082488e-002 3.936829e+000 5.613789e+000 5.504740e+000
<GCONST> 1.101345e+002
<MIXTURE> 2 5.916749e-001
<MEAN> 22
 8.657520e-001 4.781879e+000 4.132023e-001 1.515366e+000 9.618133e+000 1.717479e+002 8.568066e+001 1.182380e+002 5.536575e+001 8.782777e+001 1.792918e+002 3.159027e+001 1.091423e+002 9.554050e+001 6.924855e+000 2.056995e+000 5.981711e+000 3.670038e+000 5.961003e+000 1.106759e+000 1.315130e+000 2.628167e+000
<VARIANCE> 22
 4.801632e+000 4.177293e+001 3.300596e+000 3.235505e+000 6.099465e+002 9.124611e+002 1.076033e+002 1.995509e+002 4.341502e+001 2.633326e+002 3.855408e+002 3.513863e+002 5.296864e+001 7.078752e+001 4.082550e-001 1.170432e-001 2.249231e-001 4.893762e-001 1.200757e-001 3.192106e-001 4.714127e+000 5.952918e+000
<GCONST> 9.552218e+001
<STATE> 4
<NUMMIXES> 2
<MIXTURE> 1 4.319232e-001
<MEAN> 22
 1.332347e+001 7.076294e+000 3.319504e+000 2.115548e+000 4.791187e+001 2.458818e+001 8.949944e+001 9.486179e+001 7.071275e+001 5.892310e+001 1.597707e+002 1.935487e+002 1.147025e+002 1.166940e+002 5.105299e+000 4.999490e+000 6.215230e+000 5.819610e+000 5.292309e+000 6.007585e+000 3.486732e+000 3.079814e+000
<VARIANCE> 22
 3.062818e+002 1.245141e+002 2.849913e+001 9.308309e+000 2.771573e+003 8.312653e+002 6.196897e+002 3.281813e+002 2.788795e+002 7.514194e+001 3.553717e+003 5.196136e+002 2.738811e+002 1.228747e+002 7.994918e+000 1.793315e-002 1.014244e+000 1.478466e-001 1.635776e+000 5.618803e-002 6.133776e+000 6.768643e+000
<GCONST> 1.157382e+002
<MIXTURE> 2 5.680764e-001
<MEAN> 22
 5.838173e+000 1.708579e+000 2.185717e+000 7.497511e-001 1.574965e+002 1.895460e+001 1.229937e+002 8.335293e+001 9.100169e+001 5.858415e+001 3.603018e+001 1.753159e+002 9.953860e+001 1.144588e+002 1.971155e+000 4.606513e+000 1.089992e+000 5.820425e+000 2.896039e+000 5.473017e+000 3.028597e+000 1.918087e+000
<VARIANCE> 22
 6.904630e+001 1.425671e+001 9.644132e+000 2.186380e+000 4.259203e+003 7.450837e+002 6.586400e+002 9.079219e+002 3.282147e+002 6.660263e+001 4.632052e+002 1.930338e+003 2.075854e+002 1.711869e+002 3.919879e-001 7.156541e-001 3.287621e+000 1.808895e-001 2.959045e-001 3.482030e+000 6.242600e+000 5.640335e+000
<GCONST> 1.146203e+002
<TRANSP> 5
 0.000000e+000 1.000000e+000 0.000000e+000 0.000000e+000 0.000000e+000
 0.000000e+000 8.171441e-001 1.828559e-001 0.000000e+000 0.000000e+000
 0.000000e+000 0.000000e+000 9.531224e-001 4.687765e-002 0.000000e+000
 0.000000e+000 0.000000e+000 0.000000e+000 9.320053e-001 6.799471e-002
 0.000000e+000 0.000000e+000 0.000000e+000 0.000000e+000 0.000000e+000
<ENDHMM>
~h "BS"
<BEGINHMM>
<NUMSTATES> 5
<STATE> 2
<NUMMIXES> 2
<MIXTURE> 1 2.451900e-001
<MEAN> 22
 1.548557e+001 1.441651e+001 7.183434e+000 6.299702e+000 1.149430e+002 8.520275e+001 1.003378e+002 9.796706e+001 6.726774e+001 6.247980e+001 1.927537e+002 1.899707e+002 1.210085e+002 1.206010e+002 5.719297e+000 4.823556e+000 6.275535e+000 5.767121e+000 5.339727e+000 5.718979e+000 2.517483e+000 2.186313e+000
<VARIANCE> 22
 2.577211e+003 1.972562e+003 2.152223e+003 1.423224e+003 3.966577e+004 1.851746e+004 7.272592e+002 4.423995e+002 6.281258e+001 4.471038e+001 8.292017e+002 7.806545e+002 1.682798e+002 1.148364e+002 7.042869e+000 2.876212e-001 1.996165e-001 1.786460e-001 3.392557e+000 6.931096e-001 4.126372e+000 4.968740e+000
<GCONST> 1.363439e+002
<MIXTURE> 2 7.548089e-001
<MEAN> 22
 1.622955e+001 1.608437e+001 2.398884e+000 2.526197e+000 7.057984e+001 6.803349e+001 4.918855e+001 4.697241e+001 6.355995e+001 6.114007e+001 1.335945e+002 1.300353e+002 1.047807e+002 1.046176e+002 4.874884e+000 4.355299e+000 5.979611e+000 5.811564e+000 5.101535e+000 5.140799e+000 2.730147e+000 2.036718e+000
<VARIANCE> 22
 1.915915e+002 1.739530e+002 6.646671e+000 7.712088e+000 5.195232e+003 3.958718e+003 6.897045e+002 6.323638e+002 1.629164e+002 1.832658e+002 1.306766e+003 1.249299e+003 2.693246e+002 2.449434e+002 7.280058e+000 2.160484e+000 6.046109e-001 5.411563e-001 1.076793e+000 6.912982e+000 3.140759e+000 3.623218e+000
<GCONST> 1.263935e+002
<STATE> 3
<NUMMIXES> 2
<MIXTURE> 1 4.993298e-001
<MEAN> 22
 1.453487e+001 1.462764e+001 3.596066e+000 3.400997e+000 1.303163e+002 1.231935e+002 1.453334e+002 1.418260e+002 8.741358e+001 7.823013e+001 1.559916e+002 1.631604e+002 1.156407e+002 1.144803e+002 3.808142e-001 3.756481e+000 4.829927e+000 4.766037e+000 1.772053e+000 3.895431e+000 2.914518e+000 4.008097e+000
<VARIANCE> 22
 3.996241e+002 3.984437e+002 2.228591e+001 1.974333e+001 1.373406e+003 1.389219e+003 9.863776e+002 8.301865e+002 1.805013e+002 2.396293e+002 1.923369e+003 1.181862e+003 1.571094e+002 1.234184e+002 3.053982e-001 2.629961e-001 1.034536e+001 2.212220e-001 6.404018e+000 8.036269e-001 6.652833e+000 5.455290e+000
<GCONST> 1.252956e+002
<MIXTURE> 2 5.006700e-001
<MEAN> 22
 2.171242e+001 2.275581e+001 3.689762e+000 3.681695e+000 9.288462e+001 9.668333e+001 4.879560e+001 5.019135e+001 6.438291e+001 5.985123e+001 9.174876e+001 8.999354e+001 9.925628e+001 9.997892e+001 1.973249e+000 2.664681e+000 6.151152e+000 5.746977e+000 4.107958e+000 2.114780e+000 2.691907e+000 2.910856e+000
<VARIANCE> 22
 3.465297e+002 3.702826e+002 2.057966e+001 1.819817e+001 1.589533e+003 1.234982e+003 6.371160e+002 6.221553e+002 1.131537e+002 1.130787e+002 8.644759e+002 7.408545e+002 9.646255e+001 7.903094e+001 3.457031e+000 1.863696e+000 3.971587e-001 3.992643e-001 1.977579e+000 6.880090e+000 5.677519e+000 4.398948e+000
<GCONST> 1.231169e+002
<STATE> 4
<NUMMIXES> 2
<MIXTURE> 1 4.895386e-001
<MEAN> 22
 9.807521e+000 9.293323e+000 2.663190e+000 2.250288e+000 3.695610e+001 3.631149e+001 1.040591e+002 1.010454e+002 6.640701e+001 6.081965e+001 1.939387e+002 1.921330e+002 1.157902e+002 1.150987e+002 6.408272e+000 4.920384e+000 6.463443e+000 5.500522e+000 6.088063e+000 5.820314e+000 3.926668e+000 3.726029e+000
<VARIANCE> 22
 9.356270e+001 8.584566e+001 8.408254e+000 5.838391e+000 1.267197e+003 8.801686e+002 6.166810e+002 4.357993e+002 1.198154e+002 9.461737e+001 7.626381e+002 6.147905e+002 1.831436e+002 1.408179e+002 3.567918e+000 1.345889e-001 2.848998e-001 2.505944e-001 2.472530e-001 2.743628e-001 4.427859e+000 8.337445e+000
<GCONST> 1.098409e+002
<MIXTURE> 2 5.104609e-001
<MEAN> 22
 4.916255e+000 4.740660e+000 1.433228e+000 1.390624e+000 8.657088e+001 8.676734e+001 1.129769e+002 1.142638e+002 6.656834e+001 6.206476e+001 1.531122e+002 1.516723e+002 1.039635e+002 1.035175e+002 8.721187e-002 3.982483e+000 6.996448e+000 5.002510e+000 3.569518e+000 4.318209e+000 3.017267e+000 3.650328e+000
<VARIANCE> 22
 3.741819e+001 3.513536e+001 3.846128e+000 3.842680e+000 5.522032e+002 6.185477e+002 4.808925e+002 4.500614e+002 7.221140e+001 1.079899e+002 3.395468e+002 3.736277e+002 6.156000e+001 6.867057e+001 5.163795e-001 3.644883e-002 2.326111e-002 1.170389e-002 1.185085e+001 3.398985e-001 6.284315e+000 7.667803e+000
<GCONST> 9.748286e+001
<TRANSP> 5
 0.000000e+000 1.000000e+000 0.000000e+000 0.000000e+000 0.000000e+000
 0.000000e+000 8.104005e-001 1.895994e-001 0.000000e+000 0.000000e+000
 0.000000e+000 0.000000e+000 9.243543e-001 7.564571e-002 0.000000e+000
 0.000000e+000 0.000000e+000 0.000000e+000 9.453277e-001 5.467232e-002
 0.000000e+000 0.000000e+000 0.000000e+000 0.000000e+000 0.000000e+000
<ENDHMM>
~h "CF"
<BEGINHMM>
<NUMSTATES> 5
<STATE> 2
<NUMMIXES> 2
<MIXTURE> 1 2.416332e-001
<MEAN> 22
 2.720670e+001 8.956646e+000 1.060657e+001 5.068259e+000 8.615025e+001 2.419568e+001 9.643777e+001 9.421230e+001 8.379066e+001 6.227973e+001 1.202338e+002 1.878430e+002 1.107138e+002 1.179188e+002 3.671743e+000 4.806106e+000 5.161148e+000 5.678045e+000 4.568003e+000 5.878180e+000 4.102230e+000 2.727990e+000
<VARIANCE> 22
 1.993392e+003 1.260056e+003 1.507804e+003 8.988111e+002 5.704523e+003 8.540383e+002 1.238750e+003 7.778582e+002 5.602409e+002 1.144862e+002 5.214404e+003 1.559397e+003 3.215149e+002 1.514952e+002 8.128065e+000 3.259579e-001 5.354946e+000 2.529767e-001 2.254912e+000 9.288105e-001 5.874078e+000 5.727008e+000
<GCONST> 1.417732e+002
<MIXTURE> 2 7.583666e-001
<MEAN> 22
 5.479307e+000 5.986716e+000 2.196759e+000 2.045865e+000 1.069583e+002 7.629867e+001 8.994398e+001 7.682737e+001 8.243408e+001 6.561740e+001 8.156725e+001 1.201846e+002 9.544008e+001 1.052370e+002 2.812595e+000 3.500758e+000 4.107323e+000 5.101711e+000 3.773525e+000 3.746161e+000 2.900953e+000 2.574120e+000
<VARIANCE> 22
 6.191255e+001 1.023525e+002 8.860038e+000 1.056696e+001 9.816718e+003 6.760444e+003 2.343863e+003 1.701678e+003 7.845510e+002 4.766081e+002 3.448609e+003 4.510417e+003 5.736722e+002 5.235568e+002 4.855786e+000 2.493221e+000 6.560980e+000 1.840555e+000 2.122506e+000 7.462947e+000 6.254897e+000 5.567510e+000
<GCONST> 1.402385e+002
<STATE> 3
<NUMMIXES> 2
<MIXTURE> 1 4.578273e-001
<MEAN> 22
 2.406957e+000 2.090896e+001 8.917099e-001 5.731535e+000 1.205683e+001 1.349862e+002 1.012001e+002 1.002714e+002 6.338141e+001 9.020425e+001 1.993164e+002 9.026446e+001 1.193201e+002 1.036769e+002 6.933900e+000 3.155130e+000 6.202971e+000 4.533328e+000 5.963496e+000 2.879159e+000 2.040679e+000 3.595937e+000
<VARIANCE> 22
 2.230146e+001 4.439542e+002 3.300596e+000 4.230219e+001 3.700102e+002 7.170930e+003 4.632497e+002 2.169283e+003 1.023697e+002 6.740013e+002 9.933865e+002 3.353244e+003 2.546392e+002 2.707404e+002 3.375710e-001 1.533374e+000 2.460327e-001 2.045538e+000 9.583233e-002 6.921108e+000 6.075830e+000 5.266581e+000
<GCONST> 1.221960e+002
<MIXTURE> 2 5.421721e-001
<MEAN> 22
 8.749796e-001 5.423909e+000 4.355328e-001 2.626731e+000 5.766547e+000 1.899740e+002 8.722187e+001 1.268572e+002 5.575256e+001 9.960549e+001 1.813978e+002 2.960192e+001 1.087234e+002 8.098611e+001 7.000000e+000 2.000000e+000 6.001222e+000 2.896574e+000 5.999911e+000 9.930396e-001 1.336143e+000 2.460122e+000
<VARIANCE> 22
 4.801632e+000 6.733322e+001 3.300596e+000 1.267511e+001 4.956259e+001 6.490427e+002 1.096147e+002 2.963212e+002 3.332606e+001 3.388136e+002 2.016243e+002 1.221492e+002 6.495126e+001 1.845074e+002 6.504287e-002 1.793315e-002 2.326111e-002 1.177837e+000 2.082488e-002 5.618803e-002 4.945979e+000 5.758129e+000
<GCONST> 8.579499e+001
<STATE> 4
<NUMMIXES> 2
<MIXTURE> 1 4.511538e-001
<MEAN> 22
 7.854475e+000 5.964119e+000 2.449194e+000 2.174624e+000 2.747172e+001 2.435973e+001 9.059406e+001 9.628679e+001 6.459686e+001 6.034989e+001 1.878390e+002 1.937947e+002 1.166269e+002 1.160444e+002 6.492430e+000 5.004165e+000 6.172196e+000 5.718556e+000 5.879292e+000 5.996159e+000 3.239699e+000 3.078594e+000
<VARIANCE> 22
 1.343994e+002 6.325170e+001 1.133622e+001 7.491703e+000 7.140234e+002 5.655546e+002 6.503210e+002 3.204418e+002 1.189555e+002 9.163155e+001 1.003561e+003 5.001639e+002 1.864891e+002 1.306888e+002 2.968683e+000 1.793315e-002 1.425444e-001 2.022329e-001 1.411854e-001 5.618803e-002 6.273236e+000 6.314931e+000
<GCONST> 1.039659e+002
<MIXTURE> 2 5.488457e-001
<MEAN> 22
 1.009235e+001 1.570199e+000 3.709243e+000 7.661088e-001 1.651401e+002 2.693768e+001 1.211671e+002 9.256850e+001 9.545519e+001 5.634124e+001 3.787914e+001 1.865481e+002 8.270395e+001 1.115405e+002 1.912733e+000 4.942575e+000 2.522783e+000 5.692306e+000 3.022015e+000 5.955492e+000 2.981369e+000 1.956108e+000
<VARIANCE> 22
 2.044613e+002 8.890470e+000 2.770819e+001 2.164982e+000 3.619519e+003 1.225496e+003 1.158177e+003 3.056514e+002 4.144688e+002 7.731173e+001 4.953037e+002 5.210119e+002 4.151812e+002 1.128016e+002 2.688223e-001 1.119462e-001 4.514439e+000 2.388817e-001 2.162077e-001 2.844188e-001 5.955972e+000 5.486975e+000
<GCONST> 1.109752e+002
<TRANSP> 5
 0.000000e+000 1.000000e+000 0.000000e+000 0.000000e+000 0.000000e+000
 0.000000e+000 8.574818e-001 1.425183e-001 0.000000e+000 0.000000e+000
 0.000000e+000 0.000000e+000 9.519027e-001 4.809730e-002 0.000000e+000
 0.000000e+000 0.000000e+000 0.000000e+000 9.219186e-001 7.808135e-002
 0.000000e+000 0.000000e+000 0.000000e+000 0.000000e+000 0.000000e+000
<ENDHMM>
~h "CN"
<BEGINHMM>
<NUMSTATES> 5
<STATE> 2
<NUMMIXES> 2
<MIXTURE> 1 4.296573e-001
<MEAN> 22
 8.634793e+000 8.115148e+000 2.872058e+000 2.755510e+000 2.107143e+001 2.347567e+001 9.323328e+001 8.918290e+001 6.393179e+001 5.945911e+001 1.925355e+002 1.891033e+002 1.191227e+002 1.172265e+002 6.999084e+000 5.000000e+000 6.133354e+000 5.934321e+000 5.998929e+000 6.010537e+000 2.761023e+000 1.966965e+000
<VARIANCE> 22
 5.326053e+002 4.169418e+002 3.741554e+002 2.751368e+002 3.547299e+002 5.088358e+002 5.886600e+002 3.855648e+002 9.237917e+001 6.768723e+001 8.014016e+002 6.346404e+002 2.497402e+002 1.891471e+002 6.504287e-002 1.793315e-002 1.155708e-001 6.136500e-002 2.082488e-002 5.618803e-002 3.266430e+000 4.013625e+000
<GCONST> 1.054853e+002
<MIXTURE> 2 5.703427e-001
<MEAN> 22
 2.097252e+001 2.084889e+001 2.498338e+000 2.768624e+000 8.820348e+001 8.281401e+001 4.196462e+001 4.305190e+001 6.547486e+001 6.177625e+001 1.015375e+002 1.027112e+002 1.054272e+002 1.044956e+002 3.050274e+000 3.426341e+000 6.064316e+000 5.859597e+000 4.358624e+000 3.236767e+000 2.629669e+000 1.944400e+000
<VARIANCE> 22
 3.052346e+002 2.868283e+002 8.138822e+000 1.023668e+001 1.996806e+003 1.856104e+003 4.430222e+002 5.661566e+002 1.112047e+002 9.724744e+001 1.426647e+003 1.497428e+003 1.391651e+002 1.279914e+002 6.493264e+000 1.968113e+000 1.291963e-001 3.994160e-001 7.603235e-001 1.012154e+001 2.021777e+000 2.739355e+000
<GCONST> 1.207808e+002
<STATE> 3
<NUMMIXES> 2
<MIXTURE> 1 3.556034e-001
<MEAN> 22
 1.098954e+001 1.125924e+001 1.581445e+000 1.395308e+000 1.746526e+002 1.677343e+002 8.572364e+001 8.302097e+001 7.221632e+001 7.121358e+001 4.592352e+001 4.698569e+001 1.106976e+002 1.128663e+002 2.091728e+000 1.848159e+000 5.364365e+000 5.798577e+000 3.186511e+000 7.996866e-001 2.975589e+000 3.016782e+000
<VARIANCE> 22
 2.186826e+002 2.474413e+002 5.504289e+000 3.871815e+000 1.235909e+003 1.115438e+003 5.395278e+002 6.427407e+002 1.861560e+002 1.666369e+002 5.078672e+002 6.024724e+002 3.106124e+002 1.844522e+002 1.835395e-001 2.102557e-001 1.814193e+000 1.319633e+000 1.949131e-001 2.778322e-001 5.844997e+000 5.860315e+000
<GCONST> 1.134500e+002
<MIXTURE> 2 6.443980e-001
<MEAN> 22
 5.783809e+000 6.141622e+000 1.025364e+000 8.631113e-001 1.336812e+002 1.282014e+002 6.700290e+001 6.447493e+001 6.381213e+001 6.067595e+001 4.008627e+001 4.382513e+001 9.939966e+001 1.002203e+002 2.005321e+000 1.957548e+000 5.999078e+000 6.013937e+000 3.150483e+000 7.945395e-001 3.268601e+000 3.128062e+000
<VARIANCE> 22
 4.755912e+001 6.644269e+001 3.300596e+000 2.164982e+000 1.318478e+003 1.005625e+003 3.316940e+002 3.619979e+002 4.847588e+001 5.795676e+001 2.178035e+002 3.152745e+002 4.342017e+001 4.528355e+001 6.504287e-002 6.186954e-002 1.323272e-001 1.478196e-001 1.397884e-001 1.682790e-001 6.091302e+000 6.114902e+000
<GCONST> 9.333140e+001
<STATE> 4
<NUMMIXES> 2
<MIXTURE> 1 4.725437e-001
<MEAN> 22
 1.213816e+001 1.149591e+001 3.203254e+000 2.828085e+000 4.246500e+001 3.517421e+001 9.638826e+001 9.365269e+001 6.572432e+001 6.140240e+001 1.924288e+002 1.900736e+002 1.157762e+002 1.149726e+002 6.798072e+000 5.001385e+000 6.290446e+000 5.759908e+000 5.964864e+000 5.981899e+000 3.943497e+000 3.808001e+000
<VARIANCE> 22
 1.712653e+002 1.643124e+002 9.943225e+000 8.721968e+000 6.409208e+003 4.074241e+003 6.600681e+002 5.588436e+002 1.143499e+002 9.041740e+001 6.274318e+002 5.801645e+002 1.624175e+002 1.295313e+002 9.950933e-001 7.512602e-002 2.060852e-001 1.824502e-001 1.278273e-001 1.340406e-001 7.781047e+000 4.618355e+000
<GCONST> 1.106807e+002
<MIXTURE> 2 5.274567e-001
<MEAN> 22
 1.568375e+001 1.537697e+001 1.927484e+000 2.238971e+000 9.781673e+001 9.719004e+001 4.598764e+001 4.435399e+001 6.650632e+001 6.480872e+001 1.043617e+002 9.768202e+001 1.050380e+002 1.057305e+002 3.172001e+000 2.989011e+000 6.014865e+000 5.958112e+000 4.235265e+000 2.501853e+000 4.156116e+000 4.115824e+000
<VARIANCE> 22
 3.925594e+002 3.284329e+002 9.234892e+000 1.516456e+001 3.133793e+003 2.777646e+003 9.194877e+002 9.724394e+002 1.870632e+002 1.456689e+002 1.209870e+003 1.257778e+003 2.529768e+002 1.668696e+002 4.875759e+000 3.574231e+000 3.098069e-001 3.110188e-001 1.208135e+000 9.149231e+000 6.848765e+000 5.285166e+000
<GCONST> 1.284339e+002
<TRANSP> 5
 0.000000e+000 1.000000e+000 0.000000e+000 0.000000e+000 0.000000e+000
 0.000000e+000 8.347368e-001 1.652632e-001 0.000000e+000 0.000000e+000
 0.000000e+000 0.000000e+000 9.635469e-001 3.645301e-002 0.000000e+000
 0.000000e+000 0.000000e+000 0.000000e+000 9.210474e-001 7.895255e-002
 0.000000e+000 0.000000e+000 0.000000e+000 0.000000e+000 0.000000e+000
<ENDHMM>
~h "CP"
<BEGINHMM>
<NUMSTATES> 5
<STATE> 2
<NUMMIXES> 2
<MIXTURE> 1 8.285558e-001
<MEAN> 22
 1.381501e+001 1.164854e+001 3.867021e+000 3.321925e+000 5.456900e+001 5.344270e+001 1.061052e+002 1.069525e+002 7.555766e+001 7.046592e+001 1.860759e+002 1.897751e+002 1.256614e+002 1.216147e+002 4.063825e+000 4.615789e+000 6.674604e+000 5.483906e+000 5.466060e+000 5.523583e+000 3.262250e+000 3.158117e+000
<VARIANCE> 22
 6.063853e+002 3.911816e+002 3.840231e+002 2.210018e+002 1.593266e+003 1.478942e+003 1.163105e+003 1.223577e+003 1.690387e+002 1.744106e+002 2.097860e+003 1.219539e+003 3.933166e+002 2.194940e+002 1.143338e+001 3.278870e-001 2.227769e-001 2.498235e-001 3.610259e+000 8.925133e-001 5.381392e+000 5.356937e+000
<GCONST> 1.323765e+002
<MIXTURE> 2 1.714444e-001
<MEAN> 22
 6.665777e+000 3.981203e+000 9.590982e-001 9.606816e-001 3.349485e+002 2.433306e+002 5.830658e+001 4.795261e+001 3.291305e+001 3.017462e+001 4.473947e+001 6.110825e+001 4.764482e+001 4.948319e+001 7.848079e-001 1.546763e+000 9.609953e-001 2.371388e+000 1.007928e+000 1.565300e+000 1.375420e+000 1.435368e+000
<VARIANCE> 22
 3.897479e+002 7.486988e+001 4.119095e+000 4.549988e+000 2.899541e+004 2.026038e+004 5.110087e+003 3.906083e+003 1.526478e+003 1.241043e+003 4.071042e+003 5.914214e+003 3.019074e+003 3.083019e+003 1.767287e+000 3.689366e+000 4.301928e+000 7.231577e+000 2.229523e+000 5.150331e+000 5.052891e+000 5.270606e+000
<GCONST> 1.491788e+002
<STATE> 3
<NUMMIXES> 2
<MIXTURE> 1 4.487630e-001
<MEAN> 22
 1.156099e+001 1.187271e+001 2.951097e+000 3.074796e+000 5.224893e+001 4.718923e+001 7.807713e+001 8.282778e+001 7.045175e+001 6.674985e+001 1.611033e+002 1.643976e+002 1.118824e+002 1.118689e+002 4.232647e+000 4.532259e+000 6.557031e+000 5.315573e+000 5.975270e+000 5.757180e+000 3.802588e+000 3.711687e+000
<VARIANCE> 22
 1.102016e+002 1.112345e+002 1.265581e+001 1.215409e+001 1.093356e+003 6.920762e+002 3.340355e+002 4.213773e+002 1.680605e+002 1.516619e+002 5.609790e+002 5.538215e+002 1.241410e+002 1.254597e+002 1.165881e+001 2.737112e-001 3.022667e-001 2.388024e-001 2.964488e-001 3.869627e-001 5.220627e+000 4.917026e+000
<GCONST> 1.123322e+002
<MIXTURE> 2 5.512371e-001
<MEAN> 22
 8.658903e+000 9.126698e+000 2.053885e+000 2.034796e+000 6.054676e+001 5.385412e+001 5.474623e+001 5.719810e+001 6.661301e+001 6.348072e+001 1.180898e+002 1.191012e+002 1.003361e+002 9.984397e+001 9.730108e-001 3.906349e+000 6.669830e+000 5.323020e+000 5.350343e+000 5.121528e+000 3.213843e+000 2.974243e+000
<VARIANCE> 22
 7.511145e+001 7.761409e+001 7.600777e+000 7.455471e+000 4.952078e+002 6.780507e+002 2.538423e+002 3.338613e+002 9.791903e+001 1.379577e+002 3.195469e+002 3.536538e+002 6.313705e+001 7.077923e+001 4.633977e+000 5.435122e-001 2.236322e-001 2.186793e-001 1.668225e+000 4.700747e+000 5.125838e+000 5.067700e+000
<GCONST> 1.099865e+002
<STATE> 4
<NUMMIXES> 2
<MIXTURE> 1 4.934712e-001
<MEAN> 22
 8.748426e+000 7.802392e+000 2.493651e+000 2.564534e+000 3.552446e+001 3.153363e+001 1.010748e+002 1.013637e+002 6.937759e+001 6.460636e+001 1.978274e+002 1.987874e+002 1.223304e+002 1.220424e+002 6.997029e+000 4.998226e+000 6.314418e+000 5.577654e+000 6.012530e+000 5.940161e+000 3.863825e+000 3.625327e+000
<VARIANCE> 22
 7.064011e+001 6.516084e+001 6.852784e+000 7.251728e+000 1.130838e+003 6.680192e+002 3.603811e+002 2.100805e+002 9.447395e+001 8.060902e+001 3.819964e+002 3.026588e+002 1.200373e+002 7.845084e+001 6.504287e-002 1.793315e-002 2.155614e-001 2.439674e-001 3.717547e-002 7.783882e-002 5.779178e+000 5.899623e+000
<GCONST> 9.527444e+001
<MIXTURE> 2 5.065286e-001
<MEAN> 22
 5.686588e+000 5.905941e+000 1.251411e+000 1.311128e+000 3.355376e+001 3.153071e+001 7.248410e+001 7.319788e+001 5.963178e+001 5.739262e+001 1.583107e+002 1.594798e+002 1.044048e+002 1.041020e+002 6.334737e+000 4.878315e+000 6.316986e+000 5.597762e+000 5.973850e+000 5.965762e+000 3.635801e+000 3.458998e+000
<VARIANCE> 22
 3.109850e+001 2.951845e+001 3.300596e+000 2.164982e+000 5.814437e+002 3.949982e+002 1.455974e+002 1.909152e+002 6.440415e+001 9.561522e+001 2.601144e+002 2.867440e+002 5.975539e+001 6.397047e+001 4.104945e+000 1.702108e-001 2.662380e-001 2.608787e-001 1.138742e-001 1.896176e-001 5.374975e+000 5.540161e+000
<GCONST> 9.652574e+001
<TRANSP> 5
 0.000000e+000 1.000000e+000 0.000000e+000 0.000000e+000 0.000000e+000
 0.000000e+000 7.501608e-001 2.498392e-001 0.000000e+000 0.000000e+000
 0.000000e+000 0.000000e+000 9.361785e-001 6.382148e-002 0.000000e+000
 0.000000e+000 0.000000e+000 0.000000e+000 9.354722e-001 6.452785e-002
 0.000000e+000 0.000000e+000 0.000000e+000 0.000000e+000 0.000000e+000
<ENDHMM>
~h "CV"
<BEGINHMM>
<NUMSTATES> 5
<STATE> 2
<NUMMIXES> 2
<MIXTURE> 1 4.162188e-001
<MEAN> 22
 9.287882e+000 1.024641e+001 3.174445e+000 3.122555e+000 2.110425e+001 2.234176e+001 9.030265e+001 8.548785e+001 6.265575e+001 5.838316e+001 1.869667e+002 1.826569e+002 1.158232e+002 1.151800e+002 6.987294e+000 4.969313e+000 6.152998e+000 5.898283e+000 5.989233e+000 6.009511e+000 2.733074e+000 2.301723e+000
<VARIANCE> 22
 5.294457e+002 4.773642e+002 4.999923e+002 3.119439e+002 3.882363e+002 3.945655e+002 5.374443e+002 4.658529e+002 7.986413e+001 5.860384e+001 7.351891e+002 7.368984e+002 1.818911e+002 1.476365e+002 6.504287e-002 4.937141e-002 1.295892e-001 9.332735e-002 2.433122e-002 9.307592e-002 3.278315e+000 4.115337e+000
<GCONST> 1.074084e+002
<MIXTURE> 2 5.837818e-001
<MEAN> 22
 1.829494e+001 1.753718e+001 3.278110e+000 2.998106e+000 1.005114e+002 9.563458e+001 6.465383e+001 6.495461e+001 6.803096e+001 5.965395e+001 1.011616e+002 1.105670e+002 1.079232e+002 1.067275e+002 2.335522e+000 3.484020e+000 5.959539e+000 5.419177e+000 4.134923e+000 3.438896e+000 2.735844e+000 2.651808e+000
<VARIANCE> 22
 4.449940e+002 3.830587e+002 1.524209e+001 1.268309e+001 8.489788e+003 5.826190e+003 9.906588e+002 9.733004e+002 2.449052e+002 1.262872e+002 2.832348e+003 2.502637e+003 3.744828e+002 3.181099e+002 6.395485e+000 1.477661e+000 2.853484e+000 7.697931e-001 1.988394e+000 7.254937e+000 4.150273e+000 4.131007e+000
<GCONST> 1.355847e+002
<STATE> 3
<NUMMIXES> 2
<MIXTURE> 1 3.896063e-001
<MEAN> 22
 1.044033e+001 1.036455e+001 2.886738e+000 3.236471e+000 1.644397e+002 1.591707e+002 9.746950e+001 9.662592e+001 7.233733e+001 6.925699e+001 5.044957e+001 5.502974e+001 1.134997e+002 1.136484e+002 1.628157e+000 2.458576e+000 4.665137e+000 4.796709e+000 2.678931e+000 1.493035e+000 3.446396e+000 3.367571e+000
<VARIANCE> 22
 1.876734e+002 1.811964e+002 1.676900e+001 2.224320e+001 1.963466e+003 1.666506e+003 6.128168e+002 7.305395e+002 1.361345e+002 1.045793e+002 5.920742e+002 5.536447e+002 2.830103e+002 1.868174e+002 3.854424e-001 3.237198e-001 9.929977e+000 6.844041e-001 4.336524e-001 5.435156e-001 5.552823e+000 5.623818e+000
<GCONST> 1.197725e+002
<MIXTURE> 2 6.103943e-001
<MEAN> 22
 5.956604e+000 6.304050e+000 1.215594e+000 1.288644e+000 1.204538e+002 1.206295e+002 6.826756e+001 6.852137e+001 6.068479e+001 5.762729e+001 5.331132e+001 5.358394e+001 9.865498e+001 9.946292e+001 1.379775e+000 2.534113e+000 6.816849e+000 5.227014e+000 2.924392e+000 1.166988e+000 3.502126e+000 3.360492e+000
<VARIANCE> 22
 5.542878e+001 5.456176e+001 3.300596e+000 2.467549e+000 1.220576e+003 8.922250e+002 2.577267e+002 3.006606e+002 3.188821e+001 4.489361e+001 2.149204e+002 2.375513e+002 6.092896e+001 6.290045e+001 2.846288e-001 3.309224e-001 1.921097e-001 3.117338e-001 2.740540e-001 3.255046e-001 5.603231e+000 6.011809e+000
<GCONST> 9.798470e+001
<STATE> 4
<NUMMIXES> 2
<MIXTURE> 1 5.453484e-001
<MEAN> 22
 1.074611e+001 9.589303e+000 3.103572e+000 2.643399e+000 2.447202e+001 2.335471e+001 9.525938e+001 9.355598e+001 6.448967e+001 5.869329e+001 1.919865e+002 1.917560e+002 1.161481e+002 1.152373e+002 6.977191e+000 4.999440e+000 6.227168e+000 5.821566e+000 6.004755e+000 5.982624e+000 4.192314e+000 4.018003e+000
<VARIANCE> 22
 1.143174e+002 1.035082e+002 1.007871e+001 7.683413e+000 6.234015e+002 4.963371e+002 4.501790e+002 3.091529e+002 9.281226e+001 6.732411e+001 6.275664e+002 5.193329e+002 1.711229e+002 1.331004e+002 6.504287e-002 1.793315e-002 1.941972e-001 1.465950e-001 5.306836e-002 5.618803e-002 6.762265e+000 5.083966e+000
<GCONST> 9.752477e+001
<MIXTURE> 2 4.546505e-001
<MEAN> 22
 1.621868e+001 1.672414e+001 2.593250e+000 2.903802e+000 6.971591e+001 6.064578e+001 4.179881e+001 4.785889e+001 6.532002e+001 5.925841e+001 1.099863e+002 1.201436e+002 1.036320e+002 1.034292e+002 2.671383e+000 3.796251e+000 6.116346e+000 5.790133e+000 4.625091e+000 4.081690e+000 4.479534e+000 4.367742e+000
<VARIANCE> 22
 2.785687e+002 2.664173e+002 1.470695e+001 1.442257e+001 1.205568e+003 1.156783e+003 4.685982e+002 6.799597e+002 9.650218e+001 7.970916e+001 1.033920e+003 1.357458e+003 1.348357e+002 1.108966e+002 7.414393e+000 1.921257e+000 1.322077e-001 1.839110e-001 8.452087e-001 9.373232e+000 5.724093e+000 5.348404e+000
<GCONST> 1.209710e+002
<TRANSP> 5
 0.000000e+000 1.000000e+000 0.000000e+000 0.000000e+000 0.000000e+000
 0.000000e+000 8.473001e-001 1.527000e-001 0.000000e+000 0.000000e+000
 0.000000e+000 0.000000e+000 9.502828e-001 4.971725e-002 0.000000e+000
 0.000000e+000 0.000000e+000 0.000000e+000 9.092571e-001 9.074290e-002
 0.000000e+000 0.000000e+000 0.000000e+000 0.000000e+000 0.000000e+000
<ENDHMM>
~h "DC"
<BEGINHMM>
<NUMSTATES> 5
<STATE> 2
<NUMMIXES> 2
<MIXTURE> 1 4.281413e-001
<MEAN> 22
 9.973165e+000 9.418844e+000 3.870059e+000 3.357605e+000 4.233609e+001 4.001033e+001 8.996979e+001 8.647389e+001 6.363985e+001 5.953507e+001 1.880894e+002 1.852281e+002 1.179417e+002 1.169655e+002 6.974943e+000 4.996315e+000 6.180335e+000 5.862394e+000 5.955279e+000 6.014007e+000 2.493521e+000 2.113609e+000
<VARIANCE> 22
 9.023993e+002 6.487899e+002 8.288514e+002 5.103377e+002 1.037996e+004 6.498976e+003 6.990502e+002 4.760264e+002 1.008089e+002 6.270057e+001 8.919006e+002 7.573232e+002 2.366948e+002 1.808571e+002 1.306337e-001 1.793315e-002 1.478146e-001 1.186701e-001 8.990621e-002 1.150030e-001 3.114541e+000 3.482885e+000
<GCONST> 1.179625e+002
<MIXTURE> 2 5.718576e-001
<MEAN> 22
 1.393189e+001 1.338301e+001 2.741350e+000 2.846687e+000 1.094030e+002 9.999019e+001 4.475918e+001 4.633059e+001 6.555486e+001 6.160637e+001 1.110454e+002 1.149628e+002 1.058111e+002 1.034767e+002 2.084454e+000 3.516436e+000 6.060834e+000 5.556631e+000 4.506494e+000 4.416567e+000 2.560915e+000 2.019756e+000
<VARIANCE> 22
 1.630320e+002 1.460963e+002 1.267186e+001 1.412939e+001 1.096928e+004 7.513459e+003 6.706958e+002 7.066944e+002 2.954474e+002 2.224429e+002 1.232810e+003 1.362959e+003 6.669238e+002 5.476700e+002 7.116608e+000 2.210288e+000 1.449662e+000 1.250107e+000 2.014887e+000 9.081471e+000 2.980199e+000 3.268152e+000
<GCONST> 1.337645e+002
<STATE> 3
<NUMMIXES> 2
<MIXTURE> 1 4.150312e-001
<MEAN> 22
 1.521264e+001 1.704686e+001 3.330579e+000 3.673512e+000 1.418154e+002 1.385067e+002 7.010751e+001 7.154054e+001 7.038139e+001 6.756931e+001 5.988048e+001 6.032143e+001 9.967461e+001 1.004483e+002 1.971687e+000 2.268803e+000 5.826332e+000 5.654752e+000 3.407159e+000 1.058305e+000 2.819020e+000 2.731211e+000
<VARIANCE> 22
 2.981413e+002 3.861252e+002 3.288419e+001 3.550104e+001 2.298674e+003 1.660825e+003 6.279922e+002 6.456597e+002 9.931808e+001 1.404310e+002 6.238780e+002 7.034773e+002 2.286088e+002 2.268936e+002 5.614092e-001 5.365917e-001 8.862980e-001 7.392886e-001 3.749532e-001 1.742362e+000 5.407127e+000 5.481862e+000
<GCONST> 1.219499e+002
<MIXTURE> 2 5.849696e-001
<MEAN> 22
 8.691546e+000 8.799156e+000 1.075990e+000 1.150963e+000 1.090899e+002 1.068314e+002 3.259718e+001 3.501573e+001 6.237383e+001 5.980968e+001 7.885081e+001 7.988400e+001 9.877174e+001 9.933496e+001 1.922476e+000 2.011687e+000 6.022773e+000 6.013027e+000 3.961611e+000 5.803958e-002 2.733104e+000 2.472663e+000
<VARIANCE> 22
 1.327187e+002 1.195887e+002 3.300596e+000 2.201399e+000 5.883618e+002 5.733209e+002 1.359859e+002 1.512628e+002 6.720788e+001 9.324083e+001 2.085229e+002 1.941841e+002 8.778979e+001 9.358044e+001 6.717888e-001 8.984639e-001 3.348174e-002 1.348080e-001 1.006082e-001 5.618803e-002 5.537052e+000 5.842794e+000
<GCONST> 9.551030e+001
<STATE> 4
<NUMMIXES> 2
<MIXTURE> 1 5.789223e-001
<MEAN> 22
 1.000869e+001 9.207410e+000 3.233047e+000 2.853092e+000 2.238984e+001 2.201952e+001 9.651054e+001 9.413859e+001 6.429008e+001 5.983508e+001 1.915538e+002 1.909046e+002 1.148499e+002 1.148676e+002 6.996774e+000 5.001304e+000 6.308239e+000 5.719388e+000 6.012170e+000 5.995625e+000 4.079175e+000 3.900600e+000
<VARIANCE> 22
 8.935367e+001 8.444713e+001 9.057713e+000 7.303511e+000 3.614096e+002 3.715918e+002 3.682864e+002 3.231414e+002 9.066470e+001 7.853411e+001 4.880125e+002 4.487009e+002 1.490686e+002 1.223404e+002 6.504287e-002 1.793315e-002 2.132243e-001 2.018656e-001 2.082488e-002 5.618803e-002 7.156375e+000 4.433420e+000
<GCONST> 9.483450e+001
<MIXTURE> 2 4.210776e-001
<MEAN> 22
 1.861504e+001 1.852439e+001 2.585640e+000 2.597491e+000 7.084279e+001 6.212633e+001 4.162349e+001 4.447242e+001 6.569375e+001 6.100718e+001 1.250870e+002 1.294320e+002 1.028722e+002 1.031026e+002 3.796235e+000 4.462369e+000 6.115518e+000 5.806139e+000 4.974182e+000 5.939478e+000 4.363523e+000 4.325897e+000
<VARIANCE> 22
 3.539097e+002 3.457103e+002 1.430662e+001 1.483551e+001 1.359928e+003 1.095292e+003 4.866213e+002 4.746855e+002 1.199170e+002 1.251824e+002 7.522152e+002 8.272149e+002 1.279516e+002 1.122056e+002 9.177108e+000 1.475714e+000 1.704917e-001 2.069645e-001 6.784787e-001 4.117195e+000 7.307425e+000 4.318213e+000
<GCONST> 1.203400e+002
<TRANSP> 5
 0.000000e+000 1.000000e+000 0.000000e+000 0.000000e+000 0.000000e+000
 0.000000e+000 8.686360e-001 1.313640e-001 0.000000e+000 0.000000e+000
 0.000000e+000 0.000000e+000 9.564172e-001 4.358283e-002 0.000000e+000
 0.000000e+000 0.000000e+000 0.000000e+000 9.029117e-001 9.708837e-002
 0.000000e+000 0.000000e+000 0.000000e+000 0.000000e+000 0.000000e+000
<ENDHMM>
~h "FM"
<BEGINHMM>
<NUMSTATES> 5
<STATE> 2
<NUMMIXES> 2
<MIXTURE> 1 9.871364e-002
<MEAN> 22
 1.976166e+001 1.661951e+001 1.261201e+001 8.000031e+000 4.194646e+001 2.192759e+001 1.054942e+002 1.005749e+002 8.204998e+001 6.662156e+001 1.975661e+002 1.966980e+002 1.237419e+002 1.229485e+002 6.231016e+000 4.876763e+000 6.602060e+000 5.784479e+000 5.891981e+000 6.019763e+000 3.969414e+000 2.592147e+000
<VARIANCE> 22
 2.950399e+003 3.003743e+003 2.402972e+003 1.574397e+003 2.293935e+003 1.214256e+003 9.432045e+002 5.426177e+002 3.843939e+002 1.955670e+002 1.263197e+003 1.277665e+003 3.329874e+002 1.721675e+002 4.506839e+000 1.576664e-001 2.395834e-001 1.805356e-001 1.736956e-001 3.040845e-001 7.845727e+000 5.485936e+000
<GCONST> 1.333795e+002
<MIXTURE> 2 9.012863e-001
<MEAN> 22
 6.746615e+000 1.699938e+000 1.634013e+000 6.722366e-001 6.332602e+001 1.350674e+001 5.851976e+001 9.086427e+001 9.400481e+001 5.822219e+001 1.324359e+002 1.869462e+002 1.113755e+002 1.155696e+002 1.784642e+000 4.849128e+000 6.494982e+000 5.866982e+000 5.212018e+000 6.009775e+000 2.961197e+000 1.906583e+000
<VARIANCE> 22
 5.696315e+001 8.277702e+000 4.617490e+000 2.164982e+000 8.757514e+002 3.568521e+002 5.143154e+002 6.440971e+002 5.205504e+002 1.082743e+002 7.572682e+002 1.248308e+003 1.978269e+002 1.718582e+002 8.690804e+000 2.105126e-001 3.422591e-001 1.435780e-001 4.135515e-001 5.068229e-001 6.221469e+000 5.662058e+000
<GCONST> 1.089777e+002
<STATE> 3
<NUMMIXES> 2
<MIXTURE> 1 4.295434e-001
<MEAN> 22
 2.341772e+000 8.982944e+000 8.798197e-001 3.188281e+000 1.575208e+001 5.168961e+001 1.062343e+002 8.271665e+001 6.461802e+001 9.116038e+001 2.077081e+002 1.641984e+002 1.224538e+002 1.173693e+002 6.992181e+000 4.504064e+000 6.143500e+000 5.289483e+000 5.992282e+000 6.289380e+000 2.234480e+000 3.290870e+000
<VARIANCE> 22
 1.707277e+001 7.923180e+001 3.300596e+000 1.728964e+001 6.585463e+002 1.062757e+003 4.167120e+002 4.986530e+002 8.223960e+001 6.074442e+002 7.274067e+002 9.714899e+002 3.019669e+002 1.512861e+002 6.504287e-002 2.803732e-001 1.575615e-001 2.304379e-001 3.878239e-002 3.147103e-001 6.290849e+000 5.626112e+000
<GCONST> 1.042476e+002
<MIXTURE> 2 5.704572e-001
<MEAN> 22
 8.074916e-001 6.002302e+000 3.650471e-001 1.226627e+000 5.756820e+000 6.176160e+001 8.843011e+001 5.106982e+001 5.319079e+001 8.203271e+001 1.830326e+002 1.204431e+002 1.100456e+002 9.879232e+001 6.968071e+000 4.058977e+000 6.002689e+000 5.406817e+000 5.994865e+000 6.291161e+000 1.368817e+000 3.134095e+000
<VARIANCE> 22
 4.801632e+000 3.834475e+001 3.300596e+000 2.164982e+000 4.956259e+001 2.743418e+002 7.031939e+001 2.867248e+002 3.608652e+001 1.458443e+002 1.500736e+002 3.878159e+002 4.233741e+001 5.067208e+001 2.077628e-001 2.836562e-001 2.326111e-002 2.413213e-001 2.082488e-002 2.378081e+000 4.961785e+000 5.838199e+000
<GCONST> 8.660265e+001
<STATE> 4
<NUMMIXES> 2
<MIXTURE> 1 8.732705e-001
<MEAN> 22
 6.084341e+000 6.531891e+000 1.605047e+000 2.009453e+000 4.316629e+001 4.109550e+001 6.128598e+001 6.236900e+001 7.638956e+001 6.815385e+001 1.408231e+002 1.343696e+002 1.053815e+002 1.043622e+002 3.632200e+000 3.992207e+000 6.377458e+000 5.494357e+000 5.350637e+000 5.181444e+000 2.704474e+000 2.746012e+000
<VARIANCE> 22
 8.469460e+001 9.066909e+001 6.927601e+000 1.179901e+001 9.859584e+002 1.378218e+003 8.385350e+002 9.912672e+002 4.051111e+002 2.488337e+002 1.247459e+003 1.603909e+003 1.877249e+002 1.710766e+002 1.066013e+001 1.467406e+000 2.465504e-001 2.775254e-001 5.386861e-001 5.833601e+000 5.879766e+000 6.327226e+000
<GCONST> 1.227724e+002
<MIXTURE> 2 1.267301e-001
<MEAN> 22
 4.638025e-001 1.738787e+000 2.482980e-001 5.695955e-001 4.152067e+002 3.169164e+002 3.050850e+001 2.442553e+001 2.555559e+001 2.886750e+001 6.038305e+001 5.360912e+001 4.210982e+001 4.210503e+001 1.916130e+000 1.168353e+000 2.251763e+000 2.202001e+000 1.897535e+000 1.467650e+000 3.215114e-001 9.717141e-001
<VARIANCE> 22
 4.801632e+000 1.870969e+001 3.300596e+000 2.164982e+000 3.203994e+004 1.588625e+004 2.402387e+003 1.488870e+003 1.049312e+003 1.403484e+003 6.851540e+003 5.079940e+003 2.765584e+003 2.768646e+003 8.091915e+000 3.526717e+000 9.090628e+000 7.624452e+000 6.333544e+000 6.720529e+000 1.287930e+000 3.752549e+000
<GCONST> 1.423711e+002
<TRANSP> 5
 0.000000e+000 1.000000e+000 0.000000e+000 0.000000e+000 0.000000e+000
 0.000000e+000 8.933446e-001 1.066554e-001 0.000000e+000 0.000000e+000
 0.000000e+000 0.000000e+000 9.554640e-001 4.453602e-002 0.000000e+000
 0.000000e+000 0.000000e+000 0.000000e+000 8.291181e-001 1.708819e-001
 0.000000e+000 0.000000e+000 0.000000e+000 0.000000e+000 0.000000e+000
<ENDHMM>
~h "FN"
<BEGINHMM>
<NUMSTATES> 5
<STATE> 2
<NUMMIXES> 2
<MIXTURE> 1 1.728840e-001
<MEAN> 22
 4.209672e+001 2.104282e+001 1.938713e+001 1.153713e+001 1.587864e+002 5.973611e+001 1.145948e+002 1.018202e+002 8.323916e+001 6.341894e+001 1.146061e+002 1.898174e+002 1.123630e+002 1.220002e+002 3.201970e+000 4.712898e+000 4.277743e+000 5.697075e+000 3.983146e+000 5.587235e+000 4.316930e+000 2.681117e+000
<VARIANCE> 22
 5.731523e+003 4.258423e+003 4.961691e+003 2.947860e+003 1.709861e+004 1.218179e+004 1.985981e+003 6.096367e+002 3.518225e+002 9.537857e+001 6.370301e+003 2.649684e+003 5.424778e+002 1.797671e+002 6.900627e+000 5.674654e-001 8.051476e+000 3.311997e-001 3.201130e+000 1.862271e+000 5.527569e+000 6.864326e+000
<GCONST> 1.534208e+002
<MIXTURE> 2 8.271161e-001
<MEAN> 22
 5.002808e+000 7.426929e+000 1.282947e+000 1.882113e+000 1.328409e+002 1.121692e+002 9.265072e+001 9.329776e+001 6.940923e+001 6.250180e+001 1.198227e+002 1.165460e+002 9.987776e+001 1.034888e+002 3.882661e+000 3.479774e+000 4.440866e+000 4.851913e+000 4.450643e+000 3.556625e+000 2.521050e+000 2.369073e+000
<VARIANCE> 22
 6.110175e+001 1.340690e+002 3.300596e+000 8.498386e+000 2.477710e+004 1.566989e+004 1.729660e+003 1.216370e+003 5.424915e+002 3.884012e+002 6.630570e+003 7.008114e+003 1.305280e+003 8.965967e+002 7.922723e+000 2.658493e+000 7.230816e+000 2.816658e+000 3.223565e+000 6.529288e+000 6.173025e+000 5.496986e+000
<GCONST> 1.436325e+002
<STATE> 3
<NUMMIXES> 2
<MIXTURE> 1 5.268712e-001
<MEAN> 22
 2.011419e+000 1.667030e+001 7.381259e-001 3.726199e+000 9.893716e+000 1.005080e+002 9.964505e+001 8.862935e+001 6.144490e+001 6.981561e+001 2.003936e+002 1.118139e+002 1.186274e+002 1.099317e+002 6.996142e+000 3.636295e+000 6.134891e+000 5.162251e+000 5.999325e+000 3.810761e+000 2.101828e+000 3.730385e+000
<VARIANCE> 22
 1.271610e+001 3.016065e+002 3.300596e+000 2.323813e+001 1.710415e+002 5.657370e+003 2.689334e+002 1.369468e+003 6.239227e+001 2.075450e+002 4.707915e+002 4.339733e+003 1.517143e+002 1.571784e+002 6.504287e-002 1.737253e+000 1.166901e-001 1.058392e+000 2.082488e-002 6.619784e+000 6.248394e+000 5.306351e+000
<GCONST> 1.109504e+002
<MIXTURE> 2 4.731291e-001
<MEAN> 22
 9.145814e-001 9.109624e+000 4.606637e-001 2.358139e+000 8.400276e+000 1.599107e+002 8.452942e+001 1.008097e+002 5.499532e+001 6.383913e+001 1.780769e+002 3.034172e+001 1.070061e+002 9.097362e+001 6.909484e+000 2.128320e+000 6.002770e+000 4.364532e+000 5.948814e+000 1.256910e+000 1.268693e+000 3.210179e+000
<VARIANCE> 22
 4.801632e+000 1.072336e+002 3.300596e+000 8.265970e+000 5.305049e+002 1.358841e+003 1.036878e+002 6.150330e+002 3.293290e+001 7.349496e+001 4.348925e+002 6.581746e+002 5.966262e+001 1.549530e+002 4.355350e-001 1.841258e-001 3.225261e-002 1.546240e+000 1.385336e-001 4.909663e-001 4.443293e+000 5.558476e+000
<GCONST> 9.901993e+001
<STATE> 4
<NUMMIXES> 2
<MIXTURE> 1 7.279537e-001
<MEAN> 22
 1.080974e+001 2.559533e+000 2.868444e+000 1.033423e+000 1.107097e+002 1.914838e+001 1.025741e+002 9.781699e+001 7.343287e+001 5.727437e+001 9.966172e+001 1.979796e+002 1.057634e+002 1.177701e+002 3.419917e+000 4.998484e+000 4.553774e+000 5.818799e+000 4.038881e+000 5.989951e+000 3.542215e+000 2.136613e+000
<VARIANCE> 22
 1.629188e+002 2.227711e+001 1.329268e+001 2.759678e+000 5.628224e+003 7.501017e+002 1.226006e+003 2.562941e+002 2.071006e+002 7.584521e+001 6.385812e+003 4.541020e+002 4.209358e+002 1.417506e+002 6.640931e+000 1.793315e-002 7.137998e+000 1.483689e-001 2.714718e+000 5.618803e-002 6.159191e+000 6.063504e+000
<GCONST> 1.153540e+002
<MIXTURE> 2 2.720462e-001
<MEAN> 22
 6.815451e+000 5.965334e+000 1.844681e+000 1.493057e+000 5.031816e+001 3.882322e+001 5.462146e+001 3.665385e+001 6.519098e+001 5.651616e+001 7.810896e+001 1.008209e+002 9.847722e+001 1.001610e+002 2.727551e+000 3.069565e+000 5.606809e+000 5.761707e+000 3.827257e+000 2.902675e+000 2.822878e+000 2.530100e+000
<VARIANCE> 22
 1.258145e+002 1.132567e+002 1.086058e+001 5.994720e+000 1.302172e+003 1.150451e+003 1.298540e+003 3.433829e+002 8.347038e+001 4.428620e+001 1.938478e+003 7.417812e+002 1.367585e+002 7.927756e+001 3.778077e+000 2.567932e+000 2.887191e+000 3.445973e-001 8.093545e-001 1.044243e+001 6.415924e+000 6.165844e+000
<GCONST> 1.211658e+002
<TRANSP> 5
 0.000000e+000 1.000000e+000 0.000000e+000 0.000000e+000 0.000000e+000
 0.000000e+000 7.571738e-001 2.428261e-001 0.000000e+000 0.000000e+000
 0.000000e+000 0.000000e+000 9.550155e-001 4.498447e-002 0.000000e+000
 0.000000e+000 0.000000e+000 0.000000e+000 9.170332e-001 8.296675e-002
 0.000000e+000 0.000000e+000 0.000000e+000 0.000000e+000 0.000000e+000
<ENDHMM>
~h "FU"
<BEGINHMM>
<NUMSTATES> 5
<STATE> 2
<NUMMIXES> 2
<MIXTURE> 1 7.288874e-001
<MEAN> 22
 1.108634e+001 1.549460e+000 2.590591e+000 7.588974e-001 1.332059e+002 1.540737e+001 1.021422e+002 9.634766e+001 6.725479e+001 5.553191e+001 6.616448e+001 1.951852e+002 1.026365e+002 1.152806e+002 2.928869e+000 4.999462e+000 3.582635e+000 5.873528e+000 3.540531e+000 5.998678e+000 3.278511e+000 1.844313e+000
<VARIANCE> 22
 2.723315e+002 6.981706e+000 1.374112e+001 2.164982e+000 5.729688e+003 5.400060e+002 1.034214e+003 1.677642e+002 1.664456e+002 4.981249e+001 4.669679e+003 2.946953e+002 2.232047e+002 1.143762e+002 4.615887e+000 1.793315e-002 8.073494e+000 1.104724e-001 1.873163e+000 5.618803e-002 6.315477e+000 5.387262e+000
<GCONST> 1.103603e+002
<MIXTURE> 2 2.711134e-001
<MEAN> 22
 5.722673e+000 6.098452e+000 2.137111e+000 1.584732e+000 8.115534e+001 5.203345e+001 9.047935e+001 6.558894e+001 5.835386e+001 5.504066e+001 5.744024e+001 1.342593e+002 9.281218e+001 9.958956e+001 2.577577e+000 4.043944e+000 4.142741e+000 5.571769e+000 3.320802e+000 4.697012e+000 2.877622e+000 2.794057e+000
<VARIANCE> 22
 9.039312e+001 1.047555e+002 1.367336e+001 7.456258e+000 3.805306e+003 2.401050e+003 1.263315e+003 7.213234e+002 1.838630e+002 9.746095e+001 3.152409e+003 2.188805e+003 2.621394e+002 9.561889e+001 3.141609e+000 1.704135e+000 6.482671e+000 4.661071e-001 1.630734e+000 5.869296e+000 5.964537e+000 5.657078e+000
<GCONST> 1.281950e+002
<STATE> 3
<NUMMIXES> 2
<MIXTURE> 1 4.058477e-001
<MEAN> 22
 2.000590e+000 1.790176e+001 7.139054e-001 3.382469e+000 7.584284e+000 1.509327e+002 1.034760e+002 9.594955e+001 6.271894e+001 7.043531e+001 2.062387e+002 6.222840e+001 1.219042e+002 1.069959e+002 6.997805e+000 2.664440e+000 6.150859e+000 4.695887e+000 5.999461e+000 2.113545e+000 1.967539e+000 3.071987e+000
<VARIANCE> 22
 1.922021e+001 3.444768e+002 3.300596e+000 1.497043e+001 1.062286e+002 5.111457e+003 3.764298e+002 1.654005e+003 8.393409e+001 1.803748e+002 7.597233e+002 2.560362e+003 2.632113e+002 1.779983e+002 6.504287e-002 1.089427e+000 1.281037e-001 1.630837e+000 2.082488e-002 4.316130e+000 6.115233e+000 5.597029e+000
<GCONST> 1.114495e+002
<MIXTURE> 2 5.941517e-001
<MEAN> 22
 9.725503e-001 3.929390e+000 5.214115e-001 1.304825e+000 7.701735e+000 1.623587e+002 8.226228e+001 1.030077e+002 5.239532e+001 5.776628e+001 1.742590e+002 2.039268e+001 1.042488e+002 8.937206e+001 6.930953e+000 2.034030e+000 6.015284e+000 4.164387e+000 5.959560e+000 1.305079e+000 1.385398e+000 2.641915e+000
<VARIANCE> 22
 4.801632e+000 3.564928e+001 3.300596e+000 2.541410e+000 4.412047e+002 7.634528e+002 8.488614e+001 2.306279e+002 3.463024e+001 9.334856e+001 3.115544e+002 3.297778e+002 5.908304e+001 6.936298e+001 3.626145e-001 9.163568e-002 6.626128e-002 2.218879e+000 1.127484e-001 4.197188e-001 4.884652e+000 6.679414e+000
<GCONST> 9.336450e+001
<STATE> 4
<NUMMIXES> 2
<MIXTURE> 1 7.338837e-001
<MEAN> 22
 3.884066e+000 1.426062e+001 1.671687e+000 3.486326e+000 1.435985e+001 2.977676e+001 9.611207e+001 8.188437e+001 5.973772e+001 5.892164e+001 1.933025e+002 1.777374e+002 1.154811e+002 1.108440e+002 6.990353e+000 4.997725e+000 6.116639e+000 5.841464e+000 5.984282e+000 6.136774e+000 2.762392e+000 3.928287e+000
<VARIANCE> 22
 1.949724e+002 3.997801e+002 1.375958e+002 9.498357e+001 1.762541e+002 5.858323e+002 2.905802e+002 5.748320e+002 7.290292e+001 1.027688e+002 4.983720e+002 8.749379e+002 1.606062e+002 1.581633e+002 6.504287e-002 1.577642e-001 1.030340e-001 1.334010e-001 2.082488e-002 1.390644e-001 6.649563e+000 5.224128e+000
<GCONST> 1.056327e+002
<MIXTURE> 2 2.661160e-001
<MEAN> 22
 6.340395e+000 7.519543e+000 1.436751e+000 3.040714e+000 2.393327e+002 1.946129e+002 6.075006e+001 6.335301e+001 5.031526e+001 5.105726e+001 1.068738e+002 8.625572e+001 7.993444e+001 7.225378e+001 3.419112e+000 2.817852e+000 4.335789e+000 3.868753e+000 3.796390e+000 3.178660e+000 2.255795e+000 2.180063e+000
<VARIANCE> 22
 1.779277e+002 2.400331e+002 9.957663e+000 6.032683e+001 4.421198e+004 2.420967e+004 2.259986e+003 2.602816e+003 9.988232e+002 1.173331e+003 7.599414e+003 6.054555e+003 2.608485e+003 2.389798e+003 9.026423e+000 4.515699e+000 7.322454e+000 5.978830e+000 5.857972e+000 8.123340e+000 6.966321e+000 6.346127e+000
<GCONST> 1.562747e+002
<TRANSP> 5
 0.000000e+000 1.000000e+000 0.000000e+000 0.000000e+000 0.000000e+000
 0.000000e+000 9.264854e-001 7.351466e-002 0.000000e+000 0.000000e+000
 0.000000e+000 0.000000e+000 9.442271e-001 5.577284e-002 0.000000e+000
 0.000000e+000 0.000000e+000 0.000000e+000 8.483180e-001 1.516820e-001
 0.000000e+000 0.000000e+000 0.000000e+000 0.000000e+000 0.000000e+000
<ENDHMM>
~h "MC"
<BEGINHMM>
<NUMSTATES> 5
<STATE> 2
<NUMMIXES> 2
<MIXTURE> 1 1.034000e-001
<MEAN> 22
 1.771715e+001 3.325673e+001 1.213789e+001 9.330568e+000 1.569716e+002 1.793947e+002 1.157559e+002 6.495602e+001 7.726111e+001 7.757865e+001 1.991144e+002 1.168421e+002 1.355225e+002 1.207689e+002 5.467035e+000 3.218650e+000 6.341056e+000 5.778069e+000 5.308408e+000 2.747131e+000 2.224930e+000 3.005213e+000
<VARIANCE> 22
 3.034195e+003 4.425760e+003 2.705135e+003 1.587082e+003 4.836500e+004 2.075426e+004 2.051981e+003 1.107375e+003 2.642149e+002 1.772691e+002 7.920600e+003 3.110085e+003 1.278248e+003 4.408040e+002 5.722290e+000 1.506904e+000 7.563083e-001 3.712132e-001 1.252735e+000 8.524817e+000 6.080482e+000 5.288238e+000
<GCONST> 1.552210e+002
<MIXTURE> 2 8.966001e-001
<MEAN> 22
 6.536540e+000 7.103051e+000 1.871490e+000 2.211106e+000 6.336098e+001 5.566123e+001 6.328629e+001 6.448516e+001 7.400287e+001 6.761890e+001 1.195292e+002 1.262233e+002 1.046441e+002 1.060384e+002 3.557821e+000 3.724246e+000 6.237029e+000 5.720817e+000 4.820795e+000 4.057121e+000 2.899327e+000 2.692647e+000
<VARIANCE> 22
 7.361832e+001 7.671051e+001 5.951146e+000 8.690584e+000 2.245334e+003 2.068803e+003 7.263301e+002 1.107709e+003 3.152087e+002 2.691194e+002 2.735837e+003 3.117137e+003 2.121477e+002 1.970918e+002 8.344396e+000 1.687903e+000 3.379836e-001 2.485911e-001 1.311004e+000 8.620050e+000 5.966655e+000 5.621531e+000
<GCONST> 1.260217e+002
<STATE> 3
<NUMMIXES> 2
<MIXTURE> 1 4.095048e-001
<MEAN> 22
 2.376736e+000 1.368175e+001 7.963453e-001 4.114119e+000 1.064903e+001 9.582575e+001 1.028433e+002 7.210587e+001 6.327050e+001 8.430989e+001 2.038238e+002 1.113108e+002 1.210261e+002 1.102079e+002 6.972868e+000 3.591639e+000 6.133196e+000 5.469561e+000 5.983931e+000 3.272108e+000 2.184818e+000 3.405865e+000
<VARIANCE> 22
 1.755406e+001 1.434874e+002 3.300596e+000 2.032177e+001 3.108539e+002 4.033075e+003 3.588116e+002 1.148374e+003 6.801966e+001 6.371263e+002 6.416558e+002 2.963355e+003 1.826863e+002 1.410471e+002 1.148530e-001 1.497309e+000 1.263268e-001 4.831156e-001 3.497705e-002 8.771267e+000 6.098104e+000 5.211231e+000
<GCONST> 1.124533e+002
<MIXTURE> 2 5.904949e-001
<MEAN> 22
 9.271802e-001 7.203865e+000 5.419213e-001 2.082645e+000 5.849367e+000 1.082709e+002 8.592760e+001 5.070655e+001 5.231722e+001 7.720138e+001 1.791573e+002 6.851699e+001 1.071267e+002 9.143073e+001 6.991962e+000 2.676106e+000 6.000899e+000 5.734585e+000 5.999108e+000 1.690664e+000 1.578594e+000 3.123101e+000
<VARIANCE> 22
 4.801632e+000 4.464400e+001 3.300596e+000 4.804488e+000 4.956259e+001 8.202229e+002 6.832429e+001 4.263325e+002 4.341692e+001 2.415672e+002 1.319312e+002 7.742335e+002 4.659733e+001 1.624381e+002 6.504287e-002 7.285149e-001 2.326111e-002 2.406508e-001 2.082488e-002 7.161032e+000 5.407009e+000 5.061777e+000
<GCONST> 9.235254e+001
<STATE> 4
<NUMMIXES> 2
<MIXTURE> 1 6.800644e-001
<MEAN> 22
 9.220124e+000 3.672614e+000 2.892644e+000 1.400267e+000 7.099406e+001 1.607998e+001 6.988660e+001 9.901089e+001 7.789688e+001 5.787931e+001 1.357321e+002 1.994510e+002 1.140923e+002 1.180459e+002 3.780388e+000 4.991033e+000 6.276214e+000 5.807544e+000 4.926058e+000 6.001245e+000 3.283991e+000 2.827624e+000
<VARIANCE> 22
 8.793272e+001 3.960551e+001 1.365635e+001 5.871906e+000 2.791059e+003 2.649707e+002 9.521850e+002 2.809506e+002 4.576611e+002 6.141763e+001 3.198637e+003 4.750657e+002 2.096568e+002 1.122480e+002 8.938741e+000 1.793315e-002 2.104674e-001 1.554149e-001 1.222819e+000 5.618803e-002 5.890359e+000 6.286625e+000
<GCONST> 1.092110e+002
<MIXTURE> 2 3.199358e-001
<MEAN> 22
 5.861337e+000 2.774889e+000 1.521965e+000 8.802199e-001 8.299496e+001 3.822878e+001 4.704219e+001 5.356049e+001 6.421843e+001 5.240340e+001 6.698598e+001 1.283301e+002 9.031584e+001 9.684616e+001 1.729504e+000 3.875396e+000 5.909691e+000 5.585845e+000 3.616023e+000 4.762225e+000 2.999545e+000 2.221369e+000
<VARIANCE> 22
 3.768452e+001 3.073817e+001 3.457749e+000 2.430460e+000 6.422327e+003 4.274902e+003 6.140906e+002 7.812712e+002 3.048985e+002 1.356708e+002 1.105410e+003 2.007979e+003 3.393615e+002 3.315242e+002 1.339511e+000 2.241839e+000 1.341555e+000 1.147160e+000 1.025604e+000 7.345198e+000 6.257677e+000 5.843505e+000
<GCONST> 1.238489e+002
<TRANSP> 5
 0.000000e+000 1.000000e+000 0.000000e+000 0.000000e+000 0.000000e+000
 0.000000e+000 8.555981e-001 1.444019e-001 0.000000e+000 0.000000e+000
 0.000000e+000 0.000000e+000 9.601200e-001 3.987995e-002 0.000000e+000
 0.000000e+000 0.000000e+000 0.000000e+000 9.052149e-001 9.478511e-002
 0.000000e+000 0.000000e+000 0.000000e+000 0.000000e+000 0.000000e+000
<ENDHMM>
~h "NU"
<BEGINHMM>
<NUMSTATES> 5
<STATE> 2
<NUMMIXES> 2
<MIXTURE> 1 8.052989e-001
<MEAN> 22
 8.182212e+000 1.146757e+001 2.998307e+000 2.814916e+000 9.920909e+001 8.826900e+001 9.366158e+001 8.158920e+001 7.183318e+001 6.318707e+001 1.625413e+002 1.465202e+002 1.133413e+002 1.155350e+002 4.886987e+000 4.105377e+000 5.891186e+000 5.600675e+000 5.100056e+000 4.240806e+000 2.673172e+000 2.575598e+000
<VARIANCE> 22
 6.206334e+002 1.116919e+003 4.398843e+002 2.786067e+002 2.114509e+004 1.301715e+004 1.477148e+003 9.844984e+002 2.306242e+002 1.201780e+002 4.350661e+003 3.633857e+003 9.187415e+002 2.553843e+002 7.906930e+000 1.299970e+000 2.488122e+000 3.672574e-001 2.233216e+000 6.097698e+000 6.139667e+000 5.280468e+000
<GCONST> 1.467236e+002
<MIXTURE> 2 1.947010e-001
<MEAN> 22
 -1.307102e-018 -7.675016e-019 -3.080356e-022 3.607673e-020 5.315967e+002 4.080164e+002 -4.569509e-013 -1.158159e-012 3.552714e-015 -6.670547e-013 1.470412e-012 -3.393751e-014 -1.602469e-012 1.738044e-012 -3.587875e-014 -2.092145e-014 3.161046e-014 -1.442170e-017 4.223259e-015 1.280059e-014 -1.999261e-018 5.637545e-019
<VARIANCE> 22
 4.801632e+000 4.063125e+000 3.300596e+000 2.164982e+000 3.309075e+003 2.711509e+003 9.838196e+000 1.115232e+001 2.936353e+000 3.516743e+000 3.745900e+001 4.440890e+001 4.184655e+000 3.870682e+000 6.504287e-002 1.793315e-002 2.326111e-002 1.170389e-002 2.082488e-002 5.618803e-002 6.153807e-002 6.060927e-002
<GCONST> 5.130988e+001
<STATE> 3
<NUMMIXES> 2
<MIXTURE> 1 5.328453e-001
<MEAN> 22
 1.757840e+000 1.314018e+001 6.110479e-001 3.317258e+000 9.481766e+000 8.504955e+001 9.988118e+001 7.533985e+001 6.126046e+001 6.713972e+001 2.001432e+002 1.184269e+002 1.188718e+002 1.105299e+002 6.998481e+000 3.825148e+000 6.137428e+000 5.394322e+000 5.998475e+000 4.035416e+000 1.816677e+000 3.443269e+000
<VARIANCE> 22
 1.280380e+001 1.811693e+002 3.300596e+000 1.534569e+001 1.456121e+002 3.543088e+003 2.925555e+002 9.408544e+002 6.566985e+001 1.587113e+002 5.520982e+002 2.761810e+003 1.980877e+002 1.688891e+002 6.504287e-002 1.132330e+000 1.185419e-001 4.317222e-001 2.082488e-002 6.419527e+000 5.757730e+000 5.185863e+000
<GCONST> 1.074969e+002
<MIXTURE> 2 4.671537e-001
<MEAN> 22
 7.909014e-001 3.506368e+000 3.915450e-001 1.397400e+000 1.068635e+001 1.103237e+002 8.369740e+001 6.588174e+001 5.486959e+001 6.062269e+001 1.763060e+002 6.818658e+001 1.065355e+002 9.750782e+001 6.903361e+000 2.775621e+000 6.025191e+000 5.182568e+000 5.928092e+000 1.296162e+000 1.217147e+000 2.905843e+000
<VARIANCE> 22
 4.801632e+000 2.078322e+001 3.300596e+000 3.228875e+000 6.970883e+002 8.936680e+002 1.647653e+002 4.337560e+002 3.898470e+001 6.540959e+001 3.982742e+002 6.089967e+002 6.273734e+001 1.004026e+002 5.107892e-001 2.651047e-001 6.144632e-002 3.257787e-001 1.626865e-001 1.226538e+000 4.444938e+000 6.041212e+000
<GCONST> 9.668090e+001
<STATE> 4
<NUMMIXES> 2
<MIXTURE> 1 5.767618e-001
<MEAN> 22
 8.310765e+000 4.024994e+000 2.458038e+000 1.338839e+000 7.472392e+001 1.370527e+001 8.191318e+001 9.729373e+001 6.972148e+001 5.609827e+001 1.352722e+002 1.965147e+002 1.134661e+002 1.167416e+002 3.902582e+000 5.000000e+000 6.511527e+000 5.912387e+000 4.622816e+000 5.995667e+000 3.293331e+000 2.583853e+000
<VARIANCE> 22
 1.009330e+002 4.405728e+001 9.834973e+000 4.005752e+000 3.075417e+003 2.105229e+002 7.010903e+002 2.602582e+002 2.356734e+002 6.183414e+001 3.762953e+003 4.369386e+002 2.342759e+002 1.266059e+002 9.206076e+000 1.793315e-002 2.538017e-001 7.993782e-002 2.702868e+000 5.618803e-002 6.240564e+000 6.429131e+000
<GCONST> 1.083075e+002
<MIXTURE> 2 4.232385e-001
<MEAN> 22
 4.670920e+000 5.031854e+000 1.338483e+000 1.656447e+000 6.316717e+001 6.519127e+001 6.108967e+001 5.640481e+001 6.823880e+001 5.671353e+001 8.737339e+001 9.919989e+001 1.018775e+002 1.001321e+002 1.760581e+000 3.117020e+000 5.894239e+000 5.460803e+000 3.745873e+000 2.714517e+000 2.652707e+000 2.643375e+000
<VARIANCE> 22
 5.327959e+001 6.082313e+001 3.653427e+000 7.656264e+000 2.754912e+003 2.826173e+003 1.302179e+003 1.030587e+003 1.482343e+002 5.590118e+001 1.909237e+003 1.543467e+003 1.175149e+002 1.351792e+002 2.802897e+000 1.447986e+000 3.646597e+000 3.741294e-001 1.661780e+000 7.226106e+000 6.219811e+000 6.087106e+000
<GCONST> 1.232483e+002
<TRANSP> 5
 0.000000e+000 1.000000e+000 0.000000e+000 0.000000e+000 0.000000e+000
 0.000000e+000 7.035418e-001 2.964583e-001 0.000000e+000 0.000000e+000
 0.000000e+000 0.000000e+000 9.501841e-001 4.981588e-002 0.000000e+000
 0.000000e+000 0.000000e+000 0.000000e+000 9.159012e-001 8.409882e-002
 0.000000e+000 0.000000e+000 0.000000e+000 0.000000e+000 0.000000e+000
<ENDHMM>
~h "OK"
<BEGINHMM>
<NUMSTATES> 5
<STATE> 2
<NUMMIXES> 2
<MIXTURE> 1 5.454054e-001
<MEAN> 22
 1.667265e+001 3.324128e+000 4.973539e+000 1.662946e+000 1.129505e+002 1.318464e+001 1.011900e+002 1.002235e+002 7.943389e+001 5.597886e+001 1.029003e+002 2.045974e+002 1.158050e+002 1.206843e+002 2.872846e+000 4.994877e+000 5.185280e+000 5.946518e+000 3.878996e+000 5.994890e+000 3.566440e+000 2.212239e+000
<VARIANCE> 22
 6.080237e+002 2.857512e+002 3.310037e+002 1.913378e+002 4.940097e+003 2.279399e+002 8.650916e+002 1.739799e+002 2.268278e+002 4.757829e+001 4.854878e+003 2.735453e+002 2.291078e+002 9.272514e+001 7.211380e+000 1.793315e-002 7.754931e+000 5.062212e-002 2.828015e+000 5.618803e-002 5.917428e+000 5.988091e+000
<GCONST> 1.215081e+002
<MIXTURE> 2 4.545945e-001
<MEAN> 22
 9.472105e+000 4.591127e+000 2.360686e+000 1.371036e+000 9.076942e+001 4.705071e+001 9.469483e+001 6.689197e+001 7.176543e+001 5.499878e+001 7.113368e+001 1.380098e+002 9.796166e+001 1.058988e+002 2.209347e+000 4.070321e+000 3.897510e+000 5.656728e+000 3.244796e+000 4.737304e+000 3.290590e+000 2.382095e+000
<VARIANCE> 22
 1.705105e+002 8.357825e+001 9.049576e+000 7.258944e+000 3.920292e+003 2.989675e+003 1.461244e+003 9.516810e+002 1.876248e+002 1.087518e+002 2.623809e+003 2.596261e+003 2.347071e+002 1.322785e+002 3.784195e+000 1.337448e+000 9.325192e+000 4.019052e-001 2.067226e+000 6.227450e+000 6.216951e+000 5.895404e+000
<GCONST> 1.297053e+002
<STATE> 3
<NUMMIXES> 2
<MIXTURE> 1 5.420765e-001
<MEAN> 22
 2.586536e+000 1.557452e+001 9.289300e-001 3.463023e+000 1.176332e+001 7.739017e+001 1.005907e+002 9.217439e+001 6.147114e+001 6.990221e+001 2.025337e+002 1.421620e+002 1.202179e+002 1.145603e+002 6.997105e+000 4.149470e+000 6.089393e+000 5.347052e+000 5.999400e+000 4.636710e+000 2.324142e+000 3.565657e+000
<VARIANCE> 22
 2.285421e+001 3.416169e+002 3.300596e+000 1.725624e+001 1.920791e+002 5.208922e+003 2.648764e+002 9.709371e+002 6.526126e+001 2.931536e+002 4.648625e+002 3.615883e+003 1.700380e+002 1.455844e+002 6.504287e-002 1.129398e+000 8.139919e-002 5.971482e-001 2.082488e-002 4.882950e+000 6.436784e+000 5.640389e+000
<GCONST> 1.096938e+002
<MIXTURE> 2 4.579238e-001
<MEAN> 22
 1.024628e+000 7.673347e+000 6.153092e-001 2.313279e+000 7.989308e+000 1.438958e+002 8.487452e+001 9.616742e+001 5.264834e+001 6.831025e+001 1.814341e+002 4.743523e+001 1.088094e+002 9.719980e+001 6.948777e+000 2.465267e+000 6.015404e+000 4.538005e+000 5.981527e+000 1.500800e+000 1.618575e+000 3.190473e+000
<VARIANCE> 22
 4.801632e+000 1.013216e+002 3.300596e+000 8.491709e+000 3.668831e+002 1.172282e+003 9.189476e+001 5.381196e+002 3.838653e+001 8.554037e+001 2.096956e+002 3.528459e+002 5.449904e+001 8.424004e+001 2.984143e-001 2.752665e-001 4.458890e-002 4.476274e-001 5.439338e-002 4.162933e-001 5.508401e+000 5.836765e+000
<GCONST> 9.474368e+001
<STATE> 4
<NUMMIXES> 2
<MIXTURE> 1 7.389454e-001
<MEAN> 22
 6.643258e+000 7.099607e+000 2.002939e+000 2.009098e+000 5.014100e+001 3.239355e+001 8.051457e+001 8.052988e+001 6.283564e+001 5.573514e+001 1.577435e+002 1.719522e+002 1.063679e+002 1.091963e+002 5.621814e+000 4.896887e+000 6.225678e+000 5.814588e+000 5.376679e+000 5.951202e+000 2.690023e+000 3.146957e+000
<VARIANCE> 22
 1.094035e+002 1.299273e+002 1.526339e+001 9.736834e+000 2.346709e+003 1.243506e+003 7.531415e+002 5.089275e+002 1.091065e+002 9.289333e+001 2.600620e+003 1.220236e+003 3.478064e+002 1.480137e+002 5.905993e+000 3.664432e-001 3.644212e-001 1.780083e-001 1.604488e+000 1.025910e+000 5.988748e+000 6.478082e+000
<GCONST> 1.199761e+002
<MIXTURE> 2 2.610541e-001
<MEAN> 22
 2.035576e+000 2.282159e+000 8.424224e-001 6.685796e-001 2.034747e+002 1.739803e+002 5.152893e+001 4.213148e+001 4.863644e+001 4.224881e+001 7.088990e+001 6.498405e+001 6.728352e+001 7.029305e+001 1.805571e+000 1.792889e+000 2.867732e+000 3.676111e+000 2.689399e+000 1.686417e+000 1.547135e+000 1.660233e+000
<VARIANCE> 22
 1.898299e+001 2.240636e+001 3.300596e+000 2.164982e+000 4.699647e+004 2.674558e+004 3.362757e+003 1.706734e+003 1.237490e+003 9.697723e+002 6.552682e+003 3.544389e+003 3.043419e+003 2.572653e+003 4.380827e+000 3.074695e+000 9.438423e+000 6.923522e+000 4.908237e+000 6.131549e+000 4.846614e+000 5.135374e+000
<GCONST> 1.451985e+002
<TRANSP> 5
 0.000000e+000 1.000000e+000 0.000000e+000 0.000000e+000 0.000000e+000
 0.000000e+000 8.947568e-001 1.052432e-001 0.000000e+000 0.000000e+000
 0.000000e+000 0.000000e+000 9.409357e-001 5.906427e-002 0.000000e+000
 0.000000e+000 0.000000e+000 0.000000e+000 7.642194e-001 2.357805e-001
 0.000000e+000 0.000000e+000 0.000000e+000 0.000000e+000 0.000000e+000
<ENDHMM>
~h "PF"
<BEGINHMM>
<NUMSTATES> 5
<STATE> 2
<NUMMIXES> 2
<MIXTURE> 1 2.435067e-001
<MEAN> 22
 1.624711e+001 2.201733e+001 1.123936e+001 1.066008e+001 2.175411e+002 1.880390e+002 1.027527e+002 9.483659e+001 6.501514e+001 6.775732e+001 1.987910e+002 1.677543e+002 1.163626e+002 1.159792e+002 6.796227e+000 4.567112e+000 6.136931e+000 5.532403e+000 5.882341e+000 5.281772e+000 2.829216e+000 2.708670e+000
<VARIANCE> 22
 4.092234e+003 3.380333e+003 3.454783e+003 2.268487e+003 6.556243e+004 3.683332e+004 6.134799e+002 9.312465e+002 6.751498e+001 1.769160e+002 1.623507e+003 3.415146e+003 3.327127e+002 2.412773e+002 9.354471e-001 9.955929e-001 4.094869e-001 5.910053e-001 3.330343e-001 3.425331e+000 6.559319e+000 6.084950e+000
<GCONST> 1.461489e+002
<MIXTURE> 2 7.564927e-001
<MEAN> 22
 6.170560e+000 8.430743e+000 1.485254e+000 2.387305e+000 9.231527e+001 1.520576e+002 8.372610e+001 1.160880e+002 7.128033e+001 7.456129e+001 1.354670e+002 8.658055e+001 1.010608e+002 9.334937e+001 3.744579e+000 2.815861e+000 5.401761e+000 4.200818e+000 4.846022e+000 2.565035e+000 2.403902e+000 2.736131e+000
<VARIANCE> 22
 1.099963e+002 1.519423e+002 8.581434e+000 9.598996e+000 1.679710e+004 9.985191e+003 1.890049e+003 3.036778e+003 5.565806e+002 7.631065e+002 4.941309e+003 4.143502e+003 1.111623e+003 6.477890e+002 9.486778e+000 1.819420e+000 4.871526e+000 2.455261e+000 2.735162e+000 4.539800e+000 6.217569e+000 4.986167e+000
<GCONST> 1.436334e+002
<STATE> 3
<NUMMIXES> 2
<MIXTURE> 1 5.260239e-001
<MEAN> 22
 2.154234e+000 2.045873e+001 8.674273e-001 4.830762e+000 1.031448e+001 1.001069e+002 9.737128e+001 1.039707e+002 6.033913e+001 7.424496e+001 1.981658e+002 1.278264e+002 1.178859e+002 1.086861e+002 6.996357e+000 3.792326e+000 6.057045e+000 4.961788e+000 5.999312e+000 4.038996e+000 2.252080e+000 3.760470e+000
<VARIANCE> 22
 1.236223e+001 3.859320e+002 3.300596e+000 2.730519e+001 1.382345e+002 6.544374e+003 2.340663e+002 1.525517e+003 4.778852e+001 3.899383e+002 4.358224e+002 3.778296e+003 1.392523e+002 1.564566e+002 6.504287e-002 1.402031e+000 5.379092e-002 1.003797e+000 2.082488e-002 5.013150e+000 6.291141e+000 5.229151e+000
<GCONST> 1.099621e+002
<MIXTURE> 2 4.739761e-001
<MEAN> 22
 1.030266e+000 7.184355e+000 5.417742e-001 2.954546e+000 1.124542e+001 1.844123e+002 8.802008e+001 1.345357e+002 5.589812e+001 8.356992e+001 1.803409e+002 5.305804e+001 1.090693e+002 8.709735e+001 6.894297e+000 2.413096e+000 6.039333e+000 3.468648e+000 5.940109e+000 1.705359e+000 1.517378e+000 3.200282e+000
<VARIANCE> 22
 4.801632e+000 6.743001e+001 3.300596e+000 1.208470e+001 8.780021e+002 1.454453e+003 1.772232e+002 5.528938e+002 5.907958e+001 2.069628e+002 5.398661e+002 9.182902e+002 6.081875e+001 1.499306e+002 5.460321e-001 3.409619e-001 3.454271e-001 5.616140e-001 1.785476e-001 5.685142e-001 5.448826e+000 4.331349e+000
<GCONST> 1.046480e+002
<STATE> 4
<NUMMIXES> 2
<MIXTURE> 1 7.833269e-001
<MEAN> 22
 1.159341e+001 2.284582e+000 3.470377e+000 9.742063e-001 1.310222e+002 2.130436e+001 1.293157e+002 9.915922e+001 8.261533e+001 5.682222e+001 1.143736e+002 1.985950e+002 1.047000e+002 1.179790e+002 3.008837e+000 5.000559e+000 3.291463e+000 5.814343e+000 3.515159e+000 5.998809e+000 3.335765e+000 2.406158e+000
<VARIANCE> 22
 2.187420e+002 1.921923e+001 2.270048e+001 3.045920e+000 6.814155e+003 8.776041e+002 1.698934e+003 2.073793e+002 4.381875e+002 7.148524e+001 4.664608e+003 3.930874e+002 4.069307e+002 1.285662e+002 7.033441e+000 1.793315e-002 8.492711e+000 1.511900e-001 3.831969e+000 5.618803e-002 6.893849e+000 6.269689e+000
<GCONST> 1.174388e+002
<MIXTURE> 2 2.166733e-001
<MEAN> 22
 7.083600e+000 5.396141e+000 2.679422e+000 1.825811e+000 6.045592e+001 2.878180e+001 8.319437e+001 4.133568e+001 7.951431e+001 5.725728e+001 8.236398e+001 1.087447e+002 9.712183e+001 1.019547e+002 2.334371e+000 3.296285e+000 4.035307e+000 5.622907e+000 3.496896e+000 3.194120e+000 2.845575e+000 2.495913e+000
<VARIANCE> 22
 1.426897e+002 1.011987e+002 2.313992e+001 8.855995e+000 1.833938e+003 7.956747e+002 3.614759e+003 5.480175e+002 3.590141e+002 5.545744e+001 1.519424e+003 5.513817e+002 2.120391e+002 5.791266e+001 3.293482e+000 1.971489e+000 6.773776e+000 3.020696e-001 1.349872e+000 9.779221e+000 6.564330e+000 5.931300e+000
<GCONST> 1.258083e+002
<TRANSP> 5
 0.000000e+000 1.000000e+000 0.000000e+000 0.000000e+000 0.000000e+000
 0.000000e+000 6.747618e-001 3.252382e-001 0.000000e+000 0.000000e+000
 0.000000e+000 0.000000e+000 9.545914e-001 4.540863e-002 0.000000e+000
 0.000000e+000 0.000000e+000 0.000000e+000 9.170813e-001 8.291873e-002
 0.000000e+000 0.000000e+000 0.000000e+000 0.000000e+000 0.000000e+000
<ENDHMM>
~h "PR"
<BEGINHMM>
<NUMSTATES> 5
<STATE> 2
<NUMMIXES> 2
<MIXTURE> 1 7.416614e-001
<MEAN> 22
 1.007151e+001 1.296442e+001 4.763841e+000 5.363595e+000 3.227988e+001 7.007312e+001 8.591776e+001 9.427722e+001 7.268629e+001 6.602058e+001 1.689794e+002 1.394488e+002 1.106071e+002 1.086999e+002 4.845016e+000 4.032846e+000 6.373092e+000 5.240623e+000 5.644413e+000 4.403547e+000 2.467251e+000 3.027755e+000
<VARIANCE> 22
 1.454932e+003 1.161179e+003 1.110362e+003 7.273654e+002 1.247855e+003 3.878287e+003 1.272984e+003 1.034644e+003 3.349575e+002 2.083281e+002 3.097700e+003 2.639204e+003 8.363607e+002 4.339362e+002 9.430312e+000 1.054529e+000 3.903781e-001 6.300285e-001 1.037642e+000 3.842916e+000 6.141683e+000 5.845259e+000
<GCONST> 1.435884e+002
<MIXTURE> 2 2.583385e-001
<MEAN> 22
 2.824458e+000 2.538999e+000 1.031215e+000 9.004032e-001 3.185386e+002 2.383696e+002 5.605735e+001 5.190598e+001 3.796021e+001 3.463106e+001 6.525538e+001 7.863306e+001 5.421437e+001 5.462078e+001 1.637500e+000 2.097524e+000 2.106336e+000 2.752141e+000 1.958389e+000 2.241128e+000 1.300835e+000 1.337866e+000
<VARIANCE> 22
 3.982955e+001 2.762760e+001 4.371774e+000 4.128941e+000 3.581172e+004 2.577293e+004 3.353925e+003 3.438901e+003 1.388179e+003 1.210993e+003 5.838613e+003 7.195223e+003 2.768825e+003 2.950878e+003 6.837366e+000 4.790695e+000 8.789054e+000 7.348722e+000 5.701918e+000 7.565033e+000 4.149276e+000 4.685411e+000
<GCONST> 1.494270e+002
<STATE> 3
<NUMMIXES> 2
<MIXTURE> 1 5.475418e-001
<MEAN> 22
 1.571303e+000 1.236539e+001 6.796489e-001 3.871337e+000 1.146790e+001 8.460787e+001 1.015448e+002 8.807021e+001 6.236045e+001 6.964060e+001 2.016619e+002 1.267625e+002 1.193903e+002 1.110175e+002 6.999180e+000 3.830404e+000 6.118751e+000 5.169053e+000 5.999697e+000 3.961612e+000 2.016045e+000 3.685622e+000
<VARIANCE> 22
 7.950273e+000 1.800055e+002 3.300596e+000 2.237426e+001 3.513109e+002 2.912974e+003 2.467442e+002 8.227435e+002 5.749206e+001 1.709092e+002 4.331100e+002 2.027054e+003 1.564390e+002 1.564546e+002 6.504287e-002 7.986524e-001 1.046502e-001 3.626610e-001 2.082488e-002 4.445695e+000 6.233912e+000 5.959650e+000
<GCONST> 1.060510e+002
<MIXTURE> 2 4.524570e-001
<MEAN> 22
 8.645415e-001 6.109529e+000 4.074323e-001 2.341026e+000 8.487515e+000 1.092026e+002 8.232258e+001 8.314883e+001 5.410015e+001 5.810750e+001 1.722278e+002 8.022767e+001 1.049250e+002 9.349618e+001 6.848826e+000 3.117289e+000 6.047462e+000 4.932954e+000 5.929264e+000 2.693179e+000 1.299277e+000 3.484893e+000
<VARIANCE> 22
 4.801632e+000 5.445504e+001 3.300596e+000 9.292161e+000 3.790948e+002 1.165796e+003 9.577006e+001 4.768972e+002 4.131683e+001 7.406062e+001 3.262353e+002 1.056810e+003 5.219637e+001 1.103334e+002 8.725166e-001 4.260723e-001 6.998169e-002 2.764924e-001 2.465178e-001 2.496815e+000 4.700197e+000 6.813466e+000
<GCONST> 1.006330e+002
<STATE> 4
<NUMMIXES> 2
<MIXTURE> 1 7.223256e-001
<MEAN> 22
 8.704206e+000 2.717335e+000 2.543147e+000 1.162633e+000 6.964242e+001 1.573729e+001 8.395677e+001 9.567221e+001 6.916182e+001 5.552635e+001 1.277996e+002 1.944772e+002 1.093820e+002 1.153318e+002 3.299254e+000 5.000307e+000 6.596418e+000 5.846485e+000 4.257170e+000 5.997578e+000 3.537129e+000 2.320527e+000
<VARIANCE> 22
 1.157068e+002 2.392329e+001 1.103595e+001 3.590326e+000 2.598278e+003 2.726442e+002 6.033560e+002 1.987587e+002 2.235325e+002 6.317098e+001 3.519550e+003 3.560779e+002 2.279449e+002 1.081851e+002 9.164915e+000 1.793315e-002 2.414713e-001 1.299461e-001 3.783623e+000 5.618803e-002 5.876277e+000 6.111540e+000
<GCONST> 1.076789e+002
<MIXTURE> 2 2.776744e-001
<MEAN> 22
 9.830284e+000 3.832547e+000 2.499402e+000 1.029645e+000 5.613640e+001 3.028591e+001 7.898239e+001 5.147593e+001 7.592329e+001 5.905333e+001 8.955658e+001 1.247659e+002 1.030295e+002 1.003822e+002 1.726626e+000 3.707863e+000 5.181221e+000 5.635870e+000 3.180306e+000 4.526428e+000 2.642480e+000 2.320197e+000
<VARIANCE> 22
 1.792572e+002 4.940895e+001 1.280952e+001 3.367986e+000 2.054995e+003 9.303374e+002 1.828657e+003 1.023898e+003 1.410563e+002 5.358547e+001 9.010741e+002 1.223744e+003 1.198510e+002 9.304124e+001 3.600321e+000 1.209618e+000 7.431607e+000 2.858057e-001 2.168759e+000 7.716036e+000 5.802608e+000 6.147884e+000
<GCONST> 1.229725e+002
<TRANSP> 5
 0.000000e+000 1.000000e+000 0.000000e+000 0.000000e+000 0.000000e+000
 0.000000e+000 6.741349e-001 3.258651e-001 0.000000e+000 0.000000e+000
 0.000000e+000 0.000000e+000 9.496938e-001 5.030623e-002 0.000000e+000
 0.000000e+000 0.000000e+000 0.000000e+000 9.164816e-001 8.351834e-002
 0.000000e+000 0.000000e+000 0.000000e+000 0.000000e+000 0.000000e+000
<ENDHMM>
~h "SP"
<BEGINHMM>
<NUMSTATES> 5
<STATE> 2
<NUMMIXES> 2
<MIXTURE> 1 6.273501e-001
<MEAN> 22
 1.336257e+001 1.830374e+001 7.924386e+000 8.928518e+000 4.222363e+001 1.132417e+002 1.008031e+002 1.132188e+002 7.228394e+001 8.410611e+001 1.801266e+002 1.186697e+002 1.192360e+002 1.107935e+002 5.703308e+000 3.571459e+000 6.013608e+000 4.675922e+000 5.554897e+000 3.546619e+000 2.438123e+000 2.626747e+000
<VARIANCE> 22
 3.482579e+003 2.344519e+003 2.842746e+003 1.708635e+003 3.248037e+003 1.066692e+004 1.660933e+003 2.077804e+003 3.385802e+002 1.230626e+003 4.335916e+003 4.046480e+003 6.809941e+002 3.093659e+002 6.156406e+000 1.708421e+000 2.040058e+000 1.594880e+000 1.105908e+000 5.850850e+000 5.917934e+000 4.518601e+000
<GCONST> 1.547242e+002
<MIXTURE> 2 3.726497e-001
<MEAN> 22
 9.910294e-001 1.484951e+000 5.299575e-001 7.895705e-001 2.607967e+002 2.461793e+002 4.077740e+001 7.093244e+001 4.965414e+001 5.288917e+001 6.339494e+001 4.343625e+001 5.472252e+001 5.383395e+001 2.181548e-001 1.549943e+000 3.511323e+000 2.089021e+000 3.020177e+000 1.039230e+000 1.217267e+000 1.610319e+000
<VARIANCE> 22
 6.095051e+000 7.603461e+000 3.300596e+000 2.164982e+000 5.936586e+004 2.129996e+004 1.844546e+003 4.558643e+003 2.047476e+003 2.422819e+003 3.778240e+003 2.268331e+003 2.369587e+003 2.341730e+003 3.694519e-001 2.328554e+000 1.126919e+001 4.025657e+000 7.883580e+000 2.474276e+000 4.322848e+000 5.591050e+000
<GCONST> 1.398687e+002
<STATE> 3
<NUMMIXES> 2
<MIXTURE> 1 5.025821e-001
<MEAN> 22
 1.578449e+000 1.887465e+001 6.078737e-001 5.089793e+000 9.092646e+000 1.332053e+002 1.018777e+002 1.138236e+002 6.343330e+001 8.219347e+001 2.012835e+002 1.037660e+002 1.197609e+002 1.055347e+002 6.998875e+000 3.334596e+000 6.154797e+000 4.449346e+000 5.999089e+000 3.283462e+000 2.008524e+000 3.637743e+000
<VARIANCE> 22
 8.211662e+000 3.812728e+002 3.300596e+000 3.641006e+001 1.185494e+002 8.057608e+003 3.463244e+002 1.864345e+003 7.950251e+001 6.030392e+002 5.785836e+002 3.180680e+003 1.883905e+002 1.943827e+002 6.504287e-002 1.432182e+000 1.308317e-001 1.256591e+000 2.082488e-002 5.010451e+000 6.161011e+000 5.516579e+000
<GCONST> 1.132176e+002
<MIXTURE> 2 4.974177e-001
<MEAN> 22
 1.081097e+000 4.646729e+000 4.520535e-001 2.481631e+000 1.074482e+001 1.817712e+002 8.657796e+001 1.330939e+002 5.684067e+001 8.611800e+001 1.753788e+002 4.643687e+001 1.058342e+002 8.502132e+001 6.878009e+000 2.123052e+000 5.999383e+000 3.231400e+000 5.942606e+000 1.510807e+000 1.348988e+000 2.545292e+000
<VARIANCE> 22
 7.072639e+000 4.101910e+001 3.300596e+000 1.329379e+001 7.426503e+002 1.345551e+003 1.825614e+002 3.478226e+002 6.327258e+001 3.412632e+002 4.342530e+002 5.068568e+002 5.614262e+001 1.256562e+002 6.557128e-001 1.955877e-001 3.934631e-001 3.292431e-001 2.377948e-001 5.758299e-001 4.794114e+000 5.932362e+000
<GCONST> 1.031640e+002
<STATE> 4
<NUMMIXES> 2
<MIXTURE> 1 6.715774e-001
<MEAN> 22
 1.331907e+001 2.869732e+000 4.278856e+000 1.028345e+000 1.350862e+002 1.622074e+001 1.228869e+002 9.880505e+001 8.945857e+001 5.784584e+001 1.036092e+002 1.975303e+002 9.987880e+001 1.175585e+002 3.080388e+000 4.996648e+000 3.461545e+000 5.839498e+000 3.882058e+000 5.993241e+000 3.422288e+000 2.169964e+000
<VARIANCE> 22
 3.369010e+002 5.027695e+001 5.492956e+001 4.694646e+000 7.900216e+003 7.126957e+002 1.504853e+003 2.002442e+002 5.854655e+002 4.961517e+001 4.105446e+003 3.214857e+002 3.826757e+002 8.797448e+001 6.479822e+000 1.793315e-002 8.171298e+000 1.347413e-001 3.120758e+000 5.618803e-002 6.306911e+000 6.281310e+000
<GCONST> 1.185588e+002
<MIXTURE> 2 3.284230e-001
<MEAN> 22
 6.418039e+000 2.225180e+000 2.499347e+000 1.088236e+000 1.081036e+002 2.232749e+001 1.144541e+002 5.374455e+001 9.155166e+001 5.714621e+001 6.627361e+001 1.256326e+002 8.827061e+001 1.022971e+002 2.126007e+000 3.797398e+000 2.737442e+000 5.682778e+000 3.152899e+000 3.690504e+000 2.987619e+000 1.982138e+000
<VARIANCE> 22
 9.629702e+001 2.574047e+001 1.589350e+001 3.911536e+000 4.268470e+003 8.303053e+002 2.661523e+003 7.117047e+002 5.153862e+002 6.741380e+001 1.146871e+003 1.503955e+003 2.990324e+002 8.464171e+001 1.776513e+000 1.614983e+000 6.179547e+000 2.966774e-001 8.712663e-001 9.108241e+000 6.461809e+000 5.828724e+000
<GCONST> 1.242293e+002
<TRANSP> 5
 0.000000e+000 1.000000e+000 0.000000e+000 0.000000e+000 0.000000e+000
 0.000000e+000 6.405610e-001 3.594390e-001 0.000000e+000 0.000000e+000
 0.000000e+000 0.000000e+000 9.577215e-001 4.227854e-002 0.000000e+000
 0.000000e+000 0.000000e+000 0.000000e+000 9.254742e-001 7.452577e-002
 0.000000e+000 0.000000e+000 0.000000e+000 0.000000e+000 0.000000e+000
<ENDHMM>
~h "ST"
<BEGINHMM>
<NUMSTATES> 5
<STATE> 2
<NUMMIXES> 2
<MIXTURE> 1 1.661436e-001
<MEAN> 22
 1.719081e+001 2.346661e+001 1.047692e+001 7.969934e+000 1.659309e+002 1.823623e+002 1.224827e+002 9.203647e+001 7.890296e+001 7.903661e+001 2.149189e+002 1.321602e+002 1.327454e+002 1.232380e+002 6.138996e+000 3.487976e+000 6.612043e+000 5.825815e+000 5.670955e+000 3.412472e+000 2.611102e+000 2.906411e+000
<VARIANCE> 22
 2.808421e+003 2.871229e+003 2.473352e+003 1.490970e+003 4.998275e+004 2.331860e+004 1.877401e+003 8.485419e+002 2.626095e+002 2.780187e+002 5.521188e+003 5.703575e+003 1.247832e+003 3.592569e+002 4.026344e+000 2.494903e+000 3.241759e-001 5.093816e-001 6.049463e-001 7.583547e+000 7.132216e+000 6.134484e+000
<GCONST> 1.538990e+002
<MIXTURE> 2 8.338557e-001
<MEAN> 22
 5.486131e+000 6.600859e+000 1.256149e+000 1.848916e+000 7.585472e+001 7.487290e+001 7.387531e+001 7.713940e+001 7.028533e+001 6.971571e+001 1.289319e+002 1.153331e+002 1.047995e+002 1.073753e+002 3.974723e+000 3.427319e+000 5.991610e+000 5.564334e+000 4.697984e+000 3.266064e+000 2.892349e+000 2.596503e+000
<VARIANCE> 22
 6.739549e+001 9.677310e+001 3.300596e+000 6.624377e+000 9.463503e+003 5.993526e+003 9.741087e+002 1.032894e+003 3.828978e+002 4.710511e+002 3.767243e+003 4.847839e+003 6.203533e+002 5.151375e+002 8.518468e+000 2.365625e+000 1.729004e+000 1.156805e+000 2.770364e+000 7.827956e+000 6.487025e+000 5.911524e+000
<GCONST> 1.358941e+002
<STATE> 3
<NUMMIXES> 2
<MIXTURE> 1 4.954590e-001
<MEAN> 22
 2.003768e+000 1.480487e+001 7.493903e-001 3.277769e+000 1.262295e+001 9.758228e+001 9.975928e+001 7.376051e+001 6.219732e+001 7.989262e+001 2.005173e+002 1.031584e+002 1.191198e+002 1.120211e+002 6.995530e+000 3.422892e+000 6.146256e+000 5.694332e+000 5.997192e+000 3.329823e+000 1.875287e+000 3.277303e+000
<VARIANCE> 22
 1.443796e+001 2.137328e+002 3.300596e+000 1.453252e+001 4.734977e+002 4.103210e+003 2.693461e+002 7.726107e+002 6.132976e+001 4.688971e+002 5.397100e+002 3.976836e+003 1.788975e+002 1.349665e+002 6.504287e-002 1.960000e+000 1.346873e-001 4.668984e-001 2.082488e-002 8.482975e+000 5.677889e+000 5.492908e+000
<GCONST> 1.108819e+002
<MIXTURE> 2 5.045409e-001
<MEAN> 22
 7.186425e-001 7.023613e+000 3.147186e-001 1.183978e+000 6.676127e+000 1.277792e+002 8.500034e+001 6.215987e+001 5.518076e+001 7.938394e+001 1.803006e+002 4.999554e+001 1.091344e+002 9.899852e+001 6.946308e+000 2.072209e+000 6.003478e+000 5.977815e+000 5.981186e+000 3.934343e-001 1.199046e+000 2.739891e+000
<VARIANCE> 22
 4.801632e+000 7.748986e+001 3.300596e+000 2.164982e+000 1.361230e+002 7.472695e+002 8.321677e+001 3.993141e+002 2.843549e+001 1.661631e+002 2.242780e+002 4.525410e+002 4.116393e+001 5.444392e+001 2.982941e-001 1.402462e-001 2.326111e-002 2.338219e-001 3.681802e-002 4.511299e-001 4.399343e+000 5.954743e+000
<GCONST> 8.874287e+001
<STATE> 4
<NUMMIXES> 2
<MIXTURE> 1 6.724490e-001
<MEAN> 22
 1.103586e+001 3.021905e+000 2.544923e+000 1.093738e+000 8.989079e+001 1.795640e+001 7.962691e+001 1.010065e+002 8.333295e+001 5.874119e+001 1.148532e+002 2.029082e+002 1.153339e+002 1.208345e+002 3.688171e+000 4.999343e+000 6.233652e+000 5.916337e+000 4.588637e+000 5.997971e+000 3.335612e+000 2.301821e+000
<VARIANCE> 22
 1.521546e+002 3.628918e+001 1.084878e+001 4.499691e+000 4.264864e+003 6.617562e+002 7.283877e+002 1.902756e+002 4.193191e+002 4.524934e+001 4.981946e+003 3.246134e+002 2.032588e+002 9.997979e+001 7.254696e+000 1.793315e-002 2.696207e-001 7.666177e-002 1.614980e+000 5.618803e-002 6.114533e+000 6.120183e+000
<GCONST> 1.090006e+002
<MIXTURE> 2 3.275520e-001
<MEAN> 22
 7.113032e+000 2.540199e+000 1.412746e+000 1.080065e+000 8.819884e+001 2.560282e+001 7.142609e+001 6.591211e+001 7.779362e+001 5.508565e+001 5.368029e+001 1.521625e+002 9.648807e+001 1.055214e+002 1.992297e+000 4.574198e+000 5.555987e+000 5.796107e+000 3.546826e+000 5.770500e+000 2.699280e+000 1.934260e+000
<VARIANCE> 22
 7.911376e+001 3.087212e+001 3.300596e+000 4.678676e+000 3.789411e+003 1.005258e+003 8.347250e+002 8.437111e+002 2.662274e+002 6.605808e+001 1.706732e+003 1.531281e+003 1.184712e+002 9.134290e+001 1.774029e+000 5.157340e-001 3.159845e+000 2.107552e-001 7.439307e-001 2.753018e+000 5.601979e+000 5.669327e+000
<GCONST> 1.171090e+002
<TRANSP> 5
 0.000000e+000 1.000000e+000 0.000000e+000 0.000000e+000 0.000000e+000
 0.000000e+000 7.706064e-001 2.293935e-001 0.000000e+000 0.000000e+000
 0.000000e+000 0.000000e+000 9.565573e-001 4.344264e-002 0.000000e+000
 0.000000e+000 0.000000e+000 0.000000e+000 9.150082e-001 8.499183e-002
 0.000000e+000 0.000000e+000 0.000000e+000 0.000000e+000 0.000000e+000
<ENDHMM>
~h "TT"
<BEGINHMM>
<NUMSTATES> 5
<STATE> 2
<NUMMIXES> 2
<MIXTURE> 1 3.809274e-001
<MEAN> 22
 2.567708e+001 7.397449e+000 1.135063e+001 5.008541e+000 2.077330e+002 1.048668e+001 1.673457e+002 1.154818e+002 1.237350e+002 6.705237e+001 1.174120e+002 2.145102e+002 1.161412e+002 1.262897e+002 1.883353e+000 4.990758e+000 2.162777e+000 5.858994e+000 3.101494e+000 5.982403e+000 3.732393e+000 2.578758e+000
<VARIANCE> 22
 2.933874e+003 1.899645e+003 2.174458e+003 1.416497e+003 6.372190e+003 2.026033e+002 1.704620e+003 1.305528e+002 6.021376e+002 7.788503e+001 2.522162e+003 1.929809e+002 2.205945e+002 6.269774e+001 3.387638e+000 1.793315e-002 6.893255e+000 1.211235e-001 2.579825e+000 5.618803e-002 5.460632e+000 6.339870e+000
<GCONST> 1.293087e+002
<MIXTURE> 2 6.190725e-001
<MEAN> 22
 6.869126e+000 1.203640e+001 2.351080e+000 3.979970e+000 4.538937e+001 1.115785e+002 7.701062e+001 1.135655e+002 6.824030e+001 8.711361e+001 1.604019e+002 1.287908e+002 1.076081e+002 1.074243e+002 5.199646e+000 3.619465e+000 6.209262e+000 4.647338e+000 5.595640e+000 3.600320e+000 2.916693e+000 2.826379e+000
<VARIANCE> 22
 8.804282e+001 2.603840e+002 1.818172e+001 3.144110e+001 2.596574e+003 8.092452e+003 1.263875e+003 2.721781e+003 2.038300e+002 1.171625e+003 2.072170e+003 2.482521e+003 2.767499e+002 1.978681e+002 8.083627e+000 1.631741e+000 4.498023e-001 1.744634e+000 7.019272e-001 5.796299e+000 6.967141e+000 5.009532e+000
<GCONST> 1.347739e+002
<STATE> 3
<NUMMIXES> 2
<MIXTURE> 1 5.226884e-001
<MEAN> 22
 1.945537e+000 2.391342e+001 8.078737e-001 7.156980e+000 1.002496e+001 1.243578e+002 1.024791e+002 1.277886e+002 6.315728e+001 9.191998e+001 2.024847e+002 1.392471e+002 1.210286e+002 1.108794e+002 6.996795e+000 3.738732e+000 6.143537e+000 4.600121e+000 5.998827e+000 3.944480e+000 2.162061e+000 3.837758e+000
<VARIANCE> 22
 1.043191e+001 4.880295e+002 3.300596e+000 6.695026e+001 1.334772e+002 9.903853e+003 4.664936e+002 2.615703e+003 1.255052e+002 1.317315e+003 7.430972e+002 2.381423e+003 2.378473e+002 2.399065e+002 6.504287e-002 1.138314e+000 1.229341e-001 1.134920e+000 2.082488e-002 4.089262e+000 5.987321e+000 5.071589e+000
<GCONST> 1.162069e+002
<MIXTURE> 2 4.773106e-001
<MEAN> 22
 1.523361e+000 9.378894e+000 6.715525e-001 3.971560e+000 1.102918e+001 2.175059e+002 8.885196e+001 1.698099e+002 5.568390e+001 1.208780e+002 1.817198e+002 8.362642e+001 1.092627e+002 8.822790e+001 6.935480e+000 2.380083e+000 6.029100e+000 3.105935e+000 5.972989e+000 1.625998e+000 1.736599e+000 3.522778e+000
<VARIANCE> 22
 9.623439e+000 8.188325e+001 3.300596e+000 2.532852e+001 5.034012e+002 1.111693e+003 1.553674e+002 5.703203e+002 7.664474e+001 3.886757e+002 2.710110e+002 4.865098e+002 6.137785e+001 2.013689e+002 3.513465e-001 2.800195e-001 1.854800e-001 1.895289e-001 1.015139e-001 4.047977e-001 5.461824e+000 5.783104e+000
<GCONST> 1.022633e+002
<STATE> 4
<NUMMIXES> 2
<MIXTURE> 1 7.838683e-001
<MEAN> 22
 1.509222e+001 2.370137e+000 5.081972e+000 1.048045e+000 1.452256e+002 2.374917e+001 1.408668e+002 9.656172e+001 9.854586e+001 5.572067e+001 1.198091e+002 1.938144e+002 1.017652e+002 1.153406e+002 2.693153e+000 5.000040e+000 3.141842e+000 5.847592e+000 3.486207e+000 5.990565e+000 3.417212e+000 2.339585e+000
<VARIANCE> 22
 3.542993e+002 1.661988e+001 5.830293e+001 2.713199e+000 8.333136e+003 8.309699e+002 2.251286e+003 2.280150e+002 1.013463e+003 5.298513e+001 2.873251e+003 4.061620e+002 3.798756e+002 1.335758e+002 6.517713e+000 1.793315e-002 8.300442e+000 1.291827e-001 3.661131e+000 5.618803e-002 5.588563e+000 6.313199e+000
<GCONST> 1.186780e+002
<MIXTURE> 2 2.161317e-001
<MEAN> 22
 1.050648e+001 5.691820e+000 4.240534e+000 2.201997e+000 1.354967e+002 6.681521e+001 9.037943e+001 3.309618e+001 8.801169e+001 5.172741e+001 8.663851e+001 9.840098e+001 8.538550e+001 9.044283e+001 1.900496e+000 2.972075e+000 3.526409e+000 5.174464e+000 3.244365e+000 2.571835e+000 2.810507e+000 2.036707e+000
<VARIANCE> 22
 2.609622e+002 1.192478e+002 4.681602e+001 2.142999e+001 1.954602e+004 1.501292e+004 5.435403e+003 7.804189e+002 2.253309e+003 4.117645e+002 2.024284e+003 2.141493e+003 1.169396e+003 1.153910e+003 3.610843e+000 3.107224e+000 7.440873e+000 3.707812e+000 2.727300e+000 1.036744e+001 6.373758e+000 5.652721e+000
<GCONST> 1.482470e+002
<TRANSP> 5
 0.000000e+000 1.000000e+000 0.000000e+000 0.000000e+000 0.000000e+000
 0.000000e+000 7.799636e-001 2.200364e-001 0.000000e+000 0.000000e+000
 0.000000e+000 0.000000e+000 9.532497e-001 4.675031e-002 0.000000e+000
 0.000000e+000 0.000000e+000 0.000000e+000 9.284679e-001 7.153212e-002
 0.000000e+000 0.000000e+000 0.000000e+000 0.000000e+000 0.000000e+000
<ENDHMM>
~h "VA"
<BEGINHMM>
<NUMSTATES> 5
<STATE> 2
<NUMMIXES> 2
<MIXTURE> 1 4.682221e-001
<MEAN> 22
 1.964805e+001 1.511778e+001 9.020248e+000 6.078002e+000 8.768605e+001 5.350763e+001 1.132496e+002 9.583766e+001 8.707381e+001 6.702816e+001 1.447076e+002 1.702009e+002 1.090292e+002 1.123409e+002 3.994635e+000 4.498744e+000 4.816057e+000 5.485806e+000 4.529564e+000 5.317585e+000 2.921936e+000 2.551047e+000
<VARIANCE> 22
 2.014471e+003 1.627135e+003 1.327447e+003 8.051975e+002 8.681142e+003 3.820835e+003 3.445136e+003 1.046235e+003 9.905870e+002 3.859030e+002 5.015962e+003 2.621617e+003 5.653737e+002 2.998135e+002 8.726534e+000 8.507203e-001 6.717816e+000 6.233965e-001 3.396002e+000 2.847395e+000 5.698023e+000 5.227402e+000
<GCONST> 1.521193e+002
<MIXTURE> 2 5.317770e-001
<MEAN> 22
 4.907070e+000 9.688834e+000 2.481013e+000 3.627517e+000 1.818158e+002 2.388193e+002 7.610231e+001 1.177279e+002 6.391429e+001 8.816753e+001 1.134424e+002 6.732171e+001 8.127277e+001 7.652498e+001 3.149059e+000 2.048315e+000 4.461956e+000 3.146725e+000 4.033856e+000 1.322049e+000 2.417751e+000 2.660296e+000
<VARIANCE> 22
 7.292845e+001 1.379804e+002 1.984382e+001 2.182681e+001 3.990204e+004 1.020434e+004 3.229961e+003 5.957718e+003 1.336852e+003 2.466645e+003 6.392813e+003 2.378275e+003 2.335754e+003 1.576615e+003 9.169871e+000 1.295394e+000 7.168983e+000 3.180191e+000 4.946367e+000 1.512013e+000 6.170380e+000 5.333827e+000
<GCONST> 1.500906e+002
<STATE> 3
<NUMMIXES> 2
<MIXTURE> 1 5.982770e-001
<MEAN> 22
 2.379660e+000 2.073177e+001 1.152168e+000 7.258500e+000 8.690930e+000 1.034557e+002 9.564291e+001 1.000051e+002 5.869666e+001 8.649252e+001 1.949693e+002 1.229888e+002 1.163101e+002 1.037341e+002 6.995665e+000 3.750820e+000 6.053881e+000 5.001938e+000 5.999505e+000 4.046115e+000 2.195964e+000 3.681103e+000
<VARIANCE> 22
 1.662747e+001 3.684550e+002 7.335335e+000 5.132840e+001 8.453394e+001 6.758354e+003 2.798560e+002 1.969383e+003 7.359361e+001 8.529980e+002 5.318089e+002 3.282009e+003 1.722087e+002 2.780833e+002 6.504287e-002 1.310021e+000 5.097704e-002 1.031008e+000 2.082488e-002 6.215168e+000 6.093027e+000 5.017886e+000
<GCONST> 1.137235e+002
<MIXTURE> 2 4.017222e-001
<MEAN> 22
 2.175670e+000 7.594683e+000 1.011889e+000 3.316071e+000 1.539165e+001 2.057243e+002 8.533101e+001 1.563519e+002 5.443163e+001 1.080316e+002 1.766231e+002 7.387720e+001 1.076932e+002 7.302430e+001 6.816487e+000 2.304297e+000 6.040557e+000 3.344713e+000 5.903365e+000 1.668901e+000 2.115630e+000 3.288529e+000
<VARIANCE> 22
 1.475982e+001 6.991537e+001 3.336307e+000 1.391259e+001 9.780628e+002 3.186980e+003 2.963093e+002 1.809542e+003 1.281721e+002 4.543676e+002 7.116668e+002 1.346059e+003 1.188974e+002 2.590093e+002 9.745999e-001 3.620786e-001 3.543013e-001 1.103553e+000 2.237280e-001 8.971847e-001 6.157110e+000 5.831002e+000
<GCONST> 1.144290e+002
<STATE> 4
<NUMMIXES> 2
<MIXTURE> 1 7.590560e-001
<MEAN> 22
 1.467210e+001 3.149422e+000 5.213327e+000 1.453332e+000 1.379457e+002 1.752328e+001 1.344819e+002 9.818748e+001 9.928955e+001 5.612271e+001 1.241356e+002 1.960833e+002 9.776522e+001 1.158958e+002 3.147370e+000 4.999884e+000 3.726028e+000 5.845156e+000 3.816434e+000 5.987529e+000 3.347472e+000 2.513755e+000
<VARIANCE> 22
 2.974742e+002 3.780833e+001 4.234413e+001 6.769422e+000 8.672150e+003 6.108412e+002 2.833631e+003 2.253193e+002 8.985806e+002 9.146516e+001 4.426813e+003 3.659884e+002 5.226129e+002 1.268418e+002 7.181019e+000 1.793315e-002 8.630962e+000 1.308694e-001 3.721977e+000 5.618803e-002 6.023831e+000 6.355492e+000
<GCONST> 1.211379e+002
<MIXTURE> 2 2.409438e-001
<MEAN> 22
 7.020445e+000 4.925685e+000 3.087712e+000 2.243545e+000 7.921730e+001 3.608548e+001 9.696764e+001 4.429683e+001 8.719517e+001 5.563717e+001 6.851363e+001 1.013878e+002 9.126010e+001 1.014518e+002 2.004984e+000 2.980259e+000 3.626702e+000 5.545379e+000 3.219386e+000 2.636110e+000 3.009237e+000 2.461031e+000
<VARIANCE> 22
 1.011126e+002 1.312071e+002 2.434101e+001 1.492726e+001 2.757656e+003 1.026916e+003 3.967385e+003 4.210497e+002 3.537745e+002 9.513641e+001 7.608088e+002 5.674478e+002 4.057131e+002 1.008516e+002 6.425110e-001 1.380377e+000 6.833516e+000 2.997829e-001 6.899483e-001 8.125935e+000 6.271472e+000 5.989348e+000
<GCONST> 1.249726e+002
<TRANSP> 5
 0.000000e+000 1.000000e+000 0.000000e+000 0.000000e+000 0.000000e+000
 0.000000e+000 7.294251e-001 2.705749e-001 0.000000e+000 0.000000e+000
 0.000000e+000 0.000000e+000 9.446446e-001 5.535546e-002 0.000000e+000
 0.000000e+000 0.000000e+000 0.000000e+000 9.201004e-001 7.989960e-002
 0.000000e+000 0.000000e+000 0.000000e+000 0.000000e+000 0.000000e+000
<ENDHMM>
~h "VQ"
<BEGINHMM>
<NUMSTATES> 5
<STATE> 2
<NUMMIXES> 2
<MIXTURE> 1 5.898493e-002
<MEAN> 22
 5.889285e+001 6.235193e+001 4.203053e+001 3.542148e+001 7.151517e+001 9.636880e+001 9.596617e+001 8.746828e+001 6.978281e+001 6.381714e+001 1.466737e+002 1.184625e+002 1.052846e+002 1.035407e+002 4.523574e+000 3.594433e+000 5.073600e+000 5.040380e+000 4.772844e+000 3.792817e+000 3.065274e+000 3.380522e+000
<VARIANCE> 22
 1.594982e+004 1.138719e+004 1.304579e+004 8.167928e+003 1.264879e+004 8.464504e+003 1.970016e+003 1.234282e+003 4.389470e+002 3.050068e+002 5.936082e+003 4.818501e+003 1.204775e+003 7.503430e+002 8.365726e+000 2.002633e+000 6.041996e+000 1.520177e+000 3.223032e+000 5.642121e+000 7.386642e+000 5.150631e+000
<GCONST> 1.653918e+002
<MIXTURE> 2 9.410152e-001
<MEAN> 22
 1.104403e+001 4.187745e+000 3.812275e+000 1.716898e+000 9.952303e+001 3.748426e+001 1.007315e+002 7.718942e+001 7.889462e+001 5.625314e+001 8.711093e+001 1.505890e+002 9.626336e+001 1.084889e+002 2.500653e+000 4.164513e+000 3.650170e+000 5.543857e+000 3.469768e+000 4.724989e+000 3.506486e+000 2.621520e+000
<VARIANCE> 22
 1.800798e+002 4.013010e+001 2.467293e+001 7.343745e+000 5.732874e+003 1.942006e+003 2.273054e+003 1.032239e+003 3.712037e+002 8.677650e+001 3.218914e+003 2.955462e+003 4.092392e+002 1.697417e+002 4.837351e+000 1.442081e+000 8.811916e+000 3.976898e-001 2.684393e+000 5.236907e+000 5.936853e+000 5.832438e+000
<GCONST> 1.323933e+002
<STATE> 3
<NUMMIXES> 2
<MIXTURE> 1 5.114335e-001
<MEAN> 22
 2.833567e+000 1.896859e+001 9.004041e-001 5.623234e+000 9.374417e+000 1.021251e+002 9.936983e+001 9.720741e+001 6.036840e+001 7.200613e+001 2.008113e+002 1.217258e+002 1.199980e+002 1.057463e+002 6.997117e+000 3.774672e+000 6.126998e+000 5.029758e+000 5.998510e+000 4.103014e+000 2.243408e+000 3.792142e+000
<VARIANCE> 22
 2.512204e+001 3.325121e+002 3.300596e+000 6.345792e+001 1.330083e+002 7.536222e+003 4.021709e+002 2.012090e+003 8.249763e+001 3.758327e+002 7.305714e+002 3.232362e+003 2.410116e+002 2.516855e+002 6.504287e-002 1.345500e+000 1.108703e-001 1.097517e+000 2.082488e-002 5.374891e+000 6.248279e+000 4.957315e+000
<GCONST> 1.149606e+002
<MIXTURE> 2 4.885655e-001
<MEAN> 22
 1.149584e+000 6.797632e+000 7.267480e-001 3.241659e+000 1.015306e+001 1.616203e+002 8.318465e+001 1.130590e+002 5.247908e+001 7.363795e+001 1.781074e+002 4.602405e+001 1.069332e+002 8.156309e+001 6.937328e+000 2.405856e+000 6.047815e+000 4.132071e+000 5.957337e+000 1.749375e+000 1.676837e+000 3.495019e+000
<VARIANCE> 22
 4.801632e+000 5.394102e+001 3.300596e+000 1.623123e+001 6.230828e+002 1.489819e+003 1.725716e+002 7.319384e+002 5.650600e+001 1.979860e+002 4.046143e+002 4.265782e+002 8.175471e+001 2.414012e+002 3.284688e-001 2.897485e-001 1.177687e-001 6.966472e-001 1.245889e-001 3.735715e-001 5.404373e+000 6.109983e+000
<GCONST> 1.023074e+002
<STATE> 4
<NUMMIXES> 2
<MIXTURE> 1 8.853009e-001
<MEAN> 22
 1.045411e+001 3.077023e+000 3.910823e+000 1.229822e+000 9.986132e+001 2.055075e+001 1.049968e+002 9.379794e+001 7.449860e+001 5.355659e+001 1.056206e+002 1.921062e+002 9.989625e+001 1.137758e+002 3.156956e+000 4.999300e+000 4.267671e+000 5.880066e+000 3.832444e+000 5.996367e+000 3.492411e+000 2.445375e+000
<VARIANCE> 22
 1.704437e+002 3.419500e+001 3.046777e+001 4.842566e+000 5.184593e+003 7.641960e+002 1.001502e+003 2.025759e+002 4.103770e+002 6.680322e+001 4.682515e+003 3.330677e+002 4.016975e+002 1.225280e+002 7.584781e+000 1.793315e-002 8.890501e+000 1.055488e-001 3.548651e+000 5.618803e-002 5.861731e+000 6.215502e+000
<GCONST> 1.167178e+002
<MIXTURE> 2 1.146979e-001
<MEAN> 22
 2.299753e+000 3.127627e+000 1.224067e+000 1.243543e+000 3.566410e+002 2.795793e+002 3.308565e+001 3.336201e+001 3.209798e+001 3.201278e+001 5.874134e+001 4.005654e+001 5.024727e+001 4.869998e+001 1.879089e+000 1.005913e+000 2.695232e+000 2.514049e+000 2.044292e+000 6.130614e-001 8.882412e-001 1.497187e+000
<VARIANCE> 22
 5.241155e+001 5.108839e+001 8.773650e+000 1.080383e+001 5.856149e+004 2.696969e+004 2.336395e+003 2.248433e+003 1.089861e+003 1.106791e+003 5.105701e+003 1.944205e+003 2.708046e+003 2.507665e+003 6.255338e+000 1.850471e+000 9.279629e+000 6.946338e+000 5.490870e+000 1.434115e+000 3.313566e+000 5.355459e+000
<GCONST> 1.469318e+002
<TRANSP> 5
 0.000000e+000 1.000000e+000 0.000000e+000 0.000000e+000 0.000000e+000
 0.000000e+000 8.512315e-001 1.487685e-001 0.000000e+000 0.000000e+000
 0.000000e+000 0.000000e+000 9.455080e-001 5.449199e-002 0.000000e+000
 0.000000e+000 0.000000e+000 0.000000e+000 8.823870e-001 1.176130e-001
 0.000000e+000 0.000000e+000 0.000000e+000 0.000000e+000 0.000000e+000
<ENDHMM>
~h "SIL"
<BEGINHMM>
<NUMSTATES> 5
<STATE> 2
<NUMMIXES> 2
<MIXTURE> 1 1.664392e-001
<MEAN> 22
 4.784538e+002 4.049413e+002 4.345887e+002 3.485860e+002 1.915284e+000 3.137773e+000 4.088191e+001 4.049469e+001 2.895194e+001 2.776654e+001 7.962251e+001 7.620821e+001 5.093681e+001 5.019790e+001 2.817554e+000 2.037785e+000 2.724989e+000 2.595979e+000 2.547195e+000 2.366957e+000 4.617960e+000 4.623298e+000
<VARIANCE> 22
 1.119978e+004 6.703103e+003 8.896282e+003 5.873146e+003 2.059852e+002 5.098089e+002 2.366019e+003 2.372690e+003 1.098241e+003 1.069673e+003 8.620111e+003 8.146551e+003 3.261671e+003 3.164214e+003 1.123934e+001 5.726707e+000 9.319338e+000 8.404854e+000 8.303272e+000 8.429371e+000 4.110489e+000 4.101397e+000
<GCONST> 1.672335e+002
<MIXTURE> 2 8.335609e-001
<MEAN> 22
 2.021448e-020 1.569994e-020 1.953536e-018 -2.479126e-019 3.661409e+001 2.963420e+001 4.351199e-023 7.297529e-025 -7.762400e-024 3.874611e-026 9.372823e-024 3.897080e-024 -2.068381e-023 -1.080242e-023 8.559291e-025 5.051004e-025 1.025431e-024 -1.140052e-026 7.240666e-026 -3.253546e-024 7.065231e-022 -2.994967e-021
<VARIANCE> 22
 4.801632e+000 4.063125e+000 3.300596e+000 2.164982e+000 1.817516e+004 1.195243e+004 9.838196e+000 1.115232e+001 2.936353e+000 3.516743e+000 3.745900e+001 4.440890e+001 4.184655e+000 3.870682e+000 6.504287e-002 1.793315e-002 2.326111e-002 1.170389e-002 2.082488e-002 5.618803e-002 6.153807e-002 6.060927e-002
<GCONST> 5.449670e+001
<STATE> 3
<NUMMIXES> 2
<MIXTURE> 1 7.816272e-001
<MEAN> 22
 1.658194e+000 2.016566e+000 6.680264e-001 8.049157e-001 9.192540e+000 1.080537e+001 1.024033e+002 9.872796e+001 6.451611e+001 5.989882e+001 1.998651e+002 1.974784e+002 1.195721e+002 1.180438e+002 6.999473e+000 5.000043e+000 6.152182e+000 5.899779e+000 6.002396e+000 5.999413e+000 2.029770e+000 2.047745e+000
<VARIANCE> 22
 7.784545e+000 9.191539e+000 3.300596e+000 2.164982e+000 1.213686e+002 1.524099e+002 3.918940e+002 2.407896e+002 1.081973e+002 8.002163e+001 6.381950e+002 4.564985e+002 2.256772e+002 1.451571e+002 6.504287e-002 1.793315e-002 1.289483e-001 9.010153e-002 2.082488e-002 5.618803e-002 5.655359e+000 5.623363e+000
<GCONST> 8.549586e+001
<MIXTURE> 2 2.183739e-001
<MEAN> 22
 9.194018e+000 1.176828e+001 2.299902e+000 2.924238e+000 5.705050e+001 6.535855e+001 7.872617e+001 7.706315e+001 6.948343e+001 6.444153e+001 1.375507e+002 1.343741e+002 1.066752e+002 1.075419e+002 4.271980e+000 3.969661e+000 5.847013e+000 5.493546e+000 4.931864e+000 4.370801e+000 2.479927e+000 2.476222e+000
<VARIANCE> 22
 1.925103e+002 2.265826e+002 1.561610e+001 1.680626e+001 3.029434e+003 2.958970e+003 1.337313e+003 1.293514e+003 2.799920e+002 2.160388e+002 3.268215e+003 3.380848e+003 3.267300e+002 1.831180e+002 8.693329e+000 1.761645e+000 2.376848e+000 5.278858e-001 2.156018e+000 6.507762e+000 5.164972e+000 4.642765e+000
<GCONST> 1.340604e+002
<STATE> 4
<NUMMIXES> 2
<MIXTURE> 1 5.068324e-001
<MEAN> 22
 8.575959e-001 1.131911e+000 4.043159e-001 5.820580e-001 4.734898e+000 5.095062e+000 1.011528e+002 1.024210e+002 6.306936e+001 6.181922e+001 2.100725e+002 2.107722e+002 1.249169e+002 1.258451e+002 6.999970e+000 5.000000e+000 6.005356e+000 5.984812e+000 6.000000e+000 5.999970e+000 1.596785e+000 1.639533e+000
<VARIANCE> 22
 4.801632e+000 4.063125e+000 3.300596e+000 2.164982e+000 4.956259e+001 5.429972e+001 8.756168e+001 1.208368e+002 2.277060e+001 3.505667e+001 3.239185e+002 3.874756e+002 9.660076e+001 1.091876e+002 6.504287e-002 1.793315e-002 2.326111e-002 1.495596e-002 2.082488e-002 5.618803e-002 5.000287e+000 5.109207e+000
<GCONST> 7.199394e+001
<MIXTURE> 2 4.931668e-001
<MEAN> 22
 1.086692e+000 2.160698e+000 3.958061e-001 7.652281e-001 5.221177e+000 7.906807e+000 8.296404e+001 8.235151e+001 5.376358e+001 5.299006e+001 1.757834e+002 1.745883e+002 1.069877e+002 1.059302e+002 6.977720e+000 4.980738e+000 6.008245e+000 5.947352e+000 5.993075e+000 5.978377e+000 1.685543e+000 2.024614e+000
<VARIANCE> 22
 6.267313e+000 2.141468e+001 3.300596e+000 2.509881e+000 9.799984e+001 1.871636e+002 4.311306e+001 6.428271e+001 2.266220e+001 5.290000e+001 1.214705e+002 1.844477e+002 3.340047e+001 3.877328e+001 1.361245e-001 4.981936e-002 2.326111e-002 5.413860e-002 2.082488e-002 1.603076e-001 5.316761e+000 6.070896e+000
<GCONST> 7.556495e+001
<TRANSP> 5
 0.000000e+000 1.000000e+000 0.000000e+000 0.000000e+000 0.000000e+000
 0.000000e+000 9.083179e-001 9.168207e-002 0.000000e+000 0.000000e+000
 0.000000e+000 0.000000e+000 9.969830e-001 3.017036e-003 0.000000e+000
 0.000000e+000 0.000000e+000 0.000000e+000 9.942180e-001 5.782023e-003
 0.000000e+000 0.000000e+000 0.000000e+000 0.000000e+000 0.000000e+000
<ENDHMM>
