~o
<STREAMINFO> 1 22
<VECSIZE> 22<NULLD><MFCC_0><DIAGC>
~h "SIL"
<BEGINHMM>
<NUMSTATES> 5
<STATE> 2
<NUMMIXES> 12
<MIXTURE> 1 6.250000e-02
<MEAN> 22
 2.315636e+01 2.352269e+01 1.663123e+01 1.424404e+01 9.872836e+01 1.192152e+02 1.159995e+02 1.162116e+02 7.848363e+01 7.948894e+01 2.101753e+02 1.989714e+02 1.270698e+02 1.241875e+02 7.521752e+00 5.141660e+00 6.976417e+00 6.289631e+00 6.429389e+00 6.398467e+00 4.311436e+00 4.556657e+00
<VARIANCE> 22
 4.801635e+02 4.063120e+02 3.300595e+02 2.164982e+02 4.956268e+03 5.429985e+03 9.837579e+02 1.115179e+03 2.936362e+02 3.515820e+02 3.745738e+03 4.440754e+03 4.183320e+02 3.870127e+02 6.504288e+00 1.793316e+00 2.326111e+00 1.170389e+00 2.082489e+00 5.618803e+00 6.153808e+00 6.060927e+00
<GCONST> 1.445108e+02
<MIXTURE> 2 6.250000e-02
<MEAN> 22
 1.439130e+01 1.545981e+01 9.364216e+00 8.358487e+00 7.056805e+01 8.973984e+01 1.034535e+02 1.028537e+02 7.162930e+01 7.198872e+01 1.856943e+02 1.723158e+02 1.188886e+02 1.163185e+02 6.501612e+00 4.606002e+00 6.366353e+00 5.856893e+00 5.852156e+00 5.450307e+00 3.319161e+00 3.571899e+00
<VARIANCE> 22
 4.801635e+02 4.063120e+02 3.300595e+02 2.164982e+02 4.956268e+03 5.429985e+03 9.837579e+02 1.115179e+03 2.936362e+02 3.515820e+02 3.745738e+03 4.440754e+03 4.183320e+02 3.870127e+02 6.504288e+00 1.793316e+00 2.326111e+00 1.170389e+00 2.082489e+00 5.618803e+00 6.153808e+00 6.060927e+00
<GCONST> 1.445108e+02
<MIXTURE> 3 6.250000e-02
<MEAN> 22
 1.439130e+01 1.545981e+01 9.364216e+00 8.358486e+00 7.056805e+01 8.973984e+01 1.034535e+02 1.028538e+02 7.162930e+01 7.198872e+01 1.856943e+02 1.723158e+02 1.188886e+02 1.163185e+02 6.501611e+00 4.606001e+00 6.366353e+00 5.856893e+00 5.852156e+00 5.450307e+00 3.319161e+00 3.571899e+00
<VARIANCE> 22
 4.801635e+02 4.063120e+02 3.300595e+02 2.164982e+02 4.956268e+03 5.429985e+03 9.837579e+02 1.115179e+03 2.936362e+02 3.515820e+02 3.745738e+03 4.440754e+03 4.183320e+02 3.870127e+02 6.504288e+00 1.793316e+00 2.326111e+00 1.170389e+00 2.082489e+00 5.618803e+00 6.153808e+00 6.060927e+00
<GCONST> 1.445108e+02
<MIXTURE> 4 6.250000e-02
<MEAN> 22
 5.626247e+00 7.396933e+00 2.097200e+00 2.472937e+00 4.240775e+01 6.026447e+01 9.090754e+01 8.949603e+01 6.477496e+01 6.448850e+01 1.612133e+02 1.456602e+02 1.107074e+02 1.084495e+02 5.481472e+00 4.070345e+00 5.756289e+00 5.424155e+00 5.274923e+00 4.502147e+00 2.326887e+00 2.587141e+00
<VARIANCE> 22
 4.801635e+02 4.063120e+02 3.300595e+02 2.164982e+02 4.956268e+03 5.429985e+03 9.837579e+02 1.115179e+03 2.936362e+02 3.515820e+02 3.745738e+03 4.440754e+03 4.183320e+02 3.870127e+02 6.504288e+00 1.793316e+00 2.326111e+00 1.170389e+00 2.082489e+00 5.618803e+00 6.153808e+00 6.060927e+00
<GCONST> 1.445108e+02
<MIXTURE> 5 1.250000e-01
<MEAN> 22
 1.000877e+01 1.142837e+01 5.730708e+00 5.415711e+00 5.648789e+01 7.500215e+01 9.718052e+01 9.617494e+01 6.820214e+01 6.823862e+01 1.734538e+02 1.589880e+02 1.147980e+02 1.123840e+02 5.991541e+00 4.338172e+00 6.061321e+00 5.640524e+00 5.563540e+00 4.976227e+00 2.823024e+00 3.079520e+00
<VARIANCE> 22
 4.801635e+02 4.063120e+02 3.300595e+02 2.164982e+02 4.956268e+03 5.429985e+03 9.837579e+02 1.115179e+03 2.936362e+02 3.515820e+02 3.745738e+03 4.440754e+03 4.183320e+02 3.870127e+02 6.504288e+00 1.793316e+00 2.326111e+00 1.170389e+00 2.082489e+00 5.618803e+00 6.153808e+00 6.060927e+00
<GCONST> 1.445108e+02
<MIXTURE> 6 1.250000e-01
<MEAN> 22
 1.243720e+00 3.365497e+00 -1.536308e+00 -4.698384e-01 2.832759e+01 4.552678e+01 8.463456e+01 8.281718e+01 6.134780e+01 6.073840e+01 1.489728e+02 1.323324e+02 1.066168e+02 1.045150e+02 4.971402e+00 3.802515e+00 5.451257e+00 5.207786e+00 4.986305e+00 4.028067e+00 1.830750e+00 2.094762e+00
<VARIANCE> 22
 4.801635e+02 4.063120e+02 3.300595e+02 2.164982e+02 4.956268e+03 5.429985e+03 9.837579e+02 1.115179e+03 2.936362e+02 3.515820e+02 3.745738e+03 4.440754e+03 4.183320e+02 3.870127e+02 6.504288e+00 1.793316e+00 2.326111e+00 1.170389e+00 2.082489e+00 5.618803e+00 6.153808e+00 6.060927e+00
<GCONST> 1.445108e+02
<MIXTURE> 7 1.250000e-01
<MEAN> 22
 1.243716e+00 3.365498e+00 -1.536308e+00 -4.698396e-01 2.832759e+01 4.552678e+01 8.463456e+01 8.281718e+01 6.134781e+01 6.073840e+01 1.489728e+02 1.323324e+02 1.066168e+02 1.045150e+02 4.971401e+00 3.802514e+00 5.451257e+00 5.207786e+00 4.986305e+00 4.028067e+00 1.830750e+00 2.094762e+00
<VARIANCE> 22
 4.801635e+02 4.063120e+02 3.300595e+02 2.164982e+02 4.956268e+03 5.429985e+03 9.837579e+02 1.115179e+03 2.936362e+02 3.515820e+02 3.745738e+03 4.440754e+03 4.183320e+02 3.870127e+02 6.504288e+00 1.793316e+00 2.326111e+00 1.170389e+00 2.082489e+00 5.618803e+00 6.153808e+00 6.060927e+00
<GCONST> 1.445108e+02
<MIXTURE> 8 1.250000e-01
<MEAN> 22
 -7.521334e+00 -4.697377e+00 -8.803324e+00 -6.355390e+00 1.672869e-01 1.605140e+01 7.208860e+01 6.945947e+01 5.449348e+01 5.323820e+01 1.244918e+02 1.056768e+02 9.843556e+01 9.664597e+01 3.951261e+00 3.266857e+00 4.841193e+00 4.775048e+00 4.409072e+00 3.079907e+00 8.384756e-01 1.110004e+00
<VARIANCE> 22
 4.801635e+02 4.063120e+02 3.300595e+02 2.164982e+02 4.956268e+03 5.429985e+03 9.837579e+02 1.115179e+03 2.936362e+02 3.515820e+02 3.745738e+03 4.440754e+03 4.183320e+02 3.870127e+02 6.504288e+00 1.793316e+00 2.326111e+00 1.170389e+00 2.082489e+00 5.618803e+00 6.153808e+00 6.060927e+00
<GCONST> 1.445108e+02
<MIXTURE> 9 6.250000e-02
<MEAN> 22
 1.439130e+01 1.545981e+01 9.364212e+00 8.358484e+00 7.056805e+01 8.973981e+01 1.034535e+02 1.028538e+02 7.162931e+01 7.198872e+01 1.856943e+02 1.723158e+02 1.188886e+02 1.163185e+02 6.501612e+00 4.606001e+00 6.366353e+00 5.856893e+00 5.852156e+00 5.450307e+00 3.319161e+00 3.571899e+00
<VARIANCE> 22
 4.801635e+02 4.063120e+02 3.300595e+02 2.164982e+02 4.956268e+03 5.429985e+03 9.837579e+02 1.115179e+03 2.936362e+02 3.515820e+02 3.745738e+03 4.440754e+03 4.183320e+02 3.870127e+02 6.504288e+00 1.793316e+00 2.326111e+00 1.170389e+00 2.082489e+00 5.618803e+00 6.153808e+00 6.060927e+00
<GCONST> 1.445108e+02
<MIXTURE> 10 6.250000e-02
<MEAN> 22
 5.626243e+00 7.396934e+00 2.097200e+00 2.472936e+00 4.240775e+01 6.026447e+01 9.090754e+01 8.949603e+01 6.477497e+01 6.448850e+01 1.612133e+02 1.456602e+02 1.107074e+02 1.084495e+02 5.481472e+00 4.070343e+00 5.756289e+00 5.424155e+00 5.274922e+00 4.502147e+00 2.326887e+00 2.587141e+00
<VARIANCE> 22
 4.801635e+02 4.063120e+02 3.300595e+02 2.164982e+02 4.956268e+03 5.429985e+03 9.837579e+02 1.115179e+03 2.936362e+02 3.515820e+02 3.745738e+03 4.440754e+03 4.183320e+02 3.870127e+02 6.504288e+00 1.793316e+00 2.326111e+00 1.170389e+00 2.082489e+00 5.618803e+00 6.153808e+00 6.060927e+00
<GCONST> 1.445108e+02
<MIXTURE> 11 6.250000e-02
<MEAN> 22
 5.626243e+00 7.396934e+00 2.097200e+00 2.472935e+00 4.240775e+01 6.026447e+01 9.090754e+01 8.949604e+01 6.477497e+01 6.448850e+01 1.612133e+02 1.456602e+02 1.107074e+02 1.084495e+02 5.481471e+00 4.070343e+00 5.756289e+00 5.424155e+00 5.274922e+00 4.502147e+00 2.326887e+00 2.587141e+00
<VARIANCE> 22
 4.801635e+02 4.063120e+02 3.300595e+02 2.164982e+02 4.956268e+03 5.429985e+03 9.837579e+02 1.115179e+03 2.936362e+02 3.515820e+02 3.745738e+03 4.440754e+03 4.183320e+02 3.870127e+02 6.504288e+00 1.793316e+00 2.326111e+00 1.170389e+00 2.082489e+00 5.618803e+00 6.153808e+00 6.060927e+00
<GCONST> 1.445108e+02
<MIXTURE> 12 6.250000e-02
<MEAN> 22
 -3.138807e+00 -6.659405e-01 -5.169816e+00 -3.412614e+00 1.424744e+01 3.078909e+01 7.836158e+01 7.613832e+01 5.792064e+01 5.698830e+01 1.367323e+02 1.190046e+02 1.025262e+02 1.005805e+02 4.461331e+00 3.534687e+00 5.146225e+00 4.991417e+00 4.697690e+00 3.553987e+00 1.334613e+00 1.602383e+00
<VARIANCE> 22
 4.801635e+02 4.063120e+02 3.300595e+02 2.164982e+02 4.956268e+03 5.429985e+03 9.837579e+02 1.115179e+03 2.936362e+02 3.515820e+02 3.745738e+03 4.440754e+03 4.183320e+02 3.870127e+02 6.504288e+00 1.793316e+00 2.326111e+00 1.170389e+00 2.082489e+00 5.618803e+00 6.153808e+00 6.060927e+00
<GCONST> 1.445108e+02
<STATE> 3
<NUMMIXES> 12
<MIXTURE> 1 6.250000e-02
<MEAN> 22
 2.315636e+01 2.352269e+01 1.663123e+01 1.424404e+01 9.872836e+01 1.192152e+02 1.159995e+02 1.162116e+02 7.848363e+01 7.948894e+01 2.101753e+02 1.989714e+02 1.270698e+02 1.241875e+02 7.521752e+00 5.141660e+00 6.976417e+00 6.289631e+00 6.429389e+00 6.398467e+00 4.311436e+00 4.556657e+00
<VARIANCE> 22
 4.801635e+02 4.063120e+02 3.300595e+02 2.164982e+02 4.956268e+03 5.429985e+03 9.837579e+02 1.115179e+03 2.936362e+02 3.515820e+02 3.745738e+03 4.440754e+03 4.183320e+02 3.870127e+02 6.504288e+00 1.793316e+00 2.326111e+00 1.170389e+00 2.082489e+00 5.618803e+00 6.153808e+00 6.060927e+00
<GCONST> 1.445108e+02
<MIXTURE> 2 6.250000e-02
<MEAN> 22
 1.439130e+01 1.545981e+01 9.364216e+00 8.358487e+00 7.056805e+01 8.973984e+01 1.034535e+02 1.028537e+02 7.162930e+01 7.198872e+01 1.856943e+02 1.723158e+02 1.188886e+02 1.163185e+02 6.501612e+00 4.606002e+00 6.366353e+00 5.856893e+00 5.852156e+00 5.450307e+00 3.319161e+00 3.571899e+00
<VARIANCE> 22
 4.801635e+02 4.063120e+02 3.300595e+02 2.164982e+02 4.956268e+03 5.429985e+03 9.837579e+02 1.115179e+03 2.936362e+02 3.515820e+02 3.745738e+03 4.440754e+03 4.183320e+02 3.870127e+02 6.504288e+00 1.793316e+00 2.326111e+00 1.170389e+00 2.082489e+00 5.618803e+00 6.153808e+00 6.060927e+00
<GCONST> 1.445108e+02
<MIXTURE> 3 6.250000e-02
<MEAN> 22
 1.439130e+01 1.545981e+01 9.364216e+00 8.358486e+00 7.056805e+01 8.973984e+01 1.034535e+02 1.028538e+02 7.162930e+01 7.198872e+01 1.856943e+02 1.723158e+02 1.188886e+02 1.163185e+02 6.501611e+00 4.606001e+00 6.366353e+00 5.856893e+00 5.852156e+00 5.450307e+00 3.319161e+00 3.571899e+00
<VARIANCE> 22
 4.801635e+02 4.063120e+02 3.300595e+02 2.164982e+02 4.956268e+03 5.429985e+03 9.837579e+02 1.115179e+03 2.936362e+02 3.515820e+02 3.745738e+03 4.440754e+03 4.183320e+02 3.870127e+02 6.504288e+00 1.793316e+00 2.326111e+00 1.170389e+00 2.082489e+00 5.618803e+00 6.153808e+00 6.060927e+00
<GCONST> 1.445108e+02
<MIXTURE> 4 6.250000e-02
<MEAN> 22
 5.626247e+00 7.396933e+00 2.097200e+00 2.472937e+00 4.240775e+01 6.026447e+01 9.090754e+01 8.949603e+01 6.477496e+01 6.448850e+01 1.612133e+02 1.456602e+02 1.107074e+02 1.084495e+02 5.481472e+00 4.070345e+00 5.756289e+00 5.424155e+00 5.274923e+00 4.502147e+00 2.326887e+00 2.587141e+00
<VARIANCE> 22
 4.801635e+02 4.063120e+02 3.300595e+02 2.164982e+02 4.956268e+03 5.429985e+03 9.837579e+02 1.115179e+03 2.936362e+02 3.515820e+02 3.745738e+03 4.440754e+03 4.183320e+02 3.870127e+02 6.504288e+00 1.793316e+00 2.326111e+00 1.170389e+00 2.082489e+00 5.618803e+00 6.153808e+00 6.060927e+00
<GCONST> 1.445108e+02
<MIXTURE> 5 1.250000e-01
<MEAN> 22
 1.000877e+01 1.142837e+01 5.730708e+00 5.415711e+00 5.648789e+01 7.500215e+01 9.718052e+01 9.617494e+01 6.820214e+01 6.823862e+01 1.734538e+02 1.589880e+02 1.147980e+02 1.123840e+02 5.991541e+00 4.338172e+00 6.061321e+00 5.640524e+00 5.563540e+00 4.976227e+00 2.823024e+00 3.079520e+00
<VARIANCE> 22
 4.801635e+02 4.063120e+02 3.300595e+02 2.164982e+02 4.956268e+03 5.429985e+03 9.837579e+02 1.115179e+03 2.936362e+02 3.515820e+02 3.745738e+03 4.440754e+03 4.183320e+02 3.870127e+02 6.504288e+00 1.793316e+00 2.326111e+00 1.170389e+00 2.082489e+00 5.618803e+00 6.153808e+00 6.060927e+00
<GCONST> 1.445108e+02
<MIXTURE> 6 1.250000e-01
<MEAN> 22
 1.243720e+00 3.365497e+00 -1.536308e+00 -4.698384e-01 2.832759e+01 4.552678e+01 8.463456e+01 8.281718e+01 6.134780e+01 6.073840e+01 1.489728e+02 1.323324e+02 1.066168e+02 1.045150e+02 4.971402e+00 3.802515e+00 5.451257e+00 5.207786e+00 4.986305e+00 4.028067e+00 1.830750e+00 2.094762e+00
<VARIANCE> 22
 4.801635e+02 4.063120e+02 3.300595e+02 2.164982e+02 4.956268e+03 5.429985e+03 9.837579e+02 1.115179e+03 2.936362e+02 3.515820e+02 3.745738e+03 4.440754e+03 4.183320e+02 3.870127e+02 6.504288e+00 1.793316e+00 2.326111e+00 1.170389e+00 2.082489e+00 5.618803e+00 6.153808e+00 6.060927e+00
<GCONST> 1.445108e+02
<MIXTURE> 7 1.250000e-01
<MEAN> 22
 1.243716e+00 3.365498e+00 -1.536308e+00 -4.698396e-01 2.832759e+01 4.552678e+01 8.463456e+01 8.281718e+01 6.134781e+01 6.073840e+01 1.489728e+02 1.323324e+02 1.066168e+02 1.045150e+02 4.971401e+00 3.802514e+00 5.451257e+00 5.207786e+00 4.986305e+00 4.028067e+00 1.830750e+00 2.094762e+00
<VARIANCE> 22
 4.801635e+02 4.063120e+02 3.300595e+02 2.164982e+02 4.956268e+03 5.429985e+03 9.837579e+02 1.115179e+03 2.936362e+02 3.515820e+02 3.745738e+03 4.440754e+03 4.183320e+02 3.870127e+02 6.504288e+00 1.793316e+00 2.326111e+00 1.170389e+00 2.082489e+00 5.618803e+00 6.153808e+00 6.060927e+00
<GCONST> 1.445108e+02
<MIXTURE> 8 1.250000e-01
<MEAN> 22
 -7.521334e+00 -4.697377e+00 -8.803324e+00 -6.355390e+00 1.672869e-01 1.605140e+01 7.208860e+01 6.945947e+01 5.449348e+01 5.323820e+01 1.244918e+02 1.056768e+02 9.843556e+01 9.664597e+01 3.951261e+00 3.266857e+00 4.841193e+00 4.775048e+00 4.409072e+00 3.079907e+00 8.384756e-01 1.110004e+00
<VARIANCE> 22
 4.801635e+02 4.063120e+02 3.300595e+02 2.164982e+02 4.956268e+03 5.429985e+03 9.837579e+02 1.115179e+03 2.936362e+02 3.515820e+02 3.745738e+03 4.440754e+03 4.183320e+02 3.870127e+02 6.504288e+00 1.793316e+00 2.326111e+00 1.170389e+00 2.082489e+00 5.618803e+00 6.153808e+00 6.060927e+00
<GCONST> 1.445108e+02
<MIXTURE> 9 6.250000e-02
<MEAN> 22
 1.439130e+01 1.545981e+01 9.364212e+00 8.358484e+00 7.056805e+01 8.973981e+01 1.034535e+02 1.028538e+02 7.162931e+01 7.198872e+01 1.856943e+02 1.723158e+02 1.188886e+02 1.163185e+02 6.501612e+00 4.606001e+00 6.366353e+00 5.856893e+00 5.852156e+00 5.450307e+00 3.319161e+00 3.571899e+00
<VARIANCE> 22
 4.801635e+02 4.063120e+02 3.300595e+02 2.164982e+02 4.956268e+03 5.429985e+03 9.837579e+02 1.115179e+03 2.936362e+02 3.515820e+02 3.745738e+03 4.440754e+03 4.183320e+02 3.870127e+02 6.504288e+00 1.793316e+00 2.326111e+00 1.170389e+00 2.082489e+00 5.618803e+00 6.153808e+00 6.060927e+00
<GCONST> 1.445108e+02
<MIXTURE> 10 6.250000e-02
<MEAN> 22
 5.626243e+00 7.396934e+00 2.097200e+00 2.472936e+00 4.240775e+01 6.026447e+01 9.090754e+01 8.949603e+01 6.477497e+01 6.448850e+01 1.612133e+02 1.456602e+02 1.107074e+02 1.084495e+02 5.481472e+00 4.070343e+00 5.756289e+00 5.424155e+00 5.274922e+00 4.502147e+00 2.326887e+00 2.587141e+00
<VARIANCE> 22
 4.801635e+02 4.063120e+02 3.300595e+02 2.164982e+02 4.956268e+03 5.429985e+03 9.837579e+02 1.115179e+03 2.936362e+02 3.515820e+02 3.745738e+03 4.440754e+03 4.183320e+02 3.870127e+02 6.504288e+00 1.793316e+00 2.326111e+00 1.170389e+00 2.082489e+00 5.618803e+00 6.153808e+00 6.060927e+00
<GCONST> 1.445108e+02
<MIXTURE> 11 6.250000e-02
<MEAN> 22
 5.626243e+00 7.396934e+00 2.097200e+00 2.472935e+00 4.240775e+01 6.026447e+01 9.090754e+01 8.949604e+01 6.477497e+01 6.448850e+01 1.612133e+02 1.456602e+02 1.107074e+02 1.084495e+02 5.481471e+00 4.070343e+00 5.756289e+00 5.424155e+00 5.274922e+00 4.502147e+00 2.326887e+00 2.587141e+00
<VARIANCE> 22
 4.801635e+02 4.063120e+02 3.300595e+02 2.164982e+02 4.956268e+03 5.429985e+03 9.837579e+02 1.115179e+03 2.936362e+02 3.515820e+02 3.745738e+03 4.440754e+03 4.183320e+02 3.870127e+02 6.504288e+00 1.793316e+00 2.326111e+00 1.170389e+00 2.082489e+00 5.618803e+00 6.153808e+00 6.060927e+00
<GCONST> 1.445108e+02
<MIXTURE> 12 6.250000e-02
<MEAN> 22
 -3.138807e+00 -6.659405e-01 -5.169816e+00 -3.412614e+00 1.424744e+01 3.078909e+01 7.836158e+01 7.613832e+01 5.792064e+01 5.698830e+01 1.367323e+02 1.190046e+02 1.025262e+02 1.005805e+02 4.461331e+00 3.534687e+00 5.146225e+00 4.991417e+00 4.697690e+00 3.553987e+00 1.334613e+00 1.602383e+00
<VARIANCE> 22
 4.801635e+02 4.063120e+02 3.300595e+02 2.164982e+02 4.956268e+03 5.429985e+03 9.837579e+02 1.115179e+03 2.936362e+02 3.515820e+02 3.745738e+03 4.440754e+03 4.183320e+02 3.870127e+02 6.504288e+00 1.793316e+00 2.326111e+00 1.170389e+00 2.082489e+00 5.618803e+00 6.153808e+00 6.060927e+00
<GCONST> 1.445108e+02
<STATE> 4
<NUMMIXES> 12
<MIXTURE> 1 6.250000e-02
<MEAN> 22
 2.315636e+01 2.352269e+01 1.663123e+01 1.424404e+01 9.872836e+01 1.192152e+02 1.159995e+02 1.162116e+02 7.848363e+01 7.948894e+01 2.101753e+02 1.989714e+02 1.270698e+02 1.241875e+02 7.521752e+00 5.141660e+00 6.976417e+00 6.289631e+00 6.429389e+00 6.398467e+00 4.311436e+00 4.556657e+00
<VARIANCE> 22
 4.801635e+02 4.063120e+02 3.300595e+02 2.164982e+02 4.956268e+03 5.429985e+03 9.837579e+02 1.115179e+03 2.936362e+02 3.515820e+02 3.745738e+03 4.440754e+03 4.183320e+02 3.870127e+02 6.504288e+00 1.793316e+00 2.326111e+00 1.170389e+00 2.082489e+00 5.618803e+00 6.153808e+00 6.060927e+00
<GCONST> 1.445108e+02
<MIXTURE> 2 6.250000e-02
<MEAN> 22
 1.439130e+01 1.545981e+01 9.364216e+00 8.358487e+00 7.056805e+01 8.973984e+01 1.034535e+02 1.028537e+02 7.162930e+01 7.198872e+01 1.856943e+02 1.723158e+02 1.188886e+02 1.163185e+02 6.501612e+00 4.606002e+00 6.366353e+00 5.856893e+00 5.852156e+00 5.450307e+00 3.319161e+00 3.571899e+00
<VARIANCE> 22
 4.801635e+02 4.063120e+02 3.300595e+02 2.164982e+02 4.956268e+03 5.429985e+03 9.837579e+02 1.115179e+03 2.936362e+02 3.515820e+02 3.745738e+03 4.440754e+03 4.183320e+02 3.870127e+02 6.504288e+00 1.793316e+00 2.326111e+00 1.170389e+00 2.082489e+00 5.618803e+00 6.153808e+00 6.060927e+00
<GCONST> 1.445108e+02
<MIXTURE> 3 6.250000e-02
<MEAN> 22
 1.439130e+01 1.545981e+01 9.364216e+00 8.358486e+00 7.056805e+01 8.973984e+01 1.034535e+02 1.028538e+02 7.162930e+01 7.198872e+01 1.856943e+02 1.723158e+02 1.188886e+02 1.163185e+02 6.501611e+00 4.606001e+00 6.366353e+00 5.856893e+00 5.852156e+00 5.450307e+00 3.319161e+00 3.571899e+00
<VARIANCE> 22
 4.801635e+02 4.063120e+02 3.300595e+02 2.164982e+02 4.956268e+03 5.429985e+03 9.837579e+02 1.115179e+03 2.936362e+02 3.515820e+02 3.745738e+03 4.440754e+03 4.183320e+02 3.870127e+02 6.504288e+00 1.793316e+00 2.326111e+00 1.170389e+00 2.082489e+00 5.618803e+00 6.153808e+00 6.060927e+00
<GCONST> 1.445108e+02
<MIXTURE> 4 6.250000e-02
<MEAN> 22
 5.626247e+00 7.396933e+00 2.097200e+00 2.472937e+00 4.240775e+01 6.026447e+01 9.090754e+01 8.949603e+01 6.477496e+01 6.448850e+01 1.612133e+02 1.456602e+02 1.107074e+02 1.084495e+02 5.481472e+00 4.070345e+00 5.756289e+00 5.424155e+00 5.274923e+00 4.502147e+00 2.326887e+00 2.587141e+00
<VARIANCE> 22
 4.801635e+02 4.063120e+02 3.300595e+02 2.164982e+02 4.956268e+03 5.429985e+03 9.837579e+02 1.115179e+03 2.936362e+02 3.515820e+02 3.745738e+03 4.440754e+03 4.183320e+02 3.870127e+02 6.504288e+00 1.793316e+00 2.326111e+00 1.170389e+00 2.082489e+00 5.618803e+00 6.153808e+00 6.060927e+00
<GCONST> 1.445108e+02
<MIXTURE> 5 1.250000e-01
<MEAN> 22
 1.000877e+01 1.142837e+01 5.730708e+00 5.415711e+00 5.648789e+01 7.500215e+01 9.718052e+01 9.617494e+01 6.820214e+01 6.823862e+01 1.734538e+02 1.589880e+02 1.147980e+02 1.123840e+02 5.991541e+00 4.338172e+00 6.061321e+00 5.640524e+00 5.563540e+00 4.976227e+00 2.823024e+00 3.079520e+00
<VARIANCE> 22
 4.801635e+02 4.063120e+02 3.300595e+02 2.164982e+02 4.956268e+03 5.429985e+03 9.837579e+02 1.115179e+03 2.936362e+02 3.515820e+02 3.745738e+03 4.440754e+03 4.183320e+02 3.870127e+02 6.504288e+00 1.793316e+00 2.326111e+00 1.170389e+00 2.082489e+00 5.618803e+00 6.153808e+00 6.060927e+00
<GCONST> 1.445108e+02
<MIXTURE> 6 1.250000e-01
<MEAN> 22
 1.243720e+00 3.365497e+00 -1.536308e+00 -4.698384e-01 2.832759e+01 4.552678e+01 8.463456e+01 8.281718e+01 6.134780e+01 6.073840e+01 1.489728e+02 1.323324e+02 1.066168e+02 1.045150e+02 4.971402e+00 3.802515e+00 5.451257e+00 5.207786e+00 4.986305e+00 4.028067e+00 1.830750e+00 2.094762e+00
<VARIANCE> 22
 4.801635e+02 4.063120e+02 3.300595e+02 2.164982e+02 4.956268e+03 5.429985e+03 9.837579e+02 1.115179e+03 2.936362e+02 3.515820e+02 3.745738e+03 4.440754e+03 4.183320e+02 3.870127e+02 6.504288e+00 1.793316e+00 2.326111e+00 1.170389e+00 2.082489e+00 5.618803e+00 6.153808e+00 6.060927e+00
<GCONST> 1.445108e+02
<MIXTURE> 7 1.250000e-01
<MEAN> 22
 1.243716e+00 3.365498e+00 -1.536308e+00 -4.698396e-01 2.832759e+01 4.552678e+01 8.463456e+01 8.281718e+01 6.134781e+01 6.073840e+01 1.489728e+02 1.323324e+02 1.066168e+02 1.045150e+02 4.971401e+00 3.802514e+00 5.451257e+00 5.207786e+00 4.986305e+00 4.028067e+00 1.830750e+00 2.094762e+00
<VARIANCE> 22
 4.801635e+02 4.063120e+02 3.300595e+02 2.164982e+02 4.956268e+03 5.429985e+03 9.837579e+02 1.115179e+03 2.936362e+02 3.515820e+02 3.745738e+03 4.440754e+03 4.183320e+02 3.870127e+02 6.504288e+00 1.793316e+00 2.326111e+00 1.170389e+00 2.082489e+00 5.618803e+00 6.153808e+00 6.060927e+00
<GCONST> 1.445108e+02
<MIXTURE> 8 1.250000e-01
<MEAN> 22
 -7.521334e+00 -4.697377e+00 -8.803324e+00 -6.355390e+00 1.672869e-01 1.605140e+01 7.208860e+01 6.945947e+01 5.449348e+01 5.323820e+01 1.244918e+02 1.056768e+02 9.843556e+01 9.664597e+01 3.951261e+00 3.266857e+00 4.841193e+00 4.775048e+00 4.409072e+00 3.079907e+00 8.384756e-01 1.110004e+00
<VARIANCE> 22
 4.801635e+02 4.063120e+02 3.300595e+02 2.164982e+02 4.956268e+03 5.429985e+03 9.837579e+02 1.115179e+03 2.936362e+02 3.515820e+02 3.745738e+03 4.440754e+03 4.183320e+02 3.870127e+02 6.504288e+00 1.793316e+00 2.326111e+00 1.170389e+00 2.082489e+00 5.618803e+00 6.153808e+00 6.060927e+00
<GCONST> 1.445108e+02
<MIXTURE> 9 6.250000e-02
<MEAN> 22
 1.439130e+01 1.545981e+01 9.364212e+00 8.358484e+00 7.056805e+01 8.973981e+01 1.034535e+02 1.028538e+02 7.162931e+01 7.198872e+01 1.856943e+02 1.723158e+02 1.188886e+02 1.163185e+02 6.501612e+00 4.606001e+00 6.366353e+00 5.856893e+00 5.852156e+00 5.450307e+00 3.319161e+00 3.571899e+00
<VARIANCE> 22
 4.801635e+02 4.063120e+02 3.300595e+02 2.164982e+02 4.956268e+03 5.429985e+03 9.837579e+02 1.115179e+03 2.936362e+02 3.515820e+02 3.745738e+03 4.440754e+03 4.183320e+02 3.870127e+02 6.504288e+00 1.793316e+00 2.326111e+00 1.170389e+00 2.082489e+00 5.618803e+00 6.153808e+00 6.060927e+00
<GCONST> 1.445108e+02
<MIXTURE> 10 6.250000e-02
<MEAN> 22
 5.626243e+00 7.396934e+00 2.097200e+00 2.472936e+00 4.240775e+01 6.026447e+01 9.090754e+01 8.949603e+01 6.477497e+01 6.448850e+01 1.612133e+02 1.456602e+02 1.107074e+02 1.084495e+02 5.481472e+00 4.070343e+00 5.756289e+00 5.424155e+00 5.274922e+00 4.502147e+00 2.326887e+00 2.587141e+00
<VARIANCE> 22
 4.801635e+02 4.063120e+02 3.300595e+02 2.164982e+02 4.956268e+03 5.429985e+03 9.837579e+02 1.115179e+03 2.936362e+02 3.515820e+02 3.745738e+03 4.440754e+03 4.183320e+02 3.870127e+02 6.504288e+00 1.793316e+00 2.326111e+00 1.170389e+00 2.082489e+00 5.618803e+00 6.153808e+00 6.060927e+00
<GCONST> 1.445108e+02
<MIXTURE> 11 6.250000e-02
<MEAN> 22
 5.626243e+00 7.396934e+00 2.097200e+00 2.472935e+00 4.240775e+01 6.026447e+01 9.090754e+01 8.949604e+01 6.477497e+01 6.448850e+01 1.612133e+02 1.456602e+02 1.107074e+02 1.084495e+02 5.481471e+00 4.070343e+00 5.756289e+00 5.424155e+00 5.274922e+00 4.502147e+00 2.326887e+00 2.587141e+00
<VARIANCE> 22
 4.801635e+02 4.063120e+02 3.300595e+02 2.164982e+02 4.956268e+03 5.429985e+03 9.837579e+02 1.115179e+03 2.936362e+02 3.515820e+02 3.745738e+03 4.440754e+03 4.183320e+02 3.870127e+02 6.504288e+00 1.793316e+00 2.326111e+00 1.170389e+00 2.082489e+00 5.618803e+00 6.153808e+00 6.060927e+00
<GCONST> 1.445108e+02
<MIXTURE> 12 6.250000e-02
<MEAN> 22
 -3.138807e+00 -6.659405e-01 -5.169816e+00 -3.412614e+00 1.424744e+01 3.078909e+01 7.836158e+01 7.613832e+01 5.792064e+01 5.698830e+01 1.367323e+02 1.190046e+02 1.025262e+02 1.005805e+02 4.461331e+00 3.534687e+00 5.146225e+00 4.991417e+00 4.697690e+00 3.553987e+00 1.334613e+00 1.602383e+00
<VARIANCE> 22
 4.801635e+02 4.063120e+02 3.300595e+02 2.164982e+02 4.956268e+03 5.429985e+03 9.837579e+02 1.115179e+03 2.936362e+02 3.515820e+02 3.745738e+03 4.440754e+03 4.183320e+02 3.870127e+02 6.504288e+00 1.793316e+00 2.326111e+00 1.170389e+00 2.082489e+00 5.618803e+00 6.153808e+00 6.060927e+00
<GCONST> 1.445108e+02
<TRANSP> 5
 0.000000e+00 1.000000e+00 0.000000e+00 0.000000e+00 0.000000e+00
 0.000000e+00 4.800000e-01 3.200000e-01 2.000000e-01 0.000000e+00
 0.000000e+00 0.000000e+00 6.000000e-01 4.000000e-01 0.000000e+00
 0.000000e+00 2.000000e-01 0.000000e+00 5.600000e-01 2.400000e-01
 0.000000e+00 0.000000e+00 0.000000e+00 0.000000e+00 0.000000e+00
<ENDHMM>
~h "oov"
<BEGINHMM>
<NUMSTATES> 5
<STATE> 2
<NUMMIXES> 12
<MIXTURE> 1 1.630435e-02
<MEAN> 22
 1.193873e+02 1.076071e+02 1.041130e+02 8.610177e+01 3.262000e+02 2.608418e+02 1.065290e+02 9.737109e+01 6.403443e+01 7.214902e+01 2.049821e+02 1.459096e+02 1.170694e+02 1.122672e+02 6.992402e+00 4.057782e+00 6.203634e+00 5.286455e+00 6.000035e+00 4.381706e+00 3.491206e+00 3.773727e+00
<VARIANCE> 22
 4.382786e+04 2.866209e+04 3.548019e+04 2.227045e+04 7.208352e+04 3.506525e+04 2.793793e+02 9.932501e+02 5.174441e+01 2.672044e+02 4.094113e+02 4.529327e+03 1.479629e+02 2.431163e+02 6.504288e-02 1.528626e+00 1.621678e-01 8.787730e-01 2.082489e-02 5.780450e+00 8.783282e+00 7.759767e+00
<GCONST> 1.483624e+02
<MIXTURE> 2 8.928753e-02
<MEAN> 22
 1.387758e+01 1.480074e+01 2.225886e+00 2.465610e+00 1.609624e+02 1.598395e+02 8.701820e+01 8.672459e+01 7.178082e+01 7.061103e+01 4.992838e+01 5.069779e+01 1.069516e+02 1.091839e+02 1.916137e+00 2.146962e+00 5.115641e+00 5.368985e+00 3.080395e+00 1.030677e+00 3.071821e+00 2.987330e+00
<VARIANCE> 22
 2.718642e+02 3.281248e+02 8.863549e+00 1.097017e+01 2.213975e+03 1.517650e+03 7.405989e+02 8.133940e+02 1.341483e+02 1.486126e+02 5.292352e+02 5.214684e+02 3.177494e+02 2.432130e+02 3.280500e-01 3.220600e-01 4.614469e+00 1.316147e+00 3.862294e-01 4.068276e-01 5.301364e+00 5.628550e+00
<GCONST> 1.195303e+02
<MIXTURE> 3 1.761393e-01
<MEAN> 22
 1.176875e+01 7.759329e+00 2.967072e+00 1.892312e+00 9.865359e+01 5.629845e+01 8.989900e+01 8.610693e+01 7.757438e+01 6.278151e+01 1.155796e+02 1.564715e+02 1.045059e+02 1.087078e+02 1.611593e+00 4.360394e+00 5.568663e+00 5.456694e+00 4.005021e+00 5.341949e+00 3.172748e+00 2.857009e+00
<VARIANCE> 22
 1.825780e+02 1.060678e+02 1.585343e+01 7.113892e+00 3.256669e+03 1.780677e+03 2.066087e+03 1.363319e+03 3.712413e+02 1.650043e+02 2.595906e+03 1.550023e+03 2.397442e+02 1.517044e+02 5.183951e+00 5.815036e-01 5.414858e+00 2.996681e-01 4.819439e+00 2.287810e+00 5.418162e+00 6.229562e+00
<GCONST> 1.296932e+02
<MIXTURE> 4 2.657864e-02
<MEAN> 22
 0.000000e+00 -1.793662e-43 0.000000e+00 0.000000e+00 5.109982e+02 3.967704e+02 0.000000e+00 0.000000e+00 0.000000e+00 0.000000e+00 0.000000e+00 0.000000e+00 0.000000e+00 0.000000e+00 0.000000e+00 0.000000e+00 0.000000e+00 0.000000e+00 0.000000e+00 0.000000e+00 0.000000e+00 0.000000e+00
<VARIANCE> 22
 4.801635e+00 4.063120e+00 3.300595e+00 2.164982e+00 2.672961e+03 1.681280e+03 9.837578e+00 1.115179e+01 2.936362e+00 3.515820e+00 3.745738e+01 4.440754e+01 4.183320e+00 3.870127e+00 6.504288e-02 1.793316e-02 2.326111e-02 1.170389e-02 2.082489e-02 5.618803e-02 6.153808e-02 6.060927e-02
<GCONST> 5.061755e+01
<MIXTURE> 5 7.826194e-02
<MEAN> 22
 6.394628e+00 6.809913e+00 1.137296e+00 1.010765e+00 1.453815e+02 1.418524e+02 7.528090e+01 7.516088e+01 6.365232e+01 6.132623e+01 3.909198e+01 3.997070e+01 1.004160e+02 1.015621e+02 1.816342e+00 2.165398e+00 6.307951e+00 5.642102e+00 2.961300e+00 1.068960e+00 3.308504e+00 3.098101e+00
<VARIANCE> 22
 5.490469e+01 6.984676e+01 3.300595e+00 2.164982e+00 7.416208e+02 5.533605e+02 2.097769e+02 2.229605e+02 3.235503e+01 4.316930e+01 1.771855e+02 1.914363e+02 4.788244e+01 4.725712e+01 1.520784e-01 1.479226e-01 3.427213e-01 3.631543e-01 6.217122e-02 1.009265e-01 5.695591e+00 5.839558e+00
<GCONST> 9.228255e+01
<MIXTURE> 6 6.485752e-03
<MEAN> 22
 4.338800e+02 3.718164e+02 3.985792e+02 3.185082e+02 1.694275e+01 1.422767e+01 2.094944e+01 2.043798e+01 2.124238e+01 1.827564e+01 2.575559e+01 3.298943e+01 2.631759e+01 2.814615e+01 5.876248e-01 9.347458e-01 1.493653e+00 1.499772e+00 1.083029e+00 1.047845e+00 3.542035e+00 3.646508e+00
<VARIANCE> 22
 2.418829e+04 1.702504e+04 2.080701e+04 1.433115e+04 2.497716e+03 2.005895e+03 1.725225e+03 1.518771e+03 1.323353e+03 9.570101e+02 2.237463e+03 3.655609e+03 2.001203e+03 2.153401e+03 2.004247e+00 3.155175e+00 7.100063e+00 6.154443e+00 3.715940e+00 4.959556e+00 2.748058e+00 2.680187e+00
<GCONST> 1.657658e+02
<MIXTURE> 7 9.243732e-02
<MEAN> 22
 4.814292e+00 1.108831e+01 1.559837e+00 3.296042e+00 3.940023e+01 8.097139e+01 1.054893e+02 1.010921e+02 6.785592e+01 7.547547e+01 2.050554e+02 1.606587e+02 1.222451e+02 1.173918e+02 6.999260e+00 4.309117e+00 6.314651e+00 5.287114e+00 6.000426e+00 4.965127e+00 3.014751e+00 3.275805e+00
<VARIANCE> 22
 3.831595e+01 1.707644e+02 3.815512e+00 1.693445e+01 2.108665e+03 4.913989e+03 3.235051e+02 1.143412e+03 6.991373e+01 4.995414e+02 5.075678e+02 3.141385e+03 1.752457e+02 1.294614e+02 6.504288e-02 1.084960e+00 2.156438e-01 7.051790e-01 2.082489e-02 3.937672e+00 6.297582e+00 5.658216e+00
<GCONST> 1.136727e+02
<MIXTURE> 8 4.002852e-02
<MEAN> 22
 0.000000e+00 0.000000e+00 -2.802597e-45 -3.587324e-43 0.000000e+00 -1.972152e-31 0.000000e+00 0.000000e+00 0.000000e+00 0.000000e+00 0.000000e+00 0.000000e+00 0.000000e+00 0.000000e+00 0.000000e+00 0.000000e+00 0.000000e+00 0.000000e+00 0.000000e+00 3.587324e-43 0.000000e+00 0.000000e+00
<VARIANCE> 22
 4.801635e+00 4.063120e+00 3.300595e+00 2.164982e+00 4.956268e+01 5.429985e+01 9.837578e+00 1.115179e+01 2.936362e+00 3.515820e+00 3.745738e+01 4.440754e+01 4.183320e+00 3.870127e+00 6.504288e-02 1.793316e-02 2.326111e-02 1.170389e-02 2.082489e-02 5.618803e-02 6.153808e-02 6.060927e-02
<GCONST> 4.319706e+01
<MIXTURE> 9 1.620143e-01
<MEAN> 22
 1.356138e+00 1.011996e+01 6.061708e-01 2.410277e+00 7.837258e+00 6.753172e+01 8.720195e+01 7.012553e+01 5.545412e+01 6.971006e+01 1.824914e+02 1.257859e+02 1.088587e+02 1.020431e+02 6.999633e+00 4.062995e+00 6.000008e+00 5.436246e+00 5.999996e+00 5.008489e+00 2.002046e+00 3.084082e+00
<VARIANCE> 22
 4.801635e+00 9.413027e+01 3.300595e+00 6.426657e+00 7.323847e+01 2.793492e+03 7.958109e+01 1.013572e+03 2.653907e+01 3.081327e+02 1.328855e+02 1.969795e+03 5.015721e+01 8.963447e+01 6.504288e-02 1.047751e+00 2.326111e-02 6.374867e-01 2.082489e-02 5.262367e+00 5.717052e+00 5.051001e+00
<GCONST> 9.727826e+01
<MIXTURE> 10 6.558886e-02
<MEAN> 22
 3.713809e+00 4.119464e+00 9.555405e-01 9.501131e-01 1.056292e+02 1.053754e+02 5.409339e+01 5.367659e+01 6.025757e+01 5.570725e+01 5.838558e+01 6.099908e+01 9.522737e+01 9.503629e+01 1.799499e+00 2.095506e+00 6.216818e+00 5.859552e+00 3.347376e+00 6.555442e-01 3.009012e+00 2.961748e+00
<VARIANCE> 22
 2.059161e+01 2.759937e+01 3.300595e+00 2.164982e+00 1.571313e+03 1.096932e+03 2.860595e+02 2.831691e+02 6.735805e+01 7.680682e+01 3.413144e+02 3.290829e+02 6.092450e+01 7.433097e+01 4.466463e-01 5.661141e-01 3.283483e-01 4.332504e-01 3.732553e-01 4.238161e-01 6.344769e+00 6.470260e+00
<GCONST> 1.015491e+02
<MIXTURE> 11 1.520744e-01
<MEAN> 22
 7.186117e-01 6.821091e+00 3.263625e-01 1.635258e+00 6.612520e+00 8.836519e+01 8.051541e+01 6.587217e+01 5.244670e+01 6.600898e+01 1.710589e+02 8.926461e+01 1.036144e+02 9.335033e+01 6.999799e+00 3.358424e+00 6.000014e+00 5.234623e+00 5.999728e+00 3.367789e+00 1.128904e+00 2.698673e+00
<VARIANCE> 22
 4.801635e+00 6.791336e+01 3.300595e+00 4.287154e+00 5.510230e+01 2.934144e+03 9.437965e+01 1.069568e+03 2.474880e+01 2.751481e+02 2.322887e+02 1.899674e+03 5.659702e+01 1.066256e+02 6.504288e-02 1.407362e+00 2.326111e-02 9.568108e-01 2.082489e-02 7.770854e+00 3.917819e+00 5.491119e+00
<GCONST> 9.796603e+01
<MIXTURE> 12 9.479208e-02
<MEAN> 22
 3.945058e+00 8.520125e+00 9.981167e-01 2.756369e+00 3.486854e+01 8.414970e+01 9.044390e+01 8.603728e+01 6.243559e+01 7.130276e+01 1.843972e+02 1.185787e+02 1.105612e+02 1.056950e+02 6.996518e+00 3.783491e+00 6.250645e+00 5.160271e+00 5.998709e+00 4.004457e+00 2.228708e+00 2.558943e+00
<VARIANCE> 22
 3.120692e+01 1.286094e+02 3.300595e+00 1.677103e+01 1.340553e+03 4.548277e+03 3.280622e+02 1.225568e+03 6.040914e+01 4.187134e+02 6.180955e+02 3.410330e+03 1.625467e+02 1.585633e+02 6.504288e-02 1.549701e+00 1.878107e-01 8.940057e-01 2.082489e-02 6.241107e+00 5.511210e+00 5.322991e+00
<GCONST> 1.133882e+02
<STATE> 3
<NUMMIXES> 12
<MIXTURE> 1 6.601690e-02
<MEAN> 22
 7.909554e+00 4.549004e+00 2.241507e+00 1.323041e+00 3.466666e+01 2.112354e+01 1.178517e+02 1.092426e+02 7.807590e+01 6.583728e+01 2.206889e+02 2.167171e+02 1.351686e+02 1.303584e+02 6.988155e+00 5.000235e+00 6.529308e+00 5.841615e+00 5.979259e+00 5.985560e+00 2.653953e+00 2.403366e+00
<VARIANCE> 22
 1.134555e+02 4.317136e+01 1.052911e+01 3.211734e+00 1.470288e+03 4.160754e+02 1.614951e+03 4.147539e+02 2.285991e+02 1.349290e+02 2.505214e+03 1.048690e+03 7.807752e+02 3.090984e+02 6.504288e-02 1.793316e-02 2.491571e-01 1.333016e-01 8.495428e-02 5.618803e-02 5.973033e+00 5.961913e+00
<GCONST> 1.047711e+02
<MIXTURE> 2 1.169980e-01
<MEAN> 22
 1.227980e+00 1.585613e+01 4.782544e-01 4.538832e+00 6.969093e+00 1.845772e+02 1.182663e+02 1.229964e+02 6.939241e+01 1.001265e+02 2.264362e+02 7.705047e+01 1.341732e+02 1.150957e+02 6.999990e+00 2.668266e+00 6.274597e+00 4.268738e+00 6.000001e+00 1.975249e+00 1.784713e+00 3.331444e+00
<VARIANCE> 22
 4.928167e+00 3.897111e+02 3.300595e+00 3.698011e+01 5.055054e+01 4.220825e+03 2.850288e+02 2.152249e+03 6.426674e+01 6.103654e+02 3.816005e+02 2.205362e+03 1.597444e+02 2.089445e+02 6.504288e-02 7.893510e-01 1.991868e-01 1.293903e+00 2.082489e-02 3.463132e+00 5.815711e+00 5.517914e+00
<GCONST> 1.095456e+02
<MIXTURE> 3 5.250056e-02
<MEAN> 22
 1.362546e+01 1.257778e+01 1.916889e+00 2.245008e+00 9.803775e+01 1.016243e+02 5.471177e+01 5.325093e+01 6.713322e+01 6.255450e+01 7.307388e+01 7.119057e+01 1.029779e+02 1.039903e+02 1.781916e+00 2.242788e+00 6.126617e+00 5.794458e+00 3.652092e+00 5.562726e-01 3.077151e+00 3.048921e+00
<VARIANCE> 22
 2.557502e+02 2.155360e+02 5.392980e+00 8.255479e+00 2.453074e+03 1.902738e+03 3.801004e+02 3.898688e+02 1.311292e+02 1.081864e+02 6.946422e+02 5.066839e+02 1.735275e+02 1.279963e+02 1.154764e+00 7.583172e-01 4.273908e-01 4.113691e-01 5.816205e-01 3.857626e-01 5.821489e+00 5.752871e+00
<GCONST> 1.148944e+02
<MIXTURE> 4 1.165385e-01
<MEAN> 22
 1.434135e+01 1.846171e+00 4.400206e+00 9.944184e-01 1.572304e+02 2.057570e+01 1.157179e+02 1.053680e+02 9.879096e+01 5.958994e+01 7.460200e+01 2.072318e+02 1.064417e+02 1.222743e+02 1.382340e+00 5.000104e+00 3.679661e+00 5.837251e+00 3.172848e+00 5.996941e+00 3.670723e+00 2.513534e+00
<VARIANCE> 22
 2.621464e+02 6.299562e+00 3.094574e+01 2.164982e+00 4.752864e+03 6.947370e+02 2.602156e+03 1.566362e+02 5.648594e+02 5.381344e+01 1.858349e+03 2.480860e+02 3.408334e+02 9.162897e+01 5.525004e-01 1.793316e-02 8.862150e+00 1.362605e-01 1.512591e+00 5.618803e-02 5.851702e+00 6.241045e+00
<GCONST> 1.103947e+02
<MIXTURE> 5 1.197011e-01
<MEAN> 22
 1.284614e+00 1.420830e+01 6.308672e-01 4.801461e+00 5.941773e+00 1.675394e+02 8.883044e+01 1.145503e+02 5.483081e+01 8.753642e+01 1.852271e+02 6.114114e+01 1.104290e+02 9.152604e+01 6.999086e+00 2.443762e+00 6.000043e+00 4.141532e+00 6.000000e+00 1.308296e+00 1.994534e+00 3.423265e+00
<VARIANCE> 22
 4.903115e+00 1.804411e+02 3.300595e+00 2.637773e+01 4.956268e+01 2.387542e+03 5.511992e+01 2.210401e+03 3.106254e+01 5.642678e+02 8.607072e+01 6.680960e+02 3.164365e+01 1.842119e+02 6.504288e-02 2.506821e-01 2.326111e-02 1.539520e+00 2.082489e-02 5.847031e-01 6.471696e+00 5.137821e+00
<GCONST> 9.612868e+01
<MIXTURE> 6 4.929806e-02
<MEAN> 22
 7.498408e+00 2.014882e+00 2.784100e+00 1.051669e+00 6.705047e+01 2.135602e+01 9.689864e+01 3.860310e+01 8.522497e+01 5.747111e+01 5.823072e+01 1.121478e+02 9.545500e+01 1.014209e+02 1.610883e+00 3.783849e+00 3.985637e+00 5.677437e+00 3.128491e+00 4.705964e+00 3.266438e+00 2.231833e+00
<VARIANCE> 22
 7.857272e+01 7.321867e+00 1.314230e+01 2.447533e+00 1.576839e+03 2.291723e+02 2.168562e+03 1.878469e+02 4.860424e+02 3.635619e+01 8.896801e+02 3.529107e+02 1.937304e+02 5.508535e+01 5.189523e-01 4.433851e-01 8.191713e+00 2.185210e-01 6.623304e-01 8.464908e+00 6.155934e+00 5.632748e+00
<GCONST> 1.120692e+02
<MIXTURE> 7 5.416235e-02
<MEAN> 22
 1.990766e+01 1.982604e+01 6.662235e+00 5.907156e+00 9.654671e+01 1.031339e+02 7.857446e+01 8.415714e+01 7.445663e+01 7.039454e+01 1.151234e+02 1.128818e+02 9.893230e+01 1.027840e+02 2.693052e+00 3.410452e+00 5.583504e+00 5.017468e+00 4.274013e+00 3.695395e+00 3.298616e+00 3.414859e+00
<VARIANCE> 22
 6.494675e+02 7.511974e+02 1.038040e+02 6.280823e+01 7.222892e+03 6.040651e+03 1.906019e+03 2.149525e+03 4.413836e+02 4.917607e+02 2.833860e+03 2.984505e+03 9.278586e+02 5.176160e+02 7.179155e+00 1.843319e+00 4.103084e+00 1.448926e+00 3.521122e+00 6.463157e+00 6.210751e+00 5.545053e+00
<GCONST> 1.474808e+02
<MIXTURE> 8 5.706257e-02
<MEAN> 22
 6.207769e+00 7.496054e+00 1.098292e+00 9.561608e-01 7.312694e+01 7.414392e+01 2.526048e+01 2.704314e+01 6.506635e+01 6.013996e+01 8.693708e+01 8.776390e+01 1.028364e+02 1.018659e+02 2.127812e+00 1.792248e+00 6.000000e+00 6.000000e+00 4.027724e+00 3.420643e-03 2.735103e+00 2.503257e+00
<VARIANCE> 22
 7.519726e+01 1.030484e+02 3.300595e+00 2.164982e+00 1.785863e+03 1.452081e+03 1.399587e+02 8.828754e+01 4.781276e+01 4.336816e+01 1.748683e+02 1.538502e+02 6.450193e+01 5.568412e+01 1.109159e+00 1.154793e+00 2.326111e-02 1.170389e-02 5.522874e-02 5.618803e-02 6.080007e+00 6.199242e+00
<GCONST> 9.146172e+01
<MIXTURE> 9 8.114269e-02
<MEAN> 22
 9.379150e-01 5.011419e+00 4.259418e-01 1.695749e+00 5.541980e+00 1.697935e+02 8.490206e+01 1.122994e+02 5.419730e+01 8.156008e+01 1.800414e+02 3.729436e+01 1.079724e+02 8.947803e+01 6.999650e+00 2.146034e+00 6.001663e+00 4.049297e+00 6.000000e+00 1.234363e+00 1.351422e+00 3.104289e+00
<VARIANCE> 22
 4.801635e+00 3.319389e+01 3.300595e+00 3.085275e+00 4.956268e+01 7.895930e+02 3.536325e+01 6.885374e+02 2.180093e+01 3.738049e+02 5.906628e+01 2.663158e+02 2.933537e+01 1.267137e+02 6.504288e-02 1.257176e-01 2.326111e-02 1.405878e+00 2.082489e-02 2.991005e-01 4.680161e+00 5.986198e+00
<GCONST> 8.541758e+01
<MIXTURE> 10 9.188413e-02
<MEAN> 22
 1.032781e+00 2.556825e+01 5.741771e-01 6.089717e+00 6.757398e+00 7.925939e+01 9.525280e+01 7.220339e+01 5.831246e+01 7.427772e+01 1.928494e+02 1.177501e+02 1.137825e+02 1.046454e+02 6.999712e+00 3.796780e+00 6.047579e+00 5.315455e+00 6.000000e+00 4.428891e+00 1.735324e+00 4.560157e+00
<VARIANCE> 22
 4.801635e+00 4.083850e+02 3.300595e+00 3.987520e+01 4.956268e+01 2.239865e+03 1.529423e+02 8.673444e+02 4.565406e+01 2.278596e+02 2.918576e+02 2.237713e+03 8.787215e+01 1.387372e+02 6.504288e-02 1.002889e+00 4.531391e-02 4.355319e-01 2.082489e-02 6.408478e+00 5.537138e+00 4.300245e+00
<GCONST> 1.028560e+02
<MIXTURE> 11 1.217314e-01
<MEAN> 22
 8.177271e+00 1.030934e+00 2.564142e+00 5.614631e-01 1.381173e+02 1.628963e+01 1.029401e+02 8.983727e+01 7.969212e+01 5.224731e+01 5.599271e+01 1.853104e+02 9.109493e+01 1.098059e+02 1.498618e+00 5.000000e+00 3.461665e+00 5.798782e+00 2.919544e+00 5.989953e+00 3.000621e+00 1.675287e+00
<VARIANCE> 22
 1.275933e+02 4.063120e+00 1.289261e+01 2.164982e+00 3.564087e+03 5.227078e+02 1.798636e+03 1.412706e+02 4.643665e+02 5.045400e+01 1.087090e+03 2.615078e+02 3.012103e+02 1.014233e+02 4.559832e-01 1.793316e-02 8.410972e+00 1.607297e-01 1.120468e+00 5.618803e-02 6.042043e+00 5.126437e+00
<GCONST> 1.060058e+02
<MIXTURE> 12 7.294693e-02
<MEAN> 22
 5.177458e-01 3.309905e+00 2.705000e-01 1.242182e+00 4.774352e+00 1.571962e+02 8.087517e+01 1.008723e+02 5.168570e+01 7.231394e+01 1.732753e+02 3.079775e+01 1.041526e+02 8.439844e+01 6.999902e+00 2.047154e+00 6.000741e+00 4.224715e+00 6.000000e+00 1.091011e+00 7.845008e-01 2.314212e+00
<VARIANCE> 22
 4.801635e+00 2.332657e+01 3.300595e+00 2.344375e+00 4.956268e+01 8.329955e+02 3.539975e+01 6.814473e+02 2.093813e+01 3.129612e+02 7.502331e+01 2.201593e+02 3.089391e+01 1.508257e+02 6.504288e-02 5.163657e-02 2.326111e-02 1.863006e+00 2.082489e-02 3.286171e-01 2.921256e+00 5.791809e+00
<GCONST> 8.387263e+01
<STATE> 4
<NUMMIXES> 12
<MIXTURE> 1 8.296546e-02
<MEAN> 22
 3.794643e+00 3.843057e+00 1.452227e+00 1.596393e+00 1.953006e+01 1.604579e+01 1.225092e+02 1.139325e+02 7.527814e+01 6.545245e+01 2.257523e+02 2.194167e+02 1.358777e+02 1.305110e+02 6.998914e+00 5.000618e+00 6.394523e+00 5.776509e+00 6.000536e+00 5.982137e+00 2.763381e+00 2.748581e+00
<VARIANCE> 22
 1.978300e+01 2.182005e+01 3.300595e+00 4.148781e+00 2.966477e+02 1.836340e+02 1.795507e+02 9.898949e+01 4.958892e+01 5.316479e+01 1.538797e+02 1.386483e+02 6.921722e+01 5.283358e+01 6.504288e-02 1.793316e-02 2.388590e-01 1.735299e-01 2.082489e-02 5.618803e-02 6.076185e+00 6.249078e+00
<GCONST> 8.280756e+01
<MIXTURE> 2 9.816938e-02
<MEAN> 22
 1.291700e+01 9.029837e+00 3.357458e+00 2.786279e+00 3.714140e+01 2.337853e+01 8.165128e+01 8.976392e+01 6.773257e+01 5.896392e+01 1.720006e+02 1.854199e+02 1.114447e+02 1.133496e+02 5.970062e+00 5.000008e+00 6.347280e+00 5.739135e+00 5.873433e+00 5.989980e+00 3.625347e+00 3.117465e+00
<VARIANCE> 22
 1.808409e+02 1.174035e+02 1.538549e+01 1.311607e+01 7.357994e+02 4.185844e+02 6.293162e+02 2.857199e+02 1.575188e+02 8.571234e+01 9.048233e+02 4.296629e+02 1.460499e+02 9.397203e+01 5.751354e+00 1.793316e-02 2.268248e-01 1.928058e-01 2.685728e-01 5.618803e-02 5.949289e+00 6.041345e+00
<GCONST> 1.063364e+02
<MIXTURE> 3 8.618529e-02
<MEAN> 22
 2.957279e+00 3.731709e+00 1.052768e+00 1.288246e+00 9.055771e+00 1.058649e+01 9.700689e+01 9.588967e+01 6.037303e+01 5.630317e+01 1.958285e+02 1.954790e+02 1.163183e+02 1.172289e+02 6.998693e+00 5.000000e+00 6.000292e+00 6.000000e+00 6.000000e+00 6.000000e+00 2.818560e+00 2.843119e+00
<VARIANCE> 22
 1.423884e+01 1.972720e+01 3.300595e+00 2.677606e+00 5.375728e+01 5.521190e+01 4.209865e+01 4.889856e+01 1.884886e+01 2.941249e+01 4.059515e+01 5.293390e+01 2.352768e+01 1.284879e+01 6.504288e-02 1.793316e-02 2.326111e-02 1.170389e-02 2.082489e-02 5.618803e-02 6.423217e+00 6.352038e+00
<GCONST> 6.557314e+01
<MIXTURE> 4 4.707177e-02
<MEAN> 22
 1.246567e+01 6.906055e+00 3.547723e+00 2.279105e+00 1.446576e+02 8.808977e+01 1.129386e+02 1.075028e+02 8.249540e+01 6.798715e+01 9.976518e+01 1.512124e+02 1.058885e+02 1.116946e+02 1.533241e+00 3.961160e+00 4.585510e+00 5.220514e+00 2.873084e+00 4.264176e+00 2.930995e+00 2.830584e+00
<VARIANCE> 22
 2.521241e+02 1.135079e+02 2.616024e+01 1.470003e+01 7.322805e+03 7.443836e+03 1.930777e+03 1.543461e+03 5.203231e+02 4.192600e+02 4.320897e+03 3.740441e+03 5.361731e+02 3.194535e+02 2.940884e+00 1.370028e+00 8.700321e+00 9.472294e-01 3.906281e+00 4.135948e+00 5.458231e+00 5.964231e+00
<GCONST> 1.400786e+02
<MIXTURE> 5 8.316104e-02
<MEAN> 22
 1.419835e+00 5.073131e+00 5.891564e-01 1.708555e+00 6.083234e+00 1.792232e+01 8.525148e+01 8.372131e+01 5.456837e+01 5.582018e+01 1.791347e+02 1.754692e+02 1.082371e+02 1.064778e+02 6.999576e+00 4.999996e+00 6.000859e+00 5.719671e+00 6.000000e+00 5.998190e+00 2.049036e+00 3.328304e+00
<VARIANCE> 22
 4.801635e+00 2.809300e+01 3.300595e+00 3.522907e+00 4.956268e+01 3.464840e+02 2.571474e+01 9.094585e+01 1.631451e+01 5.891760e+01 3.745738e+01 8.070675e+01 1.232770e+01 1.703373e+01 6.504288e-02 1.793316e-02 2.326111e-02 2.017270e-01 2.082489e-02 5.618803e-02 5.944122e+00 6.060906e+00
<GCONST> 7.024681e+01
<MIXTURE> 6 1.059073e-01
<MEAN> 22
 1.257625e+00 1.288531e+00 5.725295e-01 6.374371e-01 7.209064e+00 8.977245e+00 1.126550e+02 1.114942e+02 6.964742e+01 6.658220e+01 2.208240e+02 2.197680e+02 1.307353e+02 1.302276e+02 6.999997e+00 5.000003e+00 6.138515e+00 5.946703e+00 6.000007e+00 5.999427e+00 2.142526e+00 1.958214e+00
<VARIANCE> 22
 4.801635e+00 4.063120e+00 3.300595e+00 2.164982e+00 4.956268e+01 1.853691e+02 5.879816e+01 5.350877e+01 2.904351e+01 2.623784e+01 1.339213e+02 1.532729e+02 5.435436e+01 5.668725e+01 6.504288e-02 1.793316e-02 1.193272e-01 5.045481e-02 2.082489e-02 5.618803e-02 5.834434e+00 5.496655e+00
<GCONST> 7.199969e+01
<MIXTURE> 7 5.742731e-02
<MEAN> 22
 1.422059e+00 8.086843e+00 6.399890e-01 2.219034e+00 3.056833e+01 1.545858e+02 8.186863e+01 1.032096e+02 6.261118e+01 8.104784e+01 1.637110e+02 5.550551e+01 1.084467e+02 9.617039e+01 5.701778e+00 2.348472e+00 6.217137e+00 4.422848e+00 5.634091e+00 1.262382e+00 1.890882e+00 2.857745e+00
<VARIANCE> 22
 5.129303e+00 9.607016e+01 3.300595e+00 6.767497e+00 1.805557e+03 2.369979e+03 5.513719e+02 1.868482e+03 1.872398e+02 5.880749e+02 2.163091e+03 8.468299e+02 1.691578e+02 2.572236e+02 6.230818e+00 3.166482e-01 1.889309e-01 1.518749e+00 8.043801e-01 7.914153e-01 5.741524e+00 5.399908e+00
<GCONST> 1.179785e+02
<MIXTURE> 8 8.031651e-02
<MEAN> 22
 9.687966e+00 1.711295e+01 1.474044e+00 3.284584e+00 4.564190e+01 6.128593e+01 5.944379e+01 5.193121e+01 6.216382e+01 6.311862e+01 1.420158e+02 1.212066e+02 1.035364e+02 1.009137e+02 4.359383e+00 4.161182e+00 6.234122e+00 5.560630e+00 5.467390e+00 5.349449e+00 2.895689e+00 2.943904e+00
<VARIANCE> 22
 1.537465e+02 2.867487e+02 3.725890e+00 1.894436e+01 1.132412e+03 1.021797e+03 7.846231e+02 5.807912e+02 9.150909e+01 1.681161e+02 1.246563e+03 7.390892e+02 1.049879e+02 8.393513e+01 9.737244e+00 1.314364e+00 1.851896e-01 2.783425e-01 6.797458e-01 5.377055e+00 6.029752e+00 4.917685e+00
<GCONST> 1.191033e+02
<MIXTURE> 9 8.298949e-02
<MEAN> 22
 1.173019e+00 1.354111e+00 5.142483e-01 5.952250e-01 5.424040e+00 6.142927e+00 9.028310e+01 9.010604e+01 5.798338e+01 5.660410e+01 1.877897e+02 1.878373e+02 1.127275e+02 1.135695e+02 6.999931e+00 5.000000e+00 6.003284e+00 6.000000e+00 6.000000e+00 6.000000e+00 2.106216e+00 2.014598e+00
<VARIANCE> 22
 4.801635e+00 4.063120e+00 3.300595e+00 2.164982e+00 4.956268e+01 5.429985e+01 2.310407e+01 1.961686e+01 7.965828e+00 1.792176e+01 3.745738e+01 4.440754e+01 2.140402e+01 8.842636e+00 6.504288e-02 1.793316e-02 2.326111e-02 1.170389e-02 2.082489e-02 5.618803e-02 5.583986e+00 5.678614e+00
<GCONST> 5.874917e+01
<MIXTURE> 10 9.387106e-02
<MEAN> 22
 1.277541e+00 1.387047e+00 4.565306e-01 5.677331e-01 6.270205e+00 6.705428e+00 8.038100e+01 7.961368e+01 5.134990e+01 4.796762e+01 1.694879e+02 1.698145e+02 1.029132e+02 1.011932e+02 6.999846e+00 5.000010e+00 6.004608e+00 6.000000e+00 6.000000e+00 6.000036e+00 1.862586e+00 1.921185e+00
<VARIANCE> 22
 4.801635e+00 4.063120e+00 3.300595e+00 2.164982e+00 4.956268e+01 5.429985e+01 2.995303e+01 2.902963e+01 1.380595e+01 2.943236e+01 4.363599e+01 4.511265e+01 1.506140e+01 1.824452e+01 6.504288e-02 1.793316e-02 2.326111e-02 1.170389e-02 2.082489e-02 5.618803e-02 5.539976e+00 5.611205e+00
<GCONST> 6.096814e+01
<MIXTURE> 11 9.213907e-02
<MEAN> 22
 8.091072e-01 8.758256e-01 3.821989e-01 4.171363e-01 6.556149e+00 7.953533e+00 1.091167e+02 1.073889e+02 6.754987e+01 6.448318e+01 2.124689e+02 2.112080e+02 1.253323e+02 1.250541e+02 6.999948e+00 5.000000e+00 6.133863e+00 5.869413e+00 6.000000e+00 5.996208e+00 1.346287e+00 1.206115e+00
<VARIANCE> 22
 4.801635e+00 4.063120e+00 3.300595e+00 2.164982e+00 4.956268e+01 1.308520e+02 4.678414e+01 6.782149e+01 2.542557e+01 3.503698e+01 1.494920e+02 1.521384e+02 6.174113e+01 5.620766e+01 6.504288e-02 1.793316e-02 1.159360e-01 1.135315e-01 2.082489e-02 5.618803e-02 4.278066e+00 3.927603e+00
<GCONST> 7.217330e+01
<MIXTURE> 12 8.976800e-02
<MEAN> 22
 5.662873e-01 7.512126e-01 2.528771e-01 3.414283e-01 3.717949e+00 5.324175e+00 8.624155e+01 8.644704e+01 5.633503e+01 5.544080e+01 1.819517e+02 1.823983e+02 1.101747e+02 1.102989e+02 6.999930e+00 5.000000e+00 6.000105e+00 6.000000e+00 6.000000e+00 6.000000e+00 1.073310e+00 1.102599e+00
<VARIANCE> 22
 4.801635e+00 4.063120e+00 3.300595e+00 2.164982e+00 4.956268e+01 5.429985e+01 2.164184e+01 1.938863e+01 6.648183e+00 2.056563e+01 3.745738e+01 4.440754e+01 1.829587e+01 1.000768e+01 6.504288e-02 1.793316e-02 2.326111e-02 1.170389e-02 2.082489e-02 5.618803e-02 3.624889e+00 3.650899e+00
<GCONST> 5.772193e+01
<TRANSP> 5
 0.000000e+00 1.000000e+00 0.000000e+00 0.000000e+00 0.000000e+00
 0.000000e+00 7.179076e-01 2.820924e-01 0.000000e+00 0.000000e+00
 0.000000e+00 0.000000e+00 8.463176e-01 1.536824e-01 0.000000e+00
 0.000000e+00 0.000000e+00 0.000000e+00 9.092223e-01 9.077767e-02
 0.000000e+00 0.000000e+00 0.000000e+00 0.000000e+00 0.000000e+00
<ENDHMM>
