~o
<STREAMINFO> 1 39
<VECSIZE> 39<NULLD><MFCC_D_A_C_K_0><DIAGC>
~s "silst"
<NUMMIXES> 14
<MIXTURE> 1 2.050227e-02
<MEAN> 39
 -1.611213e+01 -8.178857e+00 -8.823193e+00 -1.423383e+01 -7.563456e+00 -1.714632e+01 -8.936478e+00 -7.926773e+00 -2.699760e+00 -3.570880e+00 -3.324487e+00 -8.139623e-01 6.775229e+01 -5.171584e-01 -3.045577e-01 5.268141e-02 -5.893764e-01 4.662167e-01 3.562744e-02 6.928916e-01 6.354785e-01 7.000089e-01 -7.589751e-02 6.094825e-01 1.754425e-01 1.750044e+00 1.699215e-01 -5.923814e-02 -1.269273e-01 9.394092e-02 -8.537539e-02 9.164722e-02 -2.562478e-02 -8.154235e-02 -1.390859e-01 -2.166285e-02 -1.300943e-01 -5.160117e-02 -2.385663e-01
<VARIANCE> 39
 6.207634e+01 4.553594e+01 5.904832e+01 5.253905e+01 7.451653e+01 6.546125e+01 6.844193e+01 6.722718e+01 5.882505e+01 5.786236e+01 5.383118e+01 4.099023e+01 6.966987e+01 4.863960e+00 3.670334e+00 4.806613e+00 4.734082e+00 6.485497e+00 5.576467e+00 6.151516e+00 6.162489e+00 5.521553e+00 5.199974e+00 4.982808e+00 3.886712e+00 4.595314e+00 7.045079e-01 5.368047e-01 6.819672e-01 7.632026e-01 9.488604e-01 8.975058e-01 1.020468e+00 1.076011e+00 9.531718e-01 8.771700e-01 8.566790e-01 6.728075e-01 9.303785e-01
<GCONST> 1.432476e+02
<MIXTURE> 2 4.982177e-02
<MEAN> 39
 -1.513124e+01 -1.003242e+01 -1.320260e+01 -1.315779e+01 -1.164419e+01 -1.727472e+01 -1.196093e+01 -1.129280e+01 -7.040194e+00 -5.262650e+00 -7.902689e+00 -2.539717e+00 5.729889e+01 -1.122328e-03 -6.894518e-03 2.333003e-02 1.273471e-01 2.687091e-01 4.929362e-01 6.845301e-01 8.519631e-01 9.244290e-01 8.926241e-01 7.135192e-01 4.606058e-01 -3.113200e-02 5.681765e-02 1.080562e-01 1.588862e-01 1.817210e-01 1.474307e-01 7.328115e-02 3.895978e-02 5.284406e-02 1.177717e-01 1.820540e-01 1.637637e-01 1.012942e-01 3.996884e-02
<VARIANCE> 39
 6.390058e+00 5.858884e+00 7.640817e+00 9.902180e+00 1.429545e+01 1.576818e+01 1.706308e+01 1.747232e+01 1.808404e+01 1.536068e+01 1.707236e+01 1.737904e+01 4.855963e+00 2.014840e-01 3.223446e-01 5.145659e-01 7.634408e-01 1.012496e+00 1.271633e+00 1.432457e+00 1.571014e+00 1.653712e+00 1.634706e+00 1.613351e+00 1.585381e+00 7.411067e-02 3.960344e-02 6.711488e-02 1.000452e-01 1.429504e-01 2.104807e-01 2.687155e-01 3.075697e-01 3.346081e-01 3.313643e-01 3.151428e-01 3.277512e-01 3.303713e-01 1.449163e-02
<GCONST> 7.632777e+01
<MIXTURE> 3 1.188050e-01
<MEAN> 39
 -1.273153e+01 -8.535914e+00 -1.029134e+01 -8.519888e+00 -9.439664e+00 -1.647261e+01 -1.342048e+01 -1.334186e+01 -8.929357e+00 -4.771130e+00 -8.974474e+00 -3.165200e+00 5.704787e+01 -6.052779e-02 -8.159371e-02 -5.447049e-02 2.174193e-02 1.492002e-01 2.989210e-01 4.272380e-01 5.479693e-01 6.286101e-01 6.439627e-01 5.098002e-01 3.032992e-01 -3.440568e-02 -5.118592e-02 -6.668152e-02 -1.422286e-01 -2.144269e-01 -1.486793e-01 -8.618543e-02 1.517187e-02 5.776028e-02 3.957657e-02 -1.606832e-02 4.919682e-03 -8.405717e-03 7.111403e-03
<VARIANCE> 39
 2.148839e+00 3.139431e+00 4.148957e+00 5.835660e+00 9.471178e+00 1.226363e+01 1.276554e+01 1.241631e+01 1.327756e+01 1.369339e+01 1.391791e+01 1.426600e+01 1.033516e+00 1.802731e-01 3.203363e-01 5.112818e-01 7.505358e-01 9.938602e-01 1.201912e+00 1.377271e+00 1.541835e+00 1.602857e+00 1.566966e+00 1.536144e+00 1.525906e+00 5.626778e-02 3.158673e-02 5.409196e-02 8.102930e-02 1.204091e-01 1.833953e-01 2.368700e-01 2.644768e-01 2.751433e-01 2.847764e-01 2.929432e-01 3.065269e-01 3.123105e-01 1.057723e-02
<GCONST> 6.699943e+01
<MIXTURE> 4 8.713320e-02
<MEAN> 39
 -1.519358e+01 -7.603428e+00 -1.077881e+01 -1.168221e+01 -9.803561e+00 -1.843688e+01 -1.323758e+01 -1.311952e+01 -7.801944e+00 -5.976322e+00 -7.150278e+00 -2.971508e+00 5.976553e+01 -2.173663e-01 6.869789e-02 3.443997e-02 -1.483047e-01 2.115576e-01 5.750494e-02 2.537489e-01 2.555138e-01 3.456057e-01 1.484455e-01 3.455802e-01 1.198223e-01 2.024043e-01 3.534517e-03 -6.058642e-02 -3.421608e-02 -1.960495e-02 5.490986e-02 1.296097e-01 2.024892e-01 2.014059e-01 1.564736e-01 1.003013e-01 9.848716e-02 7.650478e-02 5.715309e-02
<VARIANCE> 39
 1.431853e+01 1.127933e+01 1.501136e+01 1.673681e+01 2.148437e+01 2.175397e+01 2.374290e+01 2.487420e+01 2.721652e+01 2.732890e+01 2.433488e+01 2.192626e+01 6.262754e+00 1.025645e+00 9.065397e-01 1.241981e+00 1.584856e+00 1.938987e+00 2.054522e+00 2.328568e+00 2.480885e+00 2.535306e+00 2.576779e+00 2.343977e+00 2.068790e+00 5.415882e-01 1.766130e-01 1.603224e-01 2.295500e-01 3.011898e-01 3.668845e-01 3.911511e-01 4.353466e-01 4.822308e-01 5.045229e-01 5.152810e-01 4.783175e-01 4.198948e-01 1.101821e-01
<GCONST> 1.012289e+02
<MIXTURE> 5 9.637156e-02
<MEAN> 39
 -1.288199e+01 -9.199538e+00 -1.163034e+01 -1.029734e+01 -1.115175e+01 -1.765272e+01 -1.387926e+01 -1.291719e+01 -8.402707e+00 -4.444439e+00 -9.078609e+00 -3.287104e+00 5.689827e+01 2.263840e-01 3.747137e-01 4.517422e-01 3.952079e-01 2.013255e-01 -2.999089e-02 -2.835909e-01 -4.357432e-01 -4.612854e-01 -3.568766e-01 -2.105197e-01 -4.881593e-02 7.901531e-02 -8.000098e-03 3.601076e-02 5.525257e-02 5.202753e-02 9.954426e-02 7.288781e-02 5.826297e-02 6.282646e-04 -2.791760e-02 -4.160170e-02 2.639548e-02 2.842601e-02 2.346613e-02
<VARIANCE> 39
 1.903566e+00 3.139849e+00 4.438388e+00 6.251009e+00 9.373331e+00 1.198280e+01 1.225350e+01 1.238877e+01 1.335601e+01 1.394966e+01 1.358504e+01 1.384615e+01 9.057638e-01 1.543189e-01 2.756418e-01 4.557596e-01 6.960163e-01 9.526217e-01 1.172884e+00 1.313937e+00 1.450312e+00 1.487567e+00 1.482275e+00 1.500781e+00 1.528271e+00 4.711270e-02 2.980872e-02 5.560359e-02 8.581056e-02 1.251512e-01 1.800840e-01 2.336800e-01 2.605226e-01 2.790596e-01 2.933365e-01 3.032708e-01 3.035465e-01 3.051031e-01 9.466118e-03
<GCONST> 6.572854e+01
<MIXTURE> 6 9.791749e-02
<MEAN> 39
 -1.498564e+01 -1.025713e+01 -1.308985e+01 -1.233177e+01 -1.091532e+01 -1.548280e+01 -9.743193e+00 -8.087196e+00 -2.997723e+00 -6.575412e-01 -4.568739e+00 -3.006174e-01 5.674042e+01 6.482415e-02 1.148005e-01 1.578354e-01 1.900092e-01 1.835594e-01 1.779102e-01 1.604972e-01 1.808375e-01 2.054272e-01 2.374836e-01 2.182473e-01 1.523495e-01 5.659246e-03 4.971367e-02 1.023444e-01 1.103791e-01 6.409553e-02 -5.554986e-03 -1.440701e-01 -2.696620e-01 -3.985640e-01 -4.812318e-01 -4.818157e-01 -3.549839e-01 -2.110982e-01 3.650147e-02
<VARIANCE> 39
 5.835448e+00 5.091434e+00 7.275341e+00 1.085495e+01 1.303704e+01 1.458463e+01 1.741594e+01 1.704241e+01 1.772473e+01 1.455961e+01 1.682123e+01 1.690084e+01 3.812853e+00 1.846240e-01 3.230933e-01 5.137513e-01 7.448390e-01 1.004892e+00 1.274473e+00 1.481999e+00 1.700670e+00 1.785198e+00 1.749164e+00 1.679973e+00 1.598555e+00 6.282027e-02 3.752310e-02 6.820399e-02 1.072396e-01 1.546661e-01 2.039638e-01 2.579257e-01 3.062986e-01 3.306258e-01 3.351825e-01 3.186308e-01 3.271248e-01 3.255882e-01 1.179972e-02
<GCONST> 7.545322e+01
<MIXTURE> 7 6.395935e-02
<MEAN> 39
 -1.574437e+01 -8.043225e+00 -1.041065e+01 -1.209229e+01 -7.963697e+00 -1.569521e+01 -9.114275e+00 -8.594211e+00 -3.736008e+00 -3.679615e+00 -3.738778e+00 1.659113e-02 6.109999e+01 2.268561e-01 1.560297e-01 2.013666e-01 3.282222e-01 8.647275e-02 9.383965e-02 -7.803246e-02 -1.243082e-01 -1.622570e-01 -4.803708e-02 -1.069289e-01 7.427676e-02 -8.410225e-02 7.522054e-02 3.220249e-02 4.376635e-02 7.465319e-02 2.586907e-02 6.416102e-02 3.814223e-02 6.305903e-02 9.399454e-02 1.471709e-01 5.454978e-02 6.975871e-02 1.328483e-02
<VARIANCE> 39
 1.579525e+01 1.279054e+01 1.621829e+01 1.642451e+01 2.450345e+01 2.434589e+01 2.595007e+01 2.912995e+01 3.163104e+01 2.663629e+01 2.549478e+01 2.354650e+01 7.663494e+00 3.542306e-01 4.717894e-01 7.348183e-01 9.762395e-01 1.294008e+00 1.531736e+00 1.780979e+00 1.969558e+00 2.052928e+00 2.013009e+00 1.897061e+00 1.755672e+00 1.834420e-01 5.302206e-02 8.161512e-02 1.299942e-01 1.845085e-01 2.482583e-01 3.011089e-01 3.502682e-01 3.866788e-01 4.082925e-01 3.985014e-01 3.893650e-01 3.616689e-01 2.144727e-02
<GCONST> 9.011995e+01
<MIXTURE> 8 3.732287e-02
<MEAN> 39
 -1.555534e+01 -1.006442e+01 -1.051629e+01 -1.531579e+01 -6.885675e+00 -1.485704e+01 -6.628663e+00 -6.273951e+00 -2.049124e+00 -3.312894e+00 -2.372224e+00 -4.844845e-01 6.880090e+01 1.339108e-01 1.024519e-01 -1.244389e-01 1.908703e-01 -4.216480e-02 -2.695972e-02 -1.633929e-01 -2.923986e-01 -2.666588e-01 -8.126759e-02 -2.100864e-01 -7.943496e-02 -4.751340e-01 6.072521e-02 5.228651e-02 4.753863e-02 1.232313e-01 -1.252519e-01 -1.257791e-01 -2.350959e-01 -2.039946e-01 -1.748564e-01 -6.872925e-02 -1.620009e-01 -6.607693e-02 -1.911301e-01
<VARIANCE> 39
 6.727633e+01 5.232315e+01 6.917538e+01 5.769696e+01 9.497958e+01 7.433438e+01 7.200045e+01 7.098828e+01 6.643358e+01 6.516787e+01 5.636909e+01 4.824844e+01 4.603461e+01 8.595502e-01 1.150768e+00 1.648769e+00 2.015105e+00 2.524589e+00 2.749580e+00 3.198193e+00 3.399661e+00 3.249820e+00 3.055943e+00 2.855563e+00 2.544982e+00 1.019741e+00 1.936599e-01 2.266664e-01 3.475926e-01 4.264047e-01 5.251598e-01 5.600996e-01 6.421080e-01 6.852201e-01 6.752217e-01 6.539563e-01 5.972524e-01 5.323192e-01 1.402059e-01
<GCONST> 1.244520e+02
<MIXTURE> 9 6.348805e-02
<MEAN> 39
 -1.226599e+01 -7.542901e+00 -9.559587e+00 -8.563388e+00 -9.630817e+00 -1.720864e+01 -1.451270e+01 -1.534827e+01 -1.146427e+01 -7.434388e+00 -1.022800e+01 -3.453160e+00 5.765531e+01 6.361873e-02 4.375246e-02 5.971418e-02 1.037573e-01 1.063221e-01 1.890610e-01 2.285170e-01 2.615232e-01 2.588541e-01 2.437737e-01 1.722591e-01 1.844300e-01 7.552303e-03 -5.763159e-02 -8.961862e-02 -1.123526e-01 -7.879221e-02 6.740315e-02 2.089122e-01 3.980593e-01 5.661226e-01 6.417482e-01 5.729308e-01 4.442056e-01 2.616877e-01 7.750243e-03
<VARIANCE> 39
 3.145132e+00 4.204924e+00 5.893549e+00 8.229441e+00 1.120316e+01 1.374703e+01 1.469609e+01 1.439420e+01 1.482174e+01 1.466754e+01 1.533354e+01 1.529083e+01 1.374519e+00 1.998793e-01 3.448197e-01 5.489191e-01 7.826070e-01 1.004816e+00 1.237314e+00 1.463500e+00 1.668703e+00 1.792732e+00 1.726274e+00 1.623734e+00 1.533303e+00 6.456199e-02 3.688636e-02 6.481624e-02 1.021548e-01 1.533411e-01 2.083976e-01 2.577642e-01 2.939804e-01 3.063876e-01 3.059463e-01 3.088431e-01 3.290780e-01 3.271633e-01 1.182426e-02
<GCONST> 7.203286e+01
<MIXTURE> 10 8.727978e-02
<MEAN> 39
 -1.380606e+01 -9.739432e+00 -1.218971e+01 -1.067288e+01 -1.023244e+01 -1.557323e+01 -1.068507e+01 -9.478535e+00 -5.110426e+00 -2.028293e+00 -6.664975e+00 -1.829708e+00 5.673426e+01 -8.816040e-02 -1.754037e-01 -2.449415e-01 -2.762709e-01 -3.080156e-01 -2.634990e-01 -2.511411e-01 -2.494615e-01 -2.972291e-01 -3.172936e-01 -3.225170e-01 -2.177690e-01 -6.827485e-02 2.715767e-02 6.916328e-02 6.398147e-02 1.763590e-04 -5.628929e-02 -1.842934e-01 -2.925264e-01 -3.763761e-01 -3.784505e-01 -3.435417e-01 -2.218224e-01 -1.220625e-01 3.149887e-02
<VARIANCE> 39
 3.301388e+00 3.666428e+00 5.348023e+00 8.253051e+00 1.090058e+01 1.219189e+01 1.251833e+01 1.245522e+01 1.332613e+01 1.310710e+01 1.425886e+01 1.484739e+01 1.714337e+00 1.639073e-01 2.919294e-01 4.629020e-01 6.957911e-01 9.434907e-01 1.203158e+00 1.417834e+00 1.621648e+00 1.726305e+00 1.691314e+00 1.628721e+00 1.575004e+00 5.235564e-02 3.181827e-02 5.969898e-02 9.544675e-02 1.430464e-01 1.953881e-01 2.347040e-01 2.569387e-01 2.815729e-01 2.931145e-01 2.922434e-01 3.088659e-01 3.134428e-01 9.930451e-03
<GCONST> 6.913172e+01
<MIXTURE> 11 7.425537e-02
<MEAN> 39
 -1.283375e+01 -9.168118e+00 -1.153342e+01 -1.014814e+01 -1.094257e+01 -1.762148e+01 -1.410441e+01 -1.344384e+01 -9.005968e+00 -4.800515e+00 -9.424370e+00 -3.539831e+00 5.691048e+01 5.131336e-02 6.958072e-02 5.049795e-02 -4.391284e-02 -2.492902e-01 -4.545646e-01 -6.944099e-01 -8.631533e-01 -9.510838e-01 -9.000449e-01 -7.561063e-01 -4.516950e-01 -4.251764e-03 -2.872078e-02 4.018790e-03 1.436322e-02 7.270189e-03 5.388633e-02 5.885926e-02 8.293615e-02 5.751165e-02 2.547688e-02 -1.528166e-02 4.401635e-02 4.139317e-02 1.098235e-02
<VARIANCE> 39
 1.955543e+00 3.233836e+00 4.675598e+00 6.778531e+00 9.857952e+00 1.231075e+01 1.255408e+01 1.237157e+01 1.336982e+01 1.386170e+01 1.393086e+01 1.407456e+01 8.885078e-01 1.541678e-01 2.813703e-01 4.622068e-01 6.989000e-01 9.569474e-01 1.160859e+00 1.333413e+00 1.462607e+00 1.536048e+00 1.526563e+00 1.509161e+00 1.499240e+00 4.740560e-02 2.968389e-02 5.701365e-02 8.919368e-02 1.347403e-01 1.907388e-01 2.392392e-01 2.622523e-01 2.769934e-01 2.868297e-01 3.009988e-01 3.084075e-01 3.109559e-01 9.079978e-03
<GCONST> 6.632138e+01
<MIXTURE> 12 7.595687e-02
<MEAN> 39
 -1.430106e+01 -1.002263e+01 -1.330105e+01 -1.278972e+01 -1.212985e+01 -1.812419e+01 -1.327904e+01 -1.263961e+01 -8.465869e+00 -5.775309e+00 -9.152036e+00 -3.481781e+00 5.703821e+01 -1.443140e-01 -2.917670e-01 -3.520654e-01 -2.903284e-01 -2.097466e-01 1.010430e-02 1.664051e-01 3.021528e-01 3.268885e-01 2.813653e-01 1.095050e-01 1.378307e-02 -1.077020e-01 6.086472e-02 1.357484e-01 2.239184e-01 2.555020e-01 2.159081e-01 1.282400e-01 5.665664e-02 4.521464e-02 8.800919e-02 1.403318e-01 1.451753e-01 1.065541e-01 3.889498e-02
<VARIANCE> 39
 4.388601e+00 4.831924e+00 6.041147e+00 8.225777e+00 1.199495e+01 1.426722e+01 1.542272e+01 1.532790e+01 1.572396e+01 1.432630e+01 1.598754e+01 1.602611e+01 2.702073e+00 1.887245e-01 3.069019e-01 4.922227e-01 7.398525e-01 9.812751e-01 1.209250e+00 1.388898e+00 1.542599e+00 1.598344e+00 1.600237e+00 1.587311e+00 1.558238e+00 6.449696e-02 3.702015e-02 6.434209e-02 9.316331e-02 1.367120e-01 2.013183e-01 2.612072e-01 2.995530e-01 3.185871e-01 3.237022e-01 3.106069e-01 3.290116e-01 3.299491e-01 1.240118e-02
<GCONST> 7.277513e+01
<MIXTURE> 13 6.395935e-02
<MEAN> 39
 -1.733410e+01 -9.473781e+00 -1.202153e+01 -1.371337e+01 -9.943735e+00 -1.766887e+01 -1.115192e+01 -1.075310e+01 -5.985668e+00 -5.744029e+00 -5.758472e+00 -1.924398e+00 5.999267e+01 -1.121295e-02 -1.187180e-01 -1.415196e-01 -6.699717e-02 -3.685451e-01 -4.012136e-01 -6.118457e-01 -6.856720e-01 -7.353787e-01 -6.155593e-01 -6.578643e-01 -4.557304e-01 -2.554228e-01 -1.688554e-02 -8.207095e-02 -1.004525e-01 -9.716462e-02 -1.734330e-01 -1.553326e-01 -1.985916e-01 -1.856750e-01 -1.615966e-01 -1.053370e-01 -1.950467e-01 -1.707969e-01 -4.529471e-02
<VARIANCE> 39
 1.579525e+01 1.279054e+01 1.621829e+01 1.642451e+01 2.450345e+01 2.434589e+01 2.595007e+01 2.912995e+01 3.163104e+01 2.663629e+01 2.549478e+01 2.354650e+01 7.663494e+00 3.542306e-01 4.717894e-01 7.348183e-01 9.762395e-01 1.294008e+00 1.531736e+00 1.780979e+00 1.969558e+00 2.052928e+00 2.013009e+00 1.897061e+00 1.755672e+00 1.834420e-01 5.302206e-02 8.161512e-02 1.299942e-01 1.845085e-01 2.482583e-01 3.011089e-01 3.502682e-01 3.866788e-01 4.082925e-01 3.985014e-01 3.893650e-01 3.616689e-01 2.144727e-02
<GCONST> 9.011995e+01
<MIXTURE> 14 6.348805e-02
<MEAN> 39
 -1.297537e+01 -8.363137e+00 -1.053065e+01 -9.710868e+00 -1.096966e+01 -1.869172e+01 -1.604612e+01 -1.686585e+01 -1.300423e+01 -8.966317e+00 -1.179432e+01 -5.017300e+00 5.718635e+01 -1.152127e-01 -1.911329e-01 -2.366421e-01 -2.501030e-01 -2.946400e-01 -2.558774e-01 -2.553838e-01 -2.551900e-01 -2.767177e-01 -2.817773e-01 -3.374442e-01 -3.108765e-01 -9.408391e-02 -1.344549e-01 -1.914548e-01 -2.401992e-01 -2.354274e-01 -1.151992e-01 5.830236e-03 1.811795e-01 3.447134e-01 4.204986e-01 3.506362e-01 2.147443e-01 3.289492e-02 -3.574552e-02
<VARIANCE> 39
 3.145132e+00 4.204924e+00 5.893549e+00 8.229441e+00 1.120316e+01 1.374703e+01 1.469609e+01 1.439420e+01 1.482174e+01 1.466754e+01 1.533354e+01 1.529083e+01 1.374519e+00 1.998793e-01 3.448197e-01 5.489191e-01 7.826070e-01 1.004816e+00 1.237314e+00 1.463500e+00 1.668703e+00 1.792732e+00 1.726274e+00 1.623734e+00 1.533303e+00 6.456199e-02 3.688636e-02 6.481624e-02 1.021548e-01 1.533411e-01 2.083976e-01 2.577642e-01 2.939804e-01 3.063876e-01 3.059463e-01 3.088431e-01 3.290780e-01 3.271633e-01 1.182426e-02
<GCONST> 7.203286e+01
~h "sp"
<BEGINHMM>
<NUMSTATES> 3
<STATE> 2
~s "silst"
<TRANSP> 3
 0.000000e+00 5.574315e-01 4.425685e-01
 0.000000e+00 9.860880e-01 1.391202e-02
 0.000000e+00 0.000000e+00 0.000000e+00
<ENDHMM>
~h "oov"
<BEGINHMM>
<NUMSTATES> 3
<STATE> 2
<NUMMIXES> 14
<MIXTURE> 1 7.682320e-02
<MEAN> 39
 -1.609311e+01 -4.686447e+00 -9.606740e+00 -1.239062e+01 -6.775595e+00 -1.856888e+01 -8.428385e+00 -6.578218e+00 -7.753330e-01 -2.347623e+00 -1.044248e+00 -3.475095e-01 6.738135e+01 6.136519e-01 -2.872707e-01 3.657976e-01 -1.052113e+00 -4.904037e-01 -5.544134e-01 2.538601e-01 1.206031e+00 1.160550e+00 4.889325e-01 9.959095e-01 3.623807e-01 1.853467e+00 3.887925e-01 -3.618252e-01 -6.801230e-02 -3.211529e-01 -3.637053e-01 3.669470e-02 -1.246797e-01 -8.141818e-02 -2.117405e-01 -1.185471e-01 -2.062088e-01 -1.167784e-01 2.530565e-01
<VARIANCE> 39
 6.630226e+01 4.839083e+01 4.574219e+01 3.667415e+01 6.924226e+01 6.182738e+01 5.955185e+01 4.711866e+01 4.682568e+01 4.992588e+01 3.937133e+01 3.309338e+01 1.987083e+01 8.132553e+00 4.865495e+00 6.376891e+00 5.775908e+00 9.495038e+00 7.954305e+00 7.721478e+00 7.580564e+00 6.547182e+00 6.530232e+00 5.945520e+00 5.049807e+00 3.032730e+00 6.212673e-01 4.747082e-01 5.450305e-01 5.707260e-01 8.291072e-01 8.974538e-01 8.815955e-01 8.610133e-01 7.814468e-01 8.040865e-01 7.695345e-01 6.535522e-01 3.146742e-01
<GCONST> 1.400730e+02
<MIXTURE> 2 5.556940e-02
<MEAN> 39
 -1.398351e+01 -3.932372e+00 -8.212517e+00 -1.294483e+01 -4.592320e+00 -1.255615e+01 -5.612168e+00 -6.271141e+00 -4.985908e-01 -2.044254e+00 1.314241e+00 9.999930e-01 7.104071e+01 8.796127e-02 1.283697e-01 1.771761e-01 2.785507e-01 3.126938e-01 3.999639e-01 3.905123e-01 4.968762e-01 4.717524e-01 3.969233e-01 3.058853e-01 2.798142e-01 -9.694544e-02 1.340329e-01 -3.923252e-04 6.461438e-02 8.762753e-02 1.294373e-02 3.925163e-02 8.177519e-02 1.097931e-01 1.072225e-01 1.475938e-01 5.881138e-02 9.203012e-02 -1.206640e-03
<VARIANCE> 39
 1.112829e+02 8.012076e+01 8.037153e+01 8.145161e+01 1.056581e+02 7.976579e+01 8.846481e+01 7.905277e+01 7.190761e+01 6.717859e+01 6.892117e+01 5.028231e+01 3.523019e+01 3.714461e-01 6.509281e-01 9.201907e-01 1.222014e+00 1.630732e+00 1.912117e+00 2.146772e+00 2.213737e+00 2.222192e+00 2.204227e+00 2.089149e+00 1.884902e+00 2.513155e-01 8.348528e-02 1.180497e-01 1.648370e-01 2.426868e-01 3.031685e-01 3.583808e-01 4.156543e-01 4.377478e-01 4.358123e-01 4.339046e-01 4.091618e-01 3.671677e-01 2.742791e-02
<GCONST> 1.116993e+02
<MIXTURE> 3 9.430975e-02
<MEAN> 39
 -3.001542e+00 -8.835380e+00 -1.531020e+01 -1.972685e+01 -1.031977e+01 -1.473276e+01 -1.181297e+01 -1.117719e+01 -3.598819e+00 1.486580e+00 -1.757546e+00 -2.966947e-01 7.048524e+01 1.019901e-02 2.441967e-01 -9.989113e-02 3.079765e-01 -3.595446e-02 1.980087e-01 -1.437619e-02 -3.312135e-01 -1.173172e-01 2.388523e-01 -8.038016e-02 4.999828e-02 -5.741624e-01 -3.847834e-01 -1.129381e-01 3.020140e-01 1.704884e-01 7.453859e-02 -1.092529e-01 8.677236e-02 3.951597e-01 1.188500e-01 -2.511753e-01 -1.517518e-02 -2.782261e-03 1.456396e-02
<VARIANCE> 39
 1.387816e+01 3.531488e+01 4.722925e+01 6.215392e+01 6.402293e+01 8.599847e+01 7.459708e+01 7.393071e+01 8.975775e+01 8.832291e+01 9.811536e+01 8.646607e+01 1.954270e+01 1.006770e+00 1.703653e+00 1.984704e+00 3.256321e+00 3.007898e+00 4.330459e+00 4.099326e+00 4.965021e+00 4.747644e+00 4.296151e+00 4.319034e+00 3.676573e+00 1.442659e+00 1.473852e-01 2.160375e-01 2.993501e-01 5.655678e-01 5.146343e-01 6.488445e-01 6.922141e-01 7.675264e-01 8.539600e-01 8.177013e-01 8.156824e-01 7.197106e-01 1.539736e-01
<GCONST> 1.284994e+02
<MIXTURE> 4 6.668609e-02
<MEAN> 39
 -6.503005e+00 -1.483451e+01 -9.364968e+00 -1.906907e+01 -1.208522e+01 -1.742056e+01 -1.058206e+01 -2.118948e+00 7.393215e-01 -1.769335e+00 -1.048881e+00 -1.460886e+00 7.663048e+01 2.355275e-01 -1.144025e+00 -1.398077e-01 -6.374133e-01 2.675049e-01 6.972695e-01 8.656875e-01 1.219677e+00 4.354811e-01 1.069052e-02 2.052853e-01 1.516325e-01 1.146128e+00 -3.348776e-01 4.283084e-01 -2.817092e-02 3.512592e-01 2.587315e-01 6.591567e-02 1.360486e-01 -4.252295e-01 -3.085188e-01 -5.743207e-03 -6.204816e-02 6.472010e-02 -4.661587e-01
<VARIANCE> 39
 2.231094e+01 4.444165e+01 8.596816e+01 7.212666e+01 1.147620e+02 1.452915e+02 1.230453e+02 9.439243e+01 9.551674e+01 9.009315e+01 1.006418e+02 9.105952e+01 3.543047e+01 2.380347e+00 3.431365e+00 4.447517e+00 5.020092e+00 6.151345e+00 6.627033e+00 6.492743e+00 7.034957e+00 6.369684e+00 5.822605e+00 5.297845e+00 5.025693e+00 2.934880e+00 3.596831e-01 4.368100e-01 6.470592e-01 8.067453e-01 9.712952e-01 1.155805e+00 1.198984e+00 1.173286e+00 1.138991e+00 1.038785e+00 1.023782e+00 9.038332e-01 3.442830e-01
<GCONST> 1.458289e+02
<MIXTURE> 5 9.881121e-02
<MEAN> 39
 -6.937537e+00 -1.713391e+01 -7.966045e+00 -1.940880e+01 -1.200778e+01 -1.620481e+01 -6.663127e+00 3.528420e-01 -1.933686e+00 -3.654451e+00 -2.063167e+00 -1.646087e+00 7.745419e+01 7.089100e-02 2.422584e-01 -9.366471e-02 2.079566e-01 -3.962542e-02 -2.890043e-02 2.745186e-02 -2.077766e-01 -1.646172e-01 6.069282e-02 -2.897104e-02 1.093407e-01 -4.020838e-01 6.089862e-03 2.698201e-01 -7.558941e-02 1.765565e-01 3.722368e-03 -7.964239e-02 -1.589403e-01 -2.828424e-01 3.342962e-02 1.070337e-01 -1.674032e-02 3.147429e-02 -2.408679e-01
<VARIANCE> 39
 1.891023e+01 3.484155e+01 9.588899e+01 6.732005e+01 1.519597e+02 1.420248e+02 1.349176e+02 1.009445e+02 1.026364e+02 8.556573e+01 9.471922e+01 9.973946e+01 2.934419e+01 4.652129e-01 1.081833e+00 1.656848e+00 1.753233e+00 2.581414e+00 2.773212e+00 3.389625e+00 3.448745e+00 3.371199e+00 3.058908e+00 2.868513e+00 2.643465e+00 5.795751e-01 7.459357e-02 1.574930e-01 2.539859e-01 2.968186e-01 4.367276e-01 4.962904e-01 6.079191e-01 6.161101e-01 6.126269e-01 5.587991e-01 5.377478e-01 5.033250e-01 7.970204e-02
<GCONST> 1.222243e+02
<MIXTURE> 6 6.011570e-02
<MEAN> 39
 -8.500009e+00 -8.033990e+00 -1.313196e+01 -1.372117e+01 -1.017372e+01 -1.457521e+01 -9.072478e+00 -7.035801e+00 -2.546772e+00 -9.812149e-01 -4.236019e+00 2.916874e-01 6.342576e+01 -4.616012e-01 2.895737e-01 5.006719e-01 7.541882e-01 4.002148e-01 2.647392e-01 -6.981117e-02 -2.899674e-01 -3.390533e-01 -1.289229e-01 -1.544319e-01 4.890874e-02 -6.225151e-01 4.448488e-02 6.077763e-02 2.300414e-01 1.146760e-01 1.215660e-01 4.933432e-03 3.989898e-02 1.022511e-01 9.411187e-02 1.031239e-01 2.313114e-01 1.349323e-01 1.987639e-01
<VARIANCE> 39
 1.836993e+01 1.616836e+01 2.887480e+01 2.495998e+01 3.684615e+01 4.445424e+01 3.721317e+01 4.357856e+01 4.841430e+01 4.400094e+01 4.467090e+01 3.428533e+01 9.724422e+00 6.564230e-01 8.053478e-01 1.372795e+00 1.501443e+00 2.021198e+00 2.504924e+00 2.666296e+00 3.038507e+00 3.018806e+00 2.965029e+00 2.752707e+00 2.460273e+00 4.492466e-01 8.186805e-02 1.094384e-01 1.681505e-01 2.225731e-01 2.891891e-01 3.577519e-01 4.039525e-01 4.607639e-01 4.879194e-01 4.919291e-01 4.617522e-01 4.132028e-01 4.645315e-02
<GCONST> 1.050174e+02
<MIXTURE> 7 9.451645e-02
<MEAN> 39
 -1.718190e+01 -3.398276e+00 -5.351425e+00 -1.639200e+01 -1.004331e+01 -2.065651e+01 -8.248974e+00 -9.346962e+00 -2.145751e+00 -2.875737e+00 2.813278e-01 4.657757e-01 7.286978e+01 1.802028e-01 2.429071e-01 7.539812e-02 -6.081003e-02 -5.009401e-01 -4.695894e-01 -1.276861e-01 -2.577061e-01 -4.200197e-02 -5.136916e-02 6.460450e-02 6.185321e-03 3.584462e-01 3.002872e-01 -2.516459e-01 -2.279387e-01 1.168168e-01 -1.849581e-03 2.148053e-01 -4.542225e-02 1.579684e-01 -1.873211e-02 -6.258611e-03 -1.959345e-01 -1.192670e-01 -1.942567e-01
<VARIANCE> 39
 6.969840e+01 5.639674e+01 1.065681e+02 8.001389e+01 1.340287e+02 1.101868e+02 9.486553e+01 8.406206e+01 8.099979e+01 8.767216e+01 6.667201e+01 5.629591e+01 3.077277e+01 5.805954e+00 3.558766e+00 4.081989e+00 4.612324e+00 6.757440e+00 5.937871e+00 6.055197e+00 5.415848e+00 4.974302e+00 5.058779e+00 4.644534e+00 3.875494e+00 1.612016e+00 7.556468e-01 4.943043e-01 7.656403e-01 7.605411e-01 1.316562e+00 1.230756e+00 1.144844e+00 1.081603e+00 1.037836e+00 1.059698e+00 8.756561e-01 7.495755e-01 2.694279e-01
<GCONST> 1.453867e+02
<MIXTURE> 8 5.392896e-02
<MEAN> 39
 -1.276500e+01 -7.528965e+00 -1.113593e+01 -1.120590e+01 -9.903071e+00 -1.743224e+01 -1.248934e+01 -1.185979e+01 -7.001219e+00 -4.602479e+00 -7.006677e+00 -2.407509e+00 6.069769e+01 -1.463369e-01 1.604946e-01 5.123442e-01 -6.302378e-01 4.277469e-01 -2.185827e-02 6.191401e-01 1.249113e+00 1.188888e+00 7.477180e-01 1.393927e+00 6.461383e-01 1.235983e+00 1.267547e-01 -1.068406e-01 4.591608e-02 -4.769762e-01 1.222675e-02 -8.754248e-02 2.629081e-01 5.258149e-01 4.907669e-01 2.500882e-01 4.259606e-01 1.999012e-01 7.594063e-01
<VARIANCE> 39
 2.052650e+01 1.318032e+01 1.860468e+01 1.730368e+01 2.360184e+01 2.564314e+01 2.658788e+01 2.796822e+01 3.003440e+01 3.078931e+01 2.862720e+01 2.483661e+01 1.080363e+01 4.152984e+00 2.238142e+00 3.819861e+00 3.340662e+00 4.871833e+00 4.373983e+00 4.441022e+00 4.615115e+00 4.341346e+00 4.558642e+00 3.855301e+00 3.340864e+00 1.553510e+00 4.904911e-01 4.411561e-01 5.980691e-01 5.480531e-01 8.210483e-01 7.699661e-01 7.620191e-01 8.342062e-01 7.755104e-01 7.931432e-01 7.363502e-01 6.489500e-01 2.620602e-01
<GCONST> 1.225604e+02
<MIXTURE> 9 6.072589e-02
<MEAN> 39
 -1.172370e+01 -1.406198e+01 -1.686105e+01 -1.415100e+01 -1.468005e+00 -1.005628e+01 -3.520403e+00 -3.050435e+00 1.622201e+00 -4.005668e+00 -3.973254e+00 -2.663060e+00 7.377673e+01 -3.378466e-02 4.570437e-01 -1.970542e-01 3.831976e-01 -2.154309e-01 -3.438454e-01 -5.926997e-01 -9.561862e-01 -6.354740e-01 -2.805513e-01 -5.249193e-01 -4.088793e-02 -9.713967e-01 6.685404e-02 1.126988e-01 2.265956e-01 -1.384872e-01 -4.148151e-01 -3.658064e-01 -4.454121e-01 -3.556098e-01 -2.932005e-01 -1.336500e-02 2.497114e-03 4.097712e-02 -1.277493e-01
<VARIANCE> 39
 7.418685e+01 6.170829e+01 5.936422e+01 5.218498e+01 8.325809e+01 1.016354e+02 7.921837e+01 6.964987e+01 6.579424e+01 6.199982e+01 6.281321e+01 6.128737e+01 4.624125e+01 1.143407e+00 1.561021e+00 1.714229e+00 2.018965e+00 3.055718e+00 3.381335e+00 3.530066e+00 3.724921e+00 3.470972e+00 3.316032e+00 3.175456e+00 2.766150e+00 1.024278e+00 1.920442e-01 2.291566e-01 2.889322e-01 3.371239e-01 4.434994e-01 5.717449e-01 5.936189e-01 6.430402e-01 6.232499e-01 5.969453e-01 5.600667e-01 5.098806e-01 1.075978e-01
<GCONST> 1.253209e+02
<MIXTURE> 10 8.336829e-02
<MEAN> 39
 -7.979570e+00 -6.465521e+00 -3.314998e+00 -1.355298e+01 -1.859501e+01 -2.374972e+01 -1.283980e+01 -1.052421e+01 -6.931789e+00 -1.045109e+00 -1.175716e+00 1.547276e+00 6.771153e+01 -1.228832e-01 1.756628e-01 -4.535010e-01 3.029351e-01 4.064893e-01 4.029115e-01 -1.782811e-01 -4.276343e-01 -1.332076e-01 -2.348555e-02 -3.242441e-01 -9.971906e-02 -7.368373e-01 -1.630842e-01 -1.719413e-01 -2.430447e-01 -1.260260e-01 2.642529e-01 2.982315e-01 1.961485e-01 2.198774e-01 1.347727e-01 -1.303910e-01 -1.309926e-01 -1.572754e-01 1.877809e-02
<VARIANCE> 39
 1.598455e+01 2.487415e+01 5.412964e+01 5.246040e+01 5.286747e+01 6.393139e+01 6.528721e+01 8.678472e+01 8.054869e+01 7.091245e+01 6.789948e+01 5.676324e+01 2.063881e+01 6.995655e-01 1.054429e+00 2.366033e+00 2.294030e+00 2.601354e+00 2.772793e+00 3.322689e+00 3.907691e+00 3.677446e+00 3.547273e+00 3.356137e+00 2.947144e+00 1.034843e+00 9.285817e-02 1.346644e-01 2.519234e-01 3.242961e-01 3.848749e-01 4.300154e-01 5.214413e-01 6.197920e-01 6.647558e-01 6.212931e-01 5.830571e-01 5.404923e-01 7.022260e-02
<GCONST> 1.186276e+02
<MIXTURE> 11 6.653474e-02
<MEAN> 39
 -6.552616e+00 -1.398759e+01 -8.282446e+00 -1.894028e+01 -1.299258e+01 -1.998446e+01 -9.918731e+00 7.978249e-02 1.770551e-01 -1.935411e+00 -1.305050e+00 -4.968060e-01 7.567597e+01 3.665262e-01 -6.248457e-01 -4.572113e-01 -3.138860e-01 1.817110e-01 2.862787e-01 3.403366e-01 1.941247e-01 -3.719732e-01 -4.256774e-01 -4.507862e-01 -3.665583e-01 4.217117e-01 -3.094428e-01 4.380404e-01 -1.105454e-01 4.051953e-01 2.579379e-01 1.630946e-01 -1.551277e-02 -7.566419e-01 -3.434855e-01 -2.479208e-02 -1.129299e-01 -3.577751e-02 -5.247952e-01
<VARIANCE> 39
 1.872132e+01 3.744223e+01 9.819816e+01 6.322459e+01 1.153285e+02 1.254197e+02 1.228969e+02 9.115767e+01 9.814005e+01 9.714445e+01 1.049726e+02 9.300658e+01 3.542451e+01 1.929106e+00 3.323109e+00 3.947264e+00 4.507099e+00 5.050488e+00 5.492816e+00 5.714964e+00 7.027007e+00 5.772383e+00 5.514969e+00 4.908682e+00 4.430454e+00 3.093951e+00 3.196002e-01 3.624416e-01 7.092192e-01 6.909395e-01 9.526471e-01 1.077419e+00 1.176051e+00 1.063183e+00 1.123766e+00 1.104405e+00 1.047349e+00 9.051940e-01 2.487015e-01
<GCONST> 1.433568e+02
<MIXTURE> 12 7.124310e-02
<MEAN> 39
 -1.373634e+01 -5.898253e+00 -1.103212e+01 -1.053598e+01 -1.029337e+01 -1.846912e+01 -1.336617e+01 -1.346793e+01 -7.630852e+00 -6.062750e+00 -6.793424e+00 -2.691000e+00 6.164592e+01 8.070593e-02 3.120796e-02 1.098233e-01 -1.126900e-02 -1.683158e-01 -1.766783e-01 -3.892812e-01 -1.898229e-01 -2.228481e-01 -1.576780e-01 -1.398322e-01 -2.045930e-01 -2.068661e-02 1.123658e-01 -7.059368e-02 1.724039e-02 -2.992412e-01 -2.710019e-02 5.448977e-02 2.668668e-01 4.696943e-01 3.683413e-01 2.795241e-01 3.211965e-01 1.848977e-01 3.210672e-01
<VARIANCE> 39
 3.006339e+01 1.743019e+01 2.074141e+01 1.860494e+01 2.434217e+01 2.647363e+01 2.770261e+01 2.849657e+01 3.168497e+01 2.931542e+01 3.035804e+01 2.462191e+01 1.032111e+01 2.379471e+00 1.418491e+00 1.884246e+00 2.098708e+00 2.672961e+00 2.618769e+00 2.983923e+00 3.286783e+00 3.131261e+00 3.084320e+00 2.890282e+00 2.481967e+00 8.588968e-01 2.787673e-01 2.212308e-01 3.263204e-01 3.313866e-01 4.682590e-01 4.892498e-01 5.159310e-01 5.726526e-01 5.801139e-01 5.745096e-01 5.362672e-01 4.738948e-01 1.203415e-01
<GCONST> 1.114360e+02
<MIXTURE> 13 6.011570e-02
<MEAN> 39
 -1.021442e+01 -9.642386e+00 -1.528138e+01 -1.571957e+01 -1.260176e+01 -1.724217e+01 -1.151258e+01 -9.676363e+00 -5.329988e+00 -3.634543e+00 -6.909471e+00 -2.050460e+00 6.217840e+01 -7.856809e-01 -6.939094e-02 3.200655e-02 2.640547e-01 -1.684606e-01 -3.683389e-01 -7.229630e-01 -9.872199e-01 -1.034042e+00 -8.176933e-01 -8.180833e-01 -5.785016e-01 -8.906186e-01 -6.996550e-02 -7.154827e-02 6.601679e-02 -7.403460e-02 -9.353923e-02 -2.343160e-01 -2.143301e-01 -1.692673e-01 -1.852930e-01 -1.774267e-01 -4.049800e-02 -1.221911e-01 1.125519e-01
<VARIANCE> 39
 1.836993e+01 1.616836e+01 2.887480e+01 2.495998e+01 3.684615e+01 4.445424e+01 3.721317e+01 4.357856e+01 4.841430e+01 4.400094e+01 4.467090e+01 3.428533e+01 9.724422e+00 6.564230e-01 8.053478e-01 1.372795e+00 1.501443e+00 2.021198e+00 2.504924e+00 2.666296e+00 3.038507e+00 3.018806e+00 2.965029e+00 2.752707e+00 2.460273e+00 4.492466e-01 8.186805e-02 1.094384e-01 1.681505e-01 2.225731e-01 2.891891e-01 3.577519e-01 4.039525e-01 4.607639e-01 4.879194e-01 4.919291e-01 4.617522e-01 4.132028e-01 4.645315e-02
<GCONST> 1.050174e+02
<MIXTURE> 14 5.556940e-02
<MEAN> 39
 -1.820313e+01 -7.512780e+00 -1.179852e+01 -1.655485e+01 -8.703925e+00 -1.612861e+01 -9.374397e+00 -9.827606e+00 -3.890525e+00 -5.322756e+00 -2.006510e+00 -1.836408e+00 6.866650e+01 -1.558242e-01 -1.943508e-01 -2.065302e-01 -1.636283e-01 -1.981067e-01 -1.531533e-01 -1.955623e-01 -9.826905e-02 -1.245284e-01 -1.969423e-01 -2.722703e-01 -2.693527e-01 -2.974710e-01 1.845763e-02 -1.378258e-01 -9.778612e-02 -1.094255e-01 -2.072992e-01 -2.002080e-01 -1.761099e-01 -1.548570e-01 -1.568418e-01 -1.158920e-01 -1.970517e-01 -1.503473e-01 -6.745213e-02
<VARIANCE> 39
 1.112829e+02 8.012076e+01 8.037153e+01 8.145161e+01 1.056581e+02 7.976579e+01 8.846481e+01 7.905277e+01 7.190761e+01 6.717859e+01 6.892117e+01 5.028231e+01 3.523019e+01 3.714461e-01 6.509281e-01 9.201907e-01 1.222014e+00 1.630732e+00 1.912117e+00 2.146772e+00 2.213737e+00 2.222192e+00 2.204227e+00 2.089149e+00 1.884902e+00 2.513155e-01 8.348528e-02 1.180497e-01 1.648370e-01 2.426868e-01 3.031685e-01 3.583808e-01 4.156543e-01 4.377478e-01 4.358123e-01 4.339046e-01 4.091618e-01 3.671677e-01 2.742791e-02
<GCONST> 1.116993e+02
<TRANSP> 3
 0.000000e+00 1.000000e+00 0.000000e+00
 0.000000e+00 9.884335e-01 1.156654e-02
 0.000000e+00 0.000000e+00 0.000000e+00
<ENDHMM>
~h "sil"
<BEGINHMM>
<NUMSTATES> 3
<STATE> 2
~s "silst"
<TRANSP> 3
 0.000000e+00 1.000000e+00 0.000000e+00
 0.000000e+00 9.957943e-01 4.205680e-03
 0.000000e+00 0.000000e+00 0.000000e+00
<ENDHMM>
~h "noise"
<BEGINHMM>
<NUMSTATES> 3
<STATE> 2
~s "silst"
<TRANSP> 3
 0.000000e+00 1.000000e+00 0.000000e+00
 0.000000e+00 9.875117e-01 1.248829e-02
 0.000000e+00 0.000000e+00 0.000000e+00
<ENDHMM>
