~o
<STREAMINFO> 1 22
<VECSIZE> 22<NULLD><MFCC_0><DIAGC>
~h "BN"
<BEGINHMM>
<NUMSTATES> 5
<STATE> 2
<NUMMIXES> 2
<MIXTURE> 1 3.309087e-001
<MEAN> 22
 8.685064e+000 1.365931e+001 5.034575e+000 5.375325e+000 1.771936e+001 2.192831e+001 8.199767e+001 7.435361e+001 5.918031e+001 5.611084e+001 1.787912e+002 1.691872e+002 1.108853e+002 1.087838e+002 6.892224e+000 5.023734e+000 6.065278e+000 5.898163e+000 5.822468e+000 6.119499e+000 2.364924e+000 2.197211e+000
<VARIANCE> 22
 2.264159e+003 1.533079e+003 1.821851e+003 1.151643e+003 4.021929e+002 4.038746e+002 5.956999e+002 5.713053e+002 6.465366e+001 6.008963e+001 9.179053e+002 1.043966e+003 1.719063e+002 1.744643e+002 1.577519e-001 1.487720e-001 6.101640e-002 9.146600e-002 1.518501e-001 2.304667e-001 5.692017e+000 3.861829e+000
<GCONST> 1.179292e+002
<MIXTURE> 2 6.690915e-001
<MEAN> 22
 5.968174e+000 8.087271e+000 1.633329e+000 2.698992e+000 1.437803e+002 1.582678e+002 7.134899e+001 8.523195e+001 6.989094e+001 7.224829e+001 1.081022e+002 7.235612e+001 9.316068e+001 9.209964e+001 3.092303e+000 2.475502e+000 4.686863e+000 4.055272e+000 4.070484e+000 2.060418e+000 2.299803e+000 2.395597e+000
<VARIANCE> 22
 1.244562e+002 2.287612e+002 1.011962e+001 1.624814e+001 3.264462e+004 1.685002e+004 2.322374e+003 2.675976e+003 9.623391e+002 1.154174e+003 5.784739e+003 3.298543e+003 1.716104e+003 1.321371e+003 8.255293e+000 2.102845e+000 7.415177e+000 3.294082e+000 3.642996e+000 5.270103e+000 6.112936e+000 5.778252e+000
<GCONST> 1.494485e+002
<STATE> 3
<NUMMIXES> 2
<MIXTURE> 1 4.031824e-001
<MEAN> 22
 1.479468e+000 2.059985e+001 5.025392e-001 5.265236e+000 7.520201e+000 1.408567e+002 1.006503e+002 1.030484e+002 6.239196e+001 8.647011e+001 2.038339e+002 7.991499e+001 1.219127e+002 1.105398e+002 6.998821e+000 2.955980e+000 6.111302e+000 4.572359e+000 5.998442e+000 2.439277e+000 1.746033e+000 3.610725e+000
<VARIANCE> 22
 9.734304e+000 3.749801e+002 3.300596e+000 2.860358e+001 9.852070e+001 5.569307e+003 3.263787e+002 1.644839e+003 6.921761e+001 5.647728e+002 6.597208e+002 2.690707e+003 2.252563e+002 1.734951e+002 6.504287e-002 1.168602e+000 9.950167e-002 8.728323e-001 2.082488e-002 5.435932e+000 5.528712e+000 5.361765e+000
<GCONST> 1.113188e+002
<MIXTURE> 2 5.968194e-001
<MEAN> 22
 8.866027e-001 4.808532e+000 4.266712e-001 1.527385e+000 9.790556e+000 1.722406e+002 8.668083e+001 1.185706e+002 5.605651e+001 8.828416e+001 1.804470e+002 3.168409e+001 1.096667e+002 9.626881e+001 6.930260e+000 2.058752e+000 6.000123e+000 3.672553e+000 5.962705e+000 1.103636e+000 1.350516e+000 2.632505e+000
<VARIANCE> 22
 4.801632e+000 4.225655e+001 3.300596e+000 3.306837e+000 5.897347e+002 9.643581e+002 1.234262e+002 1.989984e+002 5.374211e+001 2.618511e+002 4.025902e+002 3.384245e+002 5.833862e+001 7.965308e+001 3.795049e-001 1.155803e-001 2.309906e-001 4.771308e-001 1.153763e-001 3.079681e-001 4.823998e+000 5.964886e+000
<GCONST> 9.600448e+001
<STATE> 4
<NUMMIXES> 2
<MIXTURE> 1 4.222215e-001
<MEAN> 22
 1.380109e+001 5.329882e+000 3.076705e+000 1.728229e+000 4.910936e+001 2.416645e+001 8.745171e+001 9.487989e+001 7.103222e+001 5.810491e+001 1.580553e+002 1.939613e+002 1.146430e+002 1.167963e+002 4.983613e+000 4.994936e+000 6.386859e+000 5.848193e+000 5.267968e+000 6.009345e+000 3.615051e+000 2.848980e+000
<VARIANCE> 22
 3.062688e+002 7.108374e+001 2.007915e+001 6.643346e+000 2.521323e+003 8.744911e+002 6.154127e+002 3.189765e+002 2.736648e+002 6.451385e+001 3.526951e+003 5.030735e+002 2.689902e+002 1.195501e+002 8.328717e+000 1.962413e-002 2.394360e-001 1.287625e-001 1.650967e+000 5.618803e-002 5.952631e+000 6.602100e+000
<GCONST> 1.126576e+002
<MIXTURE> 2 5.777782e-001
<MEAN> 22
 6.268681e+000 1.612182e+000 2.563377e+000 7.417200e-001 1.634020e+002 1.816851e+001 1.262822e+002 8.634990e+001 9.176925e+001 5.855297e+001 3.484475e+001 1.797209e+002 9.938516e+001 1.151368e+002 1.966060e+000 4.715258e+000 8.891546e-001 5.819551e+000 2.867113e+000 5.648448e+000 3.024236e+000 1.919509e+000
<VARIANCE> 22
 8.453036e+001 1.234443e+001 1.780639e+001 2.164982e+000 3.838808e+003 7.541198e+002 3.956882e+002 7.975147e+002 3.249556e+002 6.883213e+001 3.838205e+002 1.713786e+003 2.230777e+002 1.704309e+002 3.733006e-001 4.274901e-001 2.256181e+000 1.831925e-001 2.669932e-001 2.581043e+000 6.215789e+000 5.645590e+000
<GCONST> 1.130009e+002
<TRANSP> 5
 0.000000e+000 1.000000e+000 0.000000e+000 0.000000e+000 0.000000e+000
 0.000000e+000 8.165622e-001 1.834378e-001 0.000000e+000 0.000000e+000
 0.000000e+000 0.000000e+000 9.551773e-001 4.482267e-002 0.000000e+000
 0.000000e+000 0.000000e+000 0.000000e+000 9.272534e-001 7.274655e-002
 0.000000e+000 0.000000e+000 0.000000e+000 0.000000e+000 0.000000e+000
<ENDHMM>
~h "BS"
<BEGINHMM>
<NUMSTATES> 5
<STATE> 2
<NUMMIXES> 2
<MIXTURE> 1 6.686638e-002
<MEAN> 22
 3.663878e+001 3.476274e+001 2.206171e+001 1.947412e+001 4.349964e+002 3.154632e+002 1.030555e+002 9.475084e+001 6.829001e+001 6.599386e+001 1.599759e+002 1.474945e+002 1.129743e+002 1.127943e+002 1.531054e+000 3.853586e+000 6.702351e+000 5.322994e+000 3.353915e+000 4.168576e+000 1.815215e+000 2.431572e+000
<VARIANCE> 22
 9.624004e+003 7.201152e+003 8.434949e+003 5.541007e+003 3.654828e+004 1.564153e+004 1.747571e+003 1.390052e+003 3.521009e+001 2.669983e+001 1.291205e+003 8.745161e+002 1.240699e+002 8.203709e+001 6.916546e+000 1.459056e+000 2.090554e-001 2.408089e-001 8.666583e+000 3.356630e+000 5.711917e+000 6.013279e+000
<GCONST> 1.472553e+002
<MIXTURE> 2 9.331335e-001
<MEAN> 22
 1.393980e+001 1.365021e+001 2.354639e+000 2.356957e+000 5.369675e+001 5.221610e+001 6.193798e+001 5.999173e+001 6.345230e+001 6.011929e+001 1.517430e+002 1.485315e+002 1.082030e+002 1.079610e+002 5.563275e+000 4.625455e+000 6.010399e+000 5.827766e+000 5.370461e+000 5.576384e+000 2.746147e+000 2.010036e+000
<VARIANCE> 22
 1.745696e+002 1.578780e+002 6.492554e+000 6.660612e+000 4.048207e+003 3.007907e+003 1.042848e+003 9.504047e+002 1.423612e+002 1.450223e+002 1.838463e+003 1.862535e+003 3.187579e+002 2.792842e+002 6.004251e+000 1.464148e+000 5.539814e-001 4.872797e-001 9.732704e-001 4.327327e+000 3.133570e+000 3.890154e+000
<GCONST> 1.257269e+002
<STATE> 3
<NUMMIXES> 2
<MIXTURE> 1 4.338460e-001
<MEAN> 22
 1.430810e+001 1.458981e+001 3.517811e+000 3.404827e+000 1.315785e+002 1.237691e+002 1.468002e+002 1.419405e+002 8.910178e+001 7.889186e+001 1.542807e+002 1.616206e+002 1.165858e+002 1.150448e+002 4.404618e-001 3.724346e+000 4.422315e+000 4.725888e+000 1.806070e+000 3.850331e+000 2.962526e+000 3.908019e+000
<VARIANCE> 22
 4.090057e+002 4.182291e+002 1.860675e+001 2.008257e+001 1.489759e+003 1.698261e+003 9.722883e+002 8.717191e+002 1.779131e+002 2.615175e+002 2.126357e+003 1.281219e+003 1.748187e+002 1.357632e+002 3.191068e-001 3.381741e-001 1.126366e+001 2.559511e-001 6.126215e+000 9.083452e-001 6.473675e+000 5.630966e+000
<GCONST> 1.265853e+002
<MIXTURE> 2 5.661534e-001
<MEAN> 22
 2.191159e+001 2.273261e+001 3.745044e+000 3.695897e+000 9.417513e+001 9.717277e+001 4.853155e+001 4.983768e+001 6.516309e+001 6.092028e+001 9.324648e+001 9.190681e+001 1.005027e+002 1.011486e+002 2.047283e+000 2.727806e+000 6.149719e+000 5.744499e+000 4.073393e+000 2.211251e+000 2.701201e+000 2.864206e+000
<VARIANCE> 22
 3.599839e+002 3.781415e+002 2.397669e+001 1.861452e+001 1.609788e+003 1.261312e+003 6.561913e+002 6.710818e+002 1.208645e+002 1.260803e+002 9.084941e+002 8.028894e+002 1.172178e+002 1.002864e+002 3.668804e+000 1.965371e+000 3.849887e-001 3.847545e-001 1.960738e+000 7.250345e+000 5.472620e+000 4.347690e+000
<GCONST> 1.242680e+002
<STATE> 4
<NUMMIXES> 2
<MIXTURE> 1 4.482415e-001
<MEAN> 22
 9.213013e+000 8.851049e+000 2.484757e+000 2.141661e+000 3.442069e+001 3.515296e+001 1.023452e+002 9.962922e+001 6.542542e+001 6.010240e+001 1.934119e+002 1.913022e+002 1.152758e+002 1.146334e+002 6.729615e+000 4.942310e+000 6.439915e+000 5.519491e+000 6.057855e+000 5.834525e+000 3.867804e+000 3.682301e+000
<VARIANCE> 22
 8.338101e+001 7.910281e+001 7.273709e+000 5.476207e+000 1.081027e+003 8.339016e+002 5.932233e+002 4.324196e+002 1.050571e+002 8.687481e+001 7.769116e+002 6.642737e+002 1.879503e+002 1.460780e+002 1.591870e+000 1.314578e-001 2.840136e-001 2.502317e-001 1.952605e-001 3.230248e-001 4.481551e+000 8.361857e+000
<GCONST> 1.082241e+002
<MIXTURE> 2 5.517586e-001
<MEAN> 22
 6.312137e+000 6.011893e+000 1.761283e+000 1.637198e+000 9.028948e+001 8.892466e+001 1.166543e+002 1.177319e+002 6.835263e+001 6.366797e+001 1.564290e+002 1.558388e+002 1.051788e+002 1.048147e+002 7.450039e-003 3.999269e+000 6.999423e+000 5.000000e+000 3.511496e+000 4.355147e+000 3.051637e+000 3.790279e+000
<VARIANCE> 22
 6.469559e+001 5.817590e+001 5.985646e+000 5.039165e+000 7.089346e+002 6.486317e+002 5.786837e+002 5.044726e+002 9.635059e+001 1.243991e+002 4.143191e+002 4.493602e+002 7.233842e+001 7.925660e+001 6.504287e-002 1.793315e-002 2.326111e-002 1.170389e-002 1.191224e+001 2.651754e-001 6.480717e+000 7.384197e+000
<GCONST> 9.793172e+001
<TRANSP> 5
 0.000000e+000 1.000000e+000 0.000000e+000 0.000000e+000 0.000000e+000
 0.000000e+000 7.898819e-001 2.101180e-001 0.000000e+000 0.000000e+000
 0.000000e+000 0.000000e+000 9.217878e-001 7.821220e-002 0.000000e+000
 0.000000e+000 0.000000e+000 0.000000e+000 9.480239e-001 5.197608e-002
 0.000000e+000 0.000000e+000 0.000000e+000 0.000000e+000 0.000000e+000
<ENDHMM>
~h "CF"
<BEGINHMM>
<NUMSTATES> 5
<STATE> 2
<NUMMIXES> 2
<MIXTURE> 1 1.548495e-001
<MEAN> 22
 2.665951e+001 1.400637e+001 1.325041e+001 8.386526e+000 5.330083e+001 2.772330e+001 1.002880e+002 8.651009e+001 7.623340e+001 6.094029e+001 1.460405e+002 1.800502e+002 1.123754e+002 1.170322e+002 4.958845e+000 4.732852e+000 5.351018e+000 5.775603e+000 4.996174e+000 5.852406e+000 3.070743e+000 2.604941e+000
<VARIANCE> 22
 3.684596e+003 2.480368e+003 3.032097e+003 1.814271e+003 3.918250e+003 1.163792e+003 9.710499e+002 8.490696e+002 4.679995e+002 1.386644e+002 5.484498e+003 1.694185e+003 3.431810e+002 1.738012e+002 7.183986e+000 4.518492e-001 4.089222e+000 2.001636e-001 2.114440e+000 1.240964e+000 5.786001e+000 5.289445e+000
<GCONST> 1.444215e+002
<MIXTURE> 2 8.451506e-001
<MEAN> 22
 5.977781e+000 6.910314e+000 2.300531e+000 2.314009e+000 8.123342e+001 8.754221e+001 8.266875e+001 6.795660e+001 7.803026e+001 6.540630e+001 8.991935e+001 1.015660e+002 9.493678e+001 1.019546e+002 2.897795e+000 3.182796e+000 4.610980e+000 5.013918e+000 3.866642e+000 3.363316e+000 2.813020e+000 2.612945e+000
<VARIANCE> 22
 8.374864e+001 1.180974e+002 1.118648e+001 1.332287e+001 8.392414e+003 7.079681e+003 2.286922e+003 1.729381e+003 6.693041e+002 5.599818e+002 3.467121e+003 3.252928e+003 6.379047e+002 5.347260e+002 5.450176e+000 2.313387e+000 5.856191e+000 2.060099e+000 2.365505e+000 7.816148e+000 6.067646e+000 5.502376e+000
<GCONST> 1.409898e+002
<STATE> 3
<NUMMIXES> 2
<MIXTURE> 1 3.780996e-001
<MEAN> 22
 2.635695e+000 2.264483e+001 9.733409e-001 5.713521e+000 1.641450e+001 1.128256e+002 9.903040e+001 8.962283e+001 6.295101e+001 8.330590e+001 1.930301e+002 1.022519e+002 1.173222e+002 1.043109e+002 6.853218e+000 3.449570e+000 6.184451e+000 4.863389e+000 5.910902e+000 3.368201e+000 2.069692e+000 3.726689e+000
<VARIANCE> 22
 2.369771e+001 4.719035e+002 3.300596e+000 4.006155e+001 9.263302e+002 6.162584e+003 5.258912e+002 1.896832e+003 1.235178e+002 5.097547e+002 1.388427e+003 3.387451e+003 2.817912e+002 2.638545e+002 7.132612e-001 1.541264e+000 5.414621e-001 1.616394e+000 2.355108e-001 7.535287e+000 5.971867e+000 5.091729e+000
<GCONST> 1.255908e+002
<MIXTURE> 2 6.219009e-001
<MEAN> 22
 9.431536e-001 6.394858e+000 4.612447e-001 3.029572e+000 5.906305e+000 1.946252e+002 9.020418e+001 1.290414e+002 5.717828e+001 1.020657e+002 1.859752e+002 3.123147e+001 1.110361e+002 8.356821e+001 7.000000e+000 2.000000e+000 6.008238e+000 2.934362e+000 5.999990e+000 9.941534e-001 1.418441e+000 2.537753e+000
<VARIANCE> 22
 4.801632e+000 9.174882e+001 3.300596e+000 1.845983e+001 4.956259e+001 9.216478e+002 1.848801e+002 4.298991e+002 5.004961e+001 3.951505e+002 3.643324e+002 1.493217e+002 1.040779e+002 2.382428e+002 6.504287e-002 1.793315e-002 2.326111e-002 1.243848e+000 2.082488e-002 5.618803e-002 5.138662e+000 5.751459e+000
<GCONST> 8.989756e+001
<STATE> 4
<NUMMIXES> 2
<MIXTURE> 1 4.238775e-001
<MEAN> 22
 9.072702e+000 5.613669e+000 2.710625e+000 2.089586e+000 2.915819e+001 2.389994e+001 9.045007e+001 9.731562e+001 6.576223e+001 6.072403e+001 1.867845e+002 1.946475e+002 1.164491e+002 1.164488e+002 6.335370e+000 5.000442e+000 6.197932e+000 5.714677e+000 5.885160e+000 5.989685e+000 3.379977e+000 3.029405e+000
<VARIANCE> 22
 1.789337e+002 5.833242e+001 1.416936e+001 7.517883e+000 7.953506e+002 5.783470e+002 6.408872e+002 3.205899e+002 1.547515e+002 9.086868e+001 1.044771e+003 5.054726e+002 2.005350e+002 1.277707e+002 3.998678e+000 1.793315e-002 1.587555e-001 2.047935e-001 1.234903e-001 5.618803e-002 6.406261e+000 6.403738e+000
<GCONST> 1.051885e+002
<MIXTURE> 2 5.761220e-001
<MEAN> 22
 1.059704e+001 1.553068e+000 3.865494e+000 8.126373e-001 1.725189e+002 2.490302e+001 1.210720e+002 9.677159e+001 9.688229e+001 5.761004e+001 3.815530e+001 1.915406e+002 8.566805e+001 1.134232e+002 1.912147e+000 4.976957e+000 2.481390e+000 5.677159e+000 3.035027e+000 5.953913e+000 3.148488e+000 2.044729e+000
<VARIANCE> 22
 2.123982e+002 8.436555e+000 2.878741e+001 2.164982e+000 3.412834e+003 1.100136e+003 1.189863e+003 2.438623e+002 4.559397e+002 8.345139e+001 5.107344e+002 4.477526e+002 4.438697e+002 1.194047e+002 2.206609e-001 6.667271e-002 4.627183e+000 2.400468e-001 2.160819e-001 2.212779e-001 6.218329e+000 5.602451e+000
<GCONST> 1.099343e+002
<TRANSP> 5
 0.000000e+000 1.000000e+000 0.000000e+000 0.000000e+000 0.000000e+000
 0.000000e+000 8.123130e-001 1.876871e-001 0.000000e+000 0.000000e+000
 0.000000e+000 0.000000e+000 9.523658e-001 4.763421e-002 0.000000e+000
 0.000000e+000 0.000000e+000 0.000000e+000 9.300389e-001 6.996116e-002
 0.000000e+000 0.000000e+000 0.000000e+000 0.000000e+000 0.000000e+000
<ENDHMM>
~h "CN"
<BEGINHMM>
<NUMSTATES> 5
<STATE> 2
<NUMMIXES> 2
<MIXTURE> 1 4.182821e-001
<MEAN> 22
 8.699216e+000 8.180408e+000 2.877559e+000 2.754105e+000 2.115768e+001 2.358584e+001 9.287808e+001 8.877044e+001 6.387451e+001 5.943121e+001 1.920955e+002 1.886157e+002 1.189481e+002 1.170622e+002 6.999022e+000 5.000000e+000 6.131945e+000 5.934984e+000 5.999303e+000 6.015784e+000 2.756956e+000 1.963463e+000
<VARIANCE> 22
 5.291166e+002 4.143022e+002 3.708592e+002 2.727078e+002 3.524040e+002 5.065432e+002 5.977739e+002 4.000062e+002 9.213454e+001 6.775835e+001 8.165901e+002 6.547285e+002 2.510410e+002 1.907817e+002 6.504287e-002 1.793315e-002 1.145351e-001 6.078889e-002 2.082488e-002 5.618803e-002 3.247252e+000 3.993389e+000
<GCONST> 1.055285e+002
<MIXTURE> 2 5.817181e-001
<MEAN> 22
 2.078145e+001 2.058514e+001 2.593859e+000 2.884890e+000 9.175893e+001 8.760875e+001 4.310348e+001 4.522926e+001 6.544553e+001 6.197066e+001 9.987608e+001 9.914124e+001 1.052986e+002 1.044622e+002 3.025482e+000 3.333392e+000 6.023062e+000 5.871514e+000 4.297943e+000 3.083960e+000 2.633205e+000 2.040304e+000
<VARIANCE> 22
 3.222547e+002 3.020631e+002 9.500309e+000 1.159172e+001 2.089179e+003 2.045593e+003 4.636768e+002 6.246894e+002 1.151559e+002 1.077904e+002 1.432632e+003 1.657684e+003 1.626064e+002 1.345091e+002 6.097804e+000 2.073897e+000 1.830840e-001 4.274404e-001 7.544294e-001 9.871388e+000 2.224672e+000 3.079517e+000
<GCONST> 1.224870e+002
<STATE> 3
<NUMMIXES> 2
<MIXTURE> 1 4.575377e-001
<MEAN> 22
 9.388124e+000 8.657109e+000 1.192762e+000 1.100220e+000 1.673456e+002 1.603040e+002 8.626363e+001 8.232537e+001 6.918624e+001 6.742371e+001 4.076365e+001 4.463721e+001 1.072332e+002 1.090379e+002 2.077840e+000 1.820810e+000 5.511111e+000 5.889508e+000 3.126514e+000 8.095367e-001 2.976270e+000 2.903890e+000
<VARIANCE> 22
 1.735714e+002 1.867883e+002 3.300596e+000 2.294460e+000 1.528524e+003 1.339919e+003 4.383332e+002 5.607042e+002 1.789612e+002 1.819169e+002 4.637475e+002 5.930153e+002 2.763306e+002 1.920188e+002 1.420851e-001 2.285426e-001 1.635330e+000 1.175107e+000 1.533470e-001 2.464255e-001 5.979471e+000 6.056175e+000
<GCONST> 1.111230e+002
<MIXTURE> 2 5.424621e-001
<MEAN> 22
 6.097084e+000 7.353944e+000 1.209145e+000 9.659778e-001 1.317733e+002 1.263080e+002 6.201926e+001 6.053171e+001 6.469570e+001 6.175786e+001 4.394663e+001 4.575510e+001 1.001601e+002 1.009810e+002 2.006194e+000 2.000000e+000 6.000000e+000 5.983121e+000 3.217029e+000 7.700434e-001 3.353787e+000 3.284070e+000
<VARIANCE> 22
 5.410085e+001 8.892715e+001 3.404176e+000 2.164982e+000 1.165643e+003 9.140049e+002 2.865092e+002 3.367157e+002 4.868269e+001 5.343460e+001 2.218356e+002 2.859429e+002 4.931140e+001 4.851159e+001 6.504287e-002 1.793315e-002 2.326111e-002 4.505273e-002 1.699325e-001 1.771010e-001 6.024706e+000 5.963999e+000
<GCONST> 8.943024e+001
<STATE> 4
<NUMMIXES> 2
<MIXTURE> 1 4.072133e-001
<MEAN> 22
 1.050699e+001 9.583781e+000 3.162736e+000 2.742576e+000 3.924458e+001 3.158801e+001 9.970934e+001 9.594313e+001 6.518594e+001 6.074965e+001 1.956963e+002 1.932560e+002 1.164959e+002 1.155670e+002 6.989234e+000 4.999935e+000 6.288532e+000 5.771740e+000 6.021215e+000 5.970187e+000 3.782404e+000 3.698094e+000
<VARIANCE> 22
 1.173647e+002 9.634216e+001 8.564478e+000 7.188186e+000 7.051406e+003 4.398156e+003 4.487412e+002 3.685211e+002 9.480328e+001 6.628716e+001 5.144501e+002 4.723514e+002 1.512237e+002 1.186636e+002 6.504287e-002 1.793315e-002 2.052820e-001 1.761563e-001 2.413421e-002 5.618803e-002 7.922825e+000 4.597002e+000
<GCONST> 1.010125e+002
<MIXTURE> 2 5.927867e-001
<MEAN> 22
 1.660388e+001 1.638022e+001 2.161573e+000 2.430498e+000 9.058465e+001 8.966787e+001 5.147927e+001 4.993245e+001 6.702453e+001 6.508997e+001 1.153447e+002 1.099478e+002 1.062080e+002 1.068767e+002 3.559327e+000 3.324404e+000 6.068554e+000 5.908749e+000 4.435969e+000 3.106185e+000 4.245831e+000 4.112637e+000
<VARIANCE> 22
 4.010865e+002 3.490695e+002 1.081668e+001 1.599147e+001 3.417216e+003 3.011823e+003 1.162797e+003 1.219046e+003 1.931109e+002 1.566656e+002 1.782679e+003 1.810553e+003 2.535740e+002 1.746073e+002 5.933387e+000 3.686667e+000 3.325096e-001 3.240743e-001 1.457978e+000 9.529524e+000 6.851141e+000 5.196559e+000
<GCONST> 1.308113e+002
<TRANSP> 5
 0.000000e+000 1.000000e+000 0.000000e+000 0.000000e+000 0.000000e+000
 0.000000e+000 8.405323e-001 1.594677e-001 0.000000e+000 0.000000e+000
 0.000000e+000 0.000000e+000 9.637983e-001 3.620167e-002 0.000000e+000
 0.000000e+000 0.000000e+000 0.000000e+000 9.184037e-001 8.159628e-002
 0.000000e+000 0.000000e+000 0.000000e+000 0.000000e+000 0.000000e+000
<ENDHMM>
~h "CP"
<BEGINHMM>
<NUMSTATES> 5
<STATE> 2
<NUMMIXES> 2
<MIXTURE> 1 8.272646e-001
<MEAN> 22
 1.360151e+001 1.142051e+001 3.888502e+000 3.289257e+000 5.329884e+001 5.191207e+001 1.088190e+002 1.077627e+002 7.661325e+001 7.052591e+001 1.892309e+002 1.917239e+002 1.268110e+002 1.223920e+002 4.285790e+000 4.648998e+000 6.701811e+000 5.460043e+000 5.524535e+000 5.540994e+000 3.287035e+000 3.146278e+000
<VARIANCE> 22
 5.710281e+002 3.825060e+002 3.703248e+002 2.126292e+002 1.540539e+003 1.427170e+003 1.181350e+003 1.194027e+003 1.767946e+002 1.721414e+002 2.055537e+003 1.179585e+003 3.936537e+002 2.250173e+002 1.118136e+001 3.104755e-001 2.123768e-001 2.484235e-001 3.427183e+000 8.074223e-001 5.425831e+000 5.510776e+000
<GCONST> 1.318987e+002
<MIXTURE> 2 1.727354e-001
<MEAN> 22
 6.883309e+000 4.188834e+000 9.768888e-001 1.022974e+000 3.213966e+002 2.355929e+002 5.918010e+001 4.759312e+001 3.403782e+001 3.148155e+001 4.908910e+001 6.214275e+001 5.006978e+001 5.159257e+001 1.010187e+000 1.631921e+000 1.214208e+000 2.531005e+000 1.194423e+000 1.513226e+000 1.382045e+000 1.619383e+000
<VARIANCE> 22
 4.137667e+002 7.932345e+001 4.265285e+000 4.601077e+000 3.158830e+004 2.065136e+004 4.913099e+003 3.776635e+003 1.492955e+003 1.223005e+003 4.324321e+003 5.687013e+003 3.013139e+003 3.042971e+003 3.021833e+000 3.755849e+000 5.465004e+000 7.443142e+000 2.976279e+000 5.015241e+000 4.998139e+000 5.856961e+000
<GCONST> 1.505228e+002
<STATE> 3
<NUMMIXES> 2
<MIXTURE> 1 4.693914e-001
<MEAN> 22
 1.102743e+001 1.113354e+001 2.597614e+000 2.901407e+000 5.521074e+001 4.616349e+001 8.281900e+001 8.849835e+001 7.228176e+001 6.777429e+001 1.703051e+002 1.739661e+002 1.163738e+002 1.162654e+002 4.960187e+000 4.609756e+000 6.497204e+000 5.341999e+000 5.958549e+000 5.757179e+000 3.637973e+000 3.496677e+000
<VARIANCE> 22
 9.882870e+001 1.024286e+002 8.260907e+000 1.049088e+001 1.389617e+003 7.838043e+002 4.497989e+002 5.107769e+002 1.468333e+002 1.412660e+002 6.246910e+002 6.361414e+002 1.326462e+002 1.287487e+002 1.003478e+001 2.705525e-001 3.156013e-001 2.519993e-001 2.909024e-001 4.179353e-001 5.208599e+000 4.930754e+000
<GCONST> 1.125475e+002
<MIXTURE> 2 5.306078e-001
<MEAN> 22
 1.035067e+001 1.081004e+001 2.916895e+000 2.781959e+000 6.588184e+001 5.834240e+001 5.688897e+001 6.044463e+001 7.031842e+001 6.688966e+001 1.144862e+002 1.163411e+002 1.017462e+002 1.016671e+002 2.896762e-001 3.746517e+000 6.779643e+000 5.215599e+000 5.220298e+000 4.822779e+000 3.354982e+000 3.132313e+000
<VARIANCE> 22
 1.125368e+002 1.043177e+002 1.465710e+001 1.238410e+001 5.603561e+002 7.814657e+002 2.531614e+002 3.526767e+002 1.061058e+002 1.642796e+002 3.257795e+002 3.811596e+002 8.069648e+001 8.425342e+001 5.330277e-001 4.657004e-001 1.749713e-001 1.691182e-001 2.012478e+000 5.416505e+000 5.222404e+000 5.135003e+000
<GCONST> 1.104788e+002
<STATE> 4
<NUMMIXES> 2
<MIXTURE> 1 6.025133e-001
<MEAN> 22
 7.492288e+000 7.128135e+000 2.093354e+000 2.214894e+000 3.080674e+001 2.926250e+001 9.090837e+001 9.171582e+001 6.517970e+001 6.167710e+001 1.857351e+002 1.867471e+002 1.158728e+002 1.157907e+002 6.995523e+000 4.999093e+000 6.246579e+000 5.663218e+000 5.998733e+000 5.978480e+000 3.886210e+000 3.698009e+000
<VARIANCE> 22
 5.503025e+001 5.227719e+001 5.015728e+000 5.610580e+000 7.599106e+002 5.568401e+002 3.368774e+002 2.650350e+002 8.681189e+001 8.688390e+001 4.602322e+002 4.196447e+002 1.224558e+002 1.021285e+002 6.504287e-002 1.793315e-002 1.857785e-001 2.233612e-001 2.082488e-002 5.618803e-002 5.677937e+000 5.802481e+000
<GCONST> 9.343170e+001
<MIXTURE> 2 3.974881e-001
<MEAN> 22
 6.622633e+000 6.820158e+000 1.177794e+000 1.136171e+000 4.251892e+001 4.000270e+001 6.300309e+001 6.347519e+001 5.920693e+001 5.720966e+001 1.420003e+002 1.431691e+002 1.000121e+002 9.934226e+001 4.283716e+000 4.594440e+000 6.476645e+000 5.453039e+000 5.932144e+000 5.967307e+000 3.418030e+000 3.213035e+000
<VARIANCE> 22
 4.193848e+001 4.040343e+001 3.300596e+000 2.164982e+000 4.259158e+002 3.101745e+002 2.515088e+002 2.915161e+002 5.651902e+001 7.680502e+001 2.378098e+002 2.649871e+002 4.589855e+001 5.415364e+001 1.139133e+001 3.387035e-001 3.030331e-001 2.698105e-001 2.838150e-001 3.729856e-001 5.221410e+000 5.273198e+000
<GCONST> 9.999017e+001
<TRANSP> 5
 0.000000e+000 1.000000e+000 0.000000e+000 0.000000e+000 0.000000e+000
 0.000000e+000 7.597171e-001 2.402829e-001 0.000000e+000 0.000000e+000
 0.000000e+000 0.000000e+000 9.211109e-001 7.888912e-002 0.000000e+000
 0.000000e+000 0.000000e+000 0.000000e+000 9.454466e-001 5.455342e-002
 0.000000e+000 0.000000e+000 0.000000e+000 0.000000e+000 0.000000e+000
<ENDHMM>
~h "CV"
<BEGINHMM>
<NUMSTATES> 5
<STATE> 2
<NUMMIXES> 2
<MIXTURE> 1 4.095450e-001
<MEAN> 22
 8.920475e+000 9.623939e+000 3.134635e+000 2.971694e+000 2.047532e+001 2.144703e+001 9.074837e+001 8.610930e+001 6.259572e+001 5.822344e+001 1.874274e+002 1.836717e+002 1.158632e+002 1.153556e+002 6.987834e+000 4.993917e+000 6.151870e+000 5.907813e+000 5.993912e+000 6.011529e+000 2.736406e+000 2.269964e+000
<VARIANCE> 22
 5.348310e+002 4.705720e+002 5.175073e+002 3.214339e+002 3.770397e+002 3.684789e+002 5.275179e+002 4.470735e+002 7.958566e+001 5.786913e+001 7.313007e+002 7.026007e+002 1.833594e+002 1.483043e+002 6.504287e-002 2.023995e-002 1.288056e-001 8.571576e-002 2.082488e-002 8.844038e-002 3.261381e+000 4.056046e+000
<GCONST> 1.060453e+002
<MIXTURE> 2 5.904534e-001
<MEAN> 22
 1.969902e+001 1.935442e+001 3.382010e+000 3.218042e+000 1.028536e+002 9.653029e+001 6.520935e+001 6.604181e+001 6.873658e+001 6.031977e+001 1.012528e+002 1.115068e+002 1.089126e+002 1.076250e+002 2.344020e+000 3.526929e+000 6.007592e+000 5.397054e+000 4.095220e+000 3.506756e+000 2.687234e+000 2.584819e+000
<VARIANCE> 22
 4.564559e+002 4.152042e+002 1.518044e+001 1.346294e+001 8.607456e+003 5.929921e+003 9.570159e+002 9.827454e+002 2.284667e+002 1.295231e+002 2.799332e+003 2.518600e+003 3.646390e+002 3.268952e+002 6.493690e+000 1.399501e+000 2.764031e+000 7.244193e-001 2.077877e+000 7.047995e+000 3.854002e+000 3.800336e+000
<GCONST> 1.354298e+002
<STATE> 3
<NUMMIXES> 2
<MIXTURE> 1 3.852123e-001
<MEAN> 22
 8.701176e+000 8.741899e+000 2.702201e+000 2.942371e+000 1.683732e+002 1.636104e+002 1.003585e+002 9.921288e+001 7.252063e+001 6.933908e+001 4.759147e+001 5.250332e+001 1.134504e+002 1.134928e+002 1.670042e+000 2.420941e+000 4.489950e+000 4.757280e+000 2.637292e+000 1.503635e+000 3.402165e+000 3.290114e+000
<VARIANCE> 22
 1.396596e+002 1.365501e+002 1.579993e+001 2.056201e+001 1.828026e+003 1.424220e+003 5.102773e+002 6.466055e+002 1.351937e+002 9.959392e+001 4.830883e+002 4.808413e+002 2.935032e+002 1.917048e+002 3.537633e-001 3.018857e-001 1.027936e+001 7.097521e-001 3.469050e-001 4.479759e-001 5.527342e+000 5.705206e+000
<GCONST> 1.176929e+002
<MIXTURE> 2 6.147875e-001
<MEAN> 22
 6.085665e+000 6.476041e+000 1.251359e+000 1.324172e+000 1.204380e+002 1.212306e+002 6.923181e+001 6.947564e+001 6.071663e+001 5.748795e+001 5.257472e+001 5.292634e+001 9.877647e+001 9.945850e+001 1.348971e+000 2.558296e+000 6.870063e+000 5.190455e+000 2.879504e+000 1.206950e+000 3.496988e+000 3.365963e+000
<VARIANCE> 22
 6.149576e+001 5.956536e+001 3.300596e+000 2.613802e+000 1.218743e+003 8.557269e+002 2.346241e+002 2.770598e+002 3.270601e+001 4.363821e+001 1.990920e+002 2.187251e+002 6.106549e+001 6.338164e+001 2.461856e-001 3.018596e-001 1.251468e-001 2.723399e-001 2.367998e-001 2.902929e-001 5.622870e+000 5.971014e+000
<GCONST> 9.679810e+001
<STATE> 4
<NUMMIXES> 2
<MIXTURE> 1 4.856063e-001
<MEAN> 22
 1.064324e+001 9.583798e+000 3.054157e+000 2.606420e+000 2.314222e+001 2.306370e+001 9.481412e+001 9.249417e+001 6.403974e+001 5.839677e+001 1.911689e+002 1.904274e+002 1.155025e+002 1.146698e+002 6.993741e+000 5.000476e+000 6.223601e+000 5.832226e+000 6.022097e+000 5.989481e+000 4.227658e+000 4.051039e+000
<VARIANCE> 22
 1.078223e+002 9.919689e+001 9.439544e+000 7.308558e+000 4.967408e+002 4.522610e+002 4.504715e+002 3.441370e+002 8.925891e+001 6.614861e+001 6.585760e+002 5.795471e+002 1.769203e+002 1.415020e+002 6.504287e-002 1.793315e-002 1.736010e-001 1.396256e-001 2.176479e-002 5.618803e-002 6.772200e+000 5.026257e+000
<GCONST> 9.622968e+001
<MIXTURE> 2 5.143935e-001
<MEAN> 22
 1.579386e+001 1.577664e+001 2.648736e+000 3.017795e+000 7.718452e+001 6.783003e+001 4.499556e+001 5.022981e+001 6.517899e+001 6.002717e+001 1.064545e+002 1.141089e+002 1.040993e+002 1.042871e+002 2.541630e+000 3.549689e+000 6.143182e+000 5.765456e+000 4.463457e+000 3.490120e+000 4.317319e+000 4.246924e+000
<VARIANCE> 22
 2.781345e+002 2.577129e+002 1.559894e+001 1.649508e+001 1.389693e+003 1.403871e+003 5.565391e+002 6.980156e+002 1.071254e+002 8.991125e+001 1.336697e+003 1.664606e+003 1.554429e+002 1.170582e+002 6.538708e+000 1.985931e+000 2.241348e-001 2.498951e-001 9.520532e-001 9.479029e+000 5.839077e+000 5.573346e+000
<GCONST> 1.234785e+002
<TRANSP> 5
 0.000000e+000 1.000000e+000 0.000000e+000 0.000000e+000 0.000000e+000
 0.000000e+000 8.443047e-001 1.556953e-001 0.000000e+000 0.000000e+000
 0.000000e+000 0.000000e+000 9.473057e-001 5.269422e-002 0.000000e+000
 0.000000e+000 0.000000e+000 0.000000e+000 9.185831e-001 8.141693e-002
 0.000000e+000 0.000000e+000 0.000000e+000 0.000000e+000 0.000000e+000
<ENDHMM>
~h "DC"
<BEGINHMM>
<NUMSTATES> 5
<STATE> 2
<NUMMIXES> 2
<MIXTURE> 1 4.246403e-001
<MEAN> 22
 9.769325e+000 9.276374e+000 3.798279e+000 3.332472e+000 4.237585e+001 4.003719e+001 8.997123e+001 8.656357e+001 6.348643e+001 5.940599e+001 1.879585e+002 1.851709e+002 1.177512e+002 1.168125e+002 6.975584e+000 4.993290e+000 6.178907e+000 5.862911e+000 5.962265e+000 6.008605e+000 2.484418e+000 2.113267e+000
<VARIANCE> 22
 8.955266e+002 6.477018e+002 8.327551e+002 5.129619e+002 1.054328e+004 6.610481e+003 6.841608e+002 4.727777e+002 9.909246e+001 6.136789e+001 8.737778e+002 7.513839e+002 2.312142e+002 1.799523e+002 1.307810e-001 1.793315e-002 1.468989e-001 1.182954e-001 8.370412e-002 1.102509e-001 3.091111e+000 3.478260e+000
<GCONST> 1.177410e+002
<MIXTURE> 2 5.753598e-001
<MEAN> 22
 1.400591e+001 1.342701e+001 2.732804e+000 2.843477e+000 1.081892e+002 9.964796e+001 4.542305e+001 4.606371e+001 6.519261e+001 6.145690e+001 1.108407e+002 1.139969e+002 1.050151e+002 1.029758e+002 2.038707e+000 3.483805e+000 6.059818e+000 5.561133e+000 4.503910e+000 4.310385e+000 2.525093e+000 2.003674e+000
<VARIANCE> 22
 1.624773e+002 1.397507e+002 1.283279e+001 1.342657e+001 1.081780e+004 7.395084e+003 6.784553e+002 7.337027e+002 2.863403e+002 2.210538e+002 1.269423e+003 1.375955e+003 6.509019e+002 5.357330e+002 7.003934e+000 2.182833e+000 1.486714e+000 1.244896e+000 2.021418e+000 9.241423e+000 2.871127e+000 3.220034e+000
<GCONST> 1.336135e+002
<STATE> 3
<NUMMIXES> 2
<MIXTURE> 1 4.746238e-001
<MEAN> 22
 1.396937e+001 1.559512e+001 2.932616e+000 3.302033e+000 1.370203e+002 1.349848e+002 6.782028e+001 6.901913e+001 6.878442e+001 6.575536e+001 5.955177e+001 6.021506e+001 9.878278e+001 9.935827e+001 1.933464e+000 2.233976e+000 5.872305e+000 5.703280e+000 3.402161e+000 8.871417e-001 2.726926e+000 2.686797e+000
<VARIANCE> 22
 2.735146e+002 3.522864e+002 2.749930e+001 3.168484e+001 2.403400e+003 1.711045e+003 5.885554e+002 6.233741e+002 1.081892e+002 1.561419e+002 5.275311e+002 5.849843e+002 2.013664e+002 2.107166e+002 4.994638e-001 5.036460e-001 8.196002e-001 7.225243e-001 3.371634e-001 1.148006e+000 5.423462e+000 5.448014e+000
<GCONST> 1.202843e+002
<MIXTURE> 2 5.253751e-001
<MEAN> 22
 8.863377e+000 8.996593e+000 1.081437e+000 1.167846e+000 1.105700e+002 1.072558e+002 3.093111e+001 3.366658e+001 6.288899e+001 6.051596e+001 8.022634e+001 8.104059e+001 9.937595e+001 1.000560e+002 1.961246e+000 1.997547e+000 6.000128e+000 6.009142e+000 4.007460e+000 2.711300e-002 2.774810e+000 2.457087e+000
<VARIANCE> 22
 1.365376e+002 1.248746e+002 3.300596e+000 2.302524e+000 4.770396e+002 5.185492e+002 1.187078e+002 1.343949e+002 6.981059e+001 8.893636e+001 1.783306e+002 1.813319e+002 9.655255e+001 9.469389e+001 6.650608e-001 9.067394e-001 2.326111e-002 1.030831e-001 3.916516e-002 5.618803e-002 5.485001e+000 5.870131e+000
<GCONST> 9.335371e+001
<STATE> 4
<NUMMIXES> 2
<MIXTURE> 1 5.618889e-001
<MEAN> 22
 9.943071e+000 9.169211e+000 3.174557e+000 2.824136e+000 2.250003e+001 2.217308e+001 9.608214e+001 9.363227e+001 6.418273e+001 5.973283e+001 1.910357e+002 1.903365e+002 1.146349e+002 1.146331e+002 6.996798e+000 5.001419e+000 6.305682e+000 5.722085e+000 6.012603e+000 5.997043e+000 4.097853e+000 3.910227e+000
<VARIANCE> 22
 8.396774e+001 8.016116e+001 8.424426e+000 7.115011e+000 3.603543e+002 3.717688e+002 3.866978e+002 3.427811e+002 9.088001e+001 7.875127e+001 5.142128e+002 4.721002e+002 1.530758e+002 1.264646e+002 6.504287e-002 1.793315e-002 2.122425e-001 2.006802e-001 2.082488e-002 5.618803e-002 7.141633e+000 4.411698e+000
<GCONST> 9.487743e+001
<MIXTURE> 2 4.381109e-001
<MEAN> 22
 1.875146e+001 1.861808e+001 2.913042e+000 2.700776e+000 7.440219e+001 6.536205e+001 4.039890e+001 4.413605e+001 6.633166e+001 6.168094e+001 1.235705e+002 1.285642e+002 1.038583e+002 1.039599e+002 3.639314e+000 4.330758e+000 6.112276e+000 5.807963e+000 4.911190e+000 5.746702e+000 4.323951e+000 4.249779e+000
<VARIANCE> 22
 3.709098e+002 3.643431e+002 2.169724e+001 1.754832e+001 1.430800e+003 1.154328e+003 5.052157e+002 4.832433e+002 1.219672e+002 1.257581e+002 7.813765e+002 8.367784e+002 1.521357e+002 1.233461e+002 8.922255e+000 1.827268e+000 1.666593e-001 2.104211e-001 6.958146e-001 5.204913e+000 7.259648e+000 4.603293e+000
<GCONST> 1.220177e+002
<TRANSP> 5
 0.000000e+000 1.000000e+000 0.000000e+000 0.000000e+000 0.000000e+000
 0.000000e+000 8.687847e-001 1.312153e-001 0.000000e+000 0.000000e+000
 0.000000e+000 0.000000e+000 9.556106e-001 4.438938e-002 0.000000e+000
 0.000000e+000 0.000000e+000 0.000000e+000 9.066136e-001 9.338635e-002
 0.000000e+000 0.000000e+000 0.000000e+000 0.000000e+000 0.000000e+000
<ENDHMM>
~h "FM"
<BEGINHMM>
<NUMSTATES> 5
<STATE> 2
<NUMMIXES> 2
<MIXTURE> 1 1.319306e-001
<MEAN> 22
 1.294321e+001 1.753479e+001 7.752583e+000 7.765880e+000 4.837319e+001 6.820286e+001 6.975514e+001 7.333694e+001 7.149108e+001 7.547820e+001 1.520597e+002 1.310112e+002 1.077987e+002 1.096822e+002 4.628476e+000 3.967761e+000 5.997666e+000 5.351708e+000 5.213607e+000 5.285170e+000 2.697868e+000 3.095462e+000
<VARIANCE> 22
 2.381048e+003 2.387533e+003 1.907781e+003 1.233477e+003 3.651527e+003 3.718833e+003 1.129454e+003 1.223718e+003 4.736860e+002 3.754283e+002 2.162406e+003 2.262268e+003 7.180110e+002 3.391624e+002 9.201193e+000 1.140735e+000 1.496839e+000 5.492612e-001 1.517107e+000 4.861257e+000 7.082004e+000 5.340621e+000
<GCONST> 1.489020e+002
<MIXTURE> 2 8.680696e-001
<MEAN> 22
 7.133729e+000 1.293423e+000 2.004161e+000 6.287491e-001 6.414043e+001 8.918998e+000 6.342800e+001 1.009392e+002 9.515559e+001 5.728452e+001 1.407517e+002 2.011071e+002 1.144314e+002 1.192451e+002 2.257043e+000 5.000000e+000 6.523422e+000 5.904311e+000 5.281506e+000 5.998956e+000 3.142391e+000 1.831821e+000
<VARIANCE> 22
 6.425320e+001 4.065479e+000 7.781107e+000 2.164982e+000 7.987350e+002 7.042506e+001 7.972861e+002 2.055807e+002 4.993256e+002 7.208743e+001 1.165648e+003 3.739081e+002 1.763983e+002 1.306502e+002 1.022689e+001 1.793315e-002 2.494580e-001 8.653455e-002 3.491761e-001 5.618803e-002 6.394744e+000 5.543351e+000
<GCONST> 9.939394e+001
<STATE> 3
<NUMMIXES> 2
<MIXTURE> 1 4.374558e-001
<MEAN> 22
 2.344123e+000 9.203763e+000 8.706267e-001 3.182612e+000 1.568036e+001 5.262140e+001 1.048942e+002 8.155543e+001 6.421772e+001 9.158602e+001 2.059037e+002 1.619416e+002 1.214134e+002 1.165863e+002 6.991030e+000 4.482358e+000 6.140454e+000 5.270120e+000 5.992482e+000 6.297038e+000 2.213978e+000 3.325406e+000
<VARIANCE> 22
 1.762874e+001 8.219946e+001 3.300596e+000 1.694380e+001 6.630842e+002 1.027039e+003 4.524816e+002 4.994147e+002 8.313451e+001 5.889035e+002 8.129899e+002 9.759137e+002 3.302491e+002 1.642060e+002 6.504287e-002 2.820796e-001 1.546236e-001 2.213669e-001 3.760474e-002 3.254679e-001 6.285150e+000 5.626763e+000
<GCONST> 1.045689e+002
<MIXTURE> 2 5.625431e-001
<MEAN> 22
 8.123849e-001 5.923574e+000 3.606434e-001 1.206758e+000 5.711638e+000 6.199627e+001 8.840994e+001 5.097348e+001 5.315099e+001 8.198579e+001 1.830181e+002 1.202745e+002 1.100884e+002 9.871913e+001 6.962976e+000 4.056452e+000 6.002514e+000 5.408049e+000 5.994472e+000 6.292111e+000 1.360005e+000 3.127331e+000
<VARIANCE> 22
 4.801632e+000 3.698579e+001 3.300596e+000 2.164982e+000 4.956259e+001 2.720974e+002 7.081438e+001 2.913556e+002 3.653025e+001 1.433489e+002 1.512297e+002 3.812899e+002 4.142141e+001 5.050143e+001 2.453439e-001 2.797606e-001 2.326111e-002 2.422181e-001 2.082488e-002 2.378067e+000 4.938755e+000 5.828978e+000
<GCONST> 8.669172e+001
<STATE> 4
<NUMMIXES> 2
<MIXTURE> 1 9.018486e-001
<MEAN> 22
 6.314764e+000 5.421476e+000 1.616551e+000 1.648394e+000 4.385403e+001 3.385353e+001 6.035909e+001 5.579409e+001 7.927572e+001 6.525632e+001 1.357908e+002 1.335542e+002 1.055129e+002 1.033555e+002 2.913150e+000 3.988795e+000 6.441226e+000 5.611861e+000 5.303340e+000 5.282037e+000 2.680946e+000 2.561148e+000
<VARIANCE> 22
 7.584618e+001 6.077928e+001 6.331177e+000 8.715727e+000 7.498010e+002 6.961281e+002 8.020684e+002 8.279293e+002 3.803781e+002 1.853468e+002 1.172805e+003 1.364152e+003 1.143511e+002 1.235028e+002 1.030598e+001 1.534849e+000 2.570932e-001 2.388216e-001 5.018525e-001 5.891927e+000 5.830790e+000 6.274806e+000
<GCONST> 1.191103e+002
<MIXTURE> 2 9.815133e-002
<MEAN> 22
 2.114535e-001 1.916298e+000 5.726859e-002 4.889856e-001 4.969779e+002 3.758193e+002 2.887140e+001 2.325996e+001 1.550591e+001 2.032271e+001 5.165434e+001 4.249528e+001 2.734256e+001 2.745007e+001 1.757707e+000 1.127750e+000 1.612333e+000 1.334798e+000 1.506606e+000 1.475770e+000 2.511011e-001 8.986780e-001
<VARIANCE> 22
 4.801632e+000 2.215611e+001 3.300596e+000 2.164982e+000 3.248384e+003 8.365373e+002 2.487266e+003 1.708868e+003 7.176962e+002 1.294392e+003 7.958793e+003 5.511306e+003 2.230313e+003 2.248535e+003 9.214466e+000 3.855941e+000 7.814461e+000 5.368102e+000 6.769802e+000 6.522506e+000 1.007430e+000 3.844357e+000
<GCONST> 1.363595e+002
<TRANSP> 5
 0.000000e+000 1.000000e+000 0.000000e+000 0.000000e+000 0.000000e+000
 0.000000e+000 8.890388e-001 1.109612e-001 0.000000e+000 0.000000e+000
 0.000000e+000 0.000000e+000 9.556245e-001 4.437554e-002 0.000000e+000
 0.000000e+000 0.000000e+000 0.000000e+000 8.369910e-001 1.630090e-001
 0.000000e+000 0.000000e+000 0.000000e+000 0.000000e+000 0.000000e+000
<ENDHMM>
~h "FN"
<BEGINHMM>
<NUMSTATES> 5
<STATE> 2
<NUMMIXES> 2
<MIXTURE> 1 4.305893e-001
<MEAN> 22
 2.139605e+001 6.192025e+000 8.534014e+000 4.324797e+000 1.728689e+002 1.489800e+001 1.159280e+002 1.030787e+002 8.498560e+001 6.169681e+001 5.903159e+001 2.025438e+002 1.048064e+002 1.213300e+002 2.028310e+000 4.945674e+000 2.783163e+000 5.835340e+000 3.158823e+000 5.904657e+000 3.843435e+000 2.164314e+000
<VARIANCE> 22
 2.386382e+003 1.445180e+003 1.890807e+003 1.107337e+003 3.553791e+003 5.861634e+002 1.268977e+003 3.018696e+002 2.596203e+002 7.679845e+001 3.029295e+003 8.643083e+002 3.863886e+002 1.231650e+002 1.979873e+000 1.199885e-001 8.148052e+000 1.650867e-001 1.355208e+000 4.189040e-001 5.933485e+000 6.335051e+000
<GCONST> 1.348151e+002
<MIXTURE> 2 5.694096e-001
<MEAN> 22
 4.406659e+000 1.066632e+001 1.209323e+000 2.591926e+000 1.195184e+002 1.552006e+002 8.352751e+001 9.079604e+001 6.495631e+001 6.408061e+001 1.523120e+002 8.719416e+001 1.003328e+002 9.801231e+001 4.674315e+000 2.969613e+000 5.535174e+000 4.504241e+000 5.067606e+000 2.754465e+000 2.313130e+000 2.559931e+000
<VARIANCE> 22
 6.993344e+001 2.146316e+002 3.916773e+000 1.269142e+001 3.436911e+004 1.708506e+004 1.715885e+003 1.528589e+003 5.804494e+002 4.946863e+002 5.242421e+003 5.860933e+003 1.623427e+003 1.025129e+003 8.678064e+000 2.466383e+000 3.818149e+000 3.229668e+000 2.949862e+000 6.070489e+000 6.142449e+000 5.330903e+000
<GCONST> 1.450094e+002
<STATE> 3
<NUMMIXES> 2
<MIXTURE> 1 5.310771e-001
<MEAN> 22
 2.035080e+000 1.698808e+001 7.358347e-001 3.672926e+000 9.769285e+000 9.646605e+001 9.873347e+001 8.567142e+001 6.101015e+001 6.904340e+001 1.990034e+002 1.139401e+002 1.180306e+002 1.095439e+002 6.995705e+000 3.667360e+000 6.134650e+000 5.237317e+000 5.998898e+000 3.783276e+000 2.085843e+000 3.778898e+000
<VARIANCE> 22
 1.359053e+001 3.021268e+002 3.300596e+000 2.226521e+001 1.708499e+002 5.277017e+003 2.801149e+002 1.371995e+003 6.578362e+001 2.075168e+002 4.893564e+002 4.122314e+003 1.554444e+002 1.588699e+002 6.504287e-002 1.667970e+000 1.165150e-001 9.621522e-001 2.082488e-002 6.769597e+000 6.219828e+000 5.289337e+000
<GCONST> 1.108998e+002
<MIXTURE> 2 4.689218e-001
<MEAN> 22
 9.111516e-001 8.663855e+000 4.640399e-001 2.406827e+000 8.148780e+000 1.647759e+002 8.540695e+001 1.044029e+002 5.541908e+001 6.466647e+001 1.799162e+002 2.761455e+001 1.076374e+002 9.133745e+001 6.920587e+000 2.084034e+000 6.000175e+000 4.274232e+000 5.955594e+000 1.275611e+000 1.290449e+000 3.142431e+000
<VARIANCE> 22
 4.801632e+000 9.758232e+001 3.300596e+000 9.323279e+000 4.598662e+002 1.170181e+003 1.194252e+002 4.916184e+002 3.323113e+001 8.075251e+001 4.223245e+002 4.915146e+002 6.936060e+001 1.691146e+002 3.804845e-001 1.351211e-001 2.990842e-002 1.505238e+000 1.189550e-001 4.084641e-001 4.523446e+000 5.519353e+000
<GCONST> 9.781846e+001
<STATE> 4
<NUMMIXES> 2
<MIXTURE> 1 7.031154e-001
<MEAN> 22
 1.063764e+001 2.194310e+000 2.840904e+000 9.083819e-001 1.091373e+002 1.946993e+001 1.028053e+002 9.749523e+001 7.285884e+001 5.670964e+001 1.001368e+002 1.975345e+002 1.055842e+002 1.176460e+002 3.441710e+000 4.998373e+000 4.561680e+000 5.813886e+000 4.043991e+000 5.989767e+000 3.501221e+000 2.088256e+000
<VARIANCE> 22
 1.659789e+002 1.261121e+001 1.333630e+001 2.164982e+000 5.442791e+003 7.835309e+002 1.234666e+003 2.521854e+002 1.897749e+002 7.106405e+001 6.521135e+003 4.524553e+002 4.424025e+002 1.467350e+002 6.668801e+000 1.793315e-002 7.147994e+000 1.514699e-001 2.754045e+000 5.618803e-002 6.136612e+000 5.966344e+000
<GCONST> 1.145352e+002
<MIXTURE> 2 2.968849e-001
<MEAN> 22
 6.902444e+000 7.202633e+000 1.852886e+000 1.747595e+000 4.900877e+001 3.864563e+001 5.599897e+001 3.881879e+001 6.493800e+001 5.670724e+001 8.295016e+001 1.040113e+002 9.919636e+001 1.006293e+002 2.922634e+000 3.146785e+000 5.629467e+000 5.764589e+000 3.921559e+000 3.016629e+000 2.828846e+000 2.654055e+000
<VARIANCE> 22
 1.278682e+002 2.010256e+002 1.074604e+001 7.888510e+000 1.357085e+003 1.185042e+003 1.301952e+003 4.528319e+002 8.527913e+001 4.639589e+001 2.366128e+003 1.011222e+003 1.484170e+002 8.900964e+001 4.360903e+000 2.604522e+000 2.748435e+000 3.377494e-001 9.590635e-001 1.035908e+001 6.452527e+000 6.271966e+000
<GCONST> 1.234174e+002
<TRANSP> 5
 0.000000e+000 1.000000e+000 0.000000e+000 0.000000e+000 0.000000e+000
 0.000000e+000 7.782450e-001 2.217550e-001 0.000000e+000 0.000000e+000
 0.000000e+000 0.000000e+000 9.550465e-001 4.495346e-002 0.000000e+000
 0.000000e+000 0.000000e+000 0.000000e+000 9.141364e-001 8.586357e-002
 0.000000e+000 0.000000e+000 0.000000e+000 0.000000e+000 0.000000e+000
<ENDHMM>
~h "FU"
<BEGINHMM>
<NUMSTATES> 5
<STATE> 2
<NUMMIXES> 2
<MIXTURE> 1 8.061437e-001
<MEAN> 22
 9.864614e+000 1.314976e+000 2.378474e+000 6.946133e-001 1.379391e+002 1.889507e+001 1.027343e+002 9.421101e+001 6.510275e+001 5.468068e+001 5.169287e+001 1.916922e+002 9.894630e+001 1.126501e+002 2.547709e+000 5.000000e+000 3.296953e+000 5.848906e+000 3.243510e+000 5.996511e+000 3.227139e+000 1.949640e+000
<VARIANCE> 22
 2.443029e+002 4.063125e+000 1.058706e+001 2.164982e+000 4.885617e+003 7.361615e+002 9.696838e+002 1.755993e+002 1.993860e+002 5.466351e+001 3.183536e+003 3.225798e+002 2.189169e+002 1.354216e+002 3.231838e+000 1.793315e-002 7.841499e+000 1.282672e-001 1.454195e+000 5.618803e-002 6.259697e+000 5.678287e+000
<GCONST> 1.092659e+002
<MIXTURE> 2 1.938566e-001
<MEAN> 22
 8.515504e+000 9.220774e+000 2.771869e+000 2.333713e+000 5.526527e+001 5.639842e+001 7.897279e+001 5.805716e+001 6.247465e+001 5.719783e+001 8.917511e+001 1.141001e+002 9.881587e+001 1.003032e+002 3.399595e+000 3.623434e+000 5.219317e+000 5.525082e+000 4.081988e+000 4.090591e+000 2.906894e+000 2.836210e+000
<VARIANCE> 22
 1.874006e+002 1.470121e+002 2.823060e+001 1.273651e+001 2.982768e+003 2.940547e+003 1.447763e+003 9.093113e+002 1.315449e+002 9.394268e+001 4.174895e+003 2.281477e+003 2.592955e+002 1.427325e+002 5.780332e+000 2.079095e+000 4.256424e+000 6.030752e-001 1.948779e+000 7.702796e+000 5.920463e+000 5.158679e+000
<GCONST> 1.321868e+002
<STATE> 3
<NUMMIXES> 2
<MIXTURE> 1 4.340596e-001
<MEAN> 22
 2.139152e+000 1.882334e+001 7.017711e-001 3.384737e+000 7.647820e+000 1.380267e+002 1.025596e+002 9.141931e+001 6.228637e+001 6.955357e+001 2.046467e+002 7.279423e+001 1.212884e+002 1.072421e+002 6.998038e+000 2.906184e+000 6.152930e+000 4.867620e+000 5.998974e+000 2.610508e+000 2.034932e+000 3.232481e+000
<VARIANCE> 22
 2.230175e+001 3.698293e+002 3.300596e+000 1.477082e+001 9.844199e+001 5.748091e+003 3.927459e+002 1.682529e+003 8.806145e+001 1.778340e+002 7.853280e+002 3.256213e+003 2.718340e+002 1.810759e+002 6.504287e-002 1.468646e+000 1.295400e-001 1.528083e+000 2.082488e-002 5.808612e+000 6.277550e+000 5.635925e+000
<GCONST> 1.126882e+002
<MIXTURE> 2 5.659410e-001
<MEAN> 22
 9.752609e-001 3.742871e+000 5.246370e-001 1.280595e+000 7.640390e+000 1.626942e+002 8.245982e+001 1.033406e+002 5.245552e+001 5.789758e+001 1.745359e+002 2.028785e+001 1.043333e+002 8.943543e+001 6.933507e+000 2.034203e+000 6.015267e+000 4.149717e+000 5.961604e+000 1.305410e+000 1.380963e+000 2.627547e+000
<VARIANCE> 22
 4.801632e+000 3.170642e+001 3.300596e+000 2.409546e+000 4.408961e+002 7.639227e+002 8.785029e+001 2.246266e+002 3.531115e+001 9.504037e+001 3.105580e+002 3.279856e+002 6.004428e+001 7.079916e+001 3.580426e-001 9.172846e-002 6.469833e-002 2.211753e+000 1.106644e-001 4.192552e-001 4.872533e+000 6.679399e+000
<GCONST> 9.320628e+001
<STATE> 4
<NUMMIXES> 2
<MIXTURE> 1 6.880981e-001
<MEAN> 22
 4.553367e+000 1.121230e+001 2.004447e+000 3.293923e+000 1.522426e+001 2.409239e+001 9.818316e+001 9.042664e+001 6.072887e+001 5.801992e+001 1.962975e+002 1.880861e+002 1.168341e+002 1.136363e+002 6.992846e+000 5.001026e+000 6.119370e+000 5.832577e+000 5.998921e+000 6.003839e+000 2.880358e+000 3.659584e+000
<VARIANCE> 22
 2.290006e+002 3.224834e+002 1.603913e+002 1.058261e+002 1.685018e+002 4.762986e+002 2.547197e+002 3.036287e+002 7.667815e+001 8.452702e+001 4.114510e+002 4.893841e+002 1.400264e+002 1.223840e+002 6.504287e-002 1.793315e-002 1.051202e-001 1.393936e-001 2.082488e-002 5.618803e-002 6.682386e+000 5.498916e+000
<GCONST> 1.005464e+002
<MIXTURE> 2 3.119020e-001
<MEAN> 22
 6.096640e+000 7.584330e+000 1.410943e+000 3.013134e+000 2.224466e+002 1.878862e+002 6.445683e+001 6.393451e+001 5.147571e+001 5.233775e+001 1.175466e+002 9.108649e+001 8.332331e+001 7.441793e+001 3.792106e+000 2.978340e+000 4.482378e+000 3.914221e+000 4.004991e+000 3.396876e+000 2.221618e+000 2.219888e+000
<VARIANCE> 22
 1.499146e+002 2.190014e+002 7.620465e+000 5.885479e+001 4.452955e+004 2.338758e+004 2.260009e+003 2.530042e+003 9.584605e+002 1.118947e+003 7.665710e+003 6.136805e+003 2.550264e+003 2.316082e+003 9.349992e+000 4.676788e+000 6.979280e+000 5.902825e+000 5.818307e+000 8.264880e+000 6.768007e+000 6.347239e+000
<GCONST> 1.555346e+002
<TRANSP> 5
 0.000000e+000 1.000000e+000 0.000000e+000 0.000000e+000 0.000000e+000
 0.000000e+000 9.247072e-001 7.529280e-002 0.000000e+000 0.000000e+000
 0.000000e+000 0.000000e+000 9.467656e-001 5.323441e-002 0.000000e+000
 0.000000e+000 0.000000e+000 0.000000e+000 8.349566e-001 1.650434e-001
 0.000000e+000 0.000000e+000 0.000000e+000 0.000000e+000 0.000000e+000
<ENDHMM>
~h "MC"
<BEGINHMM>
<NUMSTATES> 5
<STATE> 2
<NUMMIXES> 2
<MIXTURE> 1 9.529212e-002
<MEAN> 22
 1.817997e+001 2.207073e+001 1.144339e+001 9.689599e+000 1.494089e+002 1.710079e+002 1.133260e+002 6.017130e+001 7.460009e+001 7.832495e+001 1.929291e+002 1.119394e+002 1.299455e+002 1.166755e+002 5.469676e+000 3.173122e+000 6.154783e+000 5.750694e+000 5.305954e+000 2.828295e+000 2.288648e+000 2.965059e+000
<VARIANCE> 22
 2.895356e+003 2.219332e+003 2.564619e+003 1.502048e+003 4.652301e+004 2.019378e+004 2.091517e+003 9.768101e+002 2.686475e+002 1.998156e+002 8.355378e+003 2.732597e+003 1.549538e+003 5.389478e+002 5.380428e+000 1.410872e+000 1.212143e+000 4.473375e-001 1.265704e+000 8.840364e+000 6.035914e+000 5.278511e+000
<GCONST> 1.552251e+002
<MIXTURE> 2 9.047081e-001
<MEAN> 22
 5.702600e+000 6.984939e+000 1.550019e+000 2.097255e+000 4.851727e+001 5.661548e+001 6.102631e+001 5.035661e+001 7.114337e+001 6.622213e+001 1.137620e+002 1.085953e+002 1.016070e+002 1.012907e+002 3.631005e+000 3.415623e+000 6.181164e+000 5.727590e+000 4.751378e+000 3.787405e+000 2.894067e+000 2.721328e+000
<VARIANCE> 22
 5.495159e+001 7.447483e+001 3.918580e+000 7.641995e+000 1.245495e+003 1.714918e+003 7.245672e+002 7.503077e+002 2.144263e+002 2.427293e+002 2.854934e+003 1.879328e+003 1.502559e+002 1.259013e+002 7.813834e+000 1.696594e+000 2.596353e-001 2.130239e-001 1.405042e+000 9.689533e+000 6.084617e+000 5.581834e+000
<GCONST> 1.219594e+002
<STATE> 3
<NUMMIXES> 2
<MIXTURE> 1 2.990798e-001
<MEAN> 22
 2.590846e+000 1.401130e+001 7.964937e-001 4.352381e+000 1.059117e+001 1.107588e+002 1.082035e+002 7.792553e+001 6.555828e+001 9.073473e+001 2.112375e+002 1.064929e+002 1.253848e+002 1.130648e+002 6.892454e+000 3.397807e+000 6.179689e+000 5.357862e+000 5.969190e+000 2.730507e+000 2.194714e+000 3.463214e+000
<VARIANCE> 22
 2.069621e+001 1.630149e+002 3.300596e+000 2.390415e+001 3.923764e+002 4.165492e+003 3.507867e+002 1.278400e+003 6.068979e+001 6.604772e+002 6.558161e+002 3.226532e+003 1.629031e+002 1.367818e+002 5.932050e-001 1.427281e+000 1.626505e-001 5.404469e-001 7.143648e-002 8.253961e+000 6.101309e+000 5.195229e+000
<GCONST> 1.157510e+002
<MIXTURE> 2 7.009203e-001
<MEAN> 22
 1.022931e+000 8.144888e+000 5.811434e-001 2.321397e+000 5.992356e+000 1.020268e+002 8.677034e+001 5.123927e+001 5.284392e+001 7.630158e+001 1.803968e+002 7.603487e+001 1.076506e+002 9.306068e+001 7.000000e+000 2.879353e+000 6.001567e+000 5.740115e+000 6.000000e+000 2.106408e+000 1.643991e+000 3.151704e+000
<VARIANCE> 22
 4.801632e+000 5.713763e+001 3.300596e+000 6.034818e+000 4.956259e+001 1.206401e+003 8.034439e+001 4.235769e+002 4.329776e+001 2.448356e+002 1.425467e+002 1.251841e+003 4.969093e+001 1.657825e+002 6.504287e-002 1.058441e+000 2.326111e-002 2.345605e-001 2.082488e-002 8.320522e+000 5.512446e+000 5.078308e+000
<GCONST> 9.454246e+001
<STATE> 4
<NUMMIXES> 2
<MIXTURE> 1 9.424683e-001
<MEAN> 22
 8.757756e+000 2.733383e+000 2.739757e+000 1.021259e+000 8.146538e+001 1.436588e+001 6.507549e+001 9.766789e+001 7.598632e+001 5.610708e+001 1.204867e+002 1.961967e+002 1.098625e+002 1.161496e+002 3.259409e+000 5.000000e+000 6.262385e+000 5.803826e+000 4.635154e+000 5.994635e+000 3.268415e+000 2.600362e+000
<VARIANCE> 22
 7.999708e+001 1.514757e+001 1.247680e+001 2.164982e+000 2.716940e+003 1.966167e+002 8.763527e+002 2.536814e+002 4.635691e+002 5.718439e+001 3.346886e+003 4.359315e+002 2.701598e+002 1.263087e+002 7.990352e+000 1.793315e-002 2.152728e-001 1.576911e-001 1.323125e+000 5.618803e-002 5.906723e+000 6.247091e+000
<GCONST> 1.068293e+002
<MIXTURE> 2 5.753151e-002
<MEAN> 22
 4.340885e+000 2.651330e+001 1.137974e+000 4.561289e+000 1.235342e+002 1.207285e+002 6.469273e+001 6.851891e+001 6.044252e+001 5.501520e+001 1.277697e+002 1.153701e+002 9.757955e+001 9.406114e+001 3.702746e+000 3.217905e+000 5.157071e+000 4.510602e+000 4.275455e+000 3.818727e+000 1.879112e+000 3.113766e+000
<VARIANCE> 22
 7.963356e+001 3.051660e+003 4.764189e+000 3.865354e+001 2.857888e+004 1.674249e+004 1.909100e+003 2.250517e+003 1.066172e+003 7.290233e+002 6.303591e+003 6.346335e+003 2.216196e+003 2.072010e+003 1.013152e+001 3.574705e+000 6.115913e+000 4.877434e+000 4.836817e+000 7.951088e+000 5.411079e+000 6.497344e+000
<GCONST> 1.539117e+002
<TRANSP> 5
 0.000000e+000 1.000000e+000 0.000000e+000 0.000000e+000 0.000000e+000
 0.000000e+000 8.740107e-001 1.259894e-001 0.000000e+000 0.000000e+000
 0.000000e+000 0.000000e+000 9.591618e-001 4.083822e-002 0.000000e+000
 0.000000e+000 0.000000e+000 0.000000e+000 9.012492e-001 9.875076e-002
 0.000000e+000 0.000000e+000 0.000000e+000 0.000000e+000 0.000000e+000
<ENDHMM>
~h "NU"
<BEGINHMM>
<NUMSTATES> 5
<STATE> 2
<NUMMIXES> 2
<MIXTURE> 1 8.007670e-001
<MEAN> 22
 8.167763e+000 1.178919e+001 3.011953e+000 2.887047e+000 9.816299e+001 8.890176e+001 9.534649e+001 8.262807e+001 7.187247e+001 6.371542e+001 1.645051e+002 1.477944e+002 1.135857e+002 1.159568e+002 5.023127e+000 4.116006e+000 5.893646e+000 5.588720e+000 5.119374e+000 4.276480e+000 2.641703e+000 2.531954e+000
<VARIANCE> 22
 6.333154e+002 1.149008e+003 4.523155e+002 2.866498e+002 2.154058e+004 1.333210e+004 1.445584e+003 9.567008e+002 2.277266e+002 1.255404e+002 4.415984e+003 3.610373e+003 9.421912e+002 2.524096e+002 7.565119e+000 1.277235e+000 2.566946e+000 3.734612e-001 2.257397e+000 6.008821e+000 6.070530e+000 5.123247e+000
<GCONST> 1.468142e+002
<MIXTURE> 2 1.992329e-001
<MEAN> 22
 0.000000e+000 0.000000e+000 0.000000e+000 0.000000e+000 5.315967e+002 4.080165e+002 0.000000e+000 0.000000e+000 0.000000e+000 0.000000e+000 0.000000e+000 0.000000e+000 0.000000e+000 0.000000e+000 0.000000e+000 0.000000e+000 0.000000e+000 0.000000e+000 0.000000e+000 0.000000e+000 0.000000e+000 0.000000e+000
<VARIANCE> 22
 4.801632e+000 4.063125e+000 3.300596e+000 2.164982e+000 3.309086e+003 2.711515e+003 9.838196e+000 1.115232e+001 2.936353e+000 3.516743e+000 3.745900e+001 4.440890e+001 4.184655e+000 3.870682e+000 6.504287e-002 1.793315e-002 2.326111e-002 1.170389e-002 2.082488e-002 5.618803e-002 6.153807e-002 6.060927e-002
<GCONST> 5.130989e+001
<STATE> 3
<NUMMIXES> 2
<MIXTURE> 1 5.510282e-001
<MEAN> 22
 1.490317e+000 1.347102e+001 5.380683e-001 3.374720e+000 7.500268e+000 8.680773e+001 9.888380e+001 7.365630e+001 6.051118e+001 6.675735e+001 1.991975e+002 1.162136e+002 1.183990e+002 1.099621e+002 6.998988e+000 3.777818e+000 6.092343e+000 5.395652e+000 6.000000e+000 3.891475e+000 1.729984e+000 3.477178e+000
<VARIANCE> 22
 9.387789e+000 1.707036e+002 3.300596e+000 1.446145e+001 6.891619e+001 3.403385e+003 2.772611e+002 9.354620e+002 6.636248e+001 1.598532e+002 5.475618e+002 2.608444e+003 2.003750e+002 1.712121e+002 6.504287e-002 1.105485e+000 8.381542e-002 4.279170e-001 2.082488e-002 6.653323e+000 5.658714e+000 5.052728e+000
<GCONST> 1.058104e+002
<MIXTURE> 2 4.489706e-001
<MEAN> 22
 7.759568e-001 2.662599e+000 3.954651e-001 1.128482e+000 1.131644e+001 1.117865e+002 8.550462e+001 6.690373e+001 5.520065e+001 6.122317e+001 1.779377e+002 6.689269e+001 1.070544e+002 9.783404e+001 6.896787e+000 2.763660e+000 6.065015e+000 5.182837e+000 5.940944e+000 1.259754e+000 1.209002e+000 2.840451e+000
<VARIANCE> 22
 4.801632e+000 9.403515e+000 3.300596e+000 2.164982e+000 7.602385e+002 9.045340e+002 1.625902e+002 4.349805e+002 4.398564e+001 6.772755e+001 4.051639e+002 6.005523e+002 6.361688e+001 9.722573e+001 5.825682e-001 2.663320e-001 1.005375e-001 3.194369e-001 1.628222e-001 9.599008e-001 4.410476e+000 6.121443e+000
<GCONST> 9.608687e+001
<STATE> 4
<NUMMIXES> 2
<MIXTURE> 1 5.523826e-001
<MEAN> 22
 8.249735e+000 3.832869e+000 2.447493e+000 1.302609e+000 7.401819e+001 1.359803e+001 8.266676e+001 9.768492e+001 6.976561e+001 5.622849e+001 1.366891e+002 1.969703e+002 1.137341e+002 1.169543e+002 3.955946e+000 5.000000e+000 6.512251e+000 5.909495e+000 4.643879e+000 5.996422e+000 3.291287e+000 2.576159e+000
<VARIANCE> 22
 9.947217e+001 3.439899e+001 9.664717e+000 3.415041e+000 3.063226e+003 2.039589e+002 7.090663e+002 2.571918e+002 2.325461e+002 6.280061e+001 3.807104e+003 4.238858e+002 2.322970e+002 1.245602e+002 9.204810e+000 1.793315e-002 2.537066e-001 8.231645e-002 2.691867e+000 5.618803e-002 6.225651e+000 6.381066e+000
<GCONST> 1.078058e+002
<MIXTURE> 2 4.476175e-001
<MEAN> 22
 4.772588e+000 5.742089e+000 1.358195e+000 1.969007e+000 6.111992e+001 6.641674e+001 6.122362e+001 5.759911e+001 6.747378e+001 5.670012e+001 9.476200e+001 9.891315e+001 1.020089e+002 9.977518e+001 2.258412e+000 3.149957e+000 5.917682e+000 5.424987e+000 3.951705e+000 2.802329e+000 2.657933e+000 2.743562e+000
<VARIANCE> 22
 5.530488e+001 8.786643e+001 3.908103e+000 1.090493e+001 2.715309e+003 2.721473e+003 1.208187e+003 1.000219e+003 1.435967e+002 5.514425e+001 2.212500e+003 1.600538e+003 1.187499e+002 1.442754e+002 4.893041e+000 1.441266e+000 3.254087e+000 3.951231e-001 1.841805e+000 7.151612e+000 6.213140e+000 6.257640e+000
<GCONST> 1.247436e+002
<TRANSP> 5
 0.000000e+000 1.000000e+000 0.000000e+000 0.000000e+000 0.000000e+000
 0.000000e+000 6.966413e-001 3.033587e-001 0.000000e+000 0.000000e+000
 0.000000e+000 0.000000e+000 9.484124e-001 5.158761e-002 0.000000e+000
 0.000000e+000 0.000000e+000 0.000000e+000 9.209918e-001 7.900815e-002
 0.000000e+000 0.000000e+000 0.000000e+000 0.000000e+000 0.000000e+000
<ENDHMM>
~h "OK"
<BEGINHMM>
<NUMSTATES> 5
<STATE> 2
<NUMMIXES> 2
<MIXTURE> 1 6.357761e-001
<MEAN> 22
 1.513897e+001 3.125499e+000 4.580875e+000 1.547161e+000 1.238006e+002 1.754443e+001 1.053974e+002 9.868629e+001 8.036843e+001 5.483452e+001 8.507622e+001 2.022780e+002 1.106529e+002 1.194210e+002 2.484940e+000 4.997715e+000 4.333762e+000 5.900842e+000 3.492373e+000 5.994470e+000 3.533739e+000 2.272517e+000
<VARIANCE> 22
 5.635162e+002 2.459734e+002 2.958217e+002 1.693996e+002 4.618872e+003 4.562245e+002 9.260167e+002 1.956287e+002 2.283297e+002 5.654243e+001 4.131506e+003 3.158477e+002 3.468380e+002 1.058567e+002 5.476195e+000 1.793315e-002 9.726562e+000 8.932710e-002 2.371175e+000 5.618803e-002 5.931400e+000 6.035942e+000
<GCONST> 1.229222e+002
<MIXTURE> 2 3.642237e-001
<MEAN> 22
 8.762305e+000 7.284104e+000 2.070409e+000 1.927340e+000 5.351338e+001 5.958852e+001 7.463548e+001 5.246986e+001 6.962986e+001 6.018288e+001 9.313913e+001 1.002495e+002 9.855374e+001 1.012139e+002 2.815623e+000 3.251012e+000 4.795814e+000 5.501477e+000 3.972283e+000 3.629371e+000 3.014594e+000 2.599175e+000
<VARIANCE> 22
 1.801648e+002 1.568519e+002 1.626339e+001 1.464714e+001 1.993935e+003 3.199531e+003 1.780648e+003 1.034215e+003 1.392259e+002 1.120826e+002 2.879347e+003 1.555306e+003 3.902299e+002 1.355636e+002 5.399150e+000 1.620495e+000 6.671151e+000 6.307638e-001 2.190762e+000 8.915578e+000 6.536523e+000 5.951236e+000
<GCONST> 1.323356e+002
<STATE> 3
<NUMMIXES> 2
<MIXTURE> 1 5.046427e-001
<MEAN> 22
 2.109491e+000 1.884156e+001 7.340174e-001 3.995952e+000 1.082926e+001 9.331704e+001 1.018711e+002 9.043836e+001 6.195819e+001 7.380645e+001 2.041737e+002 1.248475e+002 1.213306e+002 1.139118e+002 6.998249e+000 3.873060e+000 6.118011e+000 5.187641e+000 5.999105e+000 4.120945e+000 2.108933e+000 3.713487e+000
<VARIANCE> 22
 1.791880e+001 3.843766e+002 3.300596e+000 2.019801e+001 2.170524e+002 5.500328e+003 3.621860e+002 1.221341e+003 8.321059e+001 2.826324e+002 6.971281e+002 3.601739e+003 2.470909e+002 1.974281e+002 6.504287e-002 1.231850e+000 1.047822e-001 6.197724e-001 2.082488e-002 5.899136e+000 6.354826e+000 5.389385e+000
<GCONST> 1.122382e+002
<MIXTURE> 2 4.953563e-001
<MEAN> 22
 1.011583e+000 6.851421e+000 6.398443e-001 2.186092e+000 7.968006e+000 1.450387e+002 8.475944e+001 9.707899e+001 5.255824e+001 6.830555e+001 1.812285e+002 4.653235e+001 1.087974e+002 9.707804e+001 6.938906e+000 2.454998e+000 6.015811e+000 4.522986e+000 5.978470e+000 1.529462e+000 1.597005e+000 3.160489e+000
<VARIANCE> 22
 4.801632e+000 7.831676e+001 3.300596e+000 7.157316e+000 3.717426e+002 1.118031e+003 9.213037e+001 5.011169e+002 3.798398e+001 8.422658e+001 2.272010e+002 3.279374e+002 5.148190e+001 8.302564e+001 3.531339e-001 2.850271e-001 4.547612e-002 4.391190e-001 6.444317e-002 4.307904e-001 5.449912e+000 5.872358e+000
<GCONST> 9.452465e+001
<STATE> 4
<NUMMIXES> 2
<MIXTURE> 1 8.726737e-001
<MEAN> 22
 6.861901e+000 4.530046e+000 2.048232e+000 1.516101e+000 4.677388e+001 2.592070e+001 9.036382e+001 9.036903e+001 6.228787e+001 5.415340e+001 1.664216e+002 1.883731e+002 1.115130e+002 1.131258e+002 5.713106e+000 5.000708e+000 6.285567e+000 5.891684e+000 5.362062e+000 6.000467e+000 2.985054e+000 2.829005e+000
<VARIANCE> 22
 9.852074e+001 5.260342e+001 7.729506e+000 4.559958e+000 2.608115e+003 1.107691e+003 4.055328e+002 1.681740e+002 9.106334e+001 6.118542e+001 2.926747e+003 2.773860e+002 1.588623e+002 8.570076e+001 6.182425e+000 1.793315e-002 2.040218e-001 9.658431e-002 2.072498e+000 5.618803e-002 5.989200e+000 6.409947e+000
<GCONST> 1.056780e+002
<MIXTURE> 2 1.273251e-001
<MEAN> 22
 2.981953e+000 2.631591e+000 1.223477e+000 8.327224e-001 2.724005e+002 1.886008e+002 5.611933e+001 3.511105e+001 3.762923e+001 3.074254e+001 3.843851e+001 8.277265e+001 5.279498e+001 5.816699e+001 1.394371e+000 2.538439e+000 1.088053e+000 3.307946e+000 1.707862e+000 3.185211e+000 1.599782e+000 1.570343e+000
<VARIANCE> 22
 3.643620e+001 4.956141e+001 7.152957e+000 5.269766e+000 4.505191e+004 3.388470e+004 3.007024e+003 1.276119e+003 1.124724e+003 7.619130e+002 2.982134e+003 5.926778e+003 2.245649e+003 2.595577e+003 3.594834e+000 5.451225e+000 5.148698e+000 8.373401e+000 3.431307e+000 9.514290e+000 4.985734e+000 5.142265e+000
<GCONST> 1.472642e+002
<TRANSP> 5
 0.000000e+000 1.000000e+000 0.000000e+000 0.000000e+000 0.000000e+000
 0.000000e+000 8.906095e-001 1.093905e-001 0.000000e+000 0.000000e+000
 0.000000e+000 0.000000e+000 9.334891e-001 6.651089e-002 0.000000e+000
 0.000000e+000 0.000000e+000 0.000000e+000 8.460844e-001 1.539157e-001
 0.000000e+000 0.000000e+000 0.000000e+000 0.000000e+000 0.000000e+000
<ENDHMM>
~h "PF"
<BEGINHMM>
<NUMSTATES> 5
<STATE> 2
<NUMMIXES> 2
<MIXTURE> 1 3.119598e-001
<MEAN> 22
 1.128211e+001 1.372168e+001 7.587075e+000 7.554451e+000 1.740968e+002 1.421985e+002 9.988766e+001 9.063417e+001 6.307943e+001 6.263014e+001 1.972331e+002 1.850820e+002 1.148470e+002 1.158804e+002 6.985260e+000 4.945570e+000 6.154748e+000 5.806848e+000 5.978681e+000 6.023121e+000 2.547963e+000 2.460444e+000
<VARIANCE> 22
 3.135756e+003 2.539336e+003 2.718261e+003 1.805858e+003 5.297728e+004 3.255432e+004 3.223515e+002 6.432376e+002 4.866231e+001 1.122408e+002 5.495244e+002 1.046328e+003 1.195807e+002 1.493382e+002 7.074384e-002 1.655084e-001 1.308010e-001 1.895778e-001 6.508544e-002 3.422605e-001 6.484740e+000 5.697268e+000
<GCONST> 1.285592e+002
<MIXTURE> 2 6.880403e-001
<MEAN> 22
 7.432598e+000 1.046208e+001 2.211486e+000 2.859103e+000 1.100118e+002 1.623979e+002 8.253250e+001 1.176188e+002 7.208833e+001 7.701759e+001 1.299125e+002 8.099277e+001 9.944865e+001 9.319389e+001 3.340553e+000 2.662987e+000 5.303952e+000 4.129747e+000 4.695116e+000 2.250736e+000 2.469703e+000 2.854978e+000
<VARIANCE> 22
 1.905033e+002 2.602700e+002 3.244988e+001 1.606178e+001 2.050611e+004 9.842398e+003 2.002649e+003 3.225146e+003 5.926691e+002 8.156422e+002 5.240928e+003 3.962330e+003 1.165253e+003 7.181214e+002 9.160217e+000 1.586900e+000 5.215709e+000 2.469152e+000 2.923778e+000 3.965605e+000 6.118110e+000 5.054995e+000
<GCONST> 1.469939e+002
<STATE> 3
<NUMMIXES> 2
<MIXTURE> 1 3.962935e-001
<MEAN> 22
 2.319152e+000 2.230647e+001 9.325041e-001 4.786940e+000 1.089019e+001 6.264110e+001 9.368398e+001 8.788668e+001 5.888864e+001 6.678851e+001 1.928360e+002 1.480815e+002 1.150673e+002 1.098833e+002 6.995062e+000 4.238963e+000 6.037250e+000 5.415044e+000 5.999095e+000 4.781465e+000 2.298731e+000 3.797786e+000
<VARIANCE> 22
 1.367068e+001 4.307188e+002 3.300596e+000 2.543550e+001 1.452923e+002 2.484262e+003 2.059963e+002 6.425105e+002 4.354624e+001 1.965612e+002 3.815988e+002 3.056122e+003 1.190370e+002 1.503200e+002 6.504287e-002 9.661385e-001 3.586242e-002 3.480494e-001 2.082488e-002 4.288032e+000 6.197669e+000 5.547300e+000
<GCONST> 1.049213e+002
<MIXTURE> 2 6.037063e-001
<MEAN> 22
 1.218338e+000 8.671778e+000 5.844523e-001 3.360821e+000 1.058073e+001 1.913948e+002 9.253114e+001 1.386893e+002 5.800698e+001 8.623335e+001 1.877661e+002 5.579417e+001 1.130056e+002 9.092131e+001 6.917827e+000 2.411667e+000 6.060855e+000 3.486774e+000 5.953863e+000 1.717004e+000 1.659640e+000 3.283328e+000
<VARIANCE> 22
 5.884511e+000 1.029733e+002 3.300596e+000 1.715041e+001 7.024658e+002 1.595714e+003 2.732172e+002 6.902645e+002 7.177028e+001 2.583517e+002 6.969352e+002 9.557103e+002 1.318654e+002 2.058785e+002 4.240175e-001 3.186732e-001 2.991385e-001 5.323653e-001 1.339464e-001 4.999088e-001 5.780407e+000 4.361079e+000
<GCONST> 1.070839e+002
<STATE> 4
<NUMMIXES> 2
<MIXTURE> 1 7.551309e-001
<MEAN> 22
 1.194858e+001 1.637278e+000 3.563900e+000 7.790969e-001 1.349475e+002 1.995887e+001 1.310464e+002 9.921496e+001 8.374266e+001 5.656849e+001 1.102348e+002 1.987653e+002 1.041407e+002 1.180588e+002 2.793570e+000 5.000000e+000 3.140627e+000 5.815219e+000 3.386446e+000 5.999048e+000 3.393474e+000 2.302445e+000
<VARIANCE> 22
 2.241552e+002 5.933432e+000 2.301258e+001 2.164982e+000 6.490100e+003 7.401078e+002 1.705649e+003 2.125459e+002 4.305631e+002 6.987490e+001 4.527472e+003 3.995936e+002 4.133396e+002 1.302351e+002 6.522599e+000 1.793315e-002 8.509492e+000 1.506333e-001 3.690241e+000 5.618803e-002 6.882157e+000 6.099111e+000
<GCONST> 1.156003e+002
<MIXTURE> 2 2.448691e-001
<MEAN> 22
 6.896434e+000 7.286831e+000 2.585314e+000 2.365514e+000 5.741553e+001 2.779050e+001 8.477230e+001 4.679590e+001 7.757477e+001 5.801651e+001 9.274660e+001 1.168154e+002 9.861279e+001 1.032061e+002 2.797526e+000 3.470050e+000 4.239294e+000 5.629783e+000 3.731667e+000 3.472782e+000 2.758536e+000 2.785632e+000
<VARIANCE> 22
 1.381108e+002 1.330870e+002 2.267420e+001 1.276545e+001 2.164104e+003 7.481282e+002 3.311983e+003 7.926406e+002 3.723643e+002 6.738197e+001 2.518362e+003 1.162612e+003 2.628117e+002 8.362596e+001 4.847594e+000 2.050516e+000 6.503634e+000 2.934876e-001 1.766202e+000 9.531088e+000 6.567968e+000 6.317886e+000
<GCONST> 1.295082e+002
<TRANSP> 5
 0.000000e+000 1.000000e+000 0.000000e+000 0.000000e+000 0.000000e+000
 0.000000e+000 6.702682e-001 3.297318e-001 0.000000e+000 0.000000e+000
 0.000000e+000 0.000000e+000 9.550405e-001 4.495955e-002 0.000000e+000
 0.000000e+000 0.000000e+000 0.000000e+000 9.158387e-001 8.416129e-002
 0.000000e+000 0.000000e+000 0.000000e+000 0.000000e+000 0.000000e+000
<ENDHMM>
~h "PR"
<BEGINHMM>
<NUMSTATES> 5
<STATE> 2
<NUMMIXES> 2
<MIXTURE> 1 7.684907e-001
<MEAN> 22
 9.880621e+000 1.181788e+001 4.616024e+000 5.019492e+000 3.419114e+001 6.524515e+001 8.609618e+001 9.369619e+001 7.365935e+001 6.603352e+001 1.694848e+002 1.444178e+002 1.108399e+002 1.110550e+002 4.844439e+000 4.101702e+000 6.406274e+000 5.304406e+000 5.666785e+000 4.501785e+000 2.484174e+000 3.030998e+000
<VARIANCE> 22
 1.397761e+003 1.066815e+003 1.067077e+003 6.933130e+002 1.267100e+003 3.452891e+003 1.315561e+003 1.069839e+003 3.106984e+002 2.214662e+002 3.132648e+003 2.347161e+003 8.684622e+002 2.912993e+002 9.395191e+000 1.001698e+000 3.017053e-001 4.935157e-001 9.430184e-001 3.748248e+000 6.150943e+000 5.834492e+000
<GCONST> 1.421824e+002
<MIXTURE> 2 2.315085e-001
<MEAN> 22
 3.475348e+000 2.028893e+000 1.242810e+000 7.455595e-001 3.521634e+002 2.449920e+002 5.552903e+001 4.130584e+001 3.503802e+001 2.878871e+001 5.537282e+001 7.779637e+001 4.968594e+001 5.345443e+001 1.320509e+000 2.073453e+000 1.603024e+000 2.668118e+000 1.478398e+000 2.277770e+000 1.194476e+000 1.128805e+000
<VARIANCE> 22
 6.043990e+001 2.561316e+001 7.792384e+000 3.840096e+000 2.852614e+004 2.766276e+004 3.715750e+003 2.257389e+003 1.404371e+003 9.504923e+002 5.348348e+003 7.900956e+003 2.763302e+003 3.156127e+003 5.474481e+000 5.244920e+000 7.511828e+000 7.861556e+000 4.278842e+000 8.259835e+000 3.750494e+000 4.012627e+000
<GCONST> 1.489625e+002
<STATE> 3
<NUMMIXES> 2
<MIXTURE> 1 6.942200e-001
<MEAN> 22
 1.395432e+000 1.225746e+001 6.170555e-001 3.880869e+000 8.060416e+000 8.811546e+001 9.715530e+001 8.563647e+001 5.995539e+001 6.688373e+001 1.950155e+002 1.197042e+002 1.157491e+002 1.064399e+002 6.999426e+000 3.754553e+000 6.079533e+000 5.126036e+000 5.999804e+000 3.940846e+000 1.916454e+000 3.773206e+000
<VARIANCE> 22
 6.651337e+000 1.693325e+002 3.300596e+000 2.237383e+001 7.621773e+001 2.615595e+003 2.652230e+002 8.231104e+002 6.289748e+001 1.762914e+002 5.134051e+002 1.904705e+003 1.721825e+002 2.327159e+002 6.504287e-002 7.713859e-001 7.320834e-002 3.893531e-001 2.082488e-002 4.190422e+000 6.118689e+000 5.907394e+000
<GCONST> 1.045624e+002
<MIXTURE> 2 3.057803e-001
<MEAN> 22
 8.688908e-001 3.652647e+000 3.939154e-001 1.633683e+000 1.389540e+001 1.145242e+002 8.198047e+001 8.667284e+001 5.488546e+001 5.873860e+001 1.718292e+002 7.218244e+001 1.054841e+002 9.383751e+001 6.776516e+000 2.936565e+000 6.092078e+000 4.888278e+000 5.894840e+000 2.122866e+000 1.181331e+000 3.198016e+000
<VARIANCE> 22
 4.801632e+000 1.925700e+001 3.300596e+000 3.982387e+000 9.409113e+002 1.254320e+003 1.086735e+002 4.107814e+002 5.432526e+001 8.376537e+001 4.188306e+002 9.881492e+002 5.842208e+001 1.162910e+002 1.276444e+000 3.095150e-001 1.200155e-001 2.818323e-001 3.588399e-001 1.181166e+000 4.246396e+000 7.151833e+000
<GCONST> 1.006436e+002
<STATE> 4
<NUMMIXES> 2
<MIXTURE> 1 7.158100e-001
<MEAN> 22
 8.772758e+000 2.365534e+000 2.565145e+000 1.053488e+000 7.088691e+001 1.582018e+001 8.409888e+001 9.598505e+001 6.945971e+001 5.550399e+001 1.269092e+002 1.949341e+002 1.094397e+002 1.155591e+002 3.229991e+000 5.000312e+000 6.606440e+000 5.845926e+000 4.221723e+000 5.997798e+000 3.552407e+000 2.272741e+000
<VARIANCE> 22
 1.146409e+002 1.438197e+001 1.109277e+001 2.403804e+000 2.566247e+003 2.802371e+002 6.127040e+002 1.941228e+002 2.217128e+002 6.230127e+001 3.557295e+003 3.479173e+002 2.327081e+002 1.062390e+002 9.075698e+000 1.793315e-002 2.395164e-001 1.303305e-001 3.803227e+000 5.618803e-002 5.844725e+000 6.045686e+000
<GCONST> 1.067136e+002
<MIXTURE> 2 2.841899e-001
<MEAN> 22
 9.856842e+000 4.528329e+000 2.530094e+000 1.293700e+000 5.552479e+001 2.986563e+001 7.958605e+001 5.256898e+001 7.590609e+001 5.934835e+001 9.149617e+001 1.264689e+002 1.036792e+002 1.007842e+002 1.762669e+000 3.714511e+000 5.193569e+000 5.639427e+000 3.209535e+000 4.538021e+000 2.673209e+000 2.375487e+000
<VARIANCE> 22
 1.828591e+002 6.851785e+001 1.293930e+001 6.318762e+000 2.067358e+003 9.166168e+002 1.814867e+003 1.044500e+003 1.429826e+002 5.490711e+001 1.116943e+003 1.311963e+003 1.189546e+002 9.722897e+001 3.787534e+000 1.183022e+000 7.364990e+000 2.842136e-001 2.218754e+000 7.609151e+000 5.877936e+000 6.213664e+000
<GCONST> 1.243672e+002
<TRANSP> 5
 0.000000e+000 1.000000e+000 0.000000e+000 0.000000e+000 0.000000e+000
 0.000000e+000 6.754602e-001 3.245398e-001 0.000000e+000 0.000000e+000
 0.000000e+000 0.000000e+000 9.500227e-001 4.997731e-002 0.000000e+000
 0.000000e+000 0.000000e+000 0.000000e+000 9.154698e-001 8.453026e-002
 0.000000e+000 0.000000e+000 0.000000e+000 0.000000e+000 0.000000e+000
<ENDHMM>
~h "SP"
<BEGINHMM>
<NUMSTATES> 5
<STATE> 2
<NUMMIXES> 2
<MIXTURE> 1 7.313989e-001
<MEAN> 22
 1.190233e+001 1.616839e+001 6.979778e+000 7.840319e+000 4.687196e+001 1.133765e+002 9.851055e+001 1.132431e+002 7.363828e+001 8.422953e+001 1.697766e+002 1.153377e+002 1.162801e+002 1.094525e+002 5.044473e+000 3.494390e+000 5.944761e+000 4.622535e+000 5.458324e+000 3.415223e+000 2.481650e+000 2.601341e+000
<VARIANCE> 22
 3.021691e+003 2.050127e+003 2.459477e+003 1.482366e+003 3.489194e+003 1.003288e+004 1.656857e+003 2.036672e+003 3.410215e+002 1.129033e+003 4.724631e+003 3.909192e+003 6.624589e+002 3.137826e+002 8.216725e+000 1.701670e+000 2.556287e+000 1.607263e+000 1.352348e+000 5.830013e+000 5.920043e+000 4.645023e+000
<GCONST> 1.548516e+002
<MIXTURE> 2 2.686007e-001
<MEAN> 22
 3.428186e-001 5.685480e-001 2.827524e-001 5.441240e-001 3.348362e+002 2.988422e+002 2.502470e+001 5.483260e+001 3.661993e+001 4.045274e+001 4.727269e+001 2.438450e+001 3.795684e+001 3.525692e+001 1.491726e-003 9.809215e-001 2.679149e+000 1.218805e+000 2.271410e+000 4.564554e-001 6.032192e-001 1.175960e+000
<VARIANCE> 22
 4.801632e+000 4.063125e+000 3.300596e+000 2.164982e+000 6.199039e+004 1.761781e+004 1.158448e+003 4.761208e+003 2.154495e+003 2.650082e+003 3.589121e+003 9.673071e+002 2.270311e+003 1.960280e+003 6.504287e-002 1.593564e+000 1.120916e+001 2.359202e+000 8.093643e+000 3.784123e-001 2.436953e+000 4.779924e+000
<GCONST> 1.322144e+002
<STATE> 3
<NUMMIXES> 2
<MIXTURE> 1 5.076031e-001
<MEAN> 22
 1.570763e+000 1.907034e+001 6.194931e-001 5.327386e+000 9.228055e+000 1.292096e+002 1.009018e+002 1.125459e+002 6.292355e+001 8.070805e+001 2.002416e+002 1.055027e+002 1.192748e+002 1.053003e+002 6.999098e+000 3.377379e+000 6.137894e+000 4.503174e+000 5.998779e+000 3.358878e+000 2.021095e+000 3.647440e+000
<VARIANCE> 22
 7.944170e+000 3.715422e+002 3.300596e+000 3.793509e+001 1.219270e+002 7.852747e+003 3.488737e+002 1.783286e+003 7.858750e+001 5.802385e+002 5.915013e+002 3.370596e+003 1.927879e+002 2.086554e+002 6.504287e-002 1.451067e+000 1.188808e-001 1.242944e+000 2.082488e-002 5.014514e+000 6.169119e+000 5.473330e+000
<GCONST> 1.131894e+002
<MIXTURE> 2 4.923967e-001
<MEAN> 22
 1.122673e+000 4.102741e+000 4.641999e-001 2.159932e+000 1.089920e+001 1.839058e+002 8.761465e+001 1.342245e+002 5.735558e+001 8.721500e+001 1.765898e+002 4.678836e+001 1.064105e+002 8.564262e+001 6.883183e+000 2.115244e+000 6.012523e+000 3.207962e+000 5.942179e+000 1.494049e+000 1.357055e+000 2.508651e+000
<VARIANCE> 22
 7.553936e+000 3.259148e+001 3.300596e+000 9.484197e+000 7.447869e+002 1.378491e+003 2.067550e+002 3.464138e+002 6.981384e+001 3.502141e+002 4.701997e+002 4.979012e+002 6.396063e+001 1.378636e+002 6.232223e-001 1.878178e-001 4.065112e-001 3.094326e-001 2.365217e-001 5.661569e-001 4.833746e+000 5.963181e+000
<GCONST> 1.030890e+002
<STATE> 4
<NUMMIXES> 2
<MIXTURE> 1 7.343875e-001
<MEAN> 22
 1.249001e+001 1.476918e+000 4.092086e+000 6.382150e-001 1.489415e+002 1.429333e+001 1.271110e+002 9.709637e+001 9.201420e+001 5.694731e+001 8.969487e+001 1.947615e+002 9.514248e+001 1.157213e+002 2.652416e+000 5.000000e+000 2.975031e+000 5.830672e+000 3.554484e+000 5.989784e+000 3.379633e+000 1.948615e+000
<VARIANCE> 22
 3.210697e+002 7.004503e+000 5.172722e+001 2.164982e+000 6.703701e+003 6.440201e+002 1.412068e+003 1.910249e+002 5.025385e+002 5.246199e+001 3.491793e+003 3.379800e+002 4.234773e+002 1.094097e+002 5.014160e+000 1.793315e-002 7.752855e+000 1.406543e-001 2.782117e+000 5.618803e-002 6.271029e+000 5.830500e+000
<GCONST> 1.149788e+002
<MIXTURE> 2 2.656129e-001
<MEAN> 22
 7.558336e+000 6.060335e+000 2.720313e+000 2.199964e+000 6.990240e+001 2.841857e+001 1.014267e+002 4.642990e+001 8.680871e+001 5.933998e+001 8.804511e+001 1.131727e+002 9.671747e+001 1.028751e+002 2.759731e+000 3.457870e+000 3.747535e+000 5.644749e+000 3.740569e+000 3.062145e+000 3.016009e+000 2.559062e+000
<VARIANCE> 22
 1.170467e+002 1.322087e+002 1.882890e+001 1.192344e+001 2.477696e+003 9.610073e+002 2.886826e+003 6.912507e+002 6.938626e+002 6.345288e+001 2.561485e+003 1.283543e+003 2.458068e+002 1.012081e+002 4.544886e+000 1.520702e+000 6.903153e+000 3.342990e-001 1.508497e+000 9.710476e+000 6.605814e+000 6.716891e+000
<GCONST> 1.297500e+002
<TRANSP> 5
 0.000000e+000 1.000000e+000 0.000000e+000 0.000000e+000 0.000000e+000
 0.000000e+000 6.382811e-001 3.617189e-001 0.000000e+000 0.000000e+000
 0.000000e+000 0.000000e+000 9.581407e-001 4.185930e-002 0.000000e+000
 0.000000e+000 0.000000e+000 0.000000e+000 9.242356e-001 7.576442e-002
 0.000000e+000 0.000000e+000 0.000000e+000 0.000000e+000 0.000000e+000
<ENDHMM>
~h "ST"
<BEGINHMM>
<NUMSTATES> 5
<STATE> 2
<NUMMIXES> 2
<MIXTURE> 1 1.780246e-001
<MEAN> 22
 1.650946e+001 2.602683e+001 1.151088e+001 8.842200e+000 1.901496e+002 2.084977e+002 1.265260e+002 9.087922e+001 7.864810e+001 8.070045e+001 2.193810e+002 1.240999e+002 1.341736e+002 1.229129e+002 6.211229e+000 3.329701e+000 6.658745e+000 5.820729e+000 5.673979e+000 3.137551e+000 2.400157e+000 2.956656e+000
<VARIANCE> 22
 3.304356e+003 3.375487e+003 2.964096e+003 1.785121e+003 5.620857e+004 2.304029e+004 1.786438e+003 8.482397e+002 2.522530e+002 2.714662e+002 5.631613e+003 5.601956e+003 1.266875e+003 3.747577e+002 3.676746e+000 2.531443e+000 3.111159e-001 5.574206e-001 6.047437e-001 7.564655e+000 6.836262e+000 6.208143e+000
<GCONST> 1.545744e+002
<MIXTURE> 2 8.219745e-001
<MEAN> 22
 4.853743e+000 7.498341e+000 1.142161e+000 2.102189e+000 7.010541e+001 8.829408e+001 7.562773e+001 7.717024e+001 6.756511e+001 7.194032e+001 1.417336e+002 1.062759e+002 1.051486e+002 1.066051e+002 4.309007e+000 3.242678e+000 5.904012e+000 5.474349e+000 4.863039e+000 2.889395e+000 2.719973e+000 2.705342e+000
<VARIANCE> 22
 6.591350e+001 1.075619e+002 3.300596e+000 7.866868e+000 1.125906e+004 6.502185e+003 1.100800e+003 1.069411e+003 3.689105e+002 5.661219e+002 3.253382e+003 4.735240e+003 7.964923e+002 6.340966e+002 9.014499e+000 2.367152e+000 2.150885e+000 1.445211e+000 2.977856e+000 7.461503e+000 6.403184e+000 5.725812e+000
<GCONST> 1.374734e+002
<STATE> 3
<NUMMIXES> 2
<MIXTURE> 1 4.673475e-001
<MEAN> 22
 2.162024e+000 1.521708e+001 7.740389e-001 3.395101e+000 1.559632e+001 9.261208e+001 9.884637e+001 7.324046e+001 6.244526e+001 7.909283e+001 1.986841e+002 1.075263e+002 1.190567e+002 1.121951e+002 6.924294e+000 3.523886e+000 6.166850e+000 5.698398e+000 5.969557e+000 3.511707e+000 1.885029e+000 3.306179e+000
<VARIANCE> 22
 1.602649e+001 2.146219e+002 3.300596e+000 1.489894e+001 7.261943e+002 4.092654e+003 3.221772e+002 8.076785e+002 7.259415e+001 4.698687e+002 7.585345e+002 3.964905e+003 1.883395e+002 1.425018e+002 3.754769e-001 1.921001e+000 1.508774e-001 4.477963e-001 7.059120e-002 8.523146e+000 5.613554e+000 5.398354e+000
<GCONST> 1.152792e+002
<MIXTURE> 2 5.326529e-001
<MEAN> 22
 7.274044e-001 7.174718e+000 3.362000e-001 1.230249e+000 5.629379e+000 1.306660e+002 8.679775e+001 6.351180e+001 5.556535e+001 8.036791e+001 1.829863e+002 4.833524e+001 1.098184e+002 9.965304e+001 6.999990e+000 2.052282e+000 6.000034e+000 5.955744e+000 6.000000e+000 3.758374e-001 1.238516e+000 2.768133e+000
<VARIANCE> 22
 4.801632e+000 8.166285e+001 3.300596e+000 2.164982e+000 4.956259e+001 7.122888e+002 8.560427e+001 4.141619e+002 2.515051e+001 1.727280e+002 1.675341e+002 3.411674e+002 4.726525e+001 5.967593e+001 6.504287e-002 8.742953e-002 2.326111e-002 2.714356e-001 2.082488e-002 2.364685e-001 4.531502e+000 6.002644e+000
<GCONST> 8.434901e+001
<STATE> 4
<NUMMIXES> 2
<MIXTURE> 1 7.849535e-001
<MEAN> 22
 1.021691e+001 1.771551e+000 2.316998e+000 6.931028e-001 9.784157e+001 1.839043e+001 7.801683e+001 9.841182e+001 8.257211e+001 5.706007e+001 9.717606e+001 1.987657e+002 1.102710e+002 1.182636e+002 3.262891e+000 5.000000e+000 6.204830e+000 5.905424e+000 4.305688e+000 5.994771e+000 3.253453e+000 2.039167e+000
<VARIANCE> 22
 1.426257e+002 8.383037e+000 9.534780e+000 2.164982e+000 3.864988e+003 7.050866e+002 6.585826e+002 1.897165e+002 3.809828e+002 5.001303e+001 4.870105e+003 3.647689e+002 2.716523e+002 1.239558e+002 6.222357e+000 1.793315e-002 2.985164e-001 8.563487e-002 1.602115e+000 5.618803e-002 6.114736e+000 5.865258e+000
<GCONST> 1.070828e+002
<MIXTURE> 2 2.150465e-001
<MEAN> 22
 7.661353e+000 6.838949e+000 1.569820e+000 2.433691e+000 5.411206e+001 3.040728e+001 7.010683e+001 5.266557e+001 7.630443e+001 5.983633e+001 8.617592e+001 1.322576e+002 1.035638e+002 1.051162e+002 2.668936e+000 4.118312e+000 5.372941e+000 5.782145e+000 4.061883e+000 5.306788e+000 2.770355e+000 2.610229e+000
<VARIANCE> 22
 8.695774e+001 1.162254e+002 4.827815e+000 1.394044e+001 3.441906e+003 1.133517e+003 1.140293e+003 9.499283e+002 3.354803e+002 7.161306e+001 3.783340e+003 1.793418e+003 1.438368e+002 1.173566e+002 5.494943e+000 1.123367e+000 4.134470e+000 2.388183e-001 1.490253e+000 5.971417e+000 5.952883e+000 6.201752e+000
<GCONST> 1.260888e+002
<TRANSP> 5
 0.000000e+000 1.000000e+000 0.000000e+000 0.000000e+000 0.000000e+000
 0.000000e+000 7.041451e-001 2.958549e-001 0.000000e+000 0.000000e+000
 0.000000e+000 0.000000e+000 9.566684e-001 4.333154e-002 0.000000e+000
 0.000000e+000 0.000000e+000 0.000000e+000 9.211735e-001 7.882647e-002
 0.000000e+000 0.000000e+000 0.000000e+000 0.000000e+000 0.000000e+000
<ENDHMM>
~h "TT"
<BEGINHMM>
<NUMSTATES> 5
<STATE> 2
<NUMMIXES> 2
<MIXTURE> 1 4.667716e-001
<MEAN> 22
 2.052581e+001 5.345196e+000 8.460725e+000 3.247315e+000 2.231483e+002 8.484097e+000 1.716060e+002 1.042941e+002 1.223496e+002 6.051955e+001 9.734107e+001 2.016732e+002 1.044019e+002 1.191190e+002 1.354809e+000 4.997221e+000 1.321917e+000 5.916019e+000 2.385018e+000 5.990799e+000 3.715504e+000 2.301415e+000
<VARIANCE> 22
 1.910092e+003 1.165818e+003 1.346196e+003 8.622249e+002 2.763271e+003 1.330184e+002 1.366796e+003 2.671653e+002 5.359089e+002 1.102856e+002 9.350814e+002 3.886237e+002 3.194438e+002 1.363578e+002 4.757538e-001 1.793315e-002 3.203856e+000 7.692802e-002 8.665990e-001 5.618803e-002 5.672780e+000 6.435153e+000
<GCONST> 1.235196e+002
<MIXTURE> 2 5.332277e-001
<MEAN> 22
 8.482158e+000 1.204712e+001 2.709996e+000 3.855096e+000 4.481234e+001 1.175479e+002 9.226556e+001 1.217517e+002 7.433508e+001 8.924642e+001 1.788015e+002 1.367157e+002 1.165772e+002 1.110939e+002 5.297848e+000 3.674589e+000 6.368227e+000 4.653137e+000 5.697364e+000 3.744211e+000 2.973445e+000 2.849675e+000
<VARIANCE> 22
 1.648395e+002 3.056469e+002 2.168810e+001 3.303117e+001 2.517587e+003 1.120037e+004 1.984384e+003 2.943252e+003 2.986479e+002 1.251709e+003 3.127497e+003 2.941978e+003 5.714829e+002 2.627245e+002 8.074988e+000 1.646185e+000 4.746312e-001 1.810708e+000 5.891173e-001 5.532643e+000 6.800338e+000 5.180729e+000
<GCONST> 1.385349e+002
<STATE> 3
<NUMMIXES> 2
<MIXTURE> 1 4.604099e-001
<MEAN> 22
 2.128367e+000 2.553699e+001 8.432382e-001 7.614666e+000 1.035323e+001 9.740482e+001 9.710011e+001 1.146997e+002 6.064091e+001 8.146101e+001 1.956652e+002 1.456130e+002 1.172427e+002 1.096131e+002 6.994338e+000 3.978216e+000 6.087249e+000 4.887873e+000 5.998226e+000 4.373228e+000 2.214853e+000 3.855719e+000
<VARIANCE> 22
 1.330668e+001 5.070977e+002 3.300596e+000 7.166859e+001 1.425238e+002 6.961843e+003 3.169078e+002 1.926943e+003 8.165724e+001 8.783963e+002 5.654605e+002 2.454831e+003 1.721568e+002 2.292516e+002 6.504287e-002 9.475588e-001 7.963642e-002 8.204305e-001 2.082488e-002 3.565764e+000 5.944039e+000 5.018151e+000
<GCONST> 1.130342e+002
<MIXTURE> 2 5.395905e-001
<MEAN> 22
 1.579915e+000 9.398798e+000 6.897753e-001 3.877600e+000 1.010501e+001 2.245534e+002 9.211801e+001 1.740228e+002 5.726927e+001 1.250490e+002 1.871243e+002 8.546659e+001 1.120896e+002 9.138905e+001 6.962502e+000 2.369083e+000 6.075442e+000 3.072306e+000 5.989702e+000 1.584752e+000 1.785063e+000 3.528461e+000
<VARIANCE> 22
 1.132009e+001 7.709702e+001 3.300596e+000 2.355396e+001 3.334276e+002 1.074169e+003 2.240730e+002 5.575312e+002 8.241473e+001 4.028992e+002 3.974484e+002 4.580036e+002 1.184475e+002 2.794706e+002 2.040340e-001 2.532792e-001 1.176309e-001 1.294769e-001 3.990661e-002 3.204336e-001 5.692308e+000 5.760628e+000
<GCONST> 1.009960e+002
<STATE> 4
<NUMMIXES> 2
<MIXTURE> 1 7.430655e-001
<MEAN> 22
 1.502142e+001 2.163675e+000 5.167871e+000 1.029540e+000 1.387189e+002 2.682881e+001 1.381872e+002 9.708569e+001 9.704842e+001 5.605053e+001 1.215131e+002 1.944056e+002 1.023711e+002 1.158345e+002 2.790854e+000 5.000010e+000 3.317818e+000 5.827162e+000 3.589565e+000 5.987978e+000 3.346501e+000 2.352039e+000
<VARIANCE> 22
 3.604858e+002 1.098065e+001 6.044444e+001 2.164982e+000 8.290128e+003 9.201018e+002 2.290120e+003 2.439370e+002 1.037374e+003 5.219015e+001 3.011403e+003 4.246692e+002 3.861022e+002 1.336137e+002 6.788719e+000 1.793315e-002 8.532135e+000 1.429601e-001 3.761714e+000 5.618803e-002 5.508570e+000 6.229439e+000
<GCONST> 1.185577e+002
<MIXTURE> 2 2.569352e-001
<MEAN> 22
 1.035656e+001 6.213021e+000 4.176460e+000 2.475631e+000 1.314648e+002 6.653721e+001 9.043864e+001 3.706612e+001 8.727119e+001 5.286990e+001 9.029887e+001 1.019803e+002 8.678085e+001 9.182632e+001 2.038569e+000 3.037102e+000 3.639705e+000 5.178808e+000 3.363816e+000 2.663976e+000 2.762531e+000 2.186898e+000
<VARIANCE> 22
 2.542627e+002 1.205595e+002 4.638054e+001 2.301675e+001 1.899492e+004 1.429730e+004 5.237324e+003 1.056543e+003 2.175079e+003 4.340518e+002 2.286024e+003 2.399799e+003 1.146299e+003 1.122118e+003 4.183746e+000 3.046165e+000 7.408445e+000 3.524082e+000 2.885010e+000 1.021899e+001 6.340349e+000 6.000093e+000
<GCONST> 1.488558e+002
<TRANSP> 5
 0.000000e+000 1.000000e+000 0.000000e+000 0.000000e+000 0.000000e+000
 0.000000e+000 8.368750e-001 1.631250e-001 0.000000e+000 0.000000e+000
 0.000000e+000 0.000000e+000 9.530236e-001 4.697640e-002 0.000000e+000
 0.000000e+000 0.000000e+000 0.000000e+000 9.199814e-001 8.001859e-002
 0.000000e+000 0.000000e+000 0.000000e+000 0.000000e+000 0.000000e+000
<ENDHMM>
~h "VA"
<BEGINHMM>
<NUMSTATES> 5
<STATE> 2
<NUMMIXES> 2
<MIXTURE> 1 4.320792e-001
<MEAN> 22
 1.820281e+001 1.278594e+001 8.313887e+000 5.170079e+000 8.465530e+001 3.911813e+001 1.174344e+002 9.524130e+001 8.725243e+001 6.350974e+001 1.508754e+002 1.847314e+002 1.121819e+002 1.159281e+002 4.166436e+000 4.753094e+000 4.896294e+000 5.656631e+000 4.582016e+000 5.817175e+000 2.963678e+000 2.491993e+000
<VARIANCE> 22
 2.042611e+003 1.634791e+003 1.379692e+003 8.350934e+002 8.810885e+003 1.999662e+003 3.350280e+003 7.543540e+002 9.813352e+002 2.081516e+002 5.136056e+003 1.403147e+003 4.930917e+002 2.172940e+002 8.611700e+000 3.337960e-001 6.676747e+000 3.266613e-001 3.439539e+000 7.731007e-001 5.598342e+000 5.354647e+000
<GCONST> 1.466526e+002
<MIXTURE> 2 5.679203e-001
<MEAN> 22
 6.708817e+000 1.200182e+001 3.128721e+000 4.418109e+000 1.728421e+002 2.330346e+002 7.975346e+001 1.163631e+002 6.566166e+001 8.954186e+001 1.181597e+002 6.801027e+001 8.455457e+001 7.920591e+001 3.248142e+000 2.101161e+000 4.531793e+000 3.307705e+000 4.106343e+000 1.310287e+000 2.500498e+000 2.661762e+000
<VARIANCE> 22
 1.779173e+002 2.186338e+002 4.380849e+001 3.571715e+001 3.804459e+004 1.000700e+004 3.182368e+003 5.722685e+003 1.292364e+003 2.311441e+003 6.617560e+003 2.263640e+003 2.319953e+003 1.513097e+003 9.206323e+000 1.257540e+000 7.198480e+000 3.222976e+000 4.819652e+000 1.562903e+000 6.242025e+000 5.090408e+000
<GCONST> 1.524070e+002
<STATE> 3
<NUMMIXES> 2
<MIXTURE> 1 5.780531e-001
<MEAN> 22
 1.807004e+000 2.015783e+001 7.652282e-001 7.222953e+000 8.200206e+000 8.954773e+001 9.137761e+001 8.913262e+001 5.709034e+001 8.067045e+001 1.890625e+002 1.166372e+002 1.131824e+002 9.974796e+001 6.996134e+000 3.734294e+000 6.029679e+000 5.192395e+000 5.999243e+000 4.004797e+000 2.022013e+000 3.722299e+000
<VARIANCE> 22
 8.644608e+000 3.717753e+002 3.300596e+000 5.148605e+001 7.760051e+001 4.033030e+003 2.198685e+002 8.830930e+002 6.536687e+001 4.736613e+002 4.289651e+002 3.880518e+003 1.245460e+002 4.094212e+002 6.504287e-002 1.372095e+000 2.879770e-002 6.432627e-001 2.082488e-002 6.679579e+000 5.963422e+000 5.194549e+000
<GCONST> 1.090349e+002
<MIXTURE> 2 4.219466e-001
<MEAN> 22
 2.892439e+000 9.089853e+000 1.538277e+000 3.613924e+000 1.562873e+001 2.222037e+002 9.024598e+001 1.694321e+002 5.634205e+001 1.155867e+002 1.840553e+002 8.230373e+001 1.116122e+002 7.868929e+001 6.827973e+000 2.347651e+000 6.056457e+000 3.103639e+000 5.904563e+000 1.767400e+000 2.338372e+000 3.281978e+000
<VARIANCE> 22
 2.510876e+001 1.090567e+002 1.179597e+001 1.762698e+001 9.123360e+002 2.837935e+003 4.186263e+002 1.423773e+003 1.390526e+002 5.552480e+002 1.033441e+003 1.140793e+003 2.181895e+002 3.486232e+002 9.221778e-001 3.650623e-001 3.511973e-001 6.643423e-001 2.142923e-001 7.194494e-001 6.304086e+000 5.485022e+000
<GCONST> 1.173537e+002
<STATE> 4
<NUMMIXES> 2
<MIXTURE> 1 7.553689e-001
<MEAN> 22
 1.462560e+001 2.866545e+000 5.229255e+000 1.353925e+000 1.380102e+002 1.812056e+001 1.347449e+002 9.823435e+001 9.933601e+001 5.601813e+001 1.242295e+002 1.962058e+002 9.768959e+001 1.159565e+002 3.143036e+000 5.002397e+000 3.724957e+000 5.846130e+000 3.815223e+000 5.987140e+000 3.337119e+000 2.485889e+000
<VARIANCE> 22
 2.943615e+002 2.393779e+001 4.257734e+001 4.865130e+000 8.652400e+003 6.513405e+002 2.820137e+003 2.239980e+002 8.927825e+002 8.911608e+001 4.441466e+003 3.622061e+002 5.287380e+002 1.272490e+002 7.166770e+000 1.793315e-002 8.620717e+000 1.301908e-001 3.716741e+000 5.618803e-002 6.011117e+000 6.322974e+000
<GCONST> 1.203550e+002
<MIXTURE> 2 2.446312e-001
<MEAN> 22
 7.004623e+000 5.959084e+000 3.062643e+000 2.600144e+000 7.651104e+001 3.595916e+001 9.580753e+001 4.484667e+001 8.626896e+001 5.630114e+001 7.199582e+001 1.023916e+002 9.186013e+001 1.015923e+002 2.139086e+000 3.009448e+000 3.721838e+000 5.544024e+000 3.312018e+000 2.706103e+000 2.983837e+000 2.558068e+000
<VARIANCE> 22
 1.054367e+002 1.716297e+002 2.421497e+001 2.073837e+001 2.736998e+003 1.027176e+003 3.831735e+003 4.255086e+002 3.677568e+002 1.075810e+002 1.159752e+003 6.203970e+002 4.266508e+002 1.041710e+002 1.336256e+000 1.388656e+000 6.836429e+000 2.982441e-001 8.986036e-001 8.224726e+000 6.258773e+000 6.169081e+000
<GCONST> 1.273676e+002
<TRANSP> 5
 0.000000e+000 1.000000e+000 0.000000e+000 0.000000e+000 0.000000e+000
 0.000000e+000 7.351410e-001 2.648590e-001 0.000000e+000 0.000000e+000
 0.000000e+000 0.000000e+000 9.440503e-001 5.594972e-002 0.000000e+000
 0.000000e+000 0.000000e+000 0.000000e+000 9.208097e-001 7.919031e-002
 0.000000e+000 0.000000e+000 0.000000e+000 0.000000e+000 0.000000e+000
<ENDHMM>
~h "VQ"
<BEGINHMM>
<NUMSTATES> 5
<STATE> 2
<NUMMIXES> 2
<MIXTURE> 1 1.685042e-001
<MEAN> 22
 2.227448e+001 3.124967e+001 1.481259e+001 1.621671e+001 5.755873e+001 1.280758e+002 7.592603e+001 9.705665e+001 6.663898e+001 6.575910e+001 1.387701e+002 7.102772e+001 9.846668e+001 9.315643e+001 4.331407e+000 2.853882e+000 5.672583e+000 4.516504e+000 5.128437e+000 2.472501e+000 2.831725e+000 3.239189e+000
<VARIANCE> 22
 6.097890e+003 4.513673e+003 4.814340e+003 3.087238e+003 9.602695e+003 5.620473e+003 1.267938e+003 1.298444e+003 2.820486e+002 2.613538e+002 3.043488e+003 1.762993e+003 7.132924e+002 3.597146e+002 8.953756e+000 9.352662e-001 3.181412e+000 1.030770e+000 2.073514e+000 3.198641e+000 6.595177e+000 4.691614e+000
<GCONST> 1.539918e+002
<MIXTURE> 2 8.314955e-001
<MEAN> 22
 1.162612e+001 3.107302e+000 4.067452e+000 1.345859e+000 1.058322e+002 2.277190e+001 1.008289e+002 7.217110e+001 7.844125e+001 5.493095e+001 8.292577e+001 1.588574e+002 9.690186e+001 1.096713e+002 2.368300e+000 4.223612e+000 3.511209e+000 5.706712e+000 3.281474e+000 4.885025e+000 3.527318e+000 2.505272e+000
<VARIANCE> 22
 2.033860e+002 2.288438e+001 3.017734e+001 4.925700e+000 5.655399e+003 4.905576e+002 2.455618e+003 1.008560e+003 3.429601e+002 6.489578e+001 2.975116e+003 2.121175e+003 3.725627e+002 1.321447e+002 4.011875e+000 1.663994e+000 8.925633e+000 2.078818e-001 2.364290e+000 5.334209e+000 5.927645e+000 5.942522e+000
<GCONST> 1.285242e+002
<STATE> 3
<NUMMIXES> 2
<MIXTURE> 1 5.101699e-001
<MEAN> 22
 2.647631e+000 1.978359e+001 8.520989e-001 5.744291e+000 9.081765e+000 1.024702e+002 9.887933e+001 9.553120e+001 6.016456e+001 7.202314e+001 2.002038e+002 1.195969e+002 1.197501e+002 1.054514e+002 6.997562e+000 3.749946e+000 6.122559e+000 5.042183e+000 5.998553e+000 4.028185e+000 2.174180e+000 3.839743e+000
<VARIANCE> 22
 2.316394e+001 3.284225e+002 3.300596e+000 5.366234e+001 1.278409e+002 7.184407e+003 4.298539e+002 1.997637e+003 8.822900e+001 3.625548e+002 7.890112e+002 3.168046e+003 2.590887e+002 2.569862e+002 6.504287e-002 1.309857e+000 1.075373e-001 1.058065e+000 2.082488e-002 5.492886e+000 6.176394e+000 4.883011e+000
<GCONST> 1.147537e+002
<MIXTURE> 2 4.898305e-001
<MEAN> 22
 1.133893e+000 6.110171e+000 7.133068e-001 3.071544e+000 1.003498e+001 1.640327e+002 8.410741e+001 1.147562e+002 5.273229e+001 7.430759e+001 1.791286e+002 4.563925e+001 1.073308e+002 8.149019e+001 6.943772e+000 2.388697e+000 6.050575e+000 4.094689e+000 5.961882e+000 1.754076e+000 1.684683e+000 3.485630e+000
<VARIANCE> 22
 4.801632e+000 3.851818e+001 3.300596e+000 1.451079e+001 6.342064e+002 1.480427e+003 1.816022e+002 7.186573e+002 5.945213e+001 2.010710e+002 4.151920e+002 4.132298e+002 8.727666e+001 2.411689e+002 2.953151e-001 2.822741e-001 1.506899e-001 6.689493e-001 1.167733e-001 3.436467e-001 5.432814e+000 6.167575e+000
<GCONST> 1.019671e+002
<STATE> 4
<NUMMIXES> 2
<MIXTURE> 1 9.072323e-001
<MEAN> 22
 1.038524e+001 3.072120e+000 3.881603e+000 1.235663e+000 9.578761e+001 2.344683e+001 1.054243e+002 9.444261e+001 7.504122e+001 5.373898e+001 1.080587e+002 1.928837e+002 1.003974e+002 1.143136e+002 3.266458e+000 4.999543e+000 4.283760e+000 5.860890e+000 3.900172e+000 5.995475e+000 3.500438e+000 2.460201e+000
<VARIANCE> 22
 1.649094e+002 3.001493e+001 3.036705e+001 4.423281e+000 5.268182e+003 9.881135e+002 9.805735e+002 2.034527e+002 4.313851e+002 6.503696e+001 4.828964e+003 3.145304e+002 4.007130e+002 1.150314e+002 7.747247e+000 1.793315e-002 8.718506e+000 1.197557e-001 3.559061e+000 5.618803e-002 5.863786e+000 6.156807e+000
<GCONST> 1.167695e+002
<MIXTURE> 2 9.276733e-002
<MEAN> 22
 2.818318e+000 3.452831e+000 1.388598e+000 1.465236e+000 4.145751e+002 3.236147e+002 3.722187e+001 3.527040e+001 2.493310e+001 2.597925e+001 4.888366e+001 3.040695e+001 3.772272e+001 3.793715e+001 1.664011e+000 1.165629e+000 1.979924e+000 1.845151e+000 1.618773e+000 8.736771e-001 8.852350e-001 1.553310e+000
<VARIANCE> 22
 6.816312e+001 6.726437e+001 1.314652e+001 1.403028e+001 4.564827e+004 1.924186e+004 2.780606e+003 2.525943e+003 1.018418e+003 1.116326e+003 5.478432e+003 1.969324e+003 2.361386e+003 2.357104e+003 7.228167e+000 2.436940e+000 8.390498e+000 5.610688e+000 5.583963e+000 2.424668e+000 3.297852e+000 5.676561e+000
<GCONST> 1.483653e+002
<TRANSP> 5
 0.000000e+000 1.000000e+000 0.000000e+000 0.000000e+000 0.000000e+000
 0.000000e+000 8.548273e-001 1.451727e-001 0.000000e+000 0.000000e+000
 0.000000e+000 0.000000e+000 9.443784e-001 5.562159e-002 0.000000e+000
 0.000000e+000 0.000000e+000 0.000000e+000 8.851712e-001 1.148288e-001
 0.000000e+000 0.000000e+000 0.000000e+000 0.000000e+000 0.000000e+000
<ENDHMM>
~h "SIL"
<BEGINHMM>
<NUMSTATES> 5
<STATE> 2
<NUMMIXES> 2
<MIXTURE> 1 1.630100e-001
<MEAN> 22
 4.894094e+002 4.131311e+002 4.451727e+002 3.567713e+002 8.750250e-001 1.243572e+000 3.967088e+001 3.896855e+001 2.806539e+001 2.654373e+001 7.764084e+001 7.462423e+001 4.931406e+001 4.857792e+001 2.753290e+000 1.992470e+000 2.639689e+000 2.527036e+000 2.481086e+000 2.332859e+000 4.666986e+000 4.664010e+000
<VARIANCE> 22
 6.535004e+003 4.052223e+003 4.564372e+003 3.293282e+003 6.611183e+001 1.564657e+002 2.347938e+003 2.294248e+003 1.092290e+003 1.015265e+003 8.563628e+003 8.145333e+003 3.231955e+003 3.132374e+003 1.120330e+001 5.743403e+000 9.251136e+000 8.404264e+000 8.294919e+000 8.442263e+000 4.022820e+000 4.056357e+000
<GCONST> 1.624633e+002
<MIXTURE> 2 8.369899e-001
<MEAN> 22
 0.000000e+000 0.000000e+000 0.000000e+000 0.000000e+000 3.661407e+001 2.963420e+001 0.000000e+000 0.000000e+000 0.000000e+000 0.000000e+000 0.000000e+000 0.000000e+000 0.000000e+000 0.000000e+000 0.000000e+000 0.000000e+000 0.000000e+000 0.000000e+000 0.000000e+000 0.000000e+000 0.000000e+000 0.000000e+000
<VARIANCE> 22
 4.801632e+000 4.063125e+000 3.300596e+000 2.164982e+000 1.817515e+004 1.195246e+004 9.838196e+000 1.115232e+001 2.936353e+000 3.516743e+000 3.745900e+001 4.440890e+001 4.184655e+000 3.870682e+000 6.504287e-002 1.793315e-002 2.326111e-002 1.170389e-002 2.082488e-002 5.618803e-002 6.153807e-002 6.060927e-002
<GCONST> 5.449670e+001
<STATE> 3
<NUMMIXES> 2
<MIXTURE> 1 7.775497e-001
<MEAN> 22
 1.428379e+000 1.848591e+000 6.068394e-001 7.608183e-001 7.996371e+000 9.940722e+000 1.016589e+002 9.810891e+001 6.385792e+001 5.957763e+001 1.991284e+002 1.967543e+002 1.190018e+002 1.176416e+002 6.999689e+000 5.000004e+000 6.129164e+000 5.905877e+000 6.001852e+000 6.000346e+000 1.989207e+000 2.015540e+000
<VARIANCE> 22
 5.076333e+000 7.265234e+000 3.300596e+000 2.164982e+000 7.154733e+001 1.226754e+002 3.604903e+002 2.282573e+002 1.039072e+002 7.924429e+001 5.970973e+002 4.387630e+002 2.084855e+002 1.423881e+002 6.504287e-002 1.793315e-002 1.123956e-001 8.532893e-002 2.082488e-002 5.618803e-002 5.633862e+000 5.621450e+000
<GCONST> 8.349978e+001
<MIXTURE> 2 2.224612e-001
<MEAN> 22
 8.943412e+000 1.138914e+001 2.266563e+000 2.863321e+000 5.435421e+001 6.177465e+001 8.126507e+001 7.897600e+001 6.948460e+001 6.413615e+001 1.443609e+002 1.405290e+002 1.083261e+002 1.087285e+002 4.569117e+000 4.072882e+000 5.901813e+000 5.523420e+000 5.050876e+000 4.537372e+000 2.482116e+000 2.485366e+000
<VARIANCE> 22
 1.803223e+002 2.164154e+002 1.480558e+001 1.617974e+001 2.839410e+003 2.829630e+003 1.345119e+003 1.255104e+003 2.692714e+002 2.069314e+002 3.445991e+003 3.500255e+003 3.650458e+002 2.047115e+002 8.473830e+000 1.679540e+000 2.158045e+000 4.981335e-001 2.032460e+000 6.105410e+000 5.205960e+000 4.707016e+000
<GCONST> 1.336229e+002
<STATE> 4
<NUMMIXES> 2
<MIXTURE> 1 2.567647e-001
<MEAN> 22
 6.752909e-001 1.158310e+000 3.231136e-001 6.684883e-001 4.528141e+000 4.659579e+000 1.060061e+002 1.126274e+002 6.415918e+001 6.565685e+001 2.275472e+002 2.313829e+002 1.345104e+002 1.366136e+002 6.999994e+000 4.999990e+000 6.002191e+000 5.994640e+000 6.000000e+000 5.999990e+000 1.116670e+000 1.560819e+000
<VARIANCE> 22
 4.801632e+000 4.712101e+000 3.300596e+000 2.164982e+000 4.956259e+001 5.429972e+001 1.784852e+001 2.515834e+001 5.169483e+000 1.007255e+001 7.142757e+001 8.885921e+001 2.072400e+001 2.545212e+001 6.504287e-002 1.793315e-002 2.326111e-002 1.170389e-002 2.082488e-002 5.618803e-002 3.894369e+000 4.878236e+000
<GCONST> 5.973122e+001
<MIXTURE> 2 7.432382e-001
<MEAN> 22
 1.013539e+000 1.600255e+000 3.899588e-001 6.184516e-001 4.856829e+000 5.990883e+000 8.605421e+001 8.558932e+001 5.581723e+001 5.453016e+001 1.811922e+002 1.808474e+002 1.099315e+002 1.093337e+002 6.989274e+000 4.994146e+000 6.006122e+000 5.975184e+000 5.996227e+000 5.992591e+000 1.758226e+000 1.891092e+000
<VARIANCE> 22
 4.801632e+000 1.141383e+001 3.300596e+000 2.164982e+000 7.218824e+001 8.242724e+001 4.896677e+001 5.227769e+001 2.330493e+001 4.330183e+001 1.193588e+002 1.342887e+002 3.612838e+001 4.196169e+001 6.504287e-002 1.793315e-002 2.326111e-002 2.623615e-002 2.082488e-002 5.618803e-002 5.359158e+000 5.858121e+000
<GCONST> 6.940589e+001
<TRANSP> 5
 0.000000e+000 1.000000e+000 0.000000e+000 0.000000e+000 0.000000e+000
 0.000000e+000 9.079408e-001 9.205921e-002 0.000000e+000 0.000000e+000
 0.000000e+000 0.000000e+000 9.972742e-001 2.725866e-003 0.000000e+000
 0.000000e+000 0.000000e+000 0.000000e+000 9.927320e-001 7.268012e-003
 0.000000e+000 0.000000e+000 0.000000e+000 0.000000e+000 0.000000e+000
<ENDHMM>
