~o
<STREAMINFO> 1 39
<VECSIZE> 39<NULLD><MFCC_D_A_C_K_0><DIAGC>
~s "silst"
<MEAN> 39
 -1.375625e+01 -8.952331e+00 -1.139148e+01 -1.158451e+01 -1.030984e+01 -1.703428e+01 -1.212668e+01 -1.146778e+01 -6.938368e+00 -4.466522e+00 -7.124812e+00 -2.291669e+00 5.926966e+01 -1.109578e-02 3.686375e-03 3.182846e-03 1.103335e-02 3.122876e-03 -9.097350e-04 -1.189440e-02 -1.424988e-02 -1.130696e-02 -4.220386e-03 -1.088725e-02 -6.240773e-03 -1.941395e-02 1.892150e-03 4.414930e-04 2.626518e-03 -3.739407e-03 1.107314e-03 3.216526e-05 4.216434e-03 7.246350e-03 6.504299e-03 3.605081e-03 6.840113e-03 2.391945e-03 8.352185e-03
<VARIANCE> 39
 1.598895e+01 1.252284e+01 1.764713e+01 2.044217e+01 2.506482e+01 2.527878e+01 2.928487e+01 3.284386e+01 3.385061e+01 2.777936e+01 3.063195e+01 2.369835e+01 2.363396e+01 5.299106e-01 6.063621e-01 8.954558e-01 1.158799e+00 1.482134e+00 1.699716e+00 1.991520e+00 2.259816e+00 2.321962e+00 2.227145e+00 2.103767e+00 1.866394e+00 3.924441e-01 8.483192e-02 1.073386e-01 1.617806e-01 2.178760e-01 2.788793e-01 3.287625e-01 3.868909e-01 4.436691e-01 4.600585e-01 4.442071e-01 4.176646e-01 3.754386e-01 5.342128e-02
<GCONST> 9.762074e+01
~h "sp"
<BEGINHMM>
<NUMSTATES> 3
<STATE> 2
~s "silst"
<TRANSP> 3
 0.000000e+00 3.735706e-01 6.264294e-01
 0.000000e+00 9.941542e-01 5.845816e-03
 0.000000e+00 0.000000e+00 0.000000e+00
<ENDHMM>
~h "oov"
<BEGINHMM>
<NUMSTATES> 3
<STATE> 2
<MEAN> 39
 -1.074311e+01 -9.421119e+00 -9.732828e+00 -1.613704e+01 -9.872124e+00 -1.721495e+01 -8.915742e+00 -6.208129e+00 -2.075957e+00 -2.435197e+00 -1.824862e+00 -8.445729e-01 7.142336e+01 4.628626e-02 -2.068474e-02 -1.950040e-02 -5.456056e-02 -1.522605e-02 3.168084e-03 5.037657e-02 6.101394e-02 4.829513e-02 1.637506e-02 4.284956e-02 2.501000e-02 9.974571e-02 -7.661271e-03 -7.815706e-04 -1.035906e-02 1.791880e-02 -4.119544e-03 1.312845e-03 -1.756358e-02 -3.047219e-02 -2.758631e-02 -1.444042e-02 -2.886817e-02 -9.468548e-03 -4.188703e-02
<VARIANCE> 39
 7.243780e+01 6.844729e+01 8.590395e+01 6.938068e+01 1.106488e+02 1.076157e+02 9.373807e+01 9.515558e+01 8.356436e+01 7.748888e+01 7.789577e+01 6.695721e+01 5.096613e+01 2.781243e+00 2.549432e+00 3.167168e+00 3.573922e+00 4.603464e+00 4.657295e+00 4.833690e+00 5.469083e+00 4.860378e+00 4.448965e+00 4.319766e+00 3.584706e+00 2.572526e+00 3.892406e-01 3.735852e-01 4.788015e-01 5.744749e-01 7.400451e-01 7.847053e-01 8.238840e-01 9.372371e-01 8.508757e-01 7.935729e-01 7.554777e-01 6.484451e-01 3.155037e-01
<GCONST> 1.398291e+02
<TRANSP> 3
 0.000000e+00 1.000000e+00 0.000000e+00
 0.000000e+00 9.826788e-01 1.732120e-02
 0.000000e+00 0.000000e+00 0.000000e+00
<ENDHMM>
~h "sil"
<BEGINHMM>
<NUMSTATES> 3
<STATE> 2
~s "silst"
<TRANSP> 3
 0.000000e+00 1.000000e+00 0.000000e+00
 0.000000e+00 9.984372e-01 1.562854e-03
 0.000000e+00 0.000000e+00 0.000000e+00
<ENDHMM>
~h "noise"
<BEGINHMM>
<NUMSTATES> 3
<STATE> 2
~s "silst"
<TRANSP> 3
 0.000000e+00 1.000000e+00 0.000000e+00
 0.000000e+00 9.840052e-01 1.599477e-02
 0.000000e+00 0.000000e+00 0.000000e+00
<ENDHMM>
