~o
<STREAMINFO> 1 22
<VECSIZE> 22<NULLD><MFCC_0><DIAGC>
~h "SIL"
<BEGINHMM>
<NUMSTATES> 5
<STATE> 2
<MEAN> 22
 5.626247e+00 7.396932e+00 2.097200e+00 2.472937e+00 4.240775e+01 6.026446e+01 9.090754e+01 8.949604e+01 6.477496e+01 6.448850e+01 1.612133e+02 1.456602e+02 1.107074e+02 1.084495e+02 5.481471e+00 4.070344e+00 5.756289e+00 5.424155e+00 5.274922e+00 4.502147e+00 2.326887e+00 2.587141e+00
<VARIANCE> 22
 4.801635e+02 4.063120e+02 3.300595e+02 2.164982e+02 4.956268e+03 5.429985e+03 9.837579e+02 1.115179e+03 2.936362e+02 3.515820e+02 3.745738e+03 4.440754e+03 4.183320e+02 3.870127e+02 6.504288e+00 1.793316e+00 2.326111e+00 1.170389e+00 2.082489e+00 5.618803e+00 6.153808e+00 6.060927e+00
<GCONST> 1.445108e+02
<STATE> 3
<MEAN> 22
 5.626247e+00 7.396932e+00 2.097200e+00 2.472937e+00 4.240775e+01 6.026446e+01 9.090754e+01 8.949604e+01 6.477496e+01 6.448850e+01 1.612133e+02 1.456602e+02 1.107074e+02 1.084495e+02 5.481471e+00 4.070344e+00 5.756289e+00 5.424155e+00 5.274922e+00 4.502147e+00 2.326887e+00 2.587141e+00
<VARIANCE> 22
 4.801635e+02 4.063120e+02 3.300595e+02 2.164982e+02 4.956268e+03 5.429985e+03 9.837579e+02 1.115179e+03 2.936362e+02 3.515820e+02 3.745738e+03 4.440754e+03 4.183320e+02 3.870127e+02 6.504288e+00 1.793316e+00 2.326111e+00 1.170389e+00 2.082489e+00 5.618803e+00 6.153808e+00 6.060927e+00
<GCONST> 1.445108e+02
<STATE> 4
<MEAN> 22
 5.626247e+00 7.396932e+00 2.097200e+00 2.472937e+00 4.240775e+01 6.026446e+01 9.090754e+01 8.949604e+01 6.477496e+01 6.448850e+01 1.612133e+02 1.456602e+02 1.107074e+02 1.084495e+02 5.481471e+00 4.070344e+00 5.756289e+00 5.424155e+00 5.274922e+00 4.502147e+00 2.326887e+00 2.587141e+00
<VARIANCE> 22
 4.801635e+02 4.063120e+02 3.300595e+02 2.164982e+02 4.956268e+03 5.429985e+03 9.837579e+02 1.115179e+03 2.936362e+02 3.515820e+02 3.745738e+03 4.440754e+03 4.183320e+02 3.870127e+02 6.504288e+00 1.793316e+00 2.326111e+00 1.170389e+00 2.082489e+00 5.618803e+00 6.153808e+00 6.060927e+00
<GCONST> 1.445108e+02
<TRANSP> 5
 0.000000e+00 1.000000e+00 0.000000e+00 0.000000e+00 0.000000e+00
 0.000000e+00 6.000000e-01 4.000000e-01 0.000000e+00 0.000000e+00
 0.000000e+00 0.000000e+00 6.000000e-01 4.000000e-01 0.000000e+00
 0.000000e+00 0.000000e+00 0.000000e+00 7.000000e-01 3.000000e-01
 0.000000e+00 0.000000e+00 0.000000e+00 0.000000e+00 0.000000e+00
<ENDHMM>
~h "oov"
<BEGINHMM>
<NUMSTATES> 5
<STATE> 2
<MEAN> 22
 1.018918e+01 1.190141e+01 5.279421e+00 5.222301e+00 6.048790e+01 9.024986e+01 8.785339e+01 8.744509e+01 6.583836e+01 6.798426e+01 1.430233e+02 1.168102e+02 1.071104e+02 1.035721e+02 4.742630e+00 3.532941e+00 5.566301e+00 5.129822e+00 4.907319e+00 3.617281e+00 2.505365e+00 2.827224e+00
<VARIANCE> 22
 2.018905e+03 1.490490e+03 1.605099e+03 1.034546e+03 6.717752e+03 6.400477e+03 1.223891e+03 1.531313e+03 3.903518e+02 4.961464e+02 4.421415e+03 4.592275e+03 4.784305e+02 4.516428e+02 8.050694e+00 2.022463e+00 3.435447e+00 1.602787e+00 2.760911e+00 6.690768e+00 6.212151e+00 5.848182e+00
<GCONST> 1.539820e+02
<STATE> 3
<MEAN> 22
 7.172443e+00 1.002982e+01 2.280989e+00 2.943912e+00 6.043234e+01 9.067633e+01 8.859422e+01 8.743440e+01 6.645929e+01 6.873409e+01 1.451601e+02 1.183656e+02 1.081347e+02 1.046035e+02 4.811329e+00 3.581158e+00 5.631053e+00 5.185325e+00 4.976073e+00 3.686282e+00 2.567790e+00 2.976732e+00
<VARIANCE> 22
 3.913865e+02 3.731019e+02 2.299500e+02 1.536494e+02 6.584854e+03 6.170366e+03 1.169263e+03 1.482435e+03 3.505676e+02 4.472476e+02 4.218822e+03 4.396207e+03 3.711325e+02 3.454244e+02 7.894149e+00 1.891721e+00 3.126021e+00 1.322330e+00 2.511058e+00 6.679912e+00 6.427463e+00 5.995709e+00
<GCONST> 1.457370e+02
<STATE> 4
<MEAN> 22
 4.037704e+00 5.540244e+00 1.221918e+00 1.635275e+00 3.301630e+01 4.459682e+01 9.228043e+01 9.053961e+01 6.405457e+01 6.245625e+01 1.700701e+02 1.602041e+02 1.122898e+02 1.106943e+02 5.845636e+00 4.336659e+00 5.838275e+00 5.562452e+00 5.448296e+00 4.943670e+00 2.217603e+00 2.423622e+00
<VARIANCE> 22
 9.352572e+01 1.221393e+02 2.037911e+01 1.741404e+01 3.823890e+03 4.270172e+03 8.671662e+02 9.084836e+02 2.518503e+02 2.776298e+02 3.221731e+03 3.795152e+03 4.074592e+02 3.681556e+02 5.401984e+00 1.502893e+00 1.815775e+00 9.636593e-01 1.707692e+00 4.497908e+00 6.030109e+00 6.058271e+00
<GCONST> 1.335172e+02
<TRANSP> 5
 0.000000e+00 1.000000e+00 0.000000e+00 0.000000e+00 0.000000e+00
 0.000000e+00 7.221071e-01 2.778928e-01 0.000000e+00 0.000000e+00
 0.000000e+00 0.000000e+00 7.220726e-01 2.779274e-01 0.000000e+00
 0.000000e+00 0.000000e+00 0.000000e+00 9.279019e-01 7.209805e-02
 0.000000e+00 0.000000e+00 0.000000e+00 0.000000e+00 0.000000e+00
<ENDHMM>
