~o
<STREAMINFO> 1 22
<VECSIZE> 22<NULLD><MFCC_0><DIAGC>
~h "SIL"
<BEGINHMM>
<NUMSTATES> 5
<STATE> 2
<NUMMIXES> 8
<MIXTURE> 1 1.250000e-01
<MEAN> 22
 1.877383e+01 1.949125e+01 1.299772e+01 1.130126e+01 8.464820e+01 1.044775e+02 1.097265e+02 1.095327e+02 7.505647e+01 7.573883e+01 1.979348e+02 1.856436e+02 1.229792e+02 1.202530e+02 7.011682e+00 4.873831e+00 6.671385e+00 6.073262e+00 6.140773e+00 5.924387e+00 3.815298e+00 4.064278e+00
<VARIANCE> 22
 4.801635e+02 4.063120e+02 3.300595e+02 2.164982e+02 4.956268e+03 5.429985e+03 9.837579e+02 1.115179e+03 2.936362e+02 3.515820e+02 3.745738e+03 4.440754e+03 4.183320e+02 3.870127e+02 6.504288e+00 1.793316e+00 2.326111e+00 1.170389e+00 2.082489e+00 5.618803e+00 6.153808e+00 6.060927e+00
<GCONST> 1.445108e+02
<MIXTURE> 2 1.250000e-01
<MEAN> 22
 1.000877e+01 1.142837e+01 5.730708e+00 5.415712e+00 5.648790e+01 7.500215e+01 9.718052e+01 9.617489e+01 6.820213e+01 6.823861e+01 1.734538e+02 1.589880e+02 1.147980e+02 1.123840e+02 5.991542e+00 4.338173e+00 6.061321e+00 5.640524e+00 5.563539e+00 4.976227e+00 2.823024e+00 3.079520e+00
<VARIANCE> 22
 4.801635e+02 4.063120e+02 3.300595e+02 2.164982e+02 4.956268e+03 5.429985e+03 9.837579e+02 1.115179e+03 2.936362e+02 3.515820e+02 3.745738e+03 4.440754e+03 4.183320e+02 3.870127e+02 6.504288e+00 1.793316e+00 2.326111e+00 1.170389e+00 2.082489e+00 5.618803e+00 6.153808e+00 6.060927e+00
<GCONST> 1.445108e+02
<MIXTURE> 3 1.250000e-01
<MEAN> 22
 1.000877e+01 1.142837e+01 5.730708e+00 5.415711e+00 5.648790e+01 7.500215e+01 9.718052e+01 9.617490e+01 6.820213e+01 6.823861e+01 1.734538e+02 1.589880e+02 1.147980e+02 1.123840e+02 5.991541e+00 4.338172e+00 6.061321e+00 5.640524e+00 5.563539e+00 4.976227e+00 2.823024e+00 3.079520e+00
<VARIANCE> 22
 4.801635e+02 4.063120e+02 3.300595e+02 2.164982e+02 4.956268e+03 5.429985e+03 9.837579e+02 1.115179e+03 2.936362e+02 3.515820e+02 3.745738e+03 4.440754e+03 4.183320e+02 3.870127e+02 6.504288e+00 1.793316e+00 2.326111e+00 1.170389e+00 2.082489e+00 5.618803e+00 6.153808e+00 6.060927e+00
<GCONST> 1.445108e+02
<MIXTURE> 4 1.250000e-01
<MEAN> 22
 1.243720e+00 3.365496e+00 -1.536308e+00 -4.698386e-01 2.832759e+01 4.552678e+01 8.463456e+01 8.281718e+01 6.134780e+01 6.073840e+01 1.489728e+02 1.323324e+02 1.066168e+02 1.045150e+02 4.971401e+00 3.802516e+00 5.451257e+00 5.207786e+00 4.986306e+00 4.028067e+00 1.830750e+00 2.094762e+00
<VARIANCE> 22
 4.801635e+02 4.063120e+02 3.300595e+02 2.164982e+02 4.956268e+03 5.429985e+03 9.837579e+02 1.115179e+03 2.936362e+02 3.515820e+02 3.745738e+03 4.440754e+03 4.183320e+02 3.870127e+02 6.504288e+00 1.793316e+00 2.326111e+00 1.170389e+00 2.082489e+00 5.618803e+00 6.153808e+00 6.060927e+00
<GCONST> 1.445108e+02
<MIXTURE> 5 1.250000e-01
<MEAN> 22
 1.000877e+01 1.142837e+01 5.730708e+00 5.415711e+00 5.648789e+01 7.500215e+01 9.718052e+01 9.617494e+01 6.820214e+01 6.823862e+01 1.734538e+02 1.589880e+02 1.147980e+02 1.123840e+02 5.991541e+00 4.338172e+00 6.061321e+00 5.640524e+00 5.563540e+00 4.976227e+00 2.823024e+00 3.079520e+00
<VARIANCE> 22
 4.801635e+02 4.063120e+02 3.300595e+02 2.164982e+02 4.956268e+03 5.429985e+03 9.837579e+02 1.115179e+03 2.936362e+02 3.515820e+02 3.745738e+03 4.440754e+03 4.183320e+02 3.870127e+02 6.504288e+00 1.793316e+00 2.326111e+00 1.170389e+00 2.082489e+00 5.618803e+00 6.153808e+00 6.060927e+00
<GCONST> 1.445108e+02
<MIXTURE> 6 1.250000e-01
<MEAN> 22
 1.243720e+00 3.365497e+00 -1.536308e+00 -4.698384e-01 2.832759e+01 4.552678e+01 8.463456e+01 8.281718e+01 6.134780e+01 6.073840e+01 1.489728e+02 1.323324e+02 1.066168e+02 1.045150e+02 4.971402e+00 3.802515e+00 5.451257e+00 5.207786e+00 4.986305e+00 4.028067e+00 1.830750e+00 2.094762e+00
<VARIANCE> 22
 4.801635e+02 4.063120e+02 3.300595e+02 2.164982e+02 4.956268e+03 5.429985e+03 9.837579e+02 1.115179e+03 2.936362e+02 3.515820e+02 3.745738e+03 4.440754e+03 4.183320e+02 3.870127e+02 6.504288e+00 1.793316e+00 2.326111e+00 1.170389e+00 2.082489e+00 5.618803e+00 6.153808e+00 6.060927e+00
<GCONST> 1.445108e+02
<MIXTURE> 7 1.250000e-01
<MEAN> 22
 1.243716e+00 3.365498e+00 -1.536308e+00 -4.698396e-01 2.832759e+01 4.552678e+01 8.463456e+01 8.281718e+01 6.134781e+01 6.073840e+01 1.489728e+02 1.323324e+02 1.066168e+02 1.045150e+02 4.971401e+00 3.802514e+00 5.451257e+00 5.207786e+00 4.986305e+00 4.028067e+00 1.830750e+00 2.094762e+00
<VARIANCE> 22
 4.801635e+02 4.063120e+02 3.300595e+02 2.164982e+02 4.956268e+03 5.429985e+03 9.837579e+02 1.115179e+03 2.936362e+02 3.515820e+02 3.745738e+03 4.440754e+03 4.183320e+02 3.870127e+02 6.504288e+00 1.793316e+00 2.326111e+00 1.170389e+00 2.082489e+00 5.618803e+00 6.153808e+00 6.060927e+00
<GCONST> 1.445108e+02
<MIXTURE> 8 1.250000e-01
<MEAN> 22
 -7.521334e+00 -4.697377e+00 -8.803324e+00 -6.355390e+00 1.672869e-01 1.605140e+01 7.208860e+01 6.945947e+01 5.449348e+01 5.323820e+01 1.244918e+02 1.056768e+02 9.843556e+01 9.664597e+01 3.951261e+00 3.266857e+00 4.841193e+00 4.775048e+00 4.409072e+00 3.079907e+00 8.384756e-01 1.110004e+00
<VARIANCE> 22
 4.801635e+02 4.063120e+02 3.300595e+02 2.164982e+02 4.956268e+03 5.429985e+03 9.837579e+02 1.115179e+03 2.936362e+02 3.515820e+02 3.745738e+03 4.440754e+03 4.183320e+02 3.870127e+02 6.504288e+00 1.793316e+00 2.326111e+00 1.170389e+00 2.082489e+00 5.618803e+00 6.153808e+00 6.060927e+00
<GCONST> 1.445108e+02
<STATE> 3
<NUMMIXES> 8
<MIXTURE> 1 1.250000e-01
<MEAN> 22
 1.877383e+01 1.949125e+01 1.299772e+01 1.130126e+01 8.464820e+01 1.044775e+02 1.097265e+02 1.095327e+02 7.505647e+01 7.573883e+01 1.979348e+02 1.856436e+02 1.229792e+02 1.202530e+02 7.011682e+00 4.873831e+00 6.671385e+00 6.073262e+00 6.140773e+00 5.924387e+00 3.815298e+00 4.064278e+00
<VARIANCE> 22
 4.801635e+02 4.063120e+02 3.300595e+02 2.164982e+02 4.956268e+03 5.429985e+03 9.837579e+02 1.115179e+03 2.936362e+02 3.515820e+02 3.745738e+03 4.440754e+03 4.183320e+02 3.870127e+02 6.504288e+00 1.793316e+00 2.326111e+00 1.170389e+00 2.082489e+00 5.618803e+00 6.153808e+00 6.060927e+00
<GCONST> 1.445108e+02
<MIXTURE> 2 1.250000e-01
<MEAN> 22
 1.000877e+01 1.142837e+01 5.730708e+00 5.415712e+00 5.648790e+01 7.500215e+01 9.718052e+01 9.617489e+01 6.820213e+01 6.823861e+01 1.734538e+02 1.589880e+02 1.147980e+02 1.123840e+02 5.991542e+00 4.338173e+00 6.061321e+00 5.640524e+00 5.563539e+00 4.976227e+00 2.823024e+00 3.079520e+00
<VARIANCE> 22
 4.801635e+02 4.063120e+02 3.300595e+02 2.164982e+02 4.956268e+03 5.429985e+03 9.837579e+02 1.115179e+03 2.936362e+02 3.515820e+02 3.745738e+03 4.440754e+03 4.183320e+02 3.870127e+02 6.504288e+00 1.793316e+00 2.326111e+00 1.170389e+00 2.082489e+00 5.618803e+00 6.153808e+00 6.060927e+00
<GCONST> 1.445108e+02
<MIXTURE> 3 1.250000e-01
<MEAN> 22
 1.000877e+01 1.142837e+01 5.730708e+00 5.415711e+00 5.648790e+01 7.500215e+01 9.718052e+01 9.617490e+01 6.820213e+01 6.823861e+01 1.734538e+02 1.589880e+02 1.147980e+02 1.123840e+02 5.991541e+00 4.338172e+00 6.061321e+00 5.640524e+00 5.563539e+00 4.976227e+00 2.823024e+00 3.079520e+00
<VARIANCE> 22
 4.801635e+02 4.063120e+02 3.300595e+02 2.164982e+02 4.956268e+03 5.429985e+03 9.837579e+02 1.115179e+03 2.936362e+02 3.515820e+02 3.745738e+03 4.440754e+03 4.183320e+02 3.870127e+02 6.504288e+00 1.793316e+00 2.326111e+00 1.170389e+00 2.082489e+00 5.618803e+00 6.153808e+00 6.060927e+00
<GCONST> 1.445108e+02
<MIXTURE> 4 1.250000e-01
<MEAN> 22
 1.243720e+00 3.365496e+00 -1.536308e+00 -4.698386e-01 2.832759e+01 4.552678e+01 8.463456e+01 8.281718e+01 6.134780e+01 6.073840e+01 1.489728e+02 1.323324e+02 1.066168e+02 1.045150e+02 4.971401e+00 3.802516e+00 5.451257e+00 5.207786e+00 4.986306e+00 4.028067e+00 1.830750e+00 2.094762e+00
<VARIANCE> 22
 4.801635e+02 4.063120e+02 3.300595e+02 2.164982e+02 4.956268e+03 5.429985e+03 9.837579e+02 1.115179e+03 2.936362e+02 3.515820e+02 3.745738e+03 4.440754e+03 4.183320e+02 3.870127e+02 6.504288e+00 1.793316e+00 2.326111e+00 1.170389e+00 2.082489e+00 5.618803e+00 6.153808e+00 6.060927e+00
<GCONST> 1.445108e+02
<MIXTURE> 5 1.250000e-01
<MEAN> 22
 1.000877e+01 1.142837e+01 5.730708e+00 5.415711e+00 5.648789e+01 7.500215e+01 9.718052e+01 9.617494e+01 6.820214e+01 6.823862e+01 1.734538e+02 1.589880e+02 1.147980e+02 1.123840e+02 5.991541e+00 4.338172e+00 6.061321e+00 5.640524e+00 5.563540e+00 4.976227e+00 2.823024e+00 3.079520e+00
<VARIANCE> 22
 4.801635e+02 4.063120e+02 3.300595e+02 2.164982e+02 4.956268e+03 5.429985e+03 9.837579e+02 1.115179e+03 2.936362e+02 3.515820e+02 3.745738e+03 4.440754e+03 4.183320e+02 3.870127e+02 6.504288e+00 1.793316e+00 2.326111e+00 1.170389e+00 2.082489e+00 5.618803e+00 6.153808e+00 6.060927e+00
<GCONST> 1.445108e+02
<MIXTURE> 6 1.250000e-01
<MEAN> 22
 1.243720e+00 3.365497e+00 -1.536308e+00 -4.698384e-01 2.832759e+01 4.552678e+01 8.463456e+01 8.281718e+01 6.134780e+01 6.073840e+01 1.489728e+02 1.323324e+02 1.066168e+02 1.045150e+02 4.971402e+00 3.802515e+00 5.451257e+00 5.207786e+00 4.986305e+00 4.028067e+00 1.830750e+00 2.094762e+00
<VARIANCE> 22
 4.801635e+02 4.063120e+02 3.300595e+02 2.164982e+02 4.956268e+03 5.429985e+03 9.837579e+02 1.115179e+03 2.936362e+02 3.515820e+02 3.745738e+03 4.440754e+03 4.183320e+02 3.870127e+02 6.504288e+00 1.793316e+00 2.326111e+00 1.170389e+00 2.082489e+00 5.618803e+00 6.153808e+00 6.060927e+00
<GCONST> 1.445108e+02
<MIXTURE> 7 1.250000e-01
<MEAN> 22
 1.243716e+00 3.365498e+00 -1.536308e+00 -4.698396e-01 2.832759e+01 4.552678e+01 8.463456e+01 8.281718e+01 6.134781e+01 6.073840e+01 1.489728e+02 1.323324e+02 1.066168e+02 1.045150e+02 4.971401e+00 3.802514e+00 5.451257e+00 5.207786e+00 4.986305e+00 4.028067e+00 1.830750e+00 2.094762e+00
<VARIANCE> 22
 4.801635e+02 4.063120e+02 3.300595e+02 2.164982e+02 4.956268e+03 5.429985e+03 9.837579e+02 1.115179e+03 2.936362e+02 3.515820e+02 3.745738e+03 4.440754e+03 4.183320e+02 3.870127e+02 6.504288e+00 1.793316e+00 2.326111e+00 1.170389e+00 2.082489e+00 5.618803e+00 6.153808e+00 6.060927e+00
<GCONST> 1.445108e+02
<MIXTURE> 8 1.250000e-01
<MEAN> 22
 -7.521334e+00 -4.697377e+00 -8.803324e+00 -6.355390e+00 1.672869e-01 1.605140e+01 7.208860e+01 6.945947e+01 5.449348e+01 5.323820e+01 1.244918e+02 1.056768e+02 9.843556e+01 9.664597e+01 3.951261e+00 3.266857e+00 4.841193e+00 4.775048e+00 4.409072e+00 3.079907e+00 8.384756e-01 1.110004e+00
<VARIANCE> 22
 4.801635e+02 4.063120e+02 3.300595e+02 2.164982e+02 4.956268e+03 5.429985e+03 9.837579e+02 1.115179e+03 2.936362e+02 3.515820e+02 3.745738e+03 4.440754e+03 4.183320e+02 3.870127e+02 6.504288e+00 1.793316e+00 2.326111e+00 1.170389e+00 2.082489e+00 5.618803e+00 6.153808e+00 6.060927e+00
<GCONST> 1.445108e+02
<STATE> 4
<NUMMIXES> 8
<MIXTURE> 1 1.250000e-01
<MEAN> 22
 1.877383e+01 1.949125e+01 1.299772e+01 1.130126e+01 8.464820e+01 1.044775e+02 1.097265e+02 1.095327e+02 7.505647e+01 7.573883e+01 1.979348e+02 1.856436e+02 1.229792e+02 1.202530e+02 7.011682e+00 4.873831e+00 6.671385e+00 6.073262e+00 6.140773e+00 5.924387e+00 3.815298e+00 4.064278e+00
<VARIANCE> 22
 4.801635e+02 4.063120e+02 3.300595e+02 2.164982e+02 4.956268e+03 5.429985e+03 9.837579e+02 1.115179e+03 2.936362e+02 3.515820e+02 3.745738e+03 4.440754e+03 4.183320e+02 3.870127e+02 6.504288e+00 1.793316e+00 2.326111e+00 1.170389e+00 2.082489e+00 5.618803e+00 6.153808e+00 6.060927e+00
<GCONST> 1.445108e+02
<MIXTURE> 2 1.250000e-01
<MEAN> 22
 1.000877e+01 1.142837e+01 5.730708e+00 5.415712e+00 5.648790e+01 7.500215e+01 9.718052e+01 9.617489e+01 6.820213e+01 6.823861e+01 1.734538e+02 1.589880e+02 1.147980e+02 1.123840e+02 5.991542e+00 4.338173e+00 6.061321e+00 5.640524e+00 5.563539e+00 4.976227e+00 2.823024e+00 3.079520e+00
<VARIANCE> 22
 4.801635e+02 4.063120e+02 3.300595e+02 2.164982e+02 4.956268e+03 5.429985e+03 9.837579e+02 1.115179e+03 2.936362e+02 3.515820e+02 3.745738e+03 4.440754e+03 4.183320e+02 3.870127e+02 6.504288e+00 1.793316e+00 2.326111e+00 1.170389e+00 2.082489e+00 5.618803e+00 6.153808e+00 6.060927e+00
<GCONST> 1.445108e+02
<MIXTURE> 3 1.250000e-01
<MEAN> 22
 1.000877e+01 1.142837e+01 5.730708e+00 5.415711e+00 5.648790e+01 7.500215e+01 9.718052e+01 9.617490e+01 6.820213e+01 6.823861e+01 1.734538e+02 1.589880e+02 1.147980e+02 1.123840e+02 5.991541e+00 4.338172e+00 6.061321e+00 5.640524e+00 5.563539e+00 4.976227e+00 2.823024e+00 3.079520e+00
<VARIANCE> 22
 4.801635e+02 4.063120e+02 3.300595e+02 2.164982e+02 4.956268e+03 5.429985e+03 9.837579e+02 1.115179e+03 2.936362e+02 3.515820e+02 3.745738e+03 4.440754e+03 4.183320e+02 3.870127e+02 6.504288e+00 1.793316e+00 2.326111e+00 1.170389e+00 2.082489e+00 5.618803e+00 6.153808e+00 6.060927e+00
<GCONST> 1.445108e+02
<MIXTURE> 4 1.250000e-01
<MEAN> 22
 1.243720e+00 3.365496e+00 -1.536308e+00 -4.698386e-01 2.832759e+01 4.552678e+01 8.463456e+01 8.281718e+01 6.134780e+01 6.073840e+01 1.489728e+02 1.323324e+02 1.066168e+02 1.045150e+02 4.971401e+00 3.802516e+00 5.451257e+00 5.207786e+00 4.986306e+00 4.028067e+00 1.830750e+00 2.094762e+00
<VARIANCE> 22
 4.801635e+02 4.063120e+02 3.300595e+02 2.164982e+02 4.956268e+03 5.429985e+03 9.837579e+02 1.115179e+03 2.936362e+02 3.515820e+02 3.745738e+03 4.440754e+03 4.183320e+02 3.870127e+02 6.504288e+00 1.793316e+00 2.326111e+00 1.170389e+00 2.082489e+00 5.618803e+00 6.153808e+00 6.060927e+00
<GCONST> 1.445108e+02
<MIXTURE> 5 1.250000e-01
<MEAN> 22
 1.000877e+01 1.142837e+01 5.730708e+00 5.415711e+00 5.648789e+01 7.500215e+01 9.718052e+01 9.617494e+01 6.820214e+01 6.823862e+01 1.734538e+02 1.589880e+02 1.147980e+02 1.123840e+02 5.991541e+00 4.338172e+00 6.061321e+00 5.640524e+00 5.563540e+00 4.976227e+00 2.823024e+00 3.079520e+00
<VARIANCE> 22
 4.801635e+02 4.063120e+02 3.300595e+02 2.164982e+02 4.956268e+03 5.429985e+03 9.837579e+02 1.115179e+03 2.936362e+02 3.515820e+02 3.745738e+03 4.440754e+03 4.183320e+02 3.870127e+02 6.504288e+00 1.793316e+00 2.326111e+00 1.170389e+00 2.082489e+00 5.618803e+00 6.153808e+00 6.060927e+00
<GCONST> 1.445108e+02
<MIXTURE> 6 1.250000e-01
<MEAN> 22
 1.243720e+00 3.365497e+00 -1.536308e+00 -4.698384e-01 2.832759e+01 4.552678e+01 8.463456e+01 8.281718e+01 6.134780e+01 6.073840e+01 1.489728e+02 1.323324e+02 1.066168e+02 1.045150e+02 4.971402e+00 3.802515e+00 5.451257e+00 5.207786e+00 4.986305e+00 4.028067e+00 1.830750e+00 2.094762e+00
<VARIANCE> 22
 4.801635e+02 4.063120e+02 3.300595e+02 2.164982e+02 4.956268e+03 5.429985e+03 9.837579e+02 1.115179e+03 2.936362e+02 3.515820e+02 3.745738e+03 4.440754e+03 4.183320e+02 3.870127e+02 6.504288e+00 1.793316e+00 2.326111e+00 1.170389e+00 2.082489e+00 5.618803e+00 6.153808e+00 6.060927e+00
<GCONST> 1.445108e+02
<MIXTURE> 7 1.250000e-01
<MEAN> 22
 1.243716e+00 3.365498e+00 -1.536308e+00 -4.698396e-01 2.832759e+01 4.552678e+01 8.463456e+01 8.281718e+01 6.134781e+01 6.073840e+01 1.489728e+02 1.323324e+02 1.066168e+02 1.045150e+02 4.971401e+00 3.802514e+00 5.451257e+00 5.207786e+00 4.986305e+00 4.028067e+00 1.830750e+00 2.094762e+00
<VARIANCE> 22
 4.801635e+02 4.063120e+02 3.300595e+02 2.164982e+02 4.956268e+03 5.429985e+03 9.837579e+02 1.115179e+03 2.936362e+02 3.515820e+02 3.745738e+03 4.440754e+03 4.183320e+02 3.870127e+02 6.504288e+00 1.793316e+00 2.326111e+00 1.170389e+00 2.082489e+00 5.618803e+00 6.153808e+00 6.060927e+00
<GCONST> 1.445108e+02
<MIXTURE> 8 1.250000e-01
<MEAN> 22
 -7.521334e+00 -4.697377e+00 -8.803324e+00 -6.355390e+00 1.672869e-01 1.605140e+01 7.208860e+01 6.945947e+01 5.449348e+01 5.323820e+01 1.244918e+02 1.056768e+02 9.843556e+01 9.664597e+01 3.951261e+00 3.266857e+00 4.841193e+00 4.775048e+00 4.409072e+00 3.079907e+00 8.384756e-01 1.110004e+00
<VARIANCE> 22
 4.801635e+02 4.063120e+02 3.300595e+02 2.164982e+02 4.956268e+03 5.429985e+03 9.837579e+02 1.115179e+03 2.936362e+02 3.515820e+02 3.745738e+03 4.440754e+03 4.183320e+02 3.870127e+02 6.504288e+00 1.793316e+00 2.326111e+00 1.170389e+00 2.082489e+00 5.618803e+00 6.153808e+00 6.060927e+00
<GCONST> 1.445108e+02
<TRANSP> 5
 0.000000e+00 1.000000e+00 0.000000e+00 0.000000e+00 0.000000e+00
 0.000000e+00 4.800000e-01 3.200000e-01 2.000000e-01 0.000000e+00
 0.000000e+00 0.000000e+00 6.000000e-01 4.000000e-01 0.000000e+00
 0.000000e+00 2.000000e-01 0.000000e+00 5.600000e-01 2.400000e-01
 0.000000e+00 0.000000e+00 0.000000e+00 0.000000e+00 0.000000e+00
<ENDHMM>
~h "oov"
<BEGINHMM>
<NUMSTATES> 5
<STATE> 2
<NUMMIXES> 8
<MIXTURE> 1 1.188617e-01
<MEAN> 22
 3.756725e+01 3.691357e+01 3.056782e+01 2.584401e+01 9.827620e+01 1.129996e+02 9.987152e+01 9.921096e+01 6.803057e+01 7.366812e+01 1.950891e+02 1.651116e+02 1.204612e+02 1.163953e+02 6.652527e+00 4.506021e+00 6.300279e+00 5.605718e+00 5.983061e+00 5.327731e+00 3.079146e+00 3.372566e+00
<VARIANCE> 22
 7.338426e+03 5.185792e+03 6.005367e+03 3.808689e+03 2.223969e+04 1.387836e+04 5.387468e+02 1.035976e+03 1.639342e+02 3.919643e+02 1.411374e+03 3.284241e+03 1.690417e+02 1.536016e+02 4.358759e+00 1.075662e+00 1.728462e-01 5.885872e-01 5.435612e-01 4.317050e+00 6.432189e+00 5.883486e+00
<GCONST> 1.479439e+02
<MIXTURE> 2 1.682947e-01
<MEAN> 22
 7.494079e+00 7.275651e+00 1.606911e+00 1.447327e+00 1.529487e+02 1.495447e+02 7.856944e+01 7.751067e+01 7.013088e+01 6.717696e+01 5.547976e+01 5.606942e+01 1.060890e+02 1.069268e+02 1.994696e+00 2.212730e+00 6.125125e+00 5.813713e+00 3.298058e+00 9.746709e-01 3.664083e+00 3.566560e+00
<VARIANCE> 22
 5.514912e+01 5.455138e+01 3.300595e+00 2.164982e+00 2.143835e+03 1.779912e+03 6.605370e+02 7.226986e+02 1.376599e+02 1.388091e+02 5.515389e+02 5.095867e+02 2.652251e+02 1.814845e+02 3.756435e-01 3.600426e-01 2.204286e+00 7.737918e-01 3.438660e-01 3.365774e-01 5.987792e+00 6.139887e+00
<GCONST> 1.118071e+02
<MIXTURE> 3 1.541800e-01
<MEAN> 22
 4.197392e+01 3.943763e+01 3.178801e+01 2.667010e+01 8.927464e+01 1.297234e+02 9.450758e+01 1.024752e+02 7.154507e+01 7.664153e+01 1.348395e+02 1.032238e+02 1.055554e+02 1.010942e+02 4.555483e+00 3.232805e+00 5.579922e+00 5.059610e+00 4.787547e+00 3.181865e+00 2.955743e+00 3.260398e+00
<VARIANCE> 22
 7.185563e+03 5.264086e+03 5.943805e+03 3.829575e+03 5.978333e+03 6.026769e+03 1.549872e+03 2.026424e+03 5.330550e+02 6.830665e+02 4.376743e+03 4.030332e+03 6.446235e+02 5.682109e+02 8.211811e+00 1.940078e+00 4.951567e+00 2.301061e+00 3.317353e+00 5.877100e+00 5.850570e+00 5.572981e+00
<GCONST> 1.611404e+02
<MIXTURE> 4 5.866440e-02
<MEAN> 22
 4.382527e-01 4.031436e-01 3.633508e-01 2.942776e-01 2.543791e+02 1.975270e+02 6.272983e-01 6.678859e-01 3.427163e-01 3.750104e-01 1.224049e+00 1.332780e+00 4.090633e-01 3.934528e-01 5.100701e-02 2.678295e-02 3.050319e-02 2.163690e-02 2.886166e-02 4.740803e-02 4.961374e-02 4.923790e-02
<VARIANCE> 22
 4.801635e+00 4.063120e+00 3.300595e+00 2.164982e+00 6.368554e+04 3.842222e+04 9.837578e+00 1.115179e+01 2.936362e+00 3.515820e+00 3.745738e+01 4.440754e+01 4.183320e+00 3.870127e+00 6.504288e-02 1.793316e-02 2.326111e-02 1.170389e-02 2.082489e-02 5.618803e-02 6.153808e-02 6.060927e-02
<GCONST> 5.691740e+01
<MIXTURE> 5 1.682947e-01
<MEAN> 22
 4.523581e+00 4.321295e+00 8.802091e-01 8.587724e-01 1.344281e+02 1.326691e+02 6.828908e+01 6.675745e+01 6.543774e+01 6.246426e+01 4.608582e+01 4.703981e+01 9.957465e+01 1.015382e+02 1.749536e+00 1.972716e+00 5.531251e+00 5.461851e+00 3.063498e+00 7.426097e-01 2.685284e+00 2.575408e+00
<VARIANCE> 22
 5.514912e+01 5.455138e+01 3.300595e+00 2.164982e+00 2.143835e+03 1.779912e+03 6.605370e+02 7.226986e+02 1.376599e+02 1.388091e+02 5.515389e+02 5.095867e+02 2.652251e+02 1.814845e+02 3.756435e-01 3.600426e-01 2.204286e+00 7.737918e-01 3.438660e-01 3.365774e-01 5.987792e+00 6.139887e+00
<GCONST> 1.118071e+02
<MIXTURE> 6 1.541800e-01
<MEAN> 22
 8.066839e+00 1.041603e+01 9.495735e-01 1.916678e+00 5.834677e+01 9.867055e+01 7.876022e+01 8.446891e+01 6.230987e+01 6.618730e+01 1.083767e+02 7.782979e+01 9.539961e+01 9.155932e+01 3.409233e+00 2.675659e+00 4.689838e+00 4.452840e+00 4.059003e+00 2.212155e+00 1.988225e+00 2.316112e+00
<VARIANCE> 22
 7.185563e+03 5.264086e+03 5.943805e+03 3.829575e+03 5.978333e+03 6.026769e+03 1.549872e+03 2.026424e+03 5.330550e+02 6.830665e+02 4.376743e+03 4.030332e+03 6.446235e+02 5.682109e+02 8.211811e+00 1.940078e+00 4.951567e+00 2.301061e+00 3.317353e+00 5.877100e+00 5.850570e+00 5.572981e+00
<GCONST> 1.611404e+02
<MIXTURE> 7 1.188617e-01
<MEAN> 22
 3.301397e+00 8.108591e+00 -4.299011e-01 1.158175e+00 3.862429e+01 6.587700e+01 9.058716e+01 8.633633e+01 6.290910e+01 6.574889e+01 1.800617e+02 1.421882e+02 1.152606e+02 1.114379e+02 5.817421e+00 4.091164e+00 6.133980e+00 5.298840e+00 5.688155e+00 4.496631e+00 2.064676e+00 2.402330e+00
<VARIANCE> 22
 7.338426e+03 5.185792e+03 6.005367e+03 3.808689e+03 2.223969e+04 1.387836e+04 5.387468e+02 1.035976e+03 1.639342e+02 3.919643e+02 1.411374e+03 3.284241e+03 1.690417e+02 1.536016e+02 4.358759e+00 1.075662e+00 1.728462e-01 5.885872e-01 5.435612e-01 4.317050e+00 6.432189e+00 5.883486e+00
<GCONST> 1.479439e+02
<MIXTURE> 8 5.866440e-02
<MEAN> 22
 -4.382527e-01 -4.031436e-01 -3.633508e-01 -2.942776e-01 1.534351e+02 1.191206e+02 -6.272983e-01 -6.678859e-01 -3.427163e-01 -3.750104e-01 -1.224049e+00 -1.332780e+00 -4.090633e-01 -3.934528e-01 -5.100701e-02 -2.678295e-02 -3.050319e-02 -2.163690e-02 -2.886166e-02 -4.740803e-02 -4.961374e-02 -4.923790e-02
<VARIANCE> 22
 4.801635e+00 4.063120e+00 3.300595e+00 2.164982e+00 6.368554e+04 3.842222e+04 9.837578e+00 1.115179e+01 2.936362e+00 3.515820e+00 3.745738e+01 4.440754e+01 4.183320e+00 3.870127e+00 6.504288e-02 1.793316e-02 2.326111e-02 1.170389e-02 2.082489e-02 5.618803e-02 6.153808e-02 6.060927e-02
<GCONST> 5.691740e+01
<STATE> 3
<NUMMIXES> 8
<MIXTURE> 1 5.482030e-02
<MEAN> 22
 2.001235e+01 1.429588e+01 6.439893e+00 4.504633e+00 8.602280e+01 7.036964e+01 1.221125e+02 1.148985e+02 8.780266e+01 7.261511e+01 1.968637e+02 1.989281e+02 1.309741e+02 1.276923e+02 4.842504e+00 4.705770e+00 6.476993e+00 5.673274e+00 5.368850e+00 5.565971e+00 3.574435e+00 3.282884e+00
<VARIANCE> 22
 4.289899e+02 3.372284e+02 5.925053e+01 3.669721e+01 5.626029e+03 4.844376e+03 2.473421e+03 1.194715e+03 4.636259e+02 3.108652e+02 5.000857e+03 3.237090e+03 1.000591e+03 4.416759e+02 1.045548e+01 8.621969e-01 2.943648e+00 6.611978e-01 3.941202e+00 2.668844e+00 6.475532e+00 6.070882e+00
<GCONST> 1.423863e+02
<MIXTURE> 2 2.482749e-01
<MEAN> 22
 1.552100e+00 1.326416e+01 8.795784e-01 3.956262e+00 1.090207e+01 1.580232e+02 9.574549e+01 1.105411e+02 5.943135e+01 8.830120e+01 1.942436e+02 7.980782e+01 1.156930e+02 1.007202e+02 7.048588e+00 2.944437e+00 6.117297e+00 4.700205e+00 6.026512e+00 2.734215e+00 2.071097e+00 3.697207e+00
<VARIANCE> 22
 4.801635e+00 1.575690e+02 3.300595e+00 1.570801e+01 1.661726e+02 4.153334e+03 2.483205e+02 1.947736e+03 6.979572e+01 5.640104e+02 4.425266e+02 1.930361e+03 1.446385e+02 2.467951e+02 6.504288e-02 8.878382e-01 6.268946e-02 1.503006e+00 2.082489e-02 4.721699e+00 5.414722e+00 5.608490e+00
<GCONST> 1.081458e+02
<MIXTURE> 3 5.218590e-02
<MEAN> 22
 3.393342e+00 5.666574e+00 1.186249e+00 1.288878e+00 6.597955e+01 1.079385e+02 5.953605e+01 6.165732e+01 6.292132e+01 6.410676e+01 1.164245e+02 6.897649e+01 1.027440e+02 9.885303e+01 4.107535e+00 2.239832e+00 6.207855e+00 5.748429e+00 4.748531e+00 7.594342e-01 2.876656e+00 3.175217e+00
<VARIANCE> 22
 1.437030e+01 3.750664e+01 3.300595e+00 2.164982e+00 2.505756e+03 2.054265e+03 6.966584e+02 9.212607e+02 9.349844e+01 1.405347e+02 2.363044e+03 6.480025e+02 6.357312e+01 1.085937e+02 6.538200e+00 6.028503e-01 1.576683e-01 7.220305e-01 1.493155e+00 5.601132e-01 6.267466e+00 6.270902e+00
<GCONST> 1.127716e+02
<MIXTURE> 4 1.447236e-01
<MEAN> 22
 1.292334e+01 4.870655e+00 3.718714e+00 1.556924e+00 1.473293e+02 4.043682e+01 1.165080e+02 9.145685e+01 9.052618e+01 5.881696e+01 7.090594e+01 1.779609e+02 1.009448e+02 1.139611e+02 1.665932e+00 4.712473e+00 4.214999e+00 5.812126e+00 3.101104e+00 5.652260e+00 3.776760e+00 2.803221e+00
<VARIANCE> 22
 1.569069e+02 4.927290e+01 1.347934e+01 3.752573e+00 4.326981e+03 1.654983e+03 2.179703e+03 8.124558e+02 5.607018e+02 8.156809e+01 1.327359e+03 2.153641e+03 3.295418e+02 1.483223e+02 5.396479e-01 7.787794e-01 8.538428e+00 2.417864e-01 1.225510e+00 3.419038e+00 6.008597e+00 5.987183e+00
<GCONST> 1.247482e+02
<MIXTURE> 5 2.482749e-01
<MEAN> 22
 6.755943e-01 8.243100e+00 1.528768e-01 2.370928e+00 5.745755e+00 1.322446e+02 8.944222e+01 9.288787e+01 5.608960e+01 7.880164e+01 1.858290e+02 6.223346e+01 1.108824e+02 9.443629e+01 6.946574e+00 2.567537e+00 6.017146e+00 4.209816e+00 5.968789e+00 1.865037e+00 1.140315e+00 2.749917e+00
<VARIANCE> 22
 4.801635e+00 1.575690e+02 3.300595e+00 1.570801e+01 1.661726e+02 4.153334e+03 2.483205e+02 1.947736e+03 6.979572e+01 5.640104e+02 4.425266e+02 1.930361e+03 1.446385e+02 2.467951e+02 6.504288e-02 8.878382e-01 6.268946e-02 1.503006e+00 2.082489e-02 4.721699e+00 5.414722e+00 5.608490e+00
<GCONST> 1.081458e+02
<MIXTURE> 6 1.447236e-01
<MEAN> 22
 7.912840e+00 2.062869e+00 2.250146e+00 7.820618e-01 1.210173e+02 2.416423e+01 9.783305e+01 8.005540e+01 8.105453e+01 5.520436e+01 5.633276e+01 1.593979e+02 9.368345e+01 1.090895e+02 1.372090e+00 4.359479e+00 3.046175e+00 5.615439e+00 2.658293e+00 4.912634e+00 2.796262e+00 1.824473e+00
<VARIANCE> 22
 1.569069e+02 4.927290e+01 1.347934e+01 3.752573e+00 4.326981e+03 1.654983e+03 2.179703e+03 8.124558e+02 5.607018e+02 8.156809e+01 1.327359e+03 2.153641e+03 3.295418e+02 1.483223e+02 5.396479e-01 7.787794e-01 8.538428e+00 2.417864e-01 1.225510e+00 3.419038e+00 6.008597e+00 5.987183e+00
<GCONST> 1.247482e+02
<MIXTURE> 7 5.482030e-02
<MEAN> 22
 1.172753e+01 6.950364e+00 3.360919e+00 2.081504e+00 5.602005e+01 4.252902e+01 1.022191e+02 1.010727e+02 7.918987e+01 6.556256e+01 1.685771e+02 1.761699e+02 1.183213e+02 1.192859e+02 3.549106e+00 4.334352e+00 5.790711e+00 5.348018e+00 4.574751e+00 4.912507e+00 2.556553e+00 2.297318e+00
<VARIANCE> 22
 4.289899e+02 3.372284e+02 5.925053e+01 3.669721e+01 5.626029e+03 4.844376e+03 2.473421e+03 1.194715e+03 4.636259e+02 3.108652e+02 5.000857e+03 3.237090e+03 1.000591e+03 4.416759e+02 1.045548e+01 8.621969e-01 2.943648e+00 6.611978e-01 3.941202e+00 2.668844e+00 6.475532e+00 6.070882e+00
<GCONST> 1.423863e+02
<MIXTURE> 8 5.218590e-02
<MEAN> 22
 1.877015e+00 3.216867e+00 4.595475e-01 7.003225e-01 4.595654e+01 8.980888e+01 4.897833e+01 4.951640e+01 5.905354e+01 5.936486e+01 9.698007e+01 5.879413e+01 9.955464e+01 9.468469e+01 3.084739e+00 1.929258e+00 6.049025e+00 5.408539e+00 4.259752e+00 4.600714e-01 1.875260e+00 2.173547e+00
<VARIANCE> 22
 1.437030e+01 3.750664e+01 3.300595e+00 2.164982e+00 2.505756e+03 2.054265e+03 6.966584e+02 9.212607e+02 9.349844e+01 1.405347e+02 2.363044e+03 6.480025e+02 6.357312e+01 1.085937e+02 6.538200e+00 6.028503e-01 1.576683e-01 7.220305e-01 1.493155e+00 5.601132e-01 6.267466e+00 6.270902e+00
<GCONST> 1.127716e+02
<STATE> 4
<NUMMIXES> 8
<MIXTURE> 1 1.570327e-01
<MEAN> 22
 3.561761e+00 3.669472e+00 1.364408e+00 1.456109e+00 1.555090e+01 1.678723e+01 1.146218e+02 1.109142e+02 7.141586e+01 6.624961e+01 2.188391e+02 2.162485e+02 1.304126e+02 1.285200e+02 7.049346e+00 5.026828e+00 6.309315e+00 5.923443e+00 6.030222e+00 6.040229e+00 2.759126e+00 2.636939e+00
<VARIANCE> 22
 1.863148e+01 2.008091e+01 3.300595e+00 3.017416e+00 2.068604e+02 2.771996e+02 1.641552e+02 1.113448e+02 5.333054e+01 4.942225e+01 2.633592e+02 2.314686e+02 1.030832e+02 7.529008e+01 6.504288e-02 1.793316e-02 1.746226e-01 1.257741e-01 2.082489e-02 5.618803e-02 5.984686e+00 5.869593e+00
<GCONST> 8.351453e+01
<MIXTURE> 2 7.103810e-02
<MEAN> 22
 1.596510e+01 2.332538e+01 3.984375e+00 6.024083e+00 5.417243e+01 7.199828e+01 9.071885e+01 9.135728e+01 7.110806e+01 7.226624e+01 1.774782e+02 1.623166e+02 1.163760e+02 1.135056e+02 5.781136e+00 4.540921e+00 6.417673e+00 5.563941e+00 5.870598e+00 5.575137e+00 3.651344e+00 4.024258e+00
<VARIANCE> 22
 2.511045e+02 3.858101e+02 1.922351e+01 3.171440e+01 1.984569e+03 2.899108e+03 8.858827e+02 1.137003e+03 2.142885e+02 3.111137e+02 1.856537e+03 2.300685e+03 2.062602e+02 1.589856e+02 8.438617e+00 9.175318e-01 5.232223e-01 4.744886e-01 9.558824e-01 3.720073e+00 6.240234e+00 5.513849e+00
<GCONST> 1.299487e+02
<MIXTURE> 3 1.948099e-01
<MEAN> 22
 1.809915e+00 3.105046e+00 9.040266e-01 1.147327e+00 7.559113e+00 1.171568e+01 8.829026e+01 8.762872e+01 5.667669e+01 5.546849e+01 1.834842e+02 1.828023e+02 1.105830e+02 1.103247e+02 7.050180e+00 5.026783e+00 6.032494e+00 5.988366e+00 6.028862e+00 6.047870e+00 2.398777e+00 2.683776e+00
<VARIANCE> 22
 4.916674e+00 1.290288e+01 3.300595e+00 2.164982e+00 4.956268e+01 1.251572e+02 5.862651e+01 7.517151e+01 2.070803e+01 4.187623e+01 1.099744e+02 1.264070e+02 3.715379e+01 4.298999e+01 6.504288e-02 1.793316e-02 2.326111e-02 5.513667e-02 2.082489e-02 5.618803e-02 5.616745e+00 5.978762e+00
<GCONST> 7.070528e+01
<MIXTURE> 4 7.711650e-02
<MEAN> 22
 7.956587e+00 1.014440e+01 1.507237e+00 1.891236e+00 7.871404e+01 9.014900e+01 7.370158e+01 7.334181e+01 6.724039e+01 6.543074e+01 1.322341e+02 1.181176e+02 1.037449e+02 1.025200e+02 4.394838e+00 3.881096e+00 6.177555e+00 5.613146e+00 5.095270e+00 4.368326e+00 3.032141e+00 3.061109e+00
<VARIANCE> 22
 7.317214e+01 1.019904e+02 3.300595e+00 3.598184e+00 4.128128e+03 3.775103e+03 1.118455e+03 1.266295e+03 2.130305e+02 2.180186e+02 2.476429e+03 2.548707e+03 1.464605e+02 1.594076e+02 8.750230e+00 2.079047e+00 2.081769e+00 8.451573e-01 2.173163e+00 7.838754e+00 5.755459e+00 5.486230e+00
<GCONST> 1.287666e+02
<MIXTURE> 5 1.948099e-01
<MEAN> 22
 9.229715e-01 1.668223e+00 1.773250e-01 5.587717e-01 4.743083e+00 7.240729e+00 8.522755e+01 8.416066e+01 5.485645e+01 5.288002e+01 1.792894e+02 1.783051e+02 1.081448e+02 1.077021e+02 6.948166e+00 4.973217e+00 5.971488e+00 5.894442e+00 5.971138e+00 5.953054e+00 1.450790e+00 1.705716e+00
<VARIANCE> 22
 4.916674e+00 1.290288e+01 3.300595e+00 2.164982e+00 4.956268e+01 1.251572e+02 5.862651e+01 7.517151e+01 2.070803e+01 4.187623e+01 1.099744e+02 1.264070e+02 3.715379e+01 4.298999e+01 6.504288e-02 1.793316e-02 2.326111e-02 5.513667e-02 2.082489e-02 5.618803e-02 5.616745e+00 5.978762e+00
<GCONST> 7.070528e+01
<MIXTURE> 6 1.570327e-01
<MEAN> 22
 1.835193e+00 1.877003e+00 6.377062e-01 7.612808e-01 9.797841e+00 1.012751e+01 1.094968e+02 1.066934e+02 6.849475e+01 6.343757e+01 2.123477e+02 2.101629e+02 1.263514e+02 1.250492e+02 6.947332e+00 4.973262e+00 6.142163e+00 5.781585e+00 5.972499e+00 5.945413e+00 1.780582e+00 1.667849e+00
<VARIANCE> 22
 1.863148e+01 2.008091e+01 3.300595e+00 3.017416e+00 2.068604e+02 2.771996e+02 1.641552e+02 1.113448e+02 5.333054e+01 4.942225e+01 2.633592e+02 2.314686e+02 1.030832e+02 7.529008e+01 6.504288e-02 1.793316e-02 1.746226e-01 1.257741e-01 2.082489e-02 5.618803e-02 5.984686e+00 5.869593e+00
<GCONST> 8.351453e+01
<MIXTURE> 7 7.711650e-02
<MEAN> 22
 4.534958e+00 6.104789e+00 7.805352e-01 1.132480e+00 5.301383e+01 6.557225e+01 6.032425e+01 5.910779e+01 6.140216e+01 5.952456e+01 1.123286e+02 9.792375e+01 9.890408e+01 9.746977e+01 3.211606e+00 3.304340e+00 5.600421e+00 5.245416e+00 4.505604e+00 3.248415e+00 2.072519e+00 2.124201e+00
<VARIANCE> 22
 7.317214e+01 1.019904e+02 3.300595e+00 3.598184e+00 4.128128e+03 3.775103e+03 1.118455e+03 1.266295e+03 2.130305e+02 2.180186e+02 2.476429e+03 2.548707e+03 1.464605e+02 1.594076e+02 8.750230e+00 2.079047e+00 2.081769e+00 8.451573e-01 2.173163e+00 7.838754e+00 5.755459e+00 5.486230e+00
<GCONST> 1.287666e+02
<MIXTURE> 8 7.103810e-02
<MEAN> 22
 9.626585e+00 1.546856e+01 2.230590e+00 3.771461e+00 3.635303e+01 5.046094e+01 7.881333e+01 7.786949e+01 6.525262e+01 6.521086e+01 1.602432e+02 1.431304e+02 1.106312e+02 1.084620e+02 4.619164e+00 4.157769e+00 6.128337e+00 5.288409e+00 5.479521e+00 4.803637e+00 2.652126e+00 3.084994e+00
<VARIANCE> 22
 2.511045e+02 3.858101e+02 1.922351e+01 3.171440e+01 1.984569e+03 2.899108e+03 8.858827e+02 1.137003e+03 2.142885e+02 3.111137e+02 1.856537e+03 2.300685e+03 2.062602e+02 1.589856e+02 8.438617e+00 9.175318e-01 5.232223e-01 4.744886e-01 9.558824e-01 3.720073e+00 6.240234e+00 5.513849e+00
<GCONST> 1.299487e+02
<TRANSP> 5
 0.000000e+00 1.000000e+00 0.000000e+00 0.000000e+00 0.000000e+00
 0.000000e+00 5.030808e-01 4.969192e-01 0.000000e+00 0.000000e+00
 0.000000e+00 0.000000e+00 8.549342e-01 1.450658e-01 0.000000e+00
 0.000000e+00 0.000000e+00 0.000000e+00 9.177762e-01 8.222381e-02
 0.000000e+00 0.000000e+00 0.000000e+00 0.000000e+00 0.000000e+00
<ENDHMM>
