~o
<STREAMINFO> 1 22
<VECSIZE> 22<NULLD><MFCC_0><DIAGC>
~h "SIL"
<BEGINHMM>
<NUMSTATES> 5
<STATE> 2
<NUMMIXES> 2
<MIXTURE> 1 5.000000e-01
<MEAN> 22
 1.000877e+01 1.142837e+01 5.730708e+00 5.415712e+00 5.648790e+01 7.500215e+01 9.718052e+01 9.617490e+01 6.820213e+01 6.823861e+01 1.734538e+02 1.589880e+02 1.147980e+02 1.123840e+02 5.991541e+00 4.338173e+00 6.061321e+00 5.640524e+00 5.563539e+00 4.976227e+00 2.823024e+00 3.079520e+00
<VARIANCE> 22
 4.801635e+02 4.063120e+02 3.300595e+02 2.164982e+02 4.956268e+03 5.429985e+03 9.837579e+02 1.115179e+03 2.936362e+02 3.515820e+02 3.745738e+03 4.440754e+03 4.183320e+02 3.870127e+02 6.504288e+00 1.793316e+00 2.326111e+00 1.170389e+00 2.082489e+00 5.618803e+00 6.153808e+00 6.060927e+00
<GCONST> 1.445108e+02
<MIXTURE> 2 5.000000e-01
<MEAN> 22
 1.243720e+00 3.365496e+00 -1.536308e+00 -4.698384e-01 2.832759e+01 4.552678e+01 8.463456e+01 8.281718e+01 6.134780e+01 6.073840e+01 1.489728e+02 1.323324e+02 1.066168e+02 1.045150e+02 4.971401e+00 3.802515e+00 5.451257e+00 5.207786e+00 4.986305e+00 4.028067e+00 1.830750e+00 2.094762e+00
<VARIANCE> 22
 4.801635e+02 4.063120e+02 3.300595e+02 2.164982e+02 4.956268e+03 5.429985e+03 9.837579e+02 1.115179e+03 2.936362e+02 3.515820e+02 3.745738e+03 4.440754e+03 4.183320e+02 3.870127e+02 6.504288e+00 1.793316e+00 2.326111e+00 1.170389e+00 2.082489e+00 5.618803e+00 6.153808e+00 6.060927e+00
<GCONST> 1.445108e+02
<STATE> 3
<NUMMIXES> 2
<MIXTURE> 1 5.000000e-01
<MEAN> 22
 1.000877e+01 1.142837e+01 5.730708e+00 5.415712e+00 5.648790e+01 7.500215e+01 9.718052e+01 9.617490e+01 6.820213e+01 6.823861e+01 1.734538e+02 1.589880e+02 1.147980e+02 1.123840e+02 5.991541e+00 4.338173e+00 6.061321e+00 5.640524e+00 5.563539e+00 4.976227e+00 2.823024e+00 3.079520e+00
<VARIANCE> 22
 4.801635e+02 4.063120e+02 3.300595e+02 2.164982e+02 4.956268e+03 5.429985e+03 9.837579e+02 1.115179e+03 2.936362e+02 3.515820e+02 3.745738e+03 4.440754e+03 4.183320e+02 3.870127e+02 6.504288e+00 1.793316e+00 2.326111e+00 1.170389e+00 2.082489e+00 5.618803e+00 6.153808e+00 6.060927e+00
<GCONST> 1.445108e+02
<MIXTURE> 2 5.000000e-01
<MEAN> 22
 1.243720e+00 3.365496e+00 -1.536308e+00 -4.698384e-01 2.832759e+01 4.552678e+01 8.463456e+01 8.281718e+01 6.134780e+01 6.073840e+01 1.489728e+02 1.323324e+02 1.066168e+02 1.045150e+02 4.971401e+00 3.802515e+00 5.451257e+00 5.207786e+00 4.986305e+00 4.028067e+00 1.830750e+00 2.094762e+00
<VARIANCE> 22
 4.801635e+02 4.063120e+02 3.300595e+02 2.164982e+02 4.956268e+03 5.429985e+03 9.837579e+02 1.115179e+03 2.936362e+02 3.515820e+02 3.745738e+03 4.440754e+03 4.183320e+02 3.870127e+02 6.504288e+00 1.793316e+00 2.326111e+00 1.170389e+00 2.082489e+00 5.618803e+00 6.153808e+00 6.060927e+00
<GCONST> 1.445108e+02
<STATE> 4
<NUMMIXES> 2
<MIXTURE> 1 5.000000e-01
<MEAN> 22
 1.000877e+01 1.142837e+01 5.730708e+00 5.415712e+00 5.648790e+01 7.500215e+01 9.718052e+01 9.617490e+01 6.820213e+01 6.823861e+01 1.734538e+02 1.589880e+02 1.147980e+02 1.123840e+02 5.991541e+00 4.338173e+00 6.061321e+00 5.640524e+00 5.563539e+00 4.976227e+00 2.823024e+00 3.079520e+00
<VARIANCE> 22
 4.801635e+02 4.063120e+02 3.300595e+02 2.164982e+02 4.956268e+03 5.429985e+03 9.837579e+02 1.115179e+03 2.936362e+02 3.515820e+02 3.745738e+03 4.440754e+03 4.183320e+02 3.870127e+02 6.504288e+00 1.793316e+00 2.326111e+00 1.170389e+00 2.082489e+00 5.618803e+00 6.153808e+00 6.060927e+00
<GCONST> 1.445108e+02
<MIXTURE> 2 5.000000e-01
<MEAN> 22
 1.243720e+00 3.365496e+00 -1.536308e+00 -4.698384e-01 2.832759e+01 4.552678e+01 8.463456e+01 8.281718e+01 6.134780e+01 6.073840e+01 1.489728e+02 1.323324e+02 1.066168e+02 1.045150e+02 4.971401e+00 3.802515e+00 5.451257e+00 5.207786e+00 4.986305e+00 4.028067e+00 1.830750e+00 2.094762e+00
<VARIANCE> 22
 4.801635e+02 4.063120e+02 3.300595e+02 2.164982e+02 4.956268e+03 5.429985e+03 9.837579e+02 1.115179e+03 2.936362e+02 3.515820e+02 3.745738e+03 4.440754e+03 4.183320e+02 3.870127e+02 6.504288e+00 1.793316e+00 2.326111e+00 1.170389e+00 2.082489e+00 5.618803e+00 6.153808e+00 6.060927e+00
<GCONST> 1.445108e+02
<TRANSP> 5
 0.000000e+00 1.000000e+00 0.000000e+00 0.000000e+00 0.000000e+00
 0.000000e+00 4.800000e-01 3.200000e-01 2.000000e-01 0.000000e+00
 0.000000e+00 0.000000e+00 6.000000e-01 4.000000e-01 0.000000e+00
 0.000000e+00 2.000000e-01 0.000000e+00 5.600000e-01 2.400000e-01
 0.000000e+00 0.000000e+00 0.000000e+00 0.000000e+00 0.000000e+00
<ENDHMM>
~h "oov"
<BEGINHMM>
<NUMSTATES> 5
<STATE> 2
<NUMMIXES> 2
<MIXTURE> 1 7.627254e-01
<MEAN> 22
 2.283969e+01 2.148128e+01 1.640122e+01 1.356353e+01 7.885163e+01 9.232119e+01 9.742677e+01 9.297736e+01 7.030296e+01 6.867912e+01 1.487162e+02 1.278178e+02 1.074925e+02 1.058286e+02 4.776641e+00 3.748649e+00 5.328317e+00 5.143487e+00 4.888216e+00 3.975133e+00 2.633228e+00 2.866548e+00
<VARIANCE> 22
 7.331381e+03 5.264749e+03 6.029964e+03 3.862824e+03 1.386146e+04 9.397324e+03 1.637032e+03 1.401089e+03 6.371885e+02 4.941400e+02 4.220123e+03 4.842658e+03 5.170963e+02 4.507480e+02 8.132504e+00 1.881141e+00 4.408401e+00 1.471888e+00 3.030092e+00 6.144968e+00 6.342108e+00 5.933001e+00
<GCONST> 1.611980e+02
<MIXTURE> 2 2.372805e-01
<MEAN> 22
 1.607764e+00 1.665432e+00 4.203332e-01 4.113853e-01 1.808653e+02 1.527597e+02 1.984720e+01 2.103066e+01 1.998966e+01 1.960694e+01 2.276263e+01 1.707037e+01 2.871161e+01 2.910601e+01 7.555466e-01 6.176784e-01 1.723796e+00 1.572598e+00 1.142723e+00 2.264385e-01 6.493304e-01 6.330774e-01
<VARIANCE> 22
 2.366476e+01 2.305043e+01 3.300595e+00 2.164982e+00 4.869003e+04 2.863458e+04 1.229606e+03 1.415492e+03 9.901308e+02 9.619036e+02 1.803680e+03 8.774299e+02 2.083219e+03 2.035793e+03 2.308676e+00 1.029610e+00 7.570070e+00 6.351434e+00 3.403925e+00 2.688950e-01 2.371284e+00 2.340979e+00
<GCONST> 1.337926e+02
<STATE> 3
<NUMMIXES> 2
<MIXTURE> 1 4.454426e-01
<MEAN> 22
 1.179131e+01 1.344632e+01 3.129344e+00 3.932298e+00 8.599604e+01 7.836427e+01 1.030240e+02 9.834780e+01 7.882063e+01 7.155774e+01 1.317524e+02 1.462401e+02 1.107834e+02 1.126563e+02 3.699628e+00 3.988589e+00 4.965209e+00 5.273189e+00 4.401771e+00 4.352478e+00 3.045046e+00 2.983714e+00
<VARIANCE> 22
 2.517030e+02 3.426959e+02 2.059297e+01 3.077104e+01 6.096651e+03 6.276166e+03 1.735164e+03 1.653868e+03 4.730337e+02 5.774250e+02 5.636968e+03 3.997996e+03 5.484570e+02 2.842035e+02 8.283826e+00 1.495285e+00 6.142857e+00 9.928449e-01 3.135020e+00 5.507938e+00 6.399698e+00 5.929820e+00
<GCONST> 1.427946e+02
<MIXTURE> 2 5.545264e-01
<MEAN> 22
 3.151891e+00 5.815636e+00 8.111380e-01 1.432409e+00 5.140363e+01 1.173621e+02 7.602014e+01 8.290473e+01 6.166273e+01 7.021249e+01 1.315689e+02 7.581084e+01 1.050611e+02 9.771437e+01 4.537751e+00 2.743833e+00 5.979669e+00 5.013394e+00 4.864634e+00 2.157155e+00 2.234170e+00 2.826728e+00
<VARIANCE> 22
 2.658706e+01 5.661722e+01 3.300595e+00 2.949345e+00 3.355068e+03 4.279609e+03 7.873324e+02 1.625906e+03 1.252527e+02 3.790393e+02 3.839833e+03 2.425068e+03 1.425045e+02 1.839519e+02 7.692725e+00 1.416107e+00 1.172266e+00 1.493372e+00 2.169050e+00 5.236295e+00 6.114153e+00 6.036399e+00
<GCONST> 1.265433e+02
<STATE> 4
<NUMMIXES> 2
<MIXTURE> 1 7.506666e-01
<MEAN> 22
 2.385381e+00 3.158565e+00 8.701991e-01 1.161015e+00 9.591372e+00 1.148569e+01 9.858565e+01 9.646844e+01 6.257098e+01 5.949296e+01 1.974772e+02 1.957369e+02 1.183651e+02 1.174164e+02 6.997907e+00 5.000142e+00 6.111641e+00 5.894316e+00 6.001182e+00 5.996899e+00 2.145316e+00 2.247279e+00
<VARIANCE> 22
 2.240405e+01 3.304318e+01 3.300595e+00 4.222828e+00 1.493691e+02 1.951351e+02 2.923267e+02 2.231079e+02 8.867997e+01 7.598787e+01 5.112335e+02 4.479384e+02 1.688852e+02 1.351931e+02 6.504288e-02 1.793316e-02 9.912719e-02 9.440257e-02 2.082489e-02 5.618803e-02 5.958903e+00 6.049385e+00
<GCONST> 8.764246e+01
<MIXTURE> 2 2.493830e-01
<MEAN> 22
 5.570736e+00 1.048722e+01 1.300192e+00 2.281686e+00 4.383803e+01 7.445392e+01 8.146261e+01 7.429164e+01 6.199699e+01 6.559544e+01 1.545520e+02 1.229471e+02 1.069216e+02 1.029056e+02 5.374759e+00 3.930419e+00 5.950439e+00 5.379912e+00 5.421373e+00 4.480662e+00 2.212448e+00 2.875928e+00
<VARIANCE> 22
 1.068473e+02 1.705857e+02 6.716983e+00 1.035248e+01 3.599832e+03 3.571223e+03 7.715516e+02 1.118097e+03 2.098541e+02 3.080739e+02 2.365948e+03 2.779208e+03 1.721888e+02 1.681874e+02 7.216868e+00 1.433827e+00 1.489146e+00 6.975524e-01 1.543603e+00 6.236953e+00 5.731279e+00 5.569171e+00
<GCONST> 1.296748e+02
<TRANSP> 5
 0.000000e+00 1.000000e+00 0.000000e+00 0.000000e+00 0.000000e+00
 0.000000e+00 2.990945e-01 7.009054e-01 0.000000e+00 0.000000e+00
 0.000000e+00 0.000000e+00 8.752639e-01 1.247361e-01 0.000000e+00
 0.000000e+00 0.000000e+00 0.000000e+00 9.139726e-01 8.602745e-02
 0.000000e+00 0.000000e+00 0.000000e+00 0.000000e+00 0.000000e+00
<ENDHMM>
