~o
<STREAMINFO> 1 23
<VECSIZE> 23<NULLD><MFCC_0><DIAGC>
~h "BN"
<BEGINHMM>
<NUMSTATES> 5
<STATE> 2
<MEAN> 23
 6.372851e+000 1.344279e+001 2.702520e+000 4.239069e+000 9.644121e+001 1.167371e+002 8.207793e+001 8.273176e+001 6.448177e+001 6.620728e+001 1.494203e+002 1.112786e+002 1.026247e+002 9.913062e+001 4.801497e+000 3.453444e+000 5.358183e+000 4.660616e+000 4.920428e+000 3.830579e+000 2.138415e+000 2.219893e+000 1.281910e+002
<VARIANCE> 23
 8.737971e+002 7.947862e+002 6.487167e+002 4.187722e+002 2.764112e+004 1.581229e+004 1.608233e+003 1.766155e+003 6.755021e+002 8.033559e+002 5.408716e+003 4.980600e+003 1.433575e+003 1.098113e+003 8.733152e+000 2.707996e+000 4.539064e+000 2.941269e+000 3.275775e+000 6.909003e+000 5.719130e+000 4.288021e+000 4.723160e+003
<GCONST> 1.681062e+002
<STATE> 3
<MEAN> 23
 1.129715e+000 8.646373e+000 4.621617e-001 2.670676e+000 9.531368e+000 1.720985e+002 9.119382e+001 1.174173e+002 5.845679e+001 9.005547e+001 1.886309e+002 3.956509e+001 1.140226e+002 1.010750e+002 6.953556e+000 2.183328e+000 6.041239e+000 3.865316e+000 5.967716e+000 1.126306e+000 1.477499e+000 2.867876e+000 2.029464e+002
<VARIANCE> 23
 6.878973e+000 1.484270e+002 3.300596e+000 1.434436e+001 4.589313e+002 1.791575e+003 2.668270e+002 6.307919e+002 7.070587e+001 3.653279e+002 6.491878e+002 6.212518e+002 1.569830e+002 1.587403e+002 2.467350e-001 2.357586e-001 1.924376e-001 6.543552e-001 8.167604e-002 4.568799e-001 5.103300e+000 5.878591e+000 1.132816e+003
<GCONST> 1.141296e+002
<STATE> 4
<MEAN> 23
 8.438245e+000 6.406810e+000 2.480957e+000 1.699875e+000 1.016544e+002 2.438054e+001 1.059719e+002 8.609633e+001 8.021293e+001 5.954574e+001 9.736295e+001 1.783510e+002 1.064517e+002 1.143384e+002 3.620732e+000 4.733379e+000 3.562905e+000 5.781536e+000 4.101906e+000 5.703825e+000 3.117861e+000 2.640108e+000 1.661943e+002
<VARIANCE> 23
 1.740481e+002 1.698999e+002 1.696410e+001 9.262764e+000 6.707775e+003 8.846469e+002 9.707625e+002 7.487346e+002 4.188141e+002 9.185431e+001 5.773135e+003 1.609760e+003 2.896281e+002 1.606852e+002 6.617170e+000 5.087364e-001 8.592381e+000 1.962359e-001 2.377749e+000 2.183769e+000 6.324411e+000 6.771496e+000 2.998160e+003
<GCONST> 1.392124e+002
<TRANSP> 5
 0.000000e+000 1.000000e+000 0.000000e+000 0.000000e+000 0.000000e+000
 0.000000e+000 8.054259e-001 1.945741e-001 0.000000e+000 0.000000e+000
 0.000000e+000 0.000000e+000 9.503498e-001 4.965022e-002 0.000000e+000
 0.000000e+000 0.000000e+000 0.000000e+000 9.383767e-001 6.162335e-002
 0.000000e+000 0.000000e+000 0.000000e+000 0.000000e+000 0.000000e+000
<ENDHMM>
~h "BS"
<BEGINHMM>
<NUMSTATES> 5
<STATE> 2
<MEAN> 23
 1.728999e+001 1.744373e+001 4.065693e+000 3.822462e+000 6.690968e+001 6.473542e+001 5.641967e+001 5.517599e+001 6.338092e+001 5.976758e+001 1.422433e+002 1.388978e+002 1.063373e+002 1.062419e+002 5.238500e+000 4.277757e+000 6.005908e+000 5.851624e+000 5.180624e+000 5.036182e+000 2.788475e+000 2.111912e+000 7.461857e+001
<VARIANCE> 23
 7.787292e+002 6.531378e+002 5.166362e+002 3.436168e+002 6.265499e+003 4.856990e+003 1.087712e+003 9.795270e+002 1.283214e+002 1.222381e+002 2.027800e+003 2.023066e+003 2.923518e+002 2.569983e+002 6.244274e+000 2.398531e+000 5.081843e-001 4.269769e-001 1.068100e+000 6.691206e+000 3.373473e+000 4.017015e+000 2.354948e+003
<GCONST> 1.482380e+002
<STATE> 3
<MEAN> 23
 2.016483e+001 2.049779e+001 3.719983e+000 3.680494e+000 1.089136e+002 1.081791e+002 8.624117e+001 8.497153e+001 7.387341e+001 6.701283e+001 1.102986e+002 1.142332e+002 1.053254e+002 1.054364e+002 1.255394e+000 3.068982e+000 5.111589e+000 5.303937e+000 3.085139e+000 2.748839e+000 2.593288e+000 3.281806e+000 1.389445e+002
<VARIANCE> 23
 4.215955e+002 4.324342e+002 1.983328e+001 1.903783e+001 1.988521e+003 1.545369e+003 2.677273e+003 2.366290e+003 2.790373e+002 2.546746e+002 1.739015e+003 1.767258e+003 1.582385e+002 1.371124e+002 2.064848e+000 1.355126e+000 6.762128e+000 6.051682e-001 4.532009e+000 5.012242e+000 6.002781e+000 4.609993e+000 1.074197e+004
<GCONST> 1.451762e+002
<STATE> 4
<MEAN> 23
 7.387032e+000 7.150363e+000 2.071198e+000 1.865527e+000 7.416389e+001 7.155108e+001 1.143375e+002 1.133441e+002 6.912348e+001 6.396771e+001 1.746658e+002 1.730749e+002 1.111187e+002 1.104021e+002 2.790114e+000 4.386845e+000 6.767496e+000 5.203193e+000 4.457705e+000 4.950197e+000 3.453794e+000 3.755122e+000 2.034922e+002
<VARIANCE> 23
 7.275039e+001 6.614805e+001 6.681766e+000 5.212294e+000 3.780154e+003 2.343198e+003 8.101919e+002 7.102015e+002 1.449454e+002 1.478994e+002 9.456149e+002 8.526071e+002 1.661089e+002 1.389086e+002 1.158328e+001 2.871374e-001 1.939342e-001 1.903123e-001 8.806354e+000 8.784406e-001 5.727295e+000 7.892492e+000 4.441852e+003
<GCONST> 1.293379e+002
<TRANSP> 5
 0.000000e+000 1.000000e+000 0.000000e+000 0.000000e+000 0.000000e+000
 0.000000e+000 8.209043e-001 1.790957e-001 0.000000e+000 0.000000e+000
 0.000000e+000 0.000000e+000 9.024465e-001 9.755352e-002 0.000000e+000
 0.000000e+000 0.000000e+000 0.000000e+000 9.522677e-001 4.773230e-002
 0.000000e+000 0.000000e+000 0.000000e+000 0.000000e+000 0.000000e+000
<ENDHMM>
~h "CF"
<BEGINHMM>
<NUMSTATES> 5
<STATE> 2
<MEAN> 23
 7.359683e+000 1.309538e+001 3.269359e+000 4.178960e+000 5.578809e+001 8.065702e+001 8.142845e+001 7.315915e+001 6.540361e+001 6.487136e+001 1.398482e+002 1.157723e+002 1.024521e+002 1.040570e+002 4.773356e+000 3.552071e+000 5.374972e+000 5.187044e+000 4.912700e+000 3.813077e+000 2.442912e+000 2.429409e+000 1.160037e+002
<VARIANCE> 23
 6.858439e+002 6.729902e+002 5.404497e+002 3.311140e+002 7.884124e+003 7.124440e+003 1.246033e+003 1.430373e+003 3.608526e+002 4.923609e+002 4.517421e+003 3.976509e+003 6.373234e+002 5.239566e+002 7.411837e+000 2.467783e+000 3.404640e+000 1.946965e+000 2.560781e+000 7.643650e+000 6.080593e+000 4.325433e+000 3.572535e+003
<GCONST> 1.603786e+002
<STATE> 3
<MEAN> 23
 1.398008e+000 9.859302e+000 6.189383e-001 3.674013e+000 9.377242e+000 1.855423e+002 9.318012e+001 1.232511e+002 5.940026e+001 9.977476e+001 1.877667e+002 4.024560e+001 1.130007e+002 8.809909e+001 6.934947e+000 2.165907e+000 6.067143e+000 3.277384e+000 5.958012e+000 1.083342e+000 1.583614e+000 2.822392e+000 2.071599e+002
<VARIANCE> 23
 1.009460e+001 2.172846e+002 3.300596e+000 2.667448e+001 4.144082e+002 2.099588e+003 3.533249e+002 8.935882e+002 9.109996e+001 4.311747e+002 8.105997e+002 8.046708e+002 1.846236e+002 3.221890e+002 3.224531e-001 2.557718e-001 2.444400e-001 1.733091e+000 1.098559e-001 6.406513e-001 5.465666e+000 5.882266e+000 1.494395e+003
<GCONST> 1.205132e+002
<STATE> 4
<MEAN> 23
 9.062986e+000 6.365197e+000 3.123954e+000 2.015316e+000 9.823585e+001 2.951846e+001 1.061966e+002 8.988612e+001 8.231663e+001 6.095955e+001 1.069810e+002 1.828276e+002 1.004959e+002 1.134433e+002 3.944155e+000 4.835126e+000 4.279735e+000 5.668262e+000 4.329195e+000 5.932185e+000 3.134187e+000 2.771729e+000 1.668319e+002
<VARIANCE> 23
 1.906797e+002 1.531719e+002 2.143868e+001 1.137757e+001 7.173442e+003 1.020191e+003 1.256289e+003 6.793328e+002 5.774651e+002 1.424987e+002 6.081082e+003 1.102889e+003 5.414487e+002 1.373307e+002 6.779540e+000 3.411968e-001 5.982627e+000 2.325952e-001 2.211352e+000 7.370165e-001 6.300080e+000 6.456540e+000 3.003254e+003
<GCONST> 1.391369e+002
<TRANSP> 5
 0.000000e+000 1.000000e+000 0.000000e+000 0.000000e+000 0.000000e+000
 0.000000e+000 7.923644e-001 2.076356e-001 0.000000e+000 0.000000e+000
 0.000000e+000 0.000000e+000 9.434350e-001 5.656498e-002 0.000000e+000
 0.000000e+000 0.000000e+000 0.000000e+000 9.448126e-001 5.518743e-002
 0.000000e+000 0.000000e+000 0.000000e+000 0.000000e+000 0.000000e+000
<ENDHMM>
~h "CN"
<BEGINHMM>
<NUMSTATES> 5
<STATE> 2
<MEAN> 23
 1.480258e+001 1.441001e+001 2.816866e+000 2.991307e+000 6.042394e+001 6.226637e+001 6.937349e+001 6.645860e+001 6.447865e+001 6.268343e+001 1.427349e+002 1.362760e+002 1.090730e+002 1.093142e+002 4.941494e+000 4.009152e+000 6.008150e+000 5.907036e+000 5.090104e+000 4.422536e+000 2.760114e+000 2.113565e+000 8.753420e+001
<VARIANCE> 23
 4.531437e+002 3.967105e+002 1.657312e+002 1.254094e+002 3.163906e+003 2.959369e+003 1.154308e+003 9.571155e+002 1.200571e+002 1.741037e+002 3.029863e+003 3.429942e+003 3.514620e+002 2.306115e+002 7.007367e+000 2.093058e+000 3.437589e-001 3.369216e-001 1.137429e+000 7.456844e+000 3.074124e+000 3.945283e+000 1.984494e+003
<GCONST> 1.444435e+002
<STATE> 3
<MEAN> 23
 7.785488e+000 8.382993e+000 1.203285e+000 1.038703e+000 1.438996e+002 1.382165e+002 7.040018e+001 6.826412e+001 6.625218e+001 6.379082e+001 4.370763e+001 4.652566e+001 1.032290e+002 1.044281e+002 2.032935e+000 1.935279e+000 5.801213e+000 5.934664e+000 3.210286e+000 7.619447e-001 3.187584e+000 3.112227e+000 2.020917e+001
<VARIANCE> 23
 1.124435e+002 1.412244e+002 3.300596e+000 2.164982e+000 1.793330e+003 1.518910e+003 5.321839e+002 6.063999e+002 9.367076e+001 1.078922e+002 3.549362e+002 4.506797e+002 1.298684e+002 1.212483e+002 7.015292e-002 1.307276e-001 7.178653e-001 5.288196e-001 1.799525e-001 2.163128e-001 6.009778e+000 6.019208e+000 3.963670e+002
<GCONST> 1.129449e+002
<STATE> 4
<MEAN> 23
 1.484070e+001 1.364013e+001 2.648755e+000 2.599207e+000 7.323203e+001 6.679053e+001 7.479804e+001 7.250603e+001 6.765578e+001 6.365238e+001 1.532406e+002 1.507040e+002 1.126032e+002 1.118343e+002 5.126416e+000 4.186981e+000 6.165324e+000 5.854061e+000 5.141831e+000 4.632996e+000 4.073302e+000 3.944222e+000 9.929799e+001
<VARIANCE> 23
 3.097962e+002 2.577205e+002 9.443676e+000 1.203534e+001 6.164185e+003 4.854924e+003 1.452059e+003 1.362048e+003 1.982340e+002 1.163442e+002 2.678458e+003 2.609788e+003 2.613618e+002 1.659988e+002 6.279199e+000 2.678093e+000 3.905599e-001 2.964707e-001 1.539242e+000 6.754299e+000 7.348085e+000 4.862489e+000 4.315771e+003
<GCONST> 1.414417e+002
<TRANSP> 5
 0.000000e+000 1.000000e+000 0.000000e+000 0.000000e+000 0.000000e+000
 0.000000e+000 8.373116e-001 1.626884e-001 0.000000e+000 0.000000e+000
 0.000000e+000 0.000000e+000 9.652372e-001 3.476283e-002 0.000000e+000
 0.000000e+000 0.000000e+000 0.000000e+000 9.110026e-001 8.899739e-002
 0.000000e+000 0.000000e+000 0.000000e+000 0.000000e+000 0.000000e+000
<ENDHMM>
~h "CP"
<BEGINHMM>
<NUMSTATES> 5
<STATE> 2
<MEAN> 23
 1.239322e+001 1.050992e+001 3.414783e+000 3.049313e+000 1.083905e+002 9.055988e+001 8.587756e+001 8.582577e+001 6.628247e+001 6.148509e+001 1.417556e+002 1.476399e+002 1.056273e+002 1.036346e+002 2.800962e+000 3.727962e+000 5.598240e+000 4.896183e+000 4.309299e+000 4.243196e+000 2.868280e+000 2.805173e+000 1.437742e+002
<VARIANCE> 23
 5.992764e+002 3.621091e+002 3.359949e+002 1.945070e+002 1.781257e+004 1.006173e+004 2.384158e+003 2.448985e+003 6.572839e+002 5.970107e+002 4.924145e+003 4.511107e+003 1.528628e+003 1.354579e+003 9.978474e+000 2.531614e+000 5.676378e+000 2.894024e+000 6.228427e+000 5.749622e+000 5.735340e+000 5.853591e+000 8.573183e+003
<GCONST> 1.667468e+002
<STATE> 3
<MEAN> 23
 8.779193e+000 9.166460e+000 2.089118e+000 2.126244e+000 4.975676e+001 4.591333e+001 6.546733e+001 6.760334e+001 6.543020e+001 6.240879e+001 1.393438e+002 1.411943e+002 1.034109e+002 1.030639e+002 3.200390e+000 4.382024e+000 6.573732e+000 5.374484e+000 5.747353e+000 5.646369e+000 3.509939e+000 3.339663e+000 1.169675e+002
<VARIANCE> 23
 7.466709e+001 7.716880e+001 7.845325e+000 7.531798e+000 6.411202e+002 6.067024e+002 3.151164e+002 3.892125e+002 1.340593e+002 1.420792e+002 6.596305e+002 7.008916e+002 9.331772e+001 9.763645e+001 1.173031e+001 4.309953e-001 2.598206e-001 2.430529e-001 8.466680e-001 1.867204e+000 5.247831e+000 5.203907e+000 1.083139e+003
<GCONST> 1.212247e+002
<STATE> 4
<MEAN> 23
 8.431730e+000 7.810812e+000 2.266098e+000 2.314142e+000 3.925621e+001 3.406354e+001 9.403614e+001 9.551336e+001 6.833923e+001 6.433854e+001 1.885575e+002 1.897541e+002 1.195929e+002 1.190490e+002 6.580151e+000 4.906404e+000 6.339880e+000 5.570857e+000 5.998208e+000 5.886918e+000 3.765964e+000 3.546492e+000 1.413992e+002
<VARIANCE> 23
 7.612192e+001 6.837191e+001 6.680738e+000 6.906809e+000 1.256378e+003 7.180382e+002 4.825863e+002 3.548460e+002 1.090778e+002 1.094335e+002 6.345342e+002 5.092979e+002 1.739190e+002 1.242180e+002 2.676032e+000 1.108487e-001 2.626317e-001 2.571886e-001 1.172653e-001 2.301344e-001 5.674047e+000 5.709393e+000 1.221569e+003
<GCONST> 1.155408e+002
<TRANSP> 5
 0.000000e+000 1.000000e+000 0.000000e+000 0.000000e+000 0.000000e+000
 0.000000e+000 7.385619e-001 2.614380e-001 0.000000e+000 0.000000e+000
 0.000000e+000 0.000000e+000 9.450819e-001 5.491808e-002 0.000000e+000
 0.000000e+000 0.000000e+000 0.000000e+000 9.238650e-001 7.613505e-002
 0.000000e+000 0.000000e+000 0.000000e+000 0.000000e+000 0.000000e+000
<ENDHMM>
~h "CV"
<BEGINHMM>
<NUMSTATES> 5
<STATE> 2
<MEAN> 23
 1.454967e+001 1.466130e+001 3.450785e+000 3.362245e+000 7.012813e+001 6.504108e+001 7.822504e+001 7.620419e+001 6.501166e+001 5.941848e+001 1.427781e+002 1.428638e+002 1.111668e+002 1.102269e+002 4.490913e+000 4.234349e+000 5.961293e+000 5.573388e+000 4.975799e+000 4.857417e+000 2.776291e+000 2.477992e+000 1.113473e+002
<VARIANCE> 23
 5.296968e+002 4.375494e+002 2.424221e+002 1.559193e+002 7.386859e+003 5.315911e+003 9.987057e+002 8.653633e+002 1.629458e+002 1.126125e+002 3.413729e+003 2.868763e+003 3.248427e+002 2.839277e+002 9.162868e+000 1.224108e+000 2.262572e+000 5.850598e-001 2.190951e+000 4.730369e+000 3.694728e+000 3.978148e+000 2.005854e+003
<GCONST> 1.489946e+002
<STATE> 3
<MEAN> 23
 8.179547e+000 8.257364e+000 1.830332e+000 1.971964e+000 1.319738e+002 1.307419e+002 7.562059e+001 7.524542e+001 6.497526e+001 6.168966e+001 5.421630e+001 5.612719e+001 1.039677e+002 1.045419e+002 1.480656e+000 2.491271e+000 5.999277e+000 5.133859e+000 2.933183e+000 1.186516e+000 3.476349e+000 3.375315e+000 6.099609e+001
<VARIANCE> 23
 1.224142e+002 1.137773e+002 7.708722e+000 9.126111e+000 2.243686e+003 1.791995e+003 6.868902e+002 7.420816e+002 1.028187e+002 9.556168e+001 3.780357e+002 3.761703e+002 1.842524e+002 1.498681e+002 3.724990e-001 3.768825e-001 4.600009e+000 5.286449e-001 4.163105e-001 4.859301e-001 5.656291e+000 5.941323e+000 6.959516e+002
<GCONST> 1.230860e+002
<STATE> 4
<MEAN> 23
 1.321717e+001 1.287824e+001 3.018123e+000 2.882837e+000 4.153131e+001 3.655170e+001 7.684903e+001 7.932518e+001 6.587341e+001 5.926816e+001 1.630098e+002 1.700957e+002 1.125821e+002 1.117092e+002 5.432349e+000 4.710750e+000 6.202452e+000 5.785544e+000 5.509613e+000 5.755432e+000 4.344793e+000 4.194416e+000 1.138285e+002
<VARIANCE> 23
 1.959139e+002 2.094565e+002 1.308779e+001 1.183609e+001 1.310282e+003 1.000301e+003 1.087233e+003 8.833964e+002 1.148502e+002 7.628734e+001 2.258068e+003 1.578866e+003 2.016563e+002 1.556064e+002 7.172491e+000 6.390247e-001 1.821441e-001 1.741895e-001 8.676939e-001 2.089644e+000 6.272520e+000 5.044568e+000 2.181107e+003
<GCONST> 1.301252e+002
<TRANSP> 5
 0.000000e+000 1.000000e+000 0.000000e+000 0.000000e+000 0.000000e+000
 0.000000e+000 8.301258e-001 1.698743e-001 0.000000e+000 0.000000e+000
 0.000000e+000 0.000000e+000 9.541429e-001 4.585712e-002 0.000000e+000
 0.000000e+000 0.000000e+000 0.000000e+000 8.998908e-001 1.001091e-001
 0.000000e+000 0.000000e+000 0.000000e+000 0.000000e+000 0.000000e+000
<ENDHMM>
~h "DC"
<BEGINHMM>
<NUMSTATES> 5
<STATE> 2
<MEAN> 23
 1.290219e+001 1.254693e+001 3.747430e+000 3.805462e+000 8.225124e+001 7.729601e+001 6.904428e+001 6.811530e+001 6.549562e+001 6.125213e+001 1.423084e+002 1.430473e+002 1.103471e+002 1.086545e+002 4.301478e+000 4.116113e+000 6.036246e+000 5.615102e+000 5.089109e+000 4.921922e+000 2.548380e+000 2.098489e+000 9.540038e+001
<VARIANCE> 23
 5.125113e+002 4.052253e+002 3.817141e+002 2.498271e+002 1.217895e+004 8.326804e+003 1.175345e+003 1.047312e+003 2.234114e+002 1.721959e+002 2.987728e+003 2.743372e+003 5.462880e+002 4.691717e+002 9.660074e+000 1.837211e+000 1.222743e+000 9.072701e-001 1.889511e+000 5.886683e+000 3.130429e+000 3.360633e+000 2.376989e+003
<GCONST> 1.528853e+002
<STATE> 3
<MEAN> 23
 1.127520e+001 1.199770e+001 1.849497e+000 1.969670e+000 1.209210e+002 1.176504e+002 4.625939e+001 4.825551e+001 6.538391e+001 6.276918e+001 7.265234e+001 7.360509e+001 9.936615e+001 1.000164e+002 1.922727e+000 2.169634e+000 5.969298e+000 5.884400e+000 3.769276e+000 6.503747e-001 2.774330e+000 2.598850e+000 3.205208e+001
<VARIANCE> 23
 2.076752e+002 2.331024e+002 1.221110e+001 1.103870e+001 1.505543e+003 1.269592e+003 6.270270e+002 6.248069e+002 9.324037e+001 1.218422e+002 4.677064e+002 5.146467e+002 1.436223e+002 1.428973e+002 7.356091e-001 8.920950e-001 2.967566e-001 3.672411e-001 2.994613e-001 2.226441e+000 5.497808e+000 5.752305e+000 5.647421e+002
<GCONST> 1.237098e+002
<STATE> 4
<MEAN> 23
 1.356554e+001 1.306075e+001 3.032855e+000 2.783864e+000 4.057630e+001 3.686939e+001 7.599355e+001 7.593179e+001 6.499854e+001 6.036111e+001 1.674018e+002 1.687059e+002 1.105992e+002 1.105842e+002 5.854744e+000 4.863618e+000 6.235917e+000 5.752842e+000 5.642131e+000 6.074733e+000 4.248287e+000 4.078228e+000 1.061996e+002
<VARIANCE> 23
 2.114694e+002 2.189653e+002 1.221146e+001 1.082345e+001 1.517372e+003 1.165259e+003 1.083356e+003 8.950485e+002 1.058417e+002 1.002002e+002 1.484653e+003 1.355529e+003 1.728114e+002 1.485962e+002 5.711197e+000 4.661072e-001 2.106418e-001 2.074567e-001 4.836630e-001 1.002436e+000 7.166804e+000 4.372271e+000 2.179970e+003
<GCONST> 1.282624e+002
<TRANSP> 5
 0.000000e+000 1.000000e+000 0.000000e+000 0.000000e+000 0.000000e+000
 0.000000e+000 8.652879e-001 1.347121e-001 0.000000e+000 0.000000e+000
 0.000000e+000 0.000000e+000 9.577686e-001 4.223143e-002 0.000000e+000
 0.000000e+000 0.000000e+000 0.000000e+000 8.974870e-001 1.025130e-001
 0.000000e+000 0.000000e+000 0.000000e+000 0.000000e+000 0.000000e+000
<ENDHMM>
~h "FM"
<BEGINHMM>
<NUMSTATES> 5
<STATE> 2
<MEAN> 23
 8.221570e+000 3.898741e+000 2.856329e+000 1.678087e+000 5.975082e+001 1.643810e+001 6.644032e+001 9.407345e+001 9.405369e+001 6.087024e+001 1.438394e+002 1.898331e+002 1.143861e+002 1.176149e+002 2.423332e+000 4.831764e+000 6.525574e+000 5.824656e+000 5.326782e+000 5.934707e+000 3.061540e+000 2.089330e+000 1.365927e+002
<VARIANCE> 23
 3.739871e+002 3.568714e+002 2.637552e+002 1.706825e+002 1.140344e+003 5.859614e+002 7.632275e+002 5.911040e+002 5.112677e+002 1.331342e+002 1.229274e+003 1.297965e+003 2.207614e+002 1.753008e+002 1.058906e+001 2.585600e-001 3.362817e-001 1.729880e-001 4.216544e-001 7.720873e-001 6.512677e+000 5.655928e+000 9.710977e+002
<GCONST> 1.347196e+002
<STATE> 3
<MEAN> 23
 1.533484e+000 7.299482e+000 6.016541e-001 2.057184e+000 1.049750e+001 5.626814e+001 9.504919e+001 6.530717e+001 5.814560e+001 8.615649e+001 1.921890e+002 1.398287e+002 1.145892e+002 1.066081e+002 6.961300e+000 4.288061e+000 6.063283e+000 5.334913e+000 5.990166e+000 6.451882e+000 1.753326e+000 3.202016e+000 1.344918e+002
<VARIANCE> 23
 9.940832e+000 5.740499e+001 3.300596e+000 9.340074e+000 3.516207e+002 6.237332e+002 2.718692e+002 5.755273e+002 7.765287e+001 3.559582e+002 5.136166e+002 9.642639e+002 1.723072e+002 1.593415e+002 2.292847e-001 2.763084e-001 7.444021e-002 2.338091e-001 2.442771e-002 4.809068e-001 5.725480e+000 5.773464e+000 5.854633e+002
<GCONST> 1.084819e+002
<STATE> 4
<MEAN> 23
 4.814564e+000 4.809529e+000 1.221149e+000 1.475859e+000 8.405328e+001 7.217088e+001 5.912196e+001 5.493487e+001 6.879908e+001 6.122213e+001 1.331198e+002 1.244152e+002 9.959905e+001 9.708896e+001 3.351512e+000 3.648471e+000 5.879891e+000 5.259002e+000 4.950197e+000 4.456801e+000 2.358483e+000 2.373483e+000 9.680435e+001
<VARIANCE> 23
 6.823153e+001 5.865812e+001 4.869904e+000 8.243433e+000 1.818170e+004 1.056625e+004 1.419897e+003 1.190623e+003 7.254513e+002 5.559137e+002 3.196789e+003 2.860329e+003 9.775629e+002 8.705209e+002 1.078414e+001 2.451217e+000 2.862854e+000 2.240027e+000 2.356726e+000 8.311882e+000 5.966966e+000 6.419528e+000 2.654284e+003
<GCONST> 1.499001e+002
<TRANSP> 5
 0.000000e+000 1.000000e+000 0.000000e+000 0.000000e+000 0.000000e+000
 0.000000e+000 8.885161e-001 1.114839e-001 0.000000e+000 0.000000e+000
 0.000000e+000 0.000000e+000 9.546270e-001 4.537300e-002 0.000000e+000
 0.000000e+000 0.000000e+000 0.000000e+000 8.501256e-001 1.498744e-001
 0.000000e+000 0.000000e+000 0.000000e+000 0.000000e+000 0.000000e+000
<ENDHMM>
~h "FN"
<BEGINHMM>
<NUMSTATES> 5
<STATE> 2
<MEAN> 23
 7.955206e+000 1.408240e+001 3.548740e+000 4.183770e+000 8.440823e+001 9.911985e+001 8.759361e+001 8.079200e+001 6.319545e+001 6.097834e+001 1.572083e+002 1.254268e+002 1.049147e+002 1.038020e+002 5.421931e+000 3.790383e+000 5.523423e+000 5.128948e+000 5.195986e+000 4.240942e+000 2.417401e+000 2.298306e+000 1.232971e+002
<VARIANCE> 23
 1.112819e+003 8.323678e+002 8.601349e+002 5.065275e+002 2.374364e+004 1.351257e+004 1.212284e+003 1.251511e+003 3.989703e+002 2.909856e+002 4.445959e+003 5.590874e+003 1.047210e+003 7.386472e+002 6.374592e+000 2.506721e+000 3.240765e+000 2.458666e+000 2.334693e+000 6.785378e+000 6.115278e+000 4.438936e+000 3.060553e+003
<GCONST> 1.640000e+002
<STATE> 3
<MEAN> 23
 1.274617e+000 1.229737e+001 5.479687e-001 3.050671e+000 9.501196e+000 1.597745e+002 9.176924e+001 1.012083e+002 5.827968e+001 6.862977e+001 1.885076e+002 4.065080e+001 1.126582e+002 9.760575e+001 6.916776e+000 2.263624e+000 6.045901e+000 4.436979e+000 5.958374e+000 1.370803e+000 1.513921e+000 3.425239e+000 1.858502e+002
<VARIANCE> 23
 8.215267e+000 2.143409e+002 3.300596e+000 1.763279e+001 5.221448e+002 2.216694e+003 2.814187e+002 9.592231e+002 6.389756e+001 1.613854e+002 7.496683e+002 1.204460e+003 1.559425e+002 2.379282e+002 4.158358e-001 3.502420e-001 1.888898e-001 1.417328e+000 1.082761e-001 1.124389e+000 5.159255e+000 5.423450e+000 1.454092e+003
<GCONST> 1.190156e+002
<STATE> 4
<MEAN> 23
 8.141266e+000 6.166378e+000 2.204225e+000 1.611020e+000 7.941737e+001 2.792160e+001 9.329186e+001 8.218818e+001 6.934686e+001 5.901572e+001 1.159056e+002 1.728582e+002 1.065264e+002 1.131541e+002 4.038814e+000 4.595094e+000 4.987903e+000 5.788543e+000 4.424214e+000 5.448265e+000 3.117996e+000 2.725883e+000 1.433239e+002
<VARIANCE> 23
 1.429072e+002 1.316970e+002 1.118932e+001 6.057414e+000 5.728944e+003 9.463382e+002 1.362163e+003 9.642474e+002 2.013065e+002 9.244588e+001 5.970914e+003 2.030587e+003 3.279395e+002 1.716013e+002 7.181869e+000 1.041690e+000 5.610089e+000 1.846982e-001 2.505016e+000 3.516800e+000 6.587106e+000 6.722815e+000 3.899587e+003
<GCONST> 1.392874e+002
<TRANSP> 5
 0.000000e+000 1.000000e+000 0.000000e+000 0.000000e+000 0.000000e+000
 0.000000e+000 7.697428e-001 2.302573e-001 0.000000e+000 0.000000e+000
 0.000000e+000 0.000000e+000 9.399995e-001 6.000047e-002 0.000000e+000
 0.000000e+000 0.000000e+000 0.000000e+000 9.425009e-001 5.749910e-002
 0.000000e+000 0.000000e+000 0.000000e+000 0.000000e+000 0.000000e+000
<ENDHMM>
~h "FU"
<BEGINHMM>
<NUMSTATES> 5
<STATE> 2
<MEAN> 23
 9.123135e+000 3.635351e+000 2.346719e+000 1.108029e+000 1.114501e+002 2.573670e+001 1.000626e+002 8.814225e+001 6.446504e+001 5.559843e+001 7.589735e+001 1.800942e+002 1.012697e+002 1.111939e+002 3.251152e+000 4.816848e+000 3.899732e+000 5.795324e+000 3.717756e+000 5.820283e+000 3.102518e+000 2.083727e+000 1.656680e+002
<VARIANCE> 23
 2.164290e+002 5.629118e+001 1.321312e+001 3.465274e+000 6.236926e+003 1.289958e+003 9.686744e+002 4.642544e+002 1.784735e+002 6.454679e+001 5.422360e+003 1.320994e+003 2.674832e+002 1.567234e+002 5.397932e+000 4.084823e-001 7.585028e+000 2.169120e-001 2.237688e+000 1.118407e+000 6.306752e+000 5.422443e+000 2.393127e+003
<GCONST> 1.337182e+002
<STATE> 3
<MEAN> 23
 1.363242e+000 8.470427e+000 5.925496e-001 2.007635e+000 7.878161e+000 1.641195e+002 8.983705e+001 1.029840e+002 5.611887e+001 6.268157e+001 1.857614e+002 3.047583e+001 1.105174e+002 9.540512e+001 6.952393e+000 2.148060e+000 6.060366e+000 4.283022e+000 5.971355e+000 1.355208e+000 1.614307e+000 2.806376e+000 1.843414e+002
<VARIANCE> 23
 9.438151e+000 1.806169e+002 3.300596e+000 8.046525e+000 3.366444e+002 1.819811e+003 2.608732e+002 6.828594e+002 7.059616e+001 1.675088e+002 6.367227e+002 9.487755e+002 1.776722e+002 1.661025e+002 2.452124e-001 2.707848e-001 8.972315e-002 2.042636e+000 7.619110e-002 8.308597e-001 5.452728e+000 6.434751e+000 1.130432e+003
<GCONST> 1.148091e+002
<STATE> 4
<MEAN> 23
 4.454772e+000 1.406522e+001 1.586921e+000 3.515423e+000 7.189389e+001 7.878410e+001 8.617321e+001 7.276160e+001 5.806424e+001 5.823355e+001 1.649985e+002 1.427028e+002 1.071990e+002 1.008721e+002 5.751987e+000 4.171580e+000 5.637362e+000 5.311743e+000 5.263758e+000 4.940114e+000 2.534990e+000 3.574639e+000 1.125899e+002
<VARIANCE> 23
 1.904619e+002 4.061277e+002 9.837321e+001 8.285355e+001 2.068168e+004 1.196332e+004 1.300730e+003 1.336257e+003 3.508891e+002 4.070908e+002 4.866644e+003 4.087745e+003 1.118299e+003 1.009857e+003 5.676180e+000 2.542124e+000 2.670662e+000 2.349092e+000 2.621513e+000 5.676793e+000 6.773060e+000 6.000414e+000 3.265762e+003
<GCONST> 1.578424e+002
<TRANSP> 5
 0.000000e+000 1.000000e+000 0.000000e+000 0.000000e+000 0.000000e+000
 0.000000e+000 9.308642e-001 6.913586e-002 0.000000e+000 0.000000e+000
 0.000000e+000 0.000000e+000 9.399768e-001 6.002330e-002 0.000000e+000
 0.000000e+000 0.000000e+000 0.000000e+000 8.571607e-001 1.428393e-001
 0.000000e+000 0.000000e+000 0.000000e+000 0.000000e+000 0.000000e+000
<ENDHMM>
~h "MC"
<BEGINHMM>
<NUMSTATES> 5
<STATE> 2
<MEAN> 23
 1.006311e+001 1.158698e+001 4.298102e+000 3.344444e+000 6.619767e+001 5.313066e+001 7.918092e+001 7.924182e+001 7.499841e+001 6.640277e+001 1.427085e+002 1.514196e+002 1.139119e+002 1.144178e+002 4.234717e+000 4.130115e+000 6.312165e+000 5.807831e+000 4.930589e+000 4.502310e+000 2.901976e+000 2.425409e+000 1.262573e+002
<VARIANCE> 23
 6.438027e+002 9.882524e+002 5.285727e+002 3.097945e+002 3.569427e+003 3.325469e+003 1.489113e+003 1.155468e+003 4.139569e+002 2.080876e+002 4.972421e+003 3.745306e+003 6.264078e+002 3.103209e+002 8.354198e+000 1.695287e+000 4.297496e-001 2.439495e-001 1.481802e+000 6.898847e+000 6.198454e+000 5.249393e+000 3.086890e+003
<GCONST> 1.528068e+002
<STATE> 3
<MEAN> 23
 1.551815e+000 9.652086e+000 6.523582e-001 2.860707e+000 8.010238e+000 1.017855e+002 9.243469e+001 6.005868e+001 5.665754e+001 7.948850e+001 1.887981e+002 8.758243e+001 1.125928e+002 9.928163e+001 6.982317e+000 3.079839e+000 6.050951e+000 5.631104e+000 5.993709e+000 2.379292e+000 1.859048e+000 3.233557e+000 1.392366e+002
<VARIANCE> 23
 8.339272e+000 9.185186e+001 3.300596e+000 1.177981e+001 1.525859e+002 2.263386e+003 2.462636e+002 8.348336e+002 7.704159e+001 4.240969e+002 4.751579e+002 2.261167e+003 1.423016e+002 2.380830e+002 9.041505e-002 1.273622e+000 5.272986e-002 3.536862e-001 2.082488e-002 8.455815e+000 5.807638e+000 5.150015e+000 1.211960e+003
<GCONST> 1.148890e+002
<STATE> 4
<MEAN> 23
 7.531145e+000 4.535322e+000 2.223079e+000 1.563514e+000 7.848524e+001 3.803327e+001 6.067318e+001 7.527418e+001 7.441634e+001 6.005495e+001 1.107983e+002 1.573206e+002 1.052390e+002 1.085277e+002 2.994694e+000 4.276706e+000 6.172887e+000 5.704917e+000 4.519096e+000 5.080421e+000 3.074123e+000 2.730561e+000 1.146647e+002
<VARIANCE> 23
 7.733886e+001 5.952562e+001 8.902631e+000 7.210193e+000 6.117937e+003 3.745661e+003 8.842769e+002 1.075893e+003 3.901896e+002 1.955269e+002 3.216534e+003 2.913085e+003 3.286035e+002 2.536854e+002 7.231417e+000 1.464217e+000 5.585312e-001 4.466348e-001 1.430483e+000 5.387005e+000 6.056599e+000 6.184399e+000 2.060783e+003
<GCONST> 1.384743e+002
<TRANSP> 5
 0.000000e+000 1.000000e+000 0.000000e+000 0.000000e+000 0.000000e+000
 0.000000e+000 7.391815e-001 2.608186e-001 0.000000e+000 0.000000e+000
 0.000000e+000 0.000000e+000 9.608733e-001 3.912668e-002 0.000000e+000
 0.000000e+000 0.000000e+000 0.000000e+000 9.240033e-001 7.599667e-002
 0.000000e+000 0.000000e+000 0.000000e+000 0.000000e+000 0.000000e+000
<ENDHMM>
~h "NU"
<BEGINHMM>
<NUMSTATES> 5
<STATE> 2
<MEAN> 23
 5.811404e+000 9.963941e+000 2.299195e+000 2.291126e+000 2.041960e+002 1.744101e+002 6.414052e+001 5.868023e+001 5.129679e+001 4.732536e+001 1.248615e+002 1.047174e+002 8.369686e+001 8.578925e+001 3.999337e+000 3.051695e+000 4.642545e+000 4.187612e+000 4.034299e+000 3.104268e+000 1.857584e+000 1.871847e+000 9.452916e+001
<VARIANCE> 23
 6.138269e+002 1.133758e+003 4.517655e+002 2.863766e+002 5.657311e+004 3.078707e+004 2.298522e+003 1.785482e+003 1.004194e+003 8.456668e+002 8.026717e+003 6.345859e+003 3.123688e+003 2.650698e+003 1.028881e+001 4.097496e+000 7.418521e+000 6.118187e+000 6.244929e+000 8.012936e+000 5.627697e+000 4.887122e+000 5.474821e+003
<GCONST> 1.747195e+002
<STATE> 3
<MEAN> 23
 1.371817e+000 8.535625e+000 5.388792e-001 2.393121e+000 1.109952e+001 9.370715e+001 9.172958e+001 7.165538e+001 5.819217e+001 6.368727e+001 1.885916e+002 9.845680e+001 1.129913e+002 1.047592e+002 6.950096e+000 3.394679e+000 6.076262e+000 5.319085e+000 5.962686e+000 2.878749e+000 1.576151e+000 3.171103e+000 1.479441e+002
<VARIANCE> 23
 8.473407e+000 1.287052e+002 3.300596e+000 1.040692e+001 4.666796e+002 2.623272e+003 2.886584e+002 7.080014e+002 5.983120e+001 1.252056e+002 6.057031e+002 2.620280e+003 1.611182e+002 1.742784e+002 2.605461e-001 1.059420e+000 9.255826e-002 3.946249e-001 8.130048e-002 6.020195e+000 5.307404e+000 5.686931e+000 1.273000e+003
<GCONST> 1.177344e+002
<STATE> 4
<MEAN> 23
 7.137366e+000 4.522183e+000 2.070177e+000 1.508965e+000 7.396474e+001 3.924015e+001 7.563486e+001 7.990649e+001 7.062178e+001 5.706035e+001 1.136923e+002 1.533938e+002 1.090983e+002 1.100427e+002 2.814440e+000 4.150377e+000 6.204168e+000 5.701097e+000 4.163089e+000 4.496250e+000 3.051811e+000 2.622976e+000 1.272613e+002
<VARIANCE> 23
 9.124034e+001 5.489780e+001 8.035572e+000 5.925326e+000 3.281153e+003 2.290526e+003 1.269322e+003 1.080329e+003 2.141480e+002 6.757631e+001 3.741809e+003 3.359651e+003 2.647049e+002 2.158230e+002 7.260417e+000 1.515032e+000 2.305472e+000 2.707347e-001 2.547379e+000 5.924308e+000 6.334146e+000 6.281262e+000 4.037347e+003
<GCONST> 1.381245e+002
<TRANSP> 5
 0.000000e+000 1.000000e+000 0.000000e+000 0.000000e+000 0.000000e+000
 0.000000e+000 6.201977e-001 3.798023e-001 0.000000e+000 0.000000e+000
 0.000000e+000 0.000000e+000 9.518653e-001 4.813472e-002 0.000000e+000
 0.000000e+000 0.000000e+000 0.000000e+000 9.161767e-001 8.382320e-002
 0.000000e+000 0.000000e+000 0.000000e+000 0.000000e+000 0.000000e+000
<ENDHMM>
~h "OK"
<BEGINHMM>
<NUMSTATES> 5
<STATE> 2
<MEAN> 23
 1.287976e+001 7.579740e+000 4.181254e+000 2.597681e+000 9.174801e+001 5.322372e+001 9.982149e+001 8.687070e+001 7.846497e+001 5.920730e+001 1.125583e+002 1.567944e+002 1.090950e+002 1.132399e+002 3.272617e+000 4.185887e+000 4.662798e+000 5.602782e+000 4.170485e+000 4.708960e+000 3.376832e+000 2.613149e+000 1.627090e+002
<VARIANCE> 23
 6.161306e+002 4.944786e+002 3.951931e+002 2.366032e+002 5.940914e+003 3.745271e+003 1.667783e+003 7.040184e+002 2.999040e+002 1.381942e+002 5.419854e+003 4.284500e+003 6.365626e+002 2.489154e+002 7.380137e+000 1.631634e+000 7.734852e+000 5.279518e-001 2.683743e+000 5.075485e+000 6.459800e+000 5.983826e+000 4.578682e+003
<GCONST> 1.553945e+002
<STATE> 3
<MEAN> 23
 1.644367e+000 1.213363e+001 7.064663e-001 3.012739e+000 9.934085e+000 1.094886e+002 9.236701e+001 9.345830e+001 5.692963e+001 6.936035e+001 1.913885e+002 9.530469e+001 1.143632e+002 1.057132e+002 6.964770e+000 3.335796e+000 6.050885e+000 4.948929e+000 5.982229e+000 3.129288e+000 1.923673e+000 3.432649e+000 1.661987e+002
<VARIANCE> 23
 9.154742e+000 2.353851e+002 3.300596e+000 1.384948e+001 2.904806e+002 4.393271e+003 2.344241e+002 8.012693e+002 6.673818e+001 2.023802e+002 4.860018e+002 4.065375e+003 1.386686e+002 1.881135e+002 1.888292e-001 1.396284e+000 6.712143e-002 6.831245e-001 4.289277e-002 5.204565e+000 5.962838e+000 5.712308e+000 1.842436e+003
<GCONST> 1.192803e+002
<STATE> 4
<MEAN> 23
 1.001623e+001 3.269387e+000 2.703708e+000 1.073642e+000 9.761742e+001 3.671963e+001 8.824223e+001 7.946171e+001 6.758306e+001 5.293993e+001 1.057606e+002 1.708007e+002 1.036035e+002 1.090249e+002 3.387731e+000 4.542122e+000 4.974221e+000 5.670596e+000 3.941531e+000 5.483875e+000 3.075388e+000 2.343158e+000 1.398721e+002
<VARIANCE> 23
 1.988289e+002 4.383578e+001 1.435748e+001 3.629555e+000 1.010400e+004 5.687975e+003 1.242270e+003 1.009576e+003 3.195633e+002 1.619822e+002 5.155110e+003 2.535713e+003 6.765463e+002 5.731115e+002 7.848180e+000 1.422839e+000 7.454353e+000 1.293202e+000 3.522891e+000 3.438541e+000 6.201377e+000 6.238119e+000 3.265101e+003
<GCONST> 1.462344e+002
<TRANSP> 5
 0.000000e+000 1.000000e+000 0.000000e+000 0.000000e+000 0.000000e+000
 0.000000e+000 7.666113e-001 2.333886e-001 0.000000e+000 0.000000e+000
 0.000000e+000 0.000000e+000 9.390827e-001 6.091732e-002 0.000000e+000
 0.000000e+000 0.000000e+000 0.000000e+000 8.997328e-001 1.002672e-001
 0.000000e+000 0.000000e+000 0.000000e+000 0.000000e+000 0.000000e+000
<ENDHMM>
~h "PF"
<BEGINHMM>
<NUMSTATES> 5
<STATE> 2
<MEAN> 23
 7.196102e+000 1.420094e+001 3.334616e+000 4.288472e+000 9.468484e+001 1.011133e+002 8.756617e+001 8.435007e+001 6.277590e+001 6.366977e+001 1.612007e+002 1.339707e+002 1.061558e+002 1.039898e+002 5.588531e+000 3.961277e+000 5.637269e+000 5.260361e+000 5.332323e+000 4.579042e+000 2.365437e+000 2.391494e+000 1.289598e+002
<VARIANCE> 23
 8.856563e+002 8.179616e+002 6.976380e+002 4.585643e+002 2.769419e+004 1.559597e+004 9.270074e+002 1.526121e+003 2.965260e+002 3.260057e+002 3.589197e+003 4.350783e+003 6.150392e+002 5.417642e+002 6.167205e+000 2.087202e+000 2.546829e+000 1.774316e+000 1.902653e+000 5.865952e+000 5.768270e+000 4.052082e+000 3.123494e+003
<GCONST> 1.609197e+002
<STATE> 3
<MEAN> 23
 1.422184e+000 1.357853e+001 6.358666e-001 3.889630e+000 1.094403e+001 1.772737e+002 9.225192e+001 1.304625e+002 5.890325e+001 8.470519e+001 1.879327e+002 6.356957e+001 1.132857e+002 9.360792e+001 6.805528e+000 2.555141e+000 6.076430e+000 3.766297e+000 5.958153e+000 1.894620e+000 1.747335e+000 3.503391e+000 2.171128e+002
<VARIANCE> 23
 9.008048e+000 2.883459e+002 3.300596e+000 2.254136e+001 6.135370e+002 2.655353e+003 3.300880e+002 1.152932e+003 9.400364e+001 2.840080e+002 7.671999e+002 1.440047e+003 1.566804e+002 2.246563e+002 1.207189e+000 4.505464e-001 2.551814e-001 8.334409e-001 1.096072e-001 1.283190e+000 5.933857e+000 4.533898e+000 1.738008e+003
<GCONST> 1.228065e+002
<STATE> 4
<MEAN> 23
 8.547218e+000 5.961544e+000 2.698609e+000 1.925950e+000 9.019906e+001 2.646226e+001 1.137523e+002 8.867060e+001 7.631870e+001 5.851149e+001 1.296403e+002 1.803965e+002 1.063110e+002 1.143243e+002 3.907495e+000 4.694499e+000 4.091873e+000 5.716148e+000 4.136341e+000 5.531357e+000 3.063537e+000 2.805330e+000 1.693540e+002
<VARIANCE> 23
 1.684520e+002 1.204042e+002 1.735401e+001 9.441991e+000 6.958568e+003 9.343481e+002 1.982966e+003 7.602181e+002 4.207648e+002 9.498064e+001 4.658532e+003 1.573541e+003 3.470951e+002 1.475797e+002 7.938652e+000 7.194960e-001 7.448462e+000 2.213725e-001 3.646075e+000 2.683406e+000 6.827306e+000 6.699333e+000 5.081431e+003
<GCONST> 1.413281e+002
<TRANSP> 5
 0.000000e+000 1.000000e+000 0.000000e+000 0.000000e+000 0.000000e+000
 0.000000e+000 7.399675e-001 2.600325e-001 0.000000e+000 0.000000e+000
 0.000000e+000 0.000000e+000 9.416623e-001 5.833770e-002 0.000000e+000
 0.000000e+000 0.000000e+000 0.000000e+000 9.381558e-001 6.184419e-002
 0.000000e+000 0.000000e+000 0.000000e+000 0.000000e+000 0.000000e+000
<ENDHMM>
~h "PR"
<BEGINHMM>
<NUMSTATES> 5
<STATE> 2
<MEAN> 23
 8.770533e+000 9.116497e+000 3.727115e+000 3.661107e+000 1.014781e+002 1.002256e+002 7.661868e+001 7.477086e+001 6.486511e+001 5.727707e+001 1.327587e+002 1.211822e+002 9.862828e+001 9.586326e+001 3.457050e+000 3.352131e+000 5.235861e+000 4.795612e+000 4.341183e+000 3.323756e+000 2.256759e+000 2.392796e+000 1.307866e+002
<VARIANCE> 23
 1.006164e+003 7.984749e+002 7.312565e+002 4.810116e+002 2.323418e+004 1.431870e+004 2.067038e+003 2.151580e+003 7.518325e+002 5.587631e+002 5.721290e+003 4.295344e+003 1.674093e+003 1.471591e+003 9.837670e+000 2.811224e+000 6.379112e+000 3.371830e+000 4.618997e+000 7.069149e+000 5.986219e+000 6.032091e+000 6.343518e+003
<GCONST> 1.704675e+002
<STATE> 3
<MEAN> 23
 1.285408e+000 9.475476e+000 5.665566e-001 3.184249e+000 1.030332e+001 9.493530e+001 9.255828e+001 8.605707e+001 5.858570e+001 6.430242e+001 1.880825e+002 1.065554e+002 1.126869e+002 1.031235e+002 6.932711e+000 3.521595e+000 6.086077e+000 5.068211e+000 5.971499e+000 3.410797e+000 1.710468e+000 3.589888e+000 1.643731e+002
<VARIANCE> 23
 6.413855e+000 1.318772e+002 3.300596e+000 1.701495e+001 3.611682e+002 2.316157e+003 2.678718e+002 6.591592e+002 6.778049e+001 1.618328e+002 5.839236e+002 2.159297e+003 1.570752e+002 2.086121e+002 3.915491e-001 7.628214e-001 8.970764e-002 3.400759e-001 9.454116e-002 3.960600e+000 5.697015e+000 6.336949e+000 1.414800e+003
<GCONST> 1.176661e+002
<STATE> 4
<MEAN> 23
 9.009471e+000 3.058507e+000 2.539964e+000 1.120690e+000 6.699668e+001 1.995509e+001 8.347708e+001 8.559940e+001 7.133717e+001 5.666124e+001 1.178166e+002 1.780475e+002 1.073893e+002 1.115773e+002 2.885728e+000 4.741948e+000 6.251946e+000 5.778229e+000 3.981505e+000 5.828691e+000 3.309120e+000 2.347807e+000 1.464297e+002
<VARIANCE> 23
 1.295250e+002 3.034754e+001 1.169599e+001 3.544080e+000 2.519232e+003 5.100227e+002 9.069610e+002 7.271660e+002 2.130926e+002 6.785981e+001 3.152349e+003 1.356318e+003 2.484133e+002 1.519380e+002 8.315696e+000 3.929778e-001 2.424870e+000 1.900034e-001 3.683860e+000 1.253453e+000 6.001560e+000 6.167585e+000 2.193110e+003
<GCONST> 1.303673e+002
<TRANSP> 5
 0.000000e+000 1.000000e+000 0.000000e+000 0.000000e+000 0.000000e+000
 0.000000e+000 7.125643e-001 2.874356e-001 0.000000e+000 0.000000e+000
 0.000000e+000 0.000000e+000 9.504171e-001 4.958286e-002 0.000000e+000
 0.000000e+000 0.000000e+000 0.000000e+000 9.112934e-001 8.870659e-002
 0.000000e+000 0.000000e+000 0.000000e+000 0.000000e+000 0.000000e+000
<ENDHMM>
~h "SP"
<BEGINHMM>
<NUMSTATES> 5
<STATE> 2
<MEAN> 23
 7.627479e+000 1.600607e+001 4.344012e+000 5.682780e+000 9.474696e+001 1.018185e+002 7.918351e+001 7.427216e+001 5.671433e+001 5.674541e+001 1.464070e+002 1.243435e+002 9.726111e+001 9.309196e+001 5.130604e+000 3.636618e+000 5.041438e+000 4.614400e+000 4.823625e+000 4.323954e+000 1.944333e+000 1.971271e+000 1.207969e+002
<VARIANCE> 23
 1.767419e+003 1.343256e+003 1.425460e+003 8.663879e+002 3.088881e+004 1.660481e+004 1.791396e+003 1.677556e+003 6.672506e+002 6.664725e+002 5.729783e+003 5.301182e+003 1.681447e+003 1.608359e+003 8.489966e+000 3.059735e+000 5.522948e+000 3.933402e+000 4.427558e+000 6.454824e+000 5.586838e+000 3.596493e+000 4.663036e+003
<GCONST> 1.721301e+002
<STATE> 3
<MEAN> 23
 1.198089e+000 9.950966e+000 5.058833e-001 3.632538e+000 1.112435e+001 1.844248e+002 9.456086e+001 1.336177e+002 6.129518e+001 9.023071e+001 1.875407e+002 5.598695e+001 1.127249e+002 9.304816e+001 6.786355e+000 2.309996e+000 6.103837e+000 3.469103e+000 5.969067e+000 1.617715e+000 1.588557e+000 2.958209e+000 2.220036e+002
<VARIANCE> 23
 7.419392e+000 2.254437e+002 3.300596e+000 2.724650e+001 5.992956e+002 2.547432e+003 3.878794e+002 8.824798e+002 1.270955e+002 4.728885e+002 8.353289e+002 7.454765e+002 2.015167e+002 2.333333e+002 1.338803e+000 3.407708e-001 3.167168e-001 6.029976e-001 1.350289e-001 9.160765e-001 5.427974e+000 6.015205e+000 1.632855e+003
<GCONST> 1.226320e+002
<STATE> 4
<MEAN> 23
 9.477901e+000 5.635650e+000 3.156602e+000 1.662560e+000 1.061153e+002 2.102756e+001 1.159352e+002 8.417094e+001 8.502847e+001 5.847120e+001 1.090911e+002 1.732160e+002 9.939867e+001 1.119781e+002 3.493126e+000 4.630647e+000 3.728383e+000 5.735692e+000 4.055096e+000 5.353300e+000 3.118145e+000 2.544375e+000 1.728342e+002
<VARIANCE> 23
 2.354032e+002 1.337291e+002 3.640708e+001 8.800413e+000 7.576419e+003 7.438976e+002 1.699005e+003 7.695489e+002 5.994963e+002 7.482385e+001 4.423756e+003 1.714497e+003 3.989240e+002 1.428455e+002 6.822728e+000 7.482283e-001 7.510667e+000 2.163087e-001 2.866978e+000 3.610378e+000 6.526381e+000 6.839155e+000 4.294348e+003
<GCONST> 1.421457e+002
<TRANSP> 5
 0.000000e+000 1.000000e+000 0.000000e+000 0.000000e+000 0.000000e+000
 0.000000e+000 7.160623e-001 2.839377e-001 0.000000e+000 0.000000e+000
 0.000000e+000 0.000000e+000 9.504398e-001 4.956024e-002 0.000000e+000
 0.000000e+000 0.000000e+000 0.000000e+000 9.380942e-001 6.190581e-002
 0.000000e+000 0.000000e+000 0.000000e+000 0.000000e+000 0.000000e+000
<ENDHMM>
~h "ST"
<BEGINHMM>
<NUMSTATES> 5
<STATE> 2
<MEAN> 23
 8.991254e+000 9.747454e+000 3.098834e+000 2.970416e+000 6.927059e+001 6.417313e+001 8.987026e+001 8.800371e+001 7.868122e+001 7.196351e+001 1.446252e+002 1.411896e+002 1.150051e+002 1.167495e+002 4.509009e+000 3.861993e+000 6.093611e+000 5.772201e+000 4.926763e+000 3.980792e+000 2.967564e+000 2.520017e+000 1.405347e+002
<VARIANCE> 23
 5.568278e+002 5.888945e+002 4.135044e+002 2.531023e+002 5.140092e+003 4.482807e+003 1.277258e+003 8.297275e+002 4.495730e+002 3.020656e+002 5.711850e+003 5.086144e+003 5.945052e+002 2.502851e+002 7.737998e+000 2.169788e+000 1.697008e+000 3.459678e-001 1.885979e+000 7.153190e+000 6.607054e+000 5.630769e+000 2.953505e+003
<GCONST> 1.547677e+002
<STATE> 3
<MEAN> 23
 1.280522e+000 1.074520e+001 5.130390e-001 2.176664e+000 9.566943e+000 1.135983e+002 9.163661e+001 6.753961e+001 5.843577e+001 7.982480e+001 1.897436e+002 7.433362e+001 1.137233e+002 1.050674e+002 6.976529e+000 2.710383e+000 6.059731e+000 5.846068e+000 5.987704e+000 1.783883e+000 1.535241e+000 3.004865e+000 1.427589e+002
<VARIANCE> 23
 7.758375e+000 1.589258e+002 3.300596e+000 8.644431e+000 3.240483e+002 2.603225e+003 2.201778e+002 5.952530e+002 5.326218e+001 3.210299e+002 4.616899e+002 2.724673e+003 1.245115e+002 1.291296e+002 1.267858e-001 1.416902e+000 6.132048e-002 3.633959e-001 2.294307e-002 6.404503e+000 5.136040e+000 5.837242e+000 1.026338e+003
<GCONST> 1.145411e+002
<STATE> 4
<MEAN> 23
 9.139186e+000 3.092399e+000 2.043749e+000 1.139207e+000 9.576450e+001 3.101409e+001 7.552393e+001 8.666359e+001 7.890060e+001 5.725466e+001 9.697079e+001 1.796997e+002 1.078481e+002 1.138327e+002 3.128416e+000 4.727591e+000 6.040212e+000 5.800405e+000 4.256997e+000 5.724207e+000 3.045764e+000 2.245530e+000 1.379396e+002
<VARIANCE> 23
 1.210740e+002 3.914819e+001 7.735786e+000 4.749701e+000 8.387552e+003 4.043982e+003 8.299486e+002 7.971805e+002 3.647763e+002 8.864497e+001 4.765663e+003 1.917832e+003 3.453451e+002 2.572625e+002 6.314760e+000 6.458840e-001 1.256229e+000 4.171793e-001 1.814431e+000 1.990669e+000 6.107407e+000 6.100434e+000 1.971500e+003
<GCONST> 1.361358e+002
<TRANSP> 5
 0.000000e+000 1.000000e+000 0.000000e+000 0.000000e+000 0.000000e+000
 0.000000e+000 7.780594e-001 2.219406e-001 0.000000e+000 0.000000e+000
 0.000000e+000 0.000000e+000 9.560373e-001 4.396265e-002 0.000000e+000
 0.000000e+000 0.000000e+000 0.000000e+000 9.159079e-001 8.409206e-002
 0.000000e+000 0.000000e+000 0.000000e+000 0.000000e+000 0.000000e+000
<ENDHMM>
~h "TT"
<BEGINHMM>
<NUMSTATES> 5
<STATE> 2
<MEAN> 23
 9.204557e+000 1.565721e+001 4.044681e+000 5.469070e+000 3.221466e+001 4.588672e+001 9.096387e+001 8.884502e+001 6.513953e+001 6.438323e+001 1.756887e+002 1.641916e+002 1.135787e+002 1.108481e+002 5.996165e+000 4.523685e+000 5.939075e+000 5.494607e+000 5.645111e+000 5.395631e+000 2.448256e+000 2.714686e+000 1.373998e+002
<VARIANCE> 23
 1.343678e+003 1.080207e+003 9.887141e+002 6.540141e+002 2.799993e+003 2.524443e+003 1.037763e+003 9.469644e+002 2.369784e+002 2.494282e+002 1.980760e+003 1.923194e+003 2.372499e+002 2.056726e+002 5.076671e+000 7.826281e-001 1.490151e+000 5.081947e-001 9.893712e-001 2.500969e+000 6.407481e+000 3.798939e+000 2.999372e+003
<GCONST> 1.495494e+002
<STATE> 3
<MEAN> 23
 1.824881e+000 1.752089e+001 8.196007e-001 5.952757e+000 1.314951e+001 1.992101e+002 9.551629e+001 1.604785e+002 6.036369e+001 1.160088e+002 1.905852e+002 9.765333e+001 1.145198e+002 9.774912e+001 6.876794e+000 2.699489e+000 6.088836e+000 3.514069e+000 5.962428e+000 2.142803e+000 1.929333e+000 3.735683e+000 2.494584e+002
<VARIANCE> 23
 1.409738e+001 3.723246e+002 3.496607e+000 5.442204e+001 7.115394e+002 4.337825e+003 4.517090e+002 1.560568e+003 1.529610e+002 7.609949e+002 7.373005e+002 1.257920e+003 2.009753e+002 3.393543e+002 7.490146e-001 5.923459e-001 2.633868e-001 7.319380e-001 1.136709e-001 1.929263e+000 5.866478e+000 5.539554e+000 2.756968e+003
<GCONST> 1.284560e+002
<STATE> 4
<MEAN> 23
 1.298719e+001 3.952801e+000 4.531799e+000 1.575521e+000 1.330880e+002 3.176731e+001 1.284902e+002 8.743198e+001 9.433323e+001 5.698978e+001 1.224504e+002 1.776279e+002 1.019426e+002 1.117117e+002 2.968504e+000 4.621099e+000 3.484058e+000 5.677274e+000 3.716494e+000 5.345880e+000 3.261890e+000 2.483840e+000 1.925822e+002
<VARIANCE> 23
 3.147333e+002 5.032217e+001 5.032088e+001 7.915743e+000 1.142817e+004 3.647885e+003 3.195541e+003 1.008753e+003 1.320569e+003 1.579159e+002 3.216151e+003 2.176169e+003 5.658026e+002 4.133532e+002 7.190716e+000 1.160320e+000 8.022734e+000 8.645228e-001 3.670958e+000 3.622104e+000 5.845021e+000 6.467627e+000 7.202869e+003
<GCONST> 1.499924e+002
<TRANSP> 5
 0.000000e+000 1.000000e+000 0.000000e+000 0.000000e+000 0.000000e+000
 0.000000e+000 7.422258e-001 2.577742e-001 0.000000e+000 0.000000e+000
 0.000000e+000 0.000000e+000 9.456800e-001 5.432005e-002 0.000000e+000
 0.000000e+000 0.000000e+000 0.000000e+000 9.432653e-001 5.673470e-002
 0.000000e+000 0.000000e+000 0.000000e+000 0.000000e+000 0.000000e+000
<ENDHMM>
~h "VA"
<BEGINHMM>
<NUMSTATES> 5
<STATE> 2
<MEAN> 23
 9.101027e+000 1.312587e+001 4.298290e+000 4.736780e+000 1.065955e+002 1.258652e+002 8.432166e+001 9.595157e+001 6.552592e+001 7.461834e+001 1.376623e+002 1.214983e+002 9.719714e+001 9.533089e+001 4.378719e+000 3.451369e+000 5.148598e+000 4.598583e+000 4.732275e+000 3.692611e+000 2.394014e+000 2.407826e+000 1.272722e+002
<VARIANCE> 23
 8.787276e+002 7.463616e+002 5.561077e+002 3.358427e+002 2.558921e+004 1.562013e+004 1.992619e+003 3.414746e+003 8.126578e+002 1.320167e+003 5.176456e+003 4.602176e+003 1.440539e+003 1.202487e+003 9.039432e+000 2.713948e+000 4.930698e+000 3.312758e+000 3.554615e+000 6.791410e+000 5.897527e+000 4.479221e+000 5.114142e+003
<GCONST> 1.695696e+002
<STATE> 3
<MEAN> 23
 2.268046e+000 1.646365e+001 1.150784e+000 5.998414e+000 1.190168e+001 1.781806e+002 9.097314e+001 1.337327e+002 5.674027e+001 1.043881e+002 1.865180e+002 8.066709e+001 1.126315e+002 8.558665e+001 6.875504e+000 2.645800e+000 6.052543e+000 3.921335e+000 5.941400e+000 2.198315e+000 2.088190e+000 3.568718e+000 2.178838e+002
<VARIANCE> 23
 1.863524e+001 3.281823e+002 6.829368e+000 4.451959e+001 5.953420e+002 5.116413e+003 3.811894e+002 2.782844e+003 1.230499e+002 6.256779e+002 8.345162e+002 1.550674e+003 1.932506e+002 4.356111e+002 7.010536e-001 6.212118e-001 2.275705e-001 1.414982e+000 1.371487e-001 3.558647e+000 6.111212e+000 5.302777e+000 3.563073e+003
<GCONST> 1.311513e+002
<STATE> 4
<MEAN> 23
 1.102739e+001 5.046414e+000 4.068704e+000 2.244251e+000 1.035253e+002 2.446032e+001 1.211832e+002 8.681178e+001 9.016002e+001 5.756417e+001 1.274259e+002 1.766883e+002 9.977468e+001 1.125754e+002 3.664241e+000 4.629401e+000 4.102653e+000 5.749156e+000 4.106541e+000 5.400735e+000 3.154119e+000 2.762749e+000 1.759111e+002
<VARIANCE> 23
 2.323735e+002 8.394196e+001 3.441885e+001 1.424675e+001 8.495963e+003 7.923228e+002 3.008183e+003 7.255524e+002 8.962734e+002 1.233198e+002 4.482675e+003 1.677333e+003 4.867102e+002 1.484389e+002 7.400773e+000 8.302181e-001 7.587058e+000 1.963131e-001 3.398370e+000 3.095743e+000 6.166234e+000 6.477659e+000 6.338569e+003
<GCONST> 1.443060e+002
<TRANSP> 5
 0.000000e+000 1.000000e+000 0.000000e+000 0.000000e+000 0.000000e+000
 0.000000e+000 7.658342e-001 2.341658e-001 0.000000e+000 0.000000e+000
 0.000000e+000 0.000000e+000 9.293857e-001 7.061425e-002 0.000000e+000
 0.000000e+000 0.000000e+000 0.000000e+000 9.368874e-001 6.311263e-002
 0.000000e+000 0.000000e+000 0.000000e+000 0.000000e+000 0.000000e+000
<ENDHMM>
~h "VQ"
<BEGINHMM>
<NUMSTATES> 5
<STATE> 2
<MEAN> 23
 1.835391e+001 1.814863e+001 9.486821e+000 8.796198e+000 6.571296e+001 6.388800e+001 9.341130e+001 9.003607e+001 6.917849e+001 6.042620e+001 1.475561e+002 1.432234e+002 1.085497e+002 1.091459e+002 4.863088e+000 4.121785e+000 5.332952e+000 5.426989e+000 4.936130e+000 4.588409e+000 2.935558e+000 2.647968e+000 1.505816e+002
<VARIANCE> 23
 3.511501e+003 2.717074e+003 2.698424e+003 1.774098e+003 7.764569e+003 5.963805e+003 1.302416e+003 8.798197e+002 2.922000e+002 1.848306e+002 4.775568e+003 4.376893e+003 5.821279e+002 3.559379e+002 7.697724e+000 1.730436e+000 5.017863e+000 8.520738e-001 2.639944e+000 4.940024e+000 6.482411e+000 5.063033e+000 4.303231e+003
<GCONST> 1.637885e+002
<STATE> 3
<MEAN> 23
 1.935674e+000 1.284397e+001 7.906665e-001 4.349193e+000 1.061214e+001 1.305657e+002 9.128286e+001 1.048530e+002 5.639143e+001 7.278123e+001 1.888106e+002 8.508635e+001 1.132486e+002 9.378555e+001 6.936572e+000 3.112953e+000 6.064056e+000 4.595752e+000 5.964657e+000 2.963305e+000 1.945367e+000 3.643573e+000 1.811539e+002
<VARIANCE> 23
 1.349001e+001 2.271404e+002 3.300596e+000 3.437641e+001 5.221417e+002 5.484991e+003 3.441493e+002 1.441022e+003 8.292429e+001 2.881285e+002 7.327147e+002 3.295248e+003 1.961407e+002 3.839308e+002 3.475960e-001 1.298726e+000 2.234614e-001 1.108626e+000 1.165267e-001 4.329481e+000 5.821451e+000 5.537402e+000 2.937249e+003
<GCONST> 1.276031e+002
<STATE> 4
<MEAN> 23
 1.039988e+001 3.283162e+000 3.943736e+000 1.453645e+000 1.217217e+002 4.455570e+001 9.939591e+001 8.194798e+001 7.427145e+001 5.258195e+001 8.943128e+001 1.655726e+002 9.382717e+001 1.069711e+002 2.576018e+000 4.382970e+000 3.750644e+000 5.504795e+000 3.406479e+000 5.118979e+000 3.405420e+000 2.465404e+000 1.601214e+002
<VARIANCE> 23
 1.748325e+002 3.688340e+001 3.153211e+001 7.496474e+000 1.347033e+004 7.309552e+003 2.039789e+003 9.569810e+002 5.972090e+002 1.799717e+002 4.048214e+003 2.979059e+003 7.394459e+002 5.906461e+002 5.859458e+000 1.742698e+000 9.300117e+000 1.435729e+000 3.375363e+000 4.111254e+000 6.157831e+000 6.242304e+000 4.972459e+003
<GCONST> 1.499815e+002
<TRANSP> 5
 0.000000e+000 1.000000e+000 0.000000e+000 0.000000e+000 0.000000e+000
 0.000000e+000 5.242160e-001 4.757840e-001 0.000000e+000 0.000000e+000
 0.000000e+000 0.000000e+000 9.453418e-001 5.465822e-002 0.000000e+000
 0.000000e+000 0.000000e+000 0.000000e+000 9.241177e-001 7.588232e-002
 0.000000e+000 0.000000e+000 0.000000e+000 0.000000e+000 0.000000e+000
<ENDHMM>
~h "SIL"
<BEGINHMM>
<NUMSTATES> 5
<STATE> 2
<MEAN> 23
 7.973680e+001 6.739406e+001 7.243913e+001 5.808491e+001 3.088014e+001 2.517460e+001 6.634336e+000 6.520449e+000 4.708996e+000 4.474660e+000 1.289191e+001 1.236989e+001 8.259413e+000 8.138905e+000 4.575674e-001 3.316028e-001 4.429556e-001 4.231845e-001 4.138502e-001 3.855735e-001 7.636744e-001 7.643552e-001 8.905810e+000
<VARIANCE> 23
 3.367846e+004 2.390036e+004 2.773006e+004 1.786703e+004 1.538055e+004 1.014086e+004 6.104354e+002 5.940380e+002 2.930205e+002 2.717803e+002 2.251023e+003 2.107619e+003 8.790116e+002 8.529278e+002 2.902859e+000 1.499305e+000 2.525707e+000 2.294063e+000 2.230864e+000 2.139669e+000 3.629915e+000 3.636294e+000 1.179771e+003
<GCONST> 1.690937e+002
<STATE> 3
<MEAN> 23
 5.344163e+000 4.835429e+000 1.625357e+000 1.528264e+000 3.715535e+001 3.421285e+001 9.655897e+001 9.426603e+001 7.135862e+001 6.219677e+001 1.740755e+002 1.786031e+002 1.171653e+002 1.164270e+002 5.575092e+000 4.583421e+000 6.070940e+000 5.749612e+000 5.414496e+000 5.311744e+000 2.430884e+000 2.343395e+000 1.363049e+002
<VARIANCE> 23
 1.044978e+002 9.766137e+001 9.670574e+000 8.056607e+000 2.106558e+003 1.918473e+003 1.377595e+003 9.260297e+002 2.155005e+002 1.441450e+002 3.907228e+003 2.905853e+003 5.553481e+002 2.543179e+002 6.276766e+000 1.074634e+000 1.561150e+000 3.046699e-001 1.480300e+000 3.348944e+000 5.664186e+000 5.637160e+000 2.748702e+003
<GCONST> 1.377246e+002
<STATE> 4
<MEAN> 23
 1.693746e+000 2.847319e+000 5.782295e-001 9.320653e-001 8.175362e+000 1.227941e+001 9.519920e+001 9.327195e+001 6.081747e+001 5.900880e+001 1.927814e+002 1.892214e+002 1.163387e+002 1.156783e+002 6.898518e+000 4.924752e+000 6.055013e+000 5.897050e+000 5.970311e+000 5.890844e+000 1.826894e+000 1.946187e+000 1.241329e+002
<VARIANCE> 23
 1.957702e+001 4.060234e+001 3.300596e+000 3.282176e+000 2.687287e+002 5.438671e+002 2.651996e+002 2.866869e+002 7.465143e+001 8.363103e+001 6.325675e+002 9.400497e+002 1.388959e+002 1.492792e+002 6.251267e-001 1.693874e-001 9.622155e-002 1.113648e-001 9.202258e-002 6.253444e-001 5.359302e+000 5.452971e+000 5.215173e+002
<GCONST> 1.064329e+002
<TRANSP> 5
 0.000000e+000 1.000000e+000 0.000000e+000 0.000000e+000 0.000000e+000
 0.000000e+000 9.081460e-001 9.185398e-002 0.000000e+000 0.000000e+000
 0.000000e+000 0.000000e+000 9.910769e-001 8.923142e-003 0.000000e+000
 0.000000e+000 0.000000e+000 0.000000e+000 9.974512e-001 2.548734e-003
 0.000000e+000 0.000000e+000 0.000000e+000 0.000000e+000 0.000000e+000
<ENDHMM>
