~o
<STREAMINFO> 1 22
<VECSIZE> 22<NULLD><MFCC_0><DIAGC>
~h "SIL"
<BEGINHMM>
<NUMSTATES> 5
<STATE> 2
<NUMMIXES> 4
<MIXTURE> 1 2.500000e-01
<MEAN> 22
 1.439130e+01 1.545981e+01 9.364216e+00 8.358487e+00 7.056805e+01 8.973984e+01 1.034535e+02 1.028538e+02 7.162930e+01 7.198872e+01 1.856943e+02 1.723158e+02 1.188886e+02 1.163185e+02 6.501611e+00 4.606002e+00 6.366353e+00 5.856893e+00 5.852156e+00 5.450307e+00 3.319161e+00 3.571899e+00
<VARIANCE> 22
 4.801635e+02 4.063120e+02 3.300595e+02 2.164982e+02 4.956268e+03 5.429985e+03 9.837579e+02 1.115179e+03 2.936362e+02 3.515820e+02 3.745738e+03 4.440754e+03 4.183320e+02 3.870127e+02 6.504288e+00 1.793316e+00 2.326111e+00 1.170389e+00 2.082489e+00 5.618803e+00 6.153808e+00 6.060927e+00
<GCONST> 1.445108e+02
<MIXTURE> 2 2.500000e-01
<MEAN> 22
 5.626247e+00 7.396933e+00 2.097200e+00 2.472937e+00 4.240775e+01 6.026447e+01 9.090754e+01 8.949603e+01 6.477496e+01 6.448850e+01 1.612133e+02 1.456602e+02 1.107074e+02 1.084495e+02 5.481472e+00 4.070344e+00 5.756289e+00 5.424155e+00 5.274922e+00 4.502147e+00 2.326887e+00 2.587141e+00
<VARIANCE> 22
 4.801635e+02 4.063120e+02 3.300595e+02 2.164982e+02 4.956268e+03 5.429985e+03 9.837579e+02 1.115179e+03 2.936362e+02 3.515820e+02 3.745738e+03 4.440754e+03 4.183320e+02 3.870127e+02 6.504288e+00 1.793316e+00 2.326111e+00 1.170389e+00 2.082489e+00 5.618803e+00 6.153808e+00 6.060927e+00
<GCONST> 1.445108e+02
<MIXTURE> 3 2.500000e-01
<MEAN> 22
 5.626243e+00 7.396934e+00 2.097200e+00 2.472936e+00 4.240775e+01 6.026447e+01 9.090754e+01 8.949604e+01 6.477497e+01 6.448850e+01 1.612133e+02 1.456602e+02 1.107074e+02 1.084495e+02 5.481471e+00 4.070343e+00 5.756289e+00 5.424155e+00 5.274922e+00 4.502147e+00 2.326887e+00 2.587141e+00
<VARIANCE> 22
 4.801635e+02 4.063120e+02 3.300595e+02 2.164982e+02 4.956268e+03 5.429985e+03 9.837579e+02 1.115179e+03 2.936362e+02 3.515820e+02 3.745738e+03 4.440754e+03 4.183320e+02 3.870127e+02 6.504288e+00 1.793316e+00 2.326111e+00 1.170389e+00 2.082489e+00 5.618803e+00 6.153808e+00 6.060927e+00
<GCONST> 1.445108e+02
<MIXTURE> 4 2.500000e-01
<MEAN> 22
 -3.138807e+00 -6.659405e-01 -5.169816e+00 -3.412614e+00 1.424744e+01 3.078909e+01 7.836158e+01 7.613832e+01 5.792064e+01 5.698830e+01 1.367323e+02 1.190046e+02 1.025262e+02 1.005805e+02 4.461331e+00 3.534686e+00 5.146225e+00 4.991417e+00 4.697689e+00 3.553987e+00 1.334613e+00 1.602383e+00
<VARIANCE> 22
 4.801635e+02 4.063120e+02 3.300595e+02 2.164982e+02 4.956268e+03 5.429985e+03 9.837579e+02 1.115179e+03 2.936362e+02 3.515820e+02 3.745738e+03 4.440754e+03 4.183320e+02 3.870127e+02 6.504288e+00 1.793316e+00 2.326111e+00 1.170389e+00 2.082489e+00 5.618803e+00 6.153808e+00 6.060927e+00
<GCONST> 1.445108e+02
<STATE> 3
<NUMMIXES> 4
<MIXTURE> 1 2.500000e-01
<MEAN> 22
 1.439130e+01 1.545981e+01 9.364216e+00 8.358487e+00 7.056805e+01 8.973984e+01 1.034535e+02 1.028538e+02 7.162930e+01 7.198872e+01 1.856943e+02 1.723158e+02 1.188886e+02 1.163185e+02 6.501611e+00 4.606002e+00 6.366353e+00 5.856893e+00 5.852156e+00 5.450307e+00 3.319161e+00 3.571899e+00
<VARIANCE> 22
 4.801635e+02 4.063120e+02 3.300595e+02 2.164982e+02 4.956268e+03 5.429985e+03 9.837579e+02 1.115179e+03 2.936362e+02 3.515820e+02 3.745738e+03 4.440754e+03 4.183320e+02 3.870127e+02 6.504288e+00 1.793316e+00 2.326111e+00 1.170389e+00 2.082489e+00 5.618803e+00 6.153808e+00 6.060927e+00
<GCONST> 1.445108e+02
<MIXTURE> 2 2.500000e-01
<MEAN> 22
 5.626247e+00 7.396933e+00 2.097200e+00 2.472937e+00 4.240775e+01 6.026447e+01 9.090754e+01 8.949603e+01 6.477496e+01 6.448850e+01 1.612133e+02 1.456602e+02 1.107074e+02 1.084495e+02 5.481472e+00 4.070344e+00 5.756289e+00 5.424155e+00 5.274922e+00 4.502147e+00 2.326887e+00 2.587141e+00
<VARIANCE> 22
 4.801635e+02 4.063120e+02 3.300595e+02 2.164982e+02 4.956268e+03 5.429985e+03 9.837579e+02 1.115179e+03 2.936362e+02 3.515820e+02 3.745738e+03 4.440754e+03 4.183320e+02 3.870127e+02 6.504288e+00 1.793316e+00 2.326111e+00 1.170389e+00 2.082489e+00 5.618803e+00 6.153808e+00 6.060927e+00
<GCONST> 1.445108e+02
<MIXTURE> 3 2.500000e-01
<MEAN> 22
 5.626243e+00 7.396934e+00 2.097200e+00 2.472936e+00 4.240775e+01 6.026447e+01 9.090754e+01 8.949604e+01 6.477497e+01 6.448850e+01 1.612133e+02 1.456602e+02 1.107074e+02 1.084495e+02 5.481471e+00 4.070343e+00 5.756289e+00 5.424155e+00 5.274922e+00 4.502147e+00 2.326887e+00 2.587141e+00
<VARIANCE> 22
 4.801635e+02 4.063120e+02 3.300595e+02 2.164982e+02 4.956268e+03 5.429985e+03 9.837579e+02 1.115179e+03 2.936362e+02 3.515820e+02 3.745738e+03 4.440754e+03 4.183320e+02 3.870127e+02 6.504288e+00 1.793316e+00 2.326111e+00 1.170389e+00 2.082489e+00 5.618803e+00 6.153808e+00 6.060927e+00
<GCONST> 1.445108e+02
<MIXTURE> 4 2.500000e-01
<MEAN> 22
 -3.138807e+00 -6.659405e-01 -5.169816e+00 -3.412614e+00 1.424744e+01 3.078909e+01 7.836158e+01 7.613832e+01 5.792064e+01 5.698830e+01 1.367323e+02 1.190046e+02 1.025262e+02 1.005805e+02 4.461331e+00 3.534686e+00 5.146225e+00 4.991417e+00 4.697689e+00 3.553987e+00 1.334613e+00 1.602383e+00
<VARIANCE> 22
 4.801635e+02 4.063120e+02 3.300595e+02 2.164982e+02 4.956268e+03 5.429985e+03 9.837579e+02 1.115179e+03 2.936362e+02 3.515820e+02 3.745738e+03 4.440754e+03 4.183320e+02 3.870127e+02 6.504288e+00 1.793316e+00 2.326111e+00 1.170389e+00 2.082489e+00 5.618803e+00 6.153808e+00 6.060927e+00
<GCONST> 1.445108e+02
<STATE> 4
<NUMMIXES> 4
<MIXTURE> 1 2.500000e-01
<MEAN> 22
 1.439130e+01 1.545981e+01 9.364216e+00 8.358487e+00 7.056805e+01 8.973984e+01 1.034535e+02 1.028538e+02 7.162930e+01 7.198872e+01 1.856943e+02 1.723158e+02 1.188886e+02 1.163185e+02 6.501611e+00 4.606002e+00 6.366353e+00 5.856893e+00 5.852156e+00 5.450307e+00 3.319161e+00 3.571899e+00
<VARIANCE> 22
 4.801635e+02 4.063120e+02 3.300595e+02 2.164982e+02 4.956268e+03 5.429985e+03 9.837579e+02 1.115179e+03 2.936362e+02 3.515820e+02 3.745738e+03 4.440754e+03 4.183320e+02 3.870127e+02 6.504288e+00 1.793316e+00 2.326111e+00 1.170389e+00 2.082489e+00 5.618803e+00 6.153808e+00 6.060927e+00
<GCONST> 1.445108e+02
<MIXTURE> 2 2.500000e-01
<MEAN> 22
 5.626247e+00 7.396933e+00 2.097200e+00 2.472937e+00 4.240775e+01 6.026447e+01 9.090754e+01 8.949603e+01 6.477496e+01 6.448850e+01 1.612133e+02 1.456602e+02 1.107074e+02 1.084495e+02 5.481472e+00 4.070344e+00 5.756289e+00 5.424155e+00 5.274922e+00 4.502147e+00 2.326887e+00 2.587141e+00
<VARIANCE> 22
 4.801635e+02 4.063120e+02 3.300595e+02 2.164982e+02 4.956268e+03 5.429985e+03 9.837579e+02 1.115179e+03 2.936362e+02 3.515820e+02 3.745738e+03 4.440754e+03 4.183320e+02 3.870127e+02 6.504288e+00 1.793316e+00 2.326111e+00 1.170389e+00 2.082489e+00 5.618803e+00 6.153808e+00 6.060927e+00
<GCONST> 1.445108e+02
<MIXTURE> 3 2.500000e-01
<MEAN> 22
 5.626243e+00 7.396934e+00 2.097200e+00 2.472936e+00 4.240775e+01 6.026447e+01 9.090754e+01 8.949604e+01 6.477497e+01 6.448850e+01 1.612133e+02 1.456602e+02 1.107074e+02 1.084495e+02 5.481471e+00 4.070343e+00 5.756289e+00 5.424155e+00 5.274922e+00 4.502147e+00 2.326887e+00 2.587141e+00
<VARIANCE> 22
 4.801635e+02 4.063120e+02 3.300595e+02 2.164982e+02 4.956268e+03 5.429985e+03 9.837579e+02 1.115179e+03 2.936362e+02 3.515820e+02 3.745738e+03 4.440754e+03 4.183320e+02 3.870127e+02 6.504288e+00 1.793316e+00 2.326111e+00 1.170389e+00 2.082489e+00 5.618803e+00 6.153808e+00 6.060927e+00
<GCONST> 1.445108e+02
<MIXTURE> 4 2.500000e-01
<MEAN> 22
 -3.138807e+00 -6.659405e-01 -5.169816e+00 -3.412614e+00 1.424744e+01 3.078909e+01 7.836158e+01 7.613832e+01 5.792064e+01 5.698830e+01 1.367323e+02 1.190046e+02 1.025262e+02 1.005805e+02 4.461331e+00 3.534686e+00 5.146225e+00 4.991417e+00 4.697689e+00 3.553987e+00 1.334613e+00 1.602383e+00
<VARIANCE> 22
 4.801635e+02 4.063120e+02 3.300595e+02 2.164982e+02 4.956268e+03 5.429985e+03 9.837579e+02 1.115179e+03 2.936362e+02 3.515820e+02 3.745738e+03 4.440754e+03 4.183320e+02 3.870127e+02 6.504288e+00 1.793316e+00 2.326111e+00 1.170389e+00 2.082489e+00 5.618803e+00 6.153808e+00 6.060927e+00
<GCONST> 1.445108e+02
<TRANSP> 5
 0.000000e+00 1.000000e+00 0.000000e+00 0.000000e+00 0.000000e+00
 0.000000e+00 4.800000e-01 3.200000e-01 2.000000e-01 0.000000e+00
 0.000000e+00 0.000000e+00 6.000000e-01 4.000000e-01 0.000000e+00
 0.000000e+00 2.000000e-01 0.000000e+00 5.600000e-01 2.400000e-01
 0.000000e+00 0.000000e+00 0.000000e+00 0.000000e+00 0.000000e+00
<ENDHMM>
~h "oov"
<BEGINHMM>
<NUMSTATES> 5
<STATE> 2
<NUMMIXES> 4
<MIXTURE> 1 2.377233e-01
<MEAN> 22
 2.043432e+01 2.251108e+01 1.506896e+01 1.350109e+01 6.845024e+01 8.943829e+01 9.522934e+01 9.277364e+01 6.546983e+01 6.970850e+01 1.875754e+02 1.536499e+02 1.178609e+02 1.139166e+02 6.234974e+00 4.298592e+00 6.217129e+00 5.452279e+00 5.835608e+00 4.912181e+00 2.571911e+00 2.887448e+00
<VARIANCE> 22
 7.338426e+03 5.185792e+03 6.005367e+03 3.808689e+03 2.223969e+04 1.387836e+04 5.387468e+02 1.035976e+03 1.639342e+02 3.919643e+02 1.411374e+03 3.284241e+03 1.690417e+02 1.536016e+02 4.358759e+00 1.075662e+00 1.728462e-01 5.885872e-01 5.435612e-01 4.317050e+00 6.432189e+00 5.883486e+00
<GCONST> 1.479439e+02
<MIXTURE> 2 3.365895e-01
<MEAN> 22
 6.008830e+00 5.798473e+00 1.243560e+00 1.153050e+00 1.436884e+02 1.411069e+02 7.342926e+01 7.213406e+01 6.778431e+01 6.482061e+01 5.078279e+01 5.155462e+01 1.028318e+02 1.042325e+02 1.872116e+00 2.092723e+00 5.828188e+00 5.637782e+00 3.180778e+00 8.586403e-01 3.174683e+00 3.070984e+00
<VARIANCE> 22
 5.514912e+01 5.455138e+01 3.300595e+00 2.164982e+00 2.143835e+03 1.779912e+03 6.605370e+02 7.226986e+02 1.376599e+02 1.388091e+02 5.515389e+02 5.095867e+02 2.652251e+02 1.814845e+02 3.756435e-01 3.600426e-01 2.204286e+00 7.737918e-01 3.438660e-01 3.365774e-01 5.987792e+00 6.139887e+00
<GCONST> 1.118071e+02
<MIXTURE> 3 3.083600e-01
<MEAN> 22
 2.502038e+01 2.492683e+01 1.636879e+01 1.429339e+01 7.381071e+01 1.141970e+02 8.663390e+01 9.347208e+01 6.692747e+01 7.141441e+01 1.216081e+02 9.052677e+01 1.004775e+02 9.632675e+01 3.982358e+00 2.954232e+00 5.134880e+00 4.756225e+00 4.423275e+00 2.697010e+00 2.471984e+00 2.788255e+00
<VARIANCE> 22
 7.185563e+03 5.264086e+03 5.943805e+03 3.829575e+03 5.978333e+03 6.026769e+03 1.549872e+03 2.026424e+03 5.330550e+02 6.830665e+02 4.376743e+03 4.030332e+03 6.446235e+02 5.682109e+02 8.211811e+00 1.940078e+00 4.951567e+00 2.301061e+00 3.317353e+00 5.877100e+00 5.850570e+00 5.572981e+00
<GCONST> 1.611404e+02
<MIXTURE> 4 1.173288e-01
<MEAN> 22
 0.000000e+00 -1.776357e-15 -4.440892e-16 -4.440892e-16 2.039071e+02 1.583238e+02 0.000000e+00 -5.684342e-14 0.000000e+00 -5.684342e-14 -2.842171e-14 -1.136868e-13 3.410605e-13 -1.136868e-13 -4.440892e-16 4.440892e-16 0.000000e+00 -7.105427e-15 0.000000e+00 0.000000e+00 3.552714e-15 -2.664535e-15
<VARIANCE> 22
 4.801635e+00 4.063120e+00 3.300595e+00 2.164982e+00 6.368554e+04 3.842222e+04 9.837578e+00 1.115179e+01 2.936362e+00 3.515820e+00 3.745738e+01 4.440754e+01 4.183320e+00 3.870127e+00 6.504288e-02 1.793316e-02 2.326111e-02 1.170389e-02 2.082489e-02 5.618803e-02 6.153808e-02 6.060927e-02
<GCONST> 5.691740e+01
<STATE> 3
<NUMMIXES> 4
<MIXTURE> 1 1.096406e-01
<MEAN> 22
 1.586994e+01 1.062312e+01 4.900406e+00 3.293069e+00 7.102142e+01 5.644933e+01 1.121658e+02 1.079856e+02 8.349626e+01 6.908884e+01 1.827204e+02 1.875490e+02 1.246477e+02 1.234891e+02 4.195805e+00 4.520061e+00 6.133852e+00 5.510646e+00 4.971801e+00 5.239239e+00 3.065494e+00 2.790101e+00
<VARIANCE> 22
 4.289899e+02 3.372284e+02 5.925053e+01 3.669721e+01 5.626029e+03 4.844376e+03 2.473421e+03 1.194715e+03 4.636259e+02 3.108652e+02 5.000857e+03 3.237090e+03 1.000591e+03 4.416759e+02 1.045548e+01 8.621969e-01 2.943648e+00 6.611978e-01 3.941202e+00 2.668844e+00 6.475532e+00 6.070882e+00
<GCONST> 1.423863e+02
<MIXTURE> 2 4.965498e-01
<MEAN> 22
 1.113847e+00 1.075363e+01 5.162276e-01 3.163595e+00 8.323915e+00 1.451339e+02 9.259386e+01 1.017145e+02 5.776048e+01 8.355142e+01 1.900363e+02 7.102064e+01 1.132877e+02 9.757824e+01 6.997581e+00 2.755987e+00 6.067221e+00 4.455011e+00 5.997650e+00 2.299626e+00 1.605706e+00 3.223562e+00
<VARIANCE> 22
 4.801635e+00 1.575690e+02 3.300595e+00 1.570801e+01 1.661726e+02 4.153334e+03 2.483205e+02 1.947736e+03 6.979572e+01 5.640104e+02 4.425266e+02 1.930361e+03 1.446385e+02 2.467951e+02 6.504288e-02 8.878382e-01 6.268946e-02 1.503006e+00 2.082489e-02 4.721699e+00 5.414722e+00 5.608490e+00
<GCONST> 1.081458e+02
<MIXTURE> 3 1.043718e-01
<MEAN> 22
 2.635178e+00 4.441721e+00 8.228983e-01 9.946001e-01 5.596805e+01 9.887369e+01 5.425719e+01 5.558686e+01 6.098743e+01 6.173581e+01 1.067023e+02 6.388531e+01 1.011493e+02 9.676886e+01 3.596137e+00 2.084545e+00 6.128440e+00 5.578484e+00 4.504142e+00 6.097528e-01 2.375958e+00 2.674382e+00
<VARIANCE> 22
 1.437030e+01 3.750664e+01 3.300595e+00 2.164982e+00 2.505756e+03 2.054265e+03 6.966584e+02 9.212607e+02 9.349844e+01 1.405347e+02 2.363044e+03 6.480025e+02 6.357312e+01 1.085937e+02 6.538200e+00 6.028503e-01 1.576683e-01 7.220305e-01 1.493155e+00 5.601132e-01 6.267466e+00 6.270902e+00
<GCONST> 1.127716e+02
<MIXTURE> 4 2.894472e-01
<MEAN> 22
 1.041809e+01 3.466762e+00 2.984430e+00 1.169493e+00 1.341733e+02 3.230053e+01 1.071705e+02 8.575613e+01 8.579036e+01 5.701066e+01 6.361935e+01 1.686794e+02 9.731411e+01 1.115253e+02 1.519011e+00 4.535976e+00 3.630587e+00 5.713783e+00 2.879698e+00 5.282447e+00 3.286511e+00 2.313847e+00
<VARIANCE> 22
 1.569069e+02 4.927290e+01 1.347934e+01 3.752573e+00 4.326981e+03 1.654983e+03 2.179703e+03 8.124558e+02 5.607018e+02 8.156809e+01 1.327359e+03 2.153641e+03 3.295418e+02 1.483223e+02 5.396479e-01 7.787794e-01 8.538428e+00 2.417864e-01 1.225510e+00 3.419038e+00 6.008597e+00 5.987183e+00
<GCONST> 1.247482e+02
<STATE> 4
<NUMMIXES> 4
<MIXTURE> 1 3.140653e-01
<MEAN> 22
 2.698477e+00 2.773238e+00 1.001057e+00 1.108695e+00 1.267437e+01 1.345737e+01 1.120593e+02 1.088038e+02 6.995531e+01 6.484359e+01 2.155934e+02 2.132057e+02 1.283820e+02 1.267846e+02 6.998339e+00 5.000045e+00 6.225739e+00 5.852514e+00 6.001361e+00 5.992821e+00 2.269854e+00 2.152394e+00
<VARIANCE> 22
 1.863148e+01 2.008091e+01 3.300595e+00 3.017416e+00 2.068604e+02 2.771996e+02 1.641552e+02 1.113448e+02 5.333054e+01 4.942225e+01 2.633592e+02 2.314686e+02 1.030832e+02 7.529008e+01 6.504288e-02 1.793316e-02 1.746226e-01 1.257741e-01 2.082489e-02 5.618803e-02 5.984686e+00 5.869593e+00
<GCONST> 8.351453e+01
<MIXTURE> 2 1.420762e-01
<MEAN> 22
 1.279584e+01 1.939697e+01 3.107483e+00 4.897772e+00 4.526273e+01 6.122961e+01 8.476609e+01 8.461339e+01 6.818034e+01 6.873855e+01 1.688607e+02 1.527235e+02 1.135036e+02 1.109838e+02 5.200150e+00 4.349345e+00 6.273005e+00 5.426175e+00 5.675060e+00 5.189387e+00 3.151735e+00 3.554626e+00
<VARIANCE> 22
 2.511045e+02 3.858101e+02 1.922351e+01 3.171440e+01 1.984569e+03 2.899108e+03 8.858827e+02 1.137003e+03 2.142885e+02 3.111137e+02 1.856537e+03 2.300685e+03 2.062602e+02 1.589856e+02 8.438617e+00 9.175318e-01 5.232223e-01 4.744886e-01 9.558824e-01 3.720073e+00 6.240234e+00 5.513849e+00
<GCONST> 1.299487e+02
<MIXTURE> 3 3.896199e-01
<MEAN> 22
 1.366443e+00 2.386634e+00 5.406758e-01 8.530493e-01 6.151098e+00 9.478203e+00 8.675890e+01 8.589469e+01 5.576657e+01 5.417426e+01 1.813868e+02 1.805537e+02 1.093639e+02 1.090134e+02 6.999173e+00 5.000000e+00 6.001991e+00 5.941404e+00 6.000000e+00 6.000462e+00 1.924784e+00 2.194746e+00
<VARIANCE> 22
 4.916674e+00 1.290288e+01 3.300595e+00 2.164982e+00 4.956268e+01 1.251572e+02 5.862651e+01 7.517151e+01 2.070803e+01 4.187623e+01 1.099744e+02 1.264070e+02 3.715379e+01 4.298999e+01 6.504288e-02 1.793316e-02 2.326111e-02 5.513667e-02 2.082489e-02 5.618803e-02 5.616745e+00 5.978762e+00
<GCONST> 7.070528e+01
<MIXTURE> 4 1.542330e-01
<MEAN> 22
 6.245773e+00 8.124595e+00 1.143886e+00 1.511858e+00 6.586393e+01 7.786063e+01 6.701292e+01 6.622480e+01 6.432127e+01 6.247765e+01 1.222813e+02 1.080207e+02 1.013245e+02 9.999490e+01 3.803222e+00 3.592718e+00 5.888988e+00 5.429281e+00 4.800437e+00 3.808370e+00 2.552330e+00 2.592655e+00
<VARIANCE> 22
 7.317214e+01 1.019904e+02 3.300595e+00 3.598184e+00 4.128128e+03 3.775103e+03 1.118455e+03 1.266295e+03 2.130305e+02 2.180186e+02 2.476429e+03 2.548707e+03 1.464605e+02 1.594076e+02 8.750230e+00 2.079047e+00 2.081769e+00 8.451573e-01 2.173163e+00 7.838754e+00 5.755459e+00 5.486230e+00
<GCONST> 1.287666e+02
<TRANSP> 5
 0.000000e+00 1.000000e+00 0.000000e+00 0.000000e+00 0.000000e+00
 0.000000e+00 5.030809e-01 4.969192e-01 0.000000e+00 0.000000e+00
 0.000000e+00 0.000000e+00 8.549343e-01 1.450658e-01 0.000000e+00
 0.000000e+00 0.000000e+00 0.000000e+00 9.177762e-01 8.222381e-02
 0.000000e+00 0.000000e+00 0.000000e+00 0.000000e+00 0.000000e+00
<ENDHMM>
