~o
<STREAMINFO> 1 22
<VECSIZE> 22<NULLD><MFCC_0><DIAGC>
~h "SIL"
<BEGINHMM>
<NUMSTATES> 5
<STATE> 2
<MEAN> 22
 5.626247e+00 7.396932e+00 2.097200e+00 2.472937e+00 4.240775e+01 6.026446e+01 9.090754e+01 8.949604e+01 6.477496e+01 6.448850e+01 1.612133e+02 1.456602e+02 1.107074e+02 1.084495e+02 5.481471e+00 4.070344e+00 5.756289e+00 5.424155e+00 5.274922e+00 4.502147e+00 2.326887e+00 2.587141e+00
<VARIANCE> 22
 4.801635e+02 4.063120e+02 3.300595e+02 2.164982e+02 4.956268e+03 5.429985e+03 9.837579e+02 1.115179e+03 2.936362e+02 3.515820e+02 3.745738e+03 4.440754e+03 4.183320e+02 3.870127e+02 6.504288e+00 1.793316e+00 2.326111e+00 1.170389e+00 2.082489e+00 5.618803e+00 6.153808e+00 6.060927e+00
<GCONST> 1.445108e+02
<STATE> 3
<MEAN> 22
 5.626247e+00 7.396932e+00 2.097200e+00 2.472937e+00 4.240775e+01 6.026446e+01 9.090754e+01 8.949604e+01 6.477496e+01 6.448850e+01 1.612133e+02 1.456602e+02 1.107074e+02 1.084495e+02 5.481471e+00 4.070344e+00 5.756289e+00 5.424155e+00 5.274922e+00 4.502147e+00 2.326887e+00 2.587141e+00
<VARIANCE> 22
 4.801635e+02 4.063120e+02 3.300595e+02 2.164982e+02 4.956268e+03 5.429985e+03 9.837579e+02 1.115179e+03 2.936362e+02 3.515820e+02 3.745738e+03 4.440754e+03 4.183320e+02 3.870127e+02 6.504288e+00 1.793316e+00 2.326111e+00 1.170389e+00 2.082489e+00 5.618803e+00 6.153808e+00 6.060927e+00
<GCONST> 1.445108e+02
<STATE> 4
<MEAN> 22
 5.626247e+00 7.396932e+00 2.097200e+00 2.472937e+00 4.240775e+01 6.026446e+01 9.090754e+01 8.949604e+01 6.477496e+01 6.448850e+01 1.612133e+02 1.456602e+02 1.107074e+02 1.084495e+02 5.481471e+00 4.070344e+00 5.756289e+00 5.424155e+00 5.274922e+00 4.502147e+00 2.326887e+00 2.587141e+00
<VARIANCE> 22
 4.801635e+02 4.063120e+02 3.300595e+02 2.164982e+02 4.956268e+03 5.429985e+03 9.837579e+02 1.115179e+03 2.936362e+02 3.515820e+02 3.745738e+03 4.440754e+03 4.183320e+02 3.870127e+02 6.504288e+00 1.793316e+00 2.326111e+00 1.170389e+00 2.082489e+00 5.618803e+00 6.153808e+00 6.060927e+00
<GCONST> 1.445108e+02
<TRANSP> 5
 0.000000e+00 1.000000e+00 0.000000e+00 0.000000e+00 0.000000e+00
 0.000000e+00 4.800000e-01 3.200000e-01 2.000000e-01 0.000000e+00
 0.000000e+00 0.000000e+00 6.000000e-01 4.000000e-01 0.000000e+00
 0.000000e+00 2.000000e-01 0.000000e+00 5.600000e-01 2.400000e-01
 0.000000e+00 0.000000e+00 0.000000e+00 0.000000e+00 0.000000e+00
<ENDHMM>
~h "oov"
<BEGINHMM>
<NUMSTATES> 5
<STATE> 2
<MEAN> 22
 1.782131e+01 1.745869e+01 1.254949e+01 1.066129e+01 9.808603e+01 1.094081e+02 7.745200e+01 7.692535e+01 5.713504e+01 5.813476e+01 1.211402e+02 1.001316e+02 8.987744e+01 8.749129e+01 3.914663e+00 2.971972e+00 4.584465e+00 4.269412e+00 4.069775e+00 3.035217e+00 2.146772e+00 2.371099e+00
<VARIANCE> 22
 5.662966e+03 4.098327e+03 4.625567e+03 2.964724e+03 2.337783e+04 1.456590e+04 2.387541e+03 2.474843e+03 1.050269e+03 1.111588e+03 6.725321e+03 5.974006e+03 2.054310e+03 1.896286e+03 9.760303e+00 3.406510e+00 7.323701e+00 4.914595e+00 5.643705e+00 7.221819e+00 6.106104e+00 5.995593e+00
<GCONST> 1.701150e+02
<STATE> 3
<MEAN> 22
 7.145614e+00 9.084002e+00 1.881118e+00 2.495481e+00 6.842455e+01 9.941628e+01 8.723999e+01 8.924107e+01 6.923080e+01 7.020033e+01 1.292320e+02 1.067684e+02 1.066795e+02 1.038954e+02 4.099544e+00 3.303458e+00 5.497464e+00 5.138372e+00 4.627036e+00 3.145117e+00 2.617541e+00 2.870935e+00
<VARIANCE> 22
 1.456536e+02 1.904310e+02 1.142044e+01 1.589530e+01 5.033154e+03 5.586152e+03 1.393548e+03 1.672132e+03 3.678821e+02 4.587269e+02 4.416262e+03 4.276187e+03 2.950276e+02 2.615027e+02 8.135730e+00 1.855442e+00 3.724264e+00 1.292089e+00 2.668567e+00 6.580826e+00 6.380681e+00 5.961332e+00
<GCONST> 1.385119e+02
<STATE> 4
<MEAN> 22
 3.082615e+00 4.999320e+00 9.545702e-01 1.446354e+00 1.773973e+01 2.745826e+01 9.504803e+01 9.118835e+01 6.265662e+01 6.133397e+01 1.879897e+02 1.778409e+02 1.160023e+02 1.141205e+02 6.620186e+00 4.729863e+00 6.077282e+00 5.761672e+00 5.866011e+00 5.610640e+00 2.149979e+00 2.418966e+00
<VARIANCE> 22
 4.326450e+01 7.877881e+01 3.660479e+00 6.077123e+00 1.188647e+03 1.781970e+03 4.817232e+02 5.445437e+02 1.241447e+02 1.481370e+02 1.312988e+03 2.043211e+03 2.091896e+02 1.895498e+02 2.150203e+00 5.662330e-01 4.439662e-01 2.923118e-01 4.277926e-01 2.019123e+00 5.919890e+00 6.050446e+00
<GCONST> 1.155095e+02
<TRANSP> 5
 0.000000e+00 1.000000e+00 0.000000e+00 0.000000e+00 0.000000e+00
 0.000000e+00 3.024234e-01 6.975766e-01 0.000000e+00 0.000000e+00
 0.000000e+00 0.000000e+00 8.746270e-01 1.253730e-01 0.000000e+00
 0.000000e+00 0.000000e+00 0.000000e+00 9.142226e-01 8.577748e-02
 0.000000e+00 0.000000e+00 0.000000e+00 0.000000e+00 0.000000e+00
<ENDHMM>
