~o
<STREAMINFO> 1 22
<VECSIZE> 22<NULLD><MFCC_0><DIAGC>
~h "SIL"
<BEGINHMM>
<NUMSTATES> 5
<STATE> 2
<NUMMIXES> 10
<MIXTURE> 1 6.250000e-02
<MEAN> 22
 2.315636e+01 2.352269e+01 1.663123e+01 1.424404e+01 9.872836e+01 1.192152e+02 1.159995e+02 1.162116e+02 7.848363e+01 7.948894e+01 2.101753e+02 1.989714e+02 1.270698e+02 1.241875e+02 7.521752e+00 5.141660e+00 6.976417e+00 6.289631e+00 6.429389e+00 6.398467e+00 4.311436e+00 4.556657e+00
<VARIANCE> 22
 4.801635e+02 4.063120e+02 3.300595e+02 2.164982e+02 4.956268e+03 5.429985e+03 9.837579e+02 1.115179e+03 2.936362e+02 3.515820e+02 3.745738e+03 4.440754e+03 4.183320e+02 3.870127e+02 6.504288e+00 1.793316e+00 2.326111e+00 1.170389e+00 2.082489e+00 5.618803e+00 6.153808e+00 6.060927e+00
<GCONST> 1.445108e+02
<MIXTURE> 2 6.250000e-02
<MEAN> 22
 1.439130e+01 1.545981e+01 9.364216e+00 8.358487e+00 7.056805e+01 8.973984e+01 1.034535e+02 1.028537e+02 7.162930e+01 7.198872e+01 1.856943e+02 1.723158e+02 1.188886e+02 1.163185e+02 6.501612e+00 4.606002e+00 6.366353e+00 5.856893e+00 5.852156e+00 5.450307e+00 3.319161e+00 3.571899e+00
<VARIANCE> 22
 4.801635e+02 4.063120e+02 3.300595e+02 2.164982e+02 4.956268e+03 5.429985e+03 9.837579e+02 1.115179e+03 2.936362e+02 3.515820e+02 3.745738e+03 4.440754e+03 4.183320e+02 3.870127e+02 6.504288e+00 1.793316e+00 2.326111e+00 1.170389e+00 2.082489e+00 5.618803e+00 6.153808e+00 6.060927e+00
<GCONST> 1.445108e+02
<MIXTURE> 3 1.250000e-01
<MEAN> 22
 1.000877e+01 1.142837e+01 5.730708e+00 5.415711e+00 5.648790e+01 7.500215e+01 9.718052e+01 9.617490e+01 6.820213e+01 6.823861e+01 1.734538e+02 1.589880e+02 1.147980e+02 1.123840e+02 5.991541e+00 4.338172e+00 6.061321e+00 5.640524e+00 5.563539e+00 4.976227e+00 2.823024e+00 3.079520e+00
<VARIANCE> 22
 4.801635e+02 4.063120e+02 3.300595e+02 2.164982e+02 4.956268e+03 5.429985e+03 9.837579e+02 1.115179e+03 2.936362e+02 3.515820e+02 3.745738e+03 4.440754e+03 4.183320e+02 3.870127e+02 6.504288e+00 1.793316e+00 2.326111e+00 1.170389e+00 2.082489e+00 5.618803e+00 6.153808e+00 6.060927e+00
<GCONST> 1.445108e+02
<MIXTURE> 4 1.250000e-01
<MEAN> 22
 1.243720e+00 3.365496e+00 -1.536308e+00 -4.698386e-01 2.832759e+01 4.552678e+01 8.463456e+01 8.281718e+01 6.134780e+01 6.073840e+01 1.489728e+02 1.323324e+02 1.066168e+02 1.045150e+02 4.971401e+00 3.802516e+00 5.451257e+00 5.207786e+00 4.986306e+00 4.028067e+00 1.830750e+00 2.094762e+00
<VARIANCE> 22
 4.801635e+02 4.063120e+02 3.300595e+02 2.164982e+02 4.956268e+03 5.429985e+03 9.837579e+02 1.115179e+03 2.936362e+02 3.515820e+02 3.745738e+03 4.440754e+03 4.183320e+02 3.870127e+02 6.504288e+00 1.793316e+00 2.326111e+00 1.170389e+00 2.082489e+00 5.618803e+00 6.153808e+00 6.060927e+00
<GCONST> 1.445108e+02
<MIXTURE> 5 1.250000e-01
<MEAN> 22
 1.000877e+01 1.142837e+01 5.730708e+00 5.415711e+00 5.648789e+01 7.500215e+01 9.718052e+01 9.617494e+01 6.820214e+01 6.823862e+01 1.734538e+02 1.589880e+02 1.147980e+02 1.123840e+02 5.991541e+00 4.338172e+00 6.061321e+00 5.640524e+00 5.563540e+00 4.976227e+00 2.823024e+00 3.079520e+00
<VARIANCE> 22
 4.801635e+02 4.063120e+02 3.300595e+02 2.164982e+02 4.956268e+03 5.429985e+03 9.837579e+02 1.115179e+03 2.936362e+02 3.515820e+02 3.745738e+03 4.440754e+03 4.183320e+02 3.870127e+02 6.504288e+00 1.793316e+00 2.326111e+00 1.170389e+00 2.082489e+00 5.618803e+00 6.153808e+00 6.060927e+00
<GCONST> 1.445108e+02
<MIXTURE> 6 1.250000e-01
<MEAN> 22
 1.243720e+00 3.365497e+00 -1.536308e+00 -4.698384e-01 2.832759e+01 4.552678e+01 8.463456e+01 8.281718e+01 6.134780e+01 6.073840e+01 1.489728e+02 1.323324e+02 1.066168e+02 1.045150e+02 4.971402e+00 3.802515e+00 5.451257e+00 5.207786e+00 4.986305e+00 4.028067e+00 1.830750e+00 2.094762e+00
<VARIANCE> 22
 4.801635e+02 4.063120e+02 3.300595e+02 2.164982e+02 4.956268e+03 5.429985e+03 9.837579e+02 1.115179e+03 2.936362e+02 3.515820e+02 3.745738e+03 4.440754e+03 4.183320e+02 3.870127e+02 6.504288e+00 1.793316e+00 2.326111e+00 1.170389e+00 2.082489e+00 5.618803e+00 6.153808e+00 6.060927e+00
<GCONST> 1.445108e+02
<MIXTURE> 7 1.250000e-01
<MEAN> 22
 1.243716e+00 3.365498e+00 -1.536308e+00 -4.698396e-01 2.832759e+01 4.552678e+01 8.463456e+01 8.281718e+01 6.134781e+01 6.073840e+01 1.489728e+02 1.323324e+02 1.066168e+02 1.045150e+02 4.971401e+00 3.802514e+00 5.451257e+00 5.207786e+00 4.986305e+00 4.028067e+00 1.830750e+00 2.094762e+00
<VARIANCE> 22
 4.801635e+02 4.063120e+02 3.300595e+02 2.164982e+02 4.956268e+03 5.429985e+03 9.837579e+02 1.115179e+03 2.936362e+02 3.515820e+02 3.745738e+03 4.440754e+03 4.183320e+02 3.870127e+02 6.504288e+00 1.793316e+00 2.326111e+00 1.170389e+00 2.082489e+00 5.618803e+00 6.153808e+00 6.060927e+00
<GCONST> 1.445108e+02
<MIXTURE> 8 1.250000e-01
<MEAN> 22
 -7.521334e+00 -4.697377e+00 -8.803324e+00 -6.355390e+00 1.672869e-01 1.605140e+01 7.208860e+01 6.945947e+01 5.449348e+01 5.323820e+01 1.244918e+02 1.056768e+02 9.843556e+01 9.664597e+01 3.951261e+00 3.266857e+00 4.841193e+00 4.775048e+00 4.409072e+00 3.079907e+00 8.384756e-01 1.110004e+00
<VARIANCE> 22
 4.801635e+02 4.063120e+02 3.300595e+02 2.164982e+02 4.956268e+03 5.429985e+03 9.837579e+02 1.115179e+03 2.936362e+02 3.515820e+02 3.745738e+03 4.440754e+03 4.183320e+02 3.870127e+02 6.504288e+00 1.793316e+00 2.326111e+00 1.170389e+00 2.082489e+00 5.618803e+00 6.153808e+00 6.060927e+00
<GCONST> 1.445108e+02
<MIXTURE> 9 6.250000e-02
<MEAN> 22
 1.439130e+01 1.545981e+01 9.364212e+00 8.358484e+00 7.056805e+01 8.973981e+01 1.034535e+02 1.028538e+02 7.162931e+01 7.198872e+01 1.856943e+02 1.723158e+02 1.188886e+02 1.163185e+02 6.501612e+00 4.606001e+00 6.366353e+00 5.856893e+00 5.852156e+00 5.450307e+00 3.319161e+00 3.571899e+00
<VARIANCE> 22
 4.801635e+02 4.063120e+02 3.300595e+02 2.164982e+02 4.956268e+03 5.429985e+03 9.837579e+02 1.115179e+03 2.936362e+02 3.515820e+02 3.745738e+03 4.440754e+03 4.183320e+02 3.870127e+02 6.504288e+00 1.793316e+00 2.326111e+00 1.170389e+00 2.082489e+00 5.618803e+00 6.153808e+00 6.060927e+00
<GCONST> 1.445108e+02
<MIXTURE> 10 6.250000e-02
<MEAN> 22
 5.626243e+00 7.396934e+00 2.097200e+00 2.472936e+00 4.240775e+01 6.026447e+01 9.090754e+01 8.949603e+01 6.477497e+01 6.448850e+01 1.612133e+02 1.456602e+02 1.107074e+02 1.084495e+02 5.481472e+00 4.070343e+00 5.756289e+00 5.424155e+00 5.274922e+00 4.502147e+00 2.326887e+00 2.587141e+00
<VARIANCE> 22
 4.801635e+02 4.063120e+02 3.300595e+02 2.164982e+02 4.956268e+03 5.429985e+03 9.837579e+02 1.115179e+03 2.936362e+02 3.515820e+02 3.745738e+03 4.440754e+03 4.183320e+02 3.870127e+02 6.504288e+00 1.793316e+00 2.326111e+00 1.170389e+00 2.082489e+00 5.618803e+00 6.153808e+00 6.060927e+00
<GCONST> 1.445108e+02
<STATE> 3
<NUMMIXES> 10
<MIXTURE> 1 6.250000e-02
<MEAN> 22
 2.315636e+01 2.352269e+01 1.663123e+01 1.424404e+01 9.872836e+01 1.192152e+02 1.159995e+02 1.162116e+02 7.848363e+01 7.948894e+01 2.101753e+02 1.989714e+02 1.270698e+02 1.241875e+02 7.521752e+00 5.141660e+00 6.976417e+00 6.289631e+00 6.429389e+00 6.398467e+00 4.311436e+00 4.556657e+00
<VARIANCE> 22
 4.801635e+02 4.063120e+02 3.300595e+02 2.164982e+02 4.956268e+03 5.429985e+03 9.837579e+02 1.115179e+03 2.936362e+02 3.515820e+02 3.745738e+03 4.440754e+03 4.183320e+02 3.870127e+02 6.504288e+00 1.793316e+00 2.326111e+00 1.170389e+00 2.082489e+00 5.618803e+00 6.153808e+00 6.060927e+00
<GCONST> 1.445108e+02
<MIXTURE> 2 6.250000e-02
<MEAN> 22
 1.439130e+01 1.545981e+01 9.364216e+00 8.358487e+00 7.056805e+01 8.973984e+01 1.034535e+02 1.028537e+02 7.162930e+01 7.198872e+01 1.856943e+02 1.723158e+02 1.188886e+02 1.163185e+02 6.501612e+00 4.606002e+00 6.366353e+00 5.856893e+00 5.852156e+00 5.450307e+00 3.319161e+00 3.571899e+00
<VARIANCE> 22
 4.801635e+02 4.063120e+02 3.300595e+02 2.164982e+02 4.956268e+03 5.429985e+03 9.837579e+02 1.115179e+03 2.936362e+02 3.515820e+02 3.745738e+03 4.440754e+03 4.183320e+02 3.870127e+02 6.504288e+00 1.793316e+00 2.326111e+00 1.170389e+00 2.082489e+00 5.618803e+00 6.153808e+00 6.060927e+00
<GCONST> 1.445108e+02
<MIXTURE> 3 1.250000e-01
<MEAN> 22
 1.000877e+01 1.142837e+01 5.730708e+00 5.415711e+00 5.648790e+01 7.500215e+01 9.718052e+01 9.617490e+01 6.820213e+01 6.823861e+01 1.734538e+02 1.589880e+02 1.147980e+02 1.123840e+02 5.991541e+00 4.338172e+00 6.061321e+00 5.640524e+00 5.563539e+00 4.976227e+00 2.823024e+00 3.079520e+00
<VARIANCE> 22
 4.801635e+02 4.063120e+02 3.300595e+02 2.164982e+02 4.956268e+03 5.429985e+03 9.837579e+02 1.115179e+03 2.936362e+02 3.515820e+02 3.745738e+03 4.440754e+03 4.183320e+02 3.870127e+02 6.504288e+00 1.793316e+00 2.326111e+00 1.170389e+00 2.082489e+00 5.618803e+00 6.153808e+00 6.060927e+00
<GCONST> 1.445108e+02
<MIXTURE> 4 1.250000e-01
<MEAN> 22
 1.243720e+00 3.365496e+00 -1.536308e+00 -4.698386e-01 2.832759e+01 4.552678e+01 8.463456e+01 8.281718e+01 6.134780e+01 6.073840e+01 1.489728e+02 1.323324e+02 1.066168e+02 1.045150e+02 4.971401e+00 3.802516e+00 5.451257e+00 5.207786e+00 4.986306e+00 4.028067e+00 1.830750e+00 2.094762e+00
<VARIANCE> 22
 4.801635e+02 4.063120e+02 3.300595e+02 2.164982e+02 4.956268e+03 5.429985e+03 9.837579e+02 1.115179e+03 2.936362e+02 3.515820e+02 3.745738e+03 4.440754e+03 4.183320e+02 3.870127e+02 6.504288e+00 1.793316e+00 2.326111e+00 1.170389e+00 2.082489e+00 5.618803e+00 6.153808e+00 6.060927e+00
<GCONST> 1.445108e+02
<MIXTURE> 5 1.250000e-01
<MEAN> 22
 1.000877e+01 1.142837e+01 5.730708e+00 5.415711e+00 5.648789e+01 7.500215e+01 9.718052e+01 9.617494e+01 6.820214e+01 6.823862e+01 1.734538e+02 1.589880e+02 1.147980e+02 1.123840e+02 5.991541e+00 4.338172e+00 6.061321e+00 5.640524e+00 5.563540e+00 4.976227e+00 2.823024e+00 3.079520e+00
<VARIANCE> 22
 4.801635e+02 4.063120e+02 3.300595e+02 2.164982e+02 4.956268e+03 5.429985e+03 9.837579e+02 1.115179e+03 2.936362e+02 3.515820e+02 3.745738e+03 4.440754e+03 4.183320e+02 3.870127e+02 6.504288e+00 1.793316e+00 2.326111e+00 1.170389e+00 2.082489e+00 5.618803e+00 6.153808e+00 6.060927e+00
<GCONST> 1.445108e+02
<MIXTURE> 6 1.250000e-01
<MEAN> 22
 1.243720e+00 3.365497e+00 -1.536308e+00 -4.698384e-01 2.832759e+01 4.552678e+01 8.463456e+01 8.281718e+01 6.134780e+01 6.073840e+01 1.489728e+02 1.323324e+02 1.066168e+02 1.045150e+02 4.971402e+00 3.802515e+00 5.451257e+00 5.207786e+00 4.986305e+00 4.028067e+00 1.830750e+00 2.094762e+00
<VARIANCE> 22
 4.801635e+02 4.063120e+02 3.300595e+02 2.164982e+02 4.956268e+03 5.429985e+03 9.837579e+02 1.115179e+03 2.936362e+02 3.515820e+02 3.745738e+03 4.440754e+03 4.183320e+02 3.870127e+02 6.504288e+00 1.793316e+00 2.326111e+00 1.170389e+00 2.082489e+00 5.618803e+00 6.153808e+00 6.060927e+00
<GCONST> 1.445108e+02
<MIXTURE> 7 1.250000e-01
<MEAN> 22
 1.243716e+00 3.365498e+00 -1.536308e+00 -4.698396e-01 2.832759e+01 4.552678e+01 8.463456e+01 8.281718e+01 6.134781e+01 6.073840e+01 1.489728e+02 1.323324e+02 1.066168e+02 1.045150e+02 4.971401e+00 3.802514e+00 5.451257e+00 5.207786e+00 4.986305e+00 4.028067e+00 1.830750e+00 2.094762e+00
<VARIANCE> 22
 4.801635e+02 4.063120e+02 3.300595e+02 2.164982e+02 4.956268e+03 5.429985e+03 9.837579e+02 1.115179e+03 2.936362e+02 3.515820e+02 3.745738e+03 4.440754e+03 4.183320e+02 3.870127e+02 6.504288e+00 1.793316e+00 2.326111e+00 1.170389e+00 2.082489e+00 5.618803e+00 6.153808e+00 6.060927e+00
<GCONST> 1.445108e+02
<MIXTURE> 8 1.250000e-01
<MEAN> 22
 -7.521334e+00 -4.697377e+00 -8.803324e+00 -6.355390e+00 1.672869e-01 1.605140e+01 7.208860e+01 6.945947e+01 5.449348e+01 5.323820e+01 1.244918e+02 1.056768e+02 9.843556e+01 9.664597e+01 3.951261e+00 3.266857e+00 4.841193e+00 4.775048e+00 4.409072e+00 3.079907e+00 8.384756e-01 1.110004e+00
<VARIANCE> 22
 4.801635e+02 4.063120e+02 3.300595e+02 2.164982e+02 4.956268e+03 5.429985e+03 9.837579e+02 1.115179e+03 2.936362e+02 3.515820e+02 3.745738e+03 4.440754e+03 4.183320e+02 3.870127e+02 6.504288e+00 1.793316e+00 2.326111e+00 1.170389e+00 2.082489e+00 5.618803e+00 6.153808e+00 6.060927e+00
<GCONST> 1.445108e+02
<MIXTURE> 9 6.250000e-02
<MEAN> 22
 1.439130e+01 1.545981e+01 9.364212e+00 8.358484e+00 7.056805e+01 8.973981e+01 1.034535e+02 1.028538e+02 7.162931e+01 7.198872e+01 1.856943e+02 1.723158e+02 1.188886e+02 1.163185e+02 6.501612e+00 4.606001e+00 6.366353e+00 5.856893e+00 5.852156e+00 5.450307e+00 3.319161e+00 3.571899e+00
<VARIANCE> 22
 4.801635e+02 4.063120e+02 3.300595e+02 2.164982e+02 4.956268e+03 5.429985e+03 9.837579e+02 1.115179e+03 2.936362e+02 3.515820e+02 3.745738e+03 4.440754e+03 4.183320e+02 3.870127e+02 6.504288e+00 1.793316e+00 2.326111e+00 1.170389e+00 2.082489e+00 5.618803e+00 6.153808e+00 6.060927e+00
<GCONST> 1.445108e+02
<MIXTURE> 10 6.250000e-02
<MEAN> 22
 5.626243e+00 7.396934e+00 2.097200e+00 2.472936e+00 4.240775e+01 6.026447e+01 9.090754e+01 8.949603e+01 6.477497e+01 6.448850e+01 1.612133e+02 1.456602e+02 1.107074e+02 1.084495e+02 5.481472e+00 4.070343e+00 5.756289e+00 5.424155e+00 5.274922e+00 4.502147e+00 2.326887e+00 2.587141e+00
<VARIANCE> 22
 4.801635e+02 4.063120e+02 3.300595e+02 2.164982e+02 4.956268e+03 5.429985e+03 9.837579e+02 1.115179e+03 2.936362e+02 3.515820e+02 3.745738e+03 4.440754e+03 4.183320e+02 3.870127e+02 6.504288e+00 1.793316e+00 2.326111e+00 1.170389e+00 2.082489e+00 5.618803e+00 6.153808e+00 6.060927e+00
<GCONST> 1.445108e+02
<STATE> 4
<NUMMIXES> 10
<MIXTURE> 1 6.250000e-02
<MEAN> 22
 2.315636e+01 2.352269e+01 1.663123e+01 1.424404e+01 9.872836e+01 1.192152e+02 1.159995e+02 1.162116e+02 7.848363e+01 7.948894e+01 2.101753e+02 1.989714e+02 1.270698e+02 1.241875e+02 7.521752e+00 5.141660e+00 6.976417e+00 6.289631e+00 6.429389e+00 6.398467e+00 4.311436e+00 4.556657e+00
<VARIANCE> 22
 4.801635e+02 4.063120e+02 3.300595e+02 2.164982e+02 4.956268e+03 5.429985e+03 9.837579e+02 1.115179e+03 2.936362e+02 3.515820e+02 3.745738e+03 4.440754e+03 4.183320e+02 3.870127e+02 6.504288e+00 1.793316e+00 2.326111e+00 1.170389e+00 2.082489e+00 5.618803e+00 6.153808e+00 6.060927e+00
<GCONST> 1.445108e+02
<MIXTURE> 2 6.250000e-02
<MEAN> 22
 1.439130e+01 1.545981e+01 9.364216e+00 8.358487e+00 7.056805e+01 8.973984e+01 1.034535e+02 1.028537e+02 7.162930e+01 7.198872e+01 1.856943e+02 1.723158e+02 1.188886e+02 1.163185e+02 6.501612e+00 4.606002e+00 6.366353e+00 5.856893e+00 5.852156e+00 5.450307e+00 3.319161e+00 3.571899e+00
<VARIANCE> 22
 4.801635e+02 4.063120e+02 3.300595e+02 2.164982e+02 4.956268e+03 5.429985e+03 9.837579e+02 1.115179e+03 2.936362e+02 3.515820e+02 3.745738e+03 4.440754e+03 4.183320e+02 3.870127e+02 6.504288e+00 1.793316e+00 2.326111e+00 1.170389e+00 2.082489e+00 5.618803e+00 6.153808e+00 6.060927e+00
<GCONST> 1.445108e+02
<MIXTURE> 3 1.250000e-01
<MEAN> 22
 1.000877e+01 1.142837e+01 5.730708e+00 5.415711e+00 5.648790e+01 7.500215e+01 9.718052e+01 9.617490e+01 6.820213e+01 6.823861e+01 1.734538e+02 1.589880e+02 1.147980e+02 1.123840e+02 5.991541e+00 4.338172e+00 6.061321e+00 5.640524e+00 5.563539e+00 4.976227e+00 2.823024e+00 3.079520e+00
<VARIANCE> 22
 4.801635e+02 4.063120e+02 3.300595e+02 2.164982e+02 4.956268e+03 5.429985e+03 9.837579e+02 1.115179e+03 2.936362e+02 3.515820e+02 3.745738e+03 4.440754e+03 4.183320e+02 3.870127e+02 6.504288e+00 1.793316e+00 2.326111e+00 1.170389e+00 2.082489e+00 5.618803e+00 6.153808e+00 6.060927e+00
<GCONST> 1.445108e+02
<MIXTURE> 4 1.250000e-01
<MEAN> 22
 1.243720e+00 3.365496e+00 -1.536308e+00 -4.698386e-01 2.832759e+01 4.552678e+01 8.463456e+01 8.281718e+01 6.134780e+01 6.073840e+01 1.489728e+02 1.323324e+02 1.066168e+02 1.045150e+02 4.971401e+00 3.802516e+00 5.451257e+00 5.207786e+00 4.986306e+00 4.028067e+00 1.830750e+00 2.094762e+00
<VARIANCE> 22
 4.801635e+02 4.063120e+02 3.300595e+02 2.164982e+02 4.956268e+03 5.429985e+03 9.837579e+02 1.115179e+03 2.936362e+02 3.515820e+02 3.745738e+03 4.440754e+03 4.183320e+02 3.870127e+02 6.504288e+00 1.793316e+00 2.326111e+00 1.170389e+00 2.082489e+00 5.618803e+00 6.153808e+00 6.060927e+00
<GCONST> 1.445108e+02
<MIXTURE> 5 1.250000e-01
<MEAN> 22
 1.000877e+01 1.142837e+01 5.730708e+00 5.415711e+00 5.648789e+01 7.500215e+01 9.718052e+01 9.617494e+01 6.820214e+01 6.823862e+01 1.734538e+02 1.589880e+02 1.147980e+02 1.123840e+02 5.991541e+00 4.338172e+00 6.061321e+00 5.640524e+00 5.563540e+00 4.976227e+00 2.823024e+00 3.079520e+00
<VARIANCE> 22
 4.801635e+02 4.063120e+02 3.300595e+02 2.164982e+02 4.956268e+03 5.429985e+03 9.837579e+02 1.115179e+03 2.936362e+02 3.515820e+02 3.745738e+03 4.440754e+03 4.183320e+02 3.870127e+02 6.504288e+00 1.793316e+00 2.326111e+00 1.170389e+00 2.082489e+00 5.618803e+00 6.153808e+00 6.060927e+00
<GCONST> 1.445108e+02
<MIXTURE> 6 1.250000e-01
<MEAN> 22
 1.243720e+00 3.365497e+00 -1.536308e+00 -4.698384e-01 2.832759e+01 4.552678e+01 8.463456e+01 8.281718e+01 6.134780e+01 6.073840e+01 1.489728e+02 1.323324e+02 1.066168e+02 1.045150e+02 4.971402e+00 3.802515e+00 5.451257e+00 5.207786e+00 4.986305e+00 4.028067e+00 1.830750e+00 2.094762e+00
<VARIANCE> 22
 4.801635e+02 4.063120e+02 3.300595e+02 2.164982e+02 4.956268e+03 5.429985e+03 9.837579e+02 1.115179e+03 2.936362e+02 3.515820e+02 3.745738e+03 4.440754e+03 4.183320e+02 3.870127e+02 6.504288e+00 1.793316e+00 2.326111e+00 1.170389e+00 2.082489e+00 5.618803e+00 6.153808e+00 6.060927e+00
<GCONST> 1.445108e+02
<MIXTURE> 7 1.250000e-01
<MEAN> 22
 1.243716e+00 3.365498e+00 -1.536308e+00 -4.698396e-01 2.832759e+01 4.552678e+01 8.463456e+01 8.281718e+01 6.134781e+01 6.073840e+01 1.489728e+02 1.323324e+02 1.066168e+02 1.045150e+02 4.971401e+00 3.802514e+00 5.451257e+00 5.207786e+00 4.986305e+00 4.028067e+00 1.830750e+00 2.094762e+00
<VARIANCE> 22
 4.801635e+02 4.063120e+02 3.300595e+02 2.164982e+02 4.956268e+03 5.429985e+03 9.837579e+02 1.115179e+03 2.936362e+02 3.515820e+02 3.745738e+03 4.440754e+03 4.183320e+02 3.870127e+02 6.504288e+00 1.793316e+00 2.326111e+00 1.170389e+00 2.082489e+00 5.618803e+00 6.153808e+00 6.060927e+00
<GCONST> 1.445108e+02
<MIXTURE> 8 1.250000e-01
<MEAN> 22
 -7.521334e+00 -4.697377e+00 -8.803324e+00 -6.355390e+00 1.672869e-01 1.605140e+01 7.208860e+01 6.945947e+01 5.449348e+01 5.323820e+01 1.244918e+02 1.056768e+02 9.843556e+01 9.664597e+01 3.951261e+00 3.266857e+00 4.841193e+00 4.775048e+00 4.409072e+00 3.079907e+00 8.384756e-01 1.110004e+00
<VARIANCE> 22
 4.801635e+02 4.063120e+02 3.300595e+02 2.164982e+02 4.956268e+03 5.429985e+03 9.837579e+02 1.115179e+03 2.936362e+02 3.515820e+02 3.745738e+03 4.440754e+03 4.183320e+02 3.870127e+02 6.504288e+00 1.793316e+00 2.326111e+00 1.170389e+00 2.082489e+00 5.618803e+00 6.153808e+00 6.060927e+00
<GCONST> 1.445108e+02
<MIXTURE> 9 6.250000e-02
<MEAN> 22
 1.439130e+01 1.545981e+01 9.364212e+00 8.358484e+00 7.056805e+01 8.973981e+01 1.034535e+02 1.028538e+02 7.162931e+01 7.198872e+01 1.856943e+02 1.723158e+02 1.188886e+02 1.163185e+02 6.501612e+00 4.606001e+00 6.366353e+00 5.856893e+00 5.852156e+00 5.450307e+00 3.319161e+00 3.571899e+00
<VARIANCE> 22
 4.801635e+02 4.063120e+02 3.300595e+02 2.164982e+02 4.956268e+03 5.429985e+03 9.837579e+02 1.115179e+03 2.936362e+02 3.515820e+02 3.745738e+03 4.440754e+03 4.183320e+02 3.870127e+02 6.504288e+00 1.793316e+00 2.326111e+00 1.170389e+00 2.082489e+00 5.618803e+00 6.153808e+00 6.060927e+00
<GCONST> 1.445108e+02
<MIXTURE> 10 6.250000e-02
<MEAN> 22
 5.626243e+00 7.396934e+00 2.097200e+00 2.472936e+00 4.240775e+01 6.026447e+01 9.090754e+01 8.949603e+01 6.477497e+01 6.448850e+01 1.612133e+02 1.456602e+02 1.107074e+02 1.084495e+02 5.481472e+00 4.070343e+00 5.756289e+00 5.424155e+00 5.274922e+00 4.502147e+00 2.326887e+00 2.587141e+00
<VARIANCE> 22
 4.801635e+02 4.063120e+02 3.300595e+02 2.164982e+02 4.956268e+03 5.429985e+03 9.837579e+02 1.115179e+03 2.936362e+02 3.515820e+02 3.745738e+03 4.440754e+03 4.183320e+02 3.870127e+02 6.504288e+00 1.793316e+00 2.326111e+00 1.170389e+00 2.082489e+00 5.618803e+00 6.153808e+00 6.060927e+00
<GCONST> 1.445108e+02
<TRANSP> 5
 0.000000e+00 1.000000e+00 0.000000e+00 0.000000e+00 0.000000e+00
 0.000000e+00 4.800000e-01 3.200000e-01 2.000000e-01 0.000000e+00
 0.000000e+00 0.000000e+00 6.000000e-01 4.000000e-01 0.000000e+00
 0.000000e+00 2.000000e-01 0.000000e+00 5.600000e-01 2.400000e-01
 0.000000e+00 0.000000e+00 0.000000e+00 0.000000e+00 0.000000e+00
<ENDHMM>
~h "oov"
<BEGINHMM>
<NUMSTATES> 5
<STATE> 2
<NUMMIXES> 10
<MIXTURE> 1 1.879737e-02
<MEAN> 22
 1.138468e+02 1.046823e+02 9.854868e+01 8.154564e+01 3.261522e+02 2.555241e+02 1.077258e+02 9.543347e+01 6.478087e+01 7.031797e+01 2.065630e+02 1.534789e+02 1.185114e+02 1.148343e+02 6.996223e+00 4.215016e+00 6.216896e+00 5.405392e+00 6.000353e+00 4.626247e+00 3.494156e+00 3.789931e+00
<VARIANCE> 22
 4.215415e+04 2.773663e+04 3.417695e+04 2.153744e+04 7.140365e+04 3.630749e+04 2.535224e+02 7.953643e+02 5.582188e+01 1.863653e+02 3.705055e+02 4.168958e+03 1.366549e+02 1.646028e+02 6.504288e-02 1.339763e+00 1.698516e-01 6.223662e-01 2.082489e-02 5.292233e+00 8.688972e+00 7.610439e+00
<GCONST> 1.464400e+02
<MIXTURE> 2 1.178636e-01
<MEAN> 22
 1.486586e+01 1.527145e+01 2.112941e+00 2.220552e+00 1.569105e+02 1.539910e+02 8.058214e+01 7.934261e+01 7.173292e+01 6.980947e+01 5.338009e+01 5.404520e+01 1.080289e+02 1.099893e+02 1.937950e+00 2.097508e+00 5.370958e+00 5.558690e+00 3.187122e+00 9.025517e-01 3.082569e+00 3.010301e+00
<VARIANCE> 22
 2.984139e+02 3.240137e+02 7.375425e+00 7.419157e+00 2.074621e+03 1.530644e+03 7.422706e+02 8.133404e+02 1.239685e+02 1.215928e+02 5.917293e+02 5.892860e+02 2.851945e+02 2.089966e+02 3.681668e-01 3.734409e-01 3.512684e+00 9.669786e-01 3.509304e-01 3.998056e-01 5.317502e+00 5.634084e+00
<GCONST> 1.182493e+02
<MIXTURE> 3 1.516637e-01
<MEAN> 22
 1.247191e+01 9.774680e+00 3.408093e+00 2.909946e+00 1.104218e+02 7.591348e+01 9.533466e+01 9.259232e+01 8.184603e+01 6.832897e+01 1.115558e+02 1.462829e+02 1.073887e+02 1.107570e+02 2.174246e+00 4.068376e+00 5.007066e+00 5.330858e+00 3.914216e+00 4.688081e+00 3.130683e+00 2.758196e+00
<VARIANCE> 22
 2.202736e+02 2.016309e+02 2.102761e+01 2.226916e+01 5.932648e+03 6.277284e+03 2.497417e+03 1.824496e+03 4.527727e+02 4.404735e+02 4.257933e+03 2.960979e+03 5.674986e+02 2.528377e+02 5.935366e+00 1.316439e+00 6.968096e+00 8.345914e-01 3.429766e+00 4.722270e+00 5.633562e+00 5.808517e+00
<GCONST> 1.405649e+02
<MIXTURE> 4 3.024972e-02
<MEAN> 22
 -4.235165e-22 -1.058791e-22 0.000000e+00 -2.541099e-21 5.109983e+02 3.967705e+02 7.940934e-23 -3.388132e-21 0.000000e+00 0.000000e+00 -6.352747e-22 1.694066e-21 0.000000e+00 0.000000e+00 0.000000e+00 5.293956e-23 0.000000e+00 0.000000e+00 8.271806e-25 -5.293956e-23 -5.293956e-23 2.646978e-23
<VARIANCE> 22
 4.801635e+00 4.063120e+00 3.300595e+00 2.164982e+00 2.672965e+03 1.681265e+03 9.837578e+00 1.115179e+01 2.936362e+00 3.515820e+00 3.745738e+01 4.440754e+01 4.183320e+00 3.870127e+00 6.504288e-02 1.793316e-02 2.326111e-02 1.170389e-02 2.082489e-02 5.618803e-02 6.153808e-02 6.060927e-02
<GCONST> 5.061755e+01
<MIXTURE> 5 8.124057e-02
<MEAN> 22
 6.263037e+00 6.622254e+00 1.279609e+00 1.160945e+00 1.356410e+02 1.326708e+02 7.011730e+01 7.006525e+01 6.388314e+01 6.113225e+01 4.663292e+01 4.793476e+01 1.005283e+02 1.015131e+02 1.802023e+00 2.230616e+00 6.320299e+00 5.666648e+00 3.089794e+00 1.006858e+00 3.743404e+00 3.568401e+00
<VARIANCE> 22
 4.223440e+01 5.108105e+01 3.300595e+00 2.164982e+00 1.228145e+03 8.935147e+02 3.018132e+02 3.304708e+02 3.958442e+01 5.199536e+01 3.072798e+02 3.138566e+02 5.087703e+01 5.062506e+01 2.549062e-01 2.667390e-01 3.582426e-01 4.092740e-01 2.174865e-01 2.584264e-01 5.538407e+00 5.845436e+00
<GCONST> 9.844571e+01
<MIXTURE> 6 8.903877e-03
<MEAN> 22
 3.783808e+02 3.325909e+02 3.420689e+02 2.732511e+02 3.105967e+01 3.123470e+01 3.275606e+01 3.663617e+01 3.120841e+01 2.849305e+01 4.014183e+01 4.672499e+01 4.014734e+01 4.112420e+01 9.937481e-01 1.334681e+00 2.131631e+00 2.033589e+00 1.581702e+00 1.458897e+00 3.532372e+00 3.715302e+00
<VARIANCE> 22
 3.899889e+04 2.391226e+04 3.599546e+04 2.373996e+04 3.741116e+03 4.494813e+03 2.315099e+03 2.866173e+03 1.646072e+03 1.438481e+03 3.437598e+03 4.752583e+03 2.788267e+03 2.786448e+03 3.612683e+00 3.721859e+00 8.818611e+00 6.783048e+00 4.765198e+00 5.828202e+00 3.472592e+00 3.164679e+00
<GCONST> 1.735617e+02
<MIXTURE> 7 2.313427e-01
<MEAN> 22
 3.884954e+00 9.683523e+00 1.230907e+00 2.700594e+00 2.903692e+01 7.290871e+01 9.354269e+01 8.971516e+01 6.223578e+01 7.187707e+01 1.912043e+02 1.430490e+02 1.149714e+02 1.099019e+02 6.998659e+00 4.184369e+00 6.147887e+00 5.329381e+00 5.999979e+00 4.877548e+00 2.644148e+00 2.996258e+00
<VARIANCE> 22
 2.995883e+01 1.170912e+02 3.300595e+00 1.068460e+01 1.425517e+03 4.666564e+03 2.818348e+02 1.249407e+03 6.460105e+01 4.520368e+02 4.639020e+02 3.140305e+03 1.335653e+02 1.577502e+02 6.504288e-02 1.242893e+00 1.260159e-01 8.248743e-01 2.082489e-02 4.655213e+00 5.998191e+00 5.284410e+00
<GCONST> 1.114140e+02
<MIXTURE> 8 4.555730e-02
<MEAN> 22
 4.235165e-22 6.617445e-24 -1.654361e-24 -2.117582e-22 0.000000e+00 1.164153e-10 3.388132e-21 4.235165e-22 0.000000e+00 1.694066e-21 0.000000e+00 3.388132e-21 4.235165e-22 0.000000e+00 2.646978e-23 -6.617445e-24 1.323489e-23 0.000000e+00 0.000000e+00 2.117582e-22 -6.617445e-24 5.293956e-23
<VARIANCE> 22
 4.801635e+00 4.063120e+00 3.300595e+00 2.164982e+00 4.956268e+01 5.429985e+01 9.837578e+00 1.115179e+01 2.936362e+00 3.515820e+00 3.745738e+01 4.440754e+01 4.183320e+00 3.870127e+00 6.504288e-02 1.793316e-02 2.326111e-02 1.170389e-02 2.082489e-02 5.618803e-02 6.153808e-02 6.060927e-02
<GCONST> 4.319706e+01
<MIXTURE> 9 2.398178e-01
<MEAN> 22
 1.842856e+00 6.925567e+00 5.458087e-01 1.823026e+00 1.487371e+01 7.967723e+01 8.087251e+01 7.567398e+01 5.561755e+01 6.723857e+01 1.720880e+02 1.048649e+02 1.046933e+02 9.673947e+01 6.998150e+00 3.720279e+00 6.061734e+00 5.181890e+00 5.989449e+00 4.161059e+00 1.577305e+00 2.445485e+00
<VARIANCE> 22
 1.290353e+01 7.143514e+01 3.300595e+00 6.227210e+00 4.558968e+02 4.100482e+03 1.785036e+02 1.177490e+03 4.092681e+01 3.413470e+02 3.668016e+02 2.836733e+03 8.871918e+01 1.526931e+02 6.504288e-02 1.670984e+00 5.792180e-02 1.124992e+00 2.082489e-02 6.747211e+00 4.721043e+00 5.055393e+00
<GCONST> 1.061531e+02
<MIXTURE> 10 7.456780e-02
<MEAN> 22
 3.749569e+00 4.064420e+00 8.216112e-01 7.820461e-01 1.178442e+02 1.170804e+02 6.308277e+01 6.261108e+01 5.991378e+01 5.596110e+01 4.733290e+01 4.944923e+01 9.503175e+01 9.511795e+01 1.805732e+00 2.062537e+00 6.221576e+00 5.777033e+00 3.112373e+00 8.352846e-01 2.628665e+00 2.562817e+00
<VARIANCE> 22
 2.628065e+01 3.378558e+01 3.300595e+00 2.164982e+00 1.581476e+03 1.096220e+03 3.171778e+02 3.348892e+02 5.180483e+01 6.156351e+01 3.036286e+02 3.390902e+02 4.860985e+01 6.318961e+01 2.762192e-01 3.497608e-01 3.576299e-01 4.733992e-01 2.330756e-01 2.981110e-01 5.863842e+00 5.936558e+00
<GCONST> 9.953738e+01
<STATE> 3
<NUMMIXES> 10
<MIXTURE> 1 4.337072e-02
<MEAN> 22
 8.915707e+00 5.115635e+00 2.435910e+00 1.431018e+00 3.785765e+01 2.228573e+01 1.327557e+02 1.162565e+02 8.503191e+01 6.985209e+01 2.370669e+02 2.285428e+02 1.458527e+02 1.375114e+02 6.541867e+00 4.993596e+00 6.723218e+00 5.823647e+00 6.010350e+00 5.979148e+00 2.547255e+00 2.392892e+00
<VARIANCE> 22
 1.750153e+02 7.438628e+01 1.407462e+01 4.614824e+00 1.766328e+03 4.791734e+02 1.525206e+03 3.917222e+02 1.932577e+02 1.460466e+02 2.520333e+03 9.516967e+02 6.143690e+02 2.580809e+02 2.946093e+00 1.793316e-02 2.001852e-01 1.452491e-01 1.309788e-01 5.689755e-02 6.217478e+00 6.104749e+00
<GCONST> 1.102012e+02
<MIXTURE> 2 1.107313e-01
<MEAN> 22
 1.648544e+00 2.272754e+01 6.939894e-01 6.242445e+00 8.576937e+00 1.379241e+02 1.122082e+02 1.093923e+02 6.652373e+01 9.338499e+01 2.174805e+02 1.096627e+02 1.288395e+02 1.144549e+02 6.999721e+00 3.346344e+00 6.209047e+00 4.691289e+00 6.000000e+00 3.334766e+00 2.323130e+00 4.028581e+00
<VARIANCE> 22
 6.127901e+00 4.892694e+02 3.300595e+00 4.959481e+01 7.980577e+01 6.834148e+03 2.483382e+02 2.246865e+03 6.080756e+01 6.573589e+02 3.719359e+02 3.219055e+03 1.548874e+02 1.851577e+02 6.504288e-02 1.326791e+00 1.653457e-01 1.187945e+00 2.082489e-02 6.119085e+00 6.528004e+00 4.947046e+00
<GCONST> 1.121711e+02
<MIXTURE> 3 5.010249e-02
<MEAN> 22
 1.348809e+01 1.235966e+01 1.676060e+00 1.957703e+00 8.526548e+01 9.381963e+01 5.247104e+01 5.079710e+01 6.725301e+01 6.218938e+01 7.955900e+01 7.324233e+01 1.018726e+02 1.024832e+02 1.915914e+00 2.325414e+00 6.197335e+00 5.734941e+00 3.850318e+00 5.129620e-01 3.129806e+00 2.995343e+00
<VARIANCE> 22
 2.076370e+02 2.077733e+02 3.662420e+00 5.577805e+00 2.270903e+03 2.092036e+03 4.993597e+02 5.066068e+02 1.472312e+02 1.217686e+02 1.024046e+03 5.311510e+02 1.163212e+02 1.030250e+02 2.398511e+00 7.670199e-01 3.675234e-01 4.090536e-01 8.654870e-01 4.015991e-01 5.882746e+00 5.883664e+00
<GCONST> 1.155315e+02
<MIXTURE> 4 2.081624e-01
<MEAN> 22
 1.195466e+01 1.508854e+00 3.685550e+00 7.918502e-01 1.495151e+02 1.902971e+01 1.103414e+02 9.937527e+01 9.122710e+01 5.671855e+01 6.729329e+01 1.989425e+02 1.003104e+02 1.176999e+02 1.405960e+00 5.000000e+00 3.564976e+00 5.820572e+00 3.076801e+00 5.994780e+00 3.344416e+00 2.101796e+00
<VARIANCE> 22
 2.214124e+02 5.506865e+00 2.546118e+01 2.164982e+00 4.439588e+03 6.702891e+02 2.326081e+03 1.777872e+02 5.737003e+02 5.772752e+01 1.539396e+03 3.016233e+02 3.508528e+02 1.061068e+02 5.308040e-01 1.793316e-02 8.728649e+00 1.472447e-01 1.402759e+00 5.618803e-02 6.044580e+00 5.847149e+00
<GCONST> 1.099894e+02
<MIXTURE> 5 1.504419e-01
<MEAN> 22
 1.193672e+00 1.086723e+01 5.724198e-01 3.174263e+00 5.931194e+00 1.540416e+02 8.756268e+01 1.040975e+02 5.457778e+01 8.384935e+01 1.835530e+02 6.218217e+01 1.096167e+02 9.279443e+01 6.999672e+00 2.547898e+00 6.000009e+00 4.365092e+00 6.000000e+00 1.813278e+00 1.874599e+00 3.626032e+00
<VARIANCE> 22
 4.801635e+00 1.215657e+02 3.300595e+00 1.188539e+01 4.956268e+01 2.641571e+03 4.479440e+01 2.002419e+03 2.710157e+01 4.828352e+02 7.229018e+01 9.484153e+02 3.125048e+01 1.407961e+02 6.504288e-02 4.320607e-01 2.326111e-02 1.479417e+00 2.082489e-02 3.024599e+00 6.112095e+00 5.416322e+00
<GCONST> 9.645641e+01
<MIXTURE> 6 6.533677e-02
<MEAN> 22
 6.457948e+00 1.702891e+00 2.275105e+00 8.881623e-01 9.198320e+01 1.993798e+01 9.914745e+01 5.412334e+01 7.977713e+01 5.359831e+01 5.239417e+01 1.342912e+02 8.989428e+01 1.003782e+02 1.668853e+00 4.280642e+00 3.665456e+00 5.705862e+00 2.954491e+00 5.425809e+00 3.254910e+00 2.159921e+00
<VARIANCE> 22
 6.010039e+01 5.278817e+00 7.673866e+00 2.164982e+00 2.612255e+03 2.930602e+02 1.950017e+03 5.026722e+02 5.448940e+02 6.419730e+01 8.016264e+02 9.128953e+02 2.449686e+02 5.059566e+01 3.756035e-01 5.693955e-01 8.078049e+00 2.076207e-01 6.321170e-01 4.608746e+00 6.097556e+00 5.687662e+00
<GCONST> 1.133281e+02
<MIXTURE> 7 5.873071e-02
<MEAN> 22
 1.765724e+01 1.583966e+01 6.070513e+00 4.994544e+00 9.111925e+01 8.823814e+01 7.532425e+01 7.458987e+01 7.350674e+01 6.623693e+01 1.101537e+02 1.165488e+02 9.700164e+01 1.025519e+02 2.514011e+00 3.623460e+00 5.575918e+00 5.208367e+00 4.129883e+00 4.119206e+00 3.095358e+00 3.243128e+00
<VARIANCE> 22
 4.505196e+02 3.952515e+02 7.961763e+01 4.093987e+01 6.143545e+03 5.005771e+03 2.020145e+03 1.879354e+03 4.145456e+02 3.842238e+02 2.566096e+03 2.336437e+03 8.432070e+02 3.976287e+02 6.733619e+00 1.642499e+00 4.112654e+00 1.176549e+00 3.549098e+00 6.558479e+00 5.843044e+00 5.454128e+00
<GCONST> 1.439004e+02
<MIXTURE> 8 5.273703e-02
<MEAN> 22
 3.756345e+00 5.659895e+00 1.019150e+00 8.545828e-01 7.166416e+01 7.232975e+01 2.743289e+01 2.813257e+01 6.513631e+01 5.992436e+01 8.462306e+01 8.654084e+01 1.026802e+02 1.016298e+02 2.069816e+00 1.812832e+00 6.014572e+00 5.997379e+00 3.973500e+00 7.292949e-03 2.659024e+00 2.436387e+00
<VARIANCE> 22
 2.464043e+01 6.474573e+01 3.300595e+00 2.164982e+00 1.860315e+03 1.507225e+03 1.885772e+02 9.299933e+01 4.863696e+01 4.294420e+01 2.108470e+02 1.642127e+02 6.563575e+01 5.635796e+01 8.700654e-01 1.106319e+00 2.431364e-02 1.170389e-02 8.675333e-02 5.618803e-02 6.242680e+00 6.164271e+00
<GCONST> 9.082947e+01
<MIXTURE> 9 1.514967e-01
<MEAN> 22
 5.554832e-01 5.856603e+00 2.981732e-01 1.878365e+00 4.863489e+00 1.492814e+02 8.228588e+01 9.572533e+01 5.213938e+01 7.405429e+01 1.752558e+02 4.345181e+01 1.053393e+02 8.717522e+01 6.999730e+00 2.255096e+00 6.000009e+00 4.382307e+00 6.000000e+00 1.264766e+00 9.322718e-01 2.686194e+00
<VARIANCE> 22
 4.801635e+00 6.602680e+01 3.300595e+00 6.281947e+00 4.956268e+01 1.556894e+03 4.018064e+01 1.237029e+03 2.321218e+01 3.579587e+02 8.686880e+01 6.017218e+02 3.309193e+01 1.482292e+02 6.504288e-02 2.442524e-01 2.326111e-02 1.717405e+00 2.082489e-02 1.271990e+00 3.492018e+00 5.828056e+00
<GCONST> 9.169869e+01
<MIXTURE> 10 1.088692e-01
<MEAN> 22
 8.641682e-01 1.670382e+01 4.669825e-01 4.804979e+00 6.988319e+00 1.338718e+02 1.004615e+02 9.678104e+01 6.126369e+01 8.351678e+01 2.005603e+02 8.474316e+01 1.182553e+02 1.045704e+02 6.999295e+00 3.062972e+00 6.122040e+00 4.664993e+00 6.000000e+00 2.852928e+00 1.424197e+00 3.436137e+00
<VARIANCE> 22
 4.801635e+00 3.267239e+02 3.300595e+00 3.729232e+01 5.233873e+01 5.599383e+03 2.145629e+02 1.895383e+03 5.479834e+01 4.994908e+02 4.171342e+02 2.384712e+03 1.415731e+02 1.966224e+02 6.504288e-02 1.217106e+00 1.071414e-01 1.337277e+00 2.082489e-02 6.030146e+00 4.841433e+00 5.666070e+00
<GCONST> 1.091274e+02
<STATE> 4
<NUMMIXES> 10
<MIXTURE> 1 1.120694e-01
<MEAN> 22
 3.433671e+00 3.331964e+00 1.284109e+00 1.381640e+00 1.675183e+01 1.351051e+01 1.199974e+02 1.137215e+02 7.382742e+01 6.592104e+01 2.265287e+02 2.218717e+02 1.360065e+02 1.319952e+02 6.998629e+00 5.000082e+00 6.295427e+00 5.850085e+00 6.000154e+00 5.990057e+00 2.576068e+00 2.530876e+00
<VARIANCE> 22
 2.045131e+01 1.971792e+01 3.300595e+00 3.483222e+00 3.374293e+02 1.729155e+02 1.778205e+02 8.301183e+01 5.573700e+01 4.391884e+01 1.408109e+02 1.515853e+02 5.720466e+01 5.309083e+01 6.504288e-02 1.793316e-02 2.081470e-01 1.274403e-01 2.082489e-02 5.618803e-02 6.132682e+00 6.164224e+00
<GCONST> 8.173735e+01
<MIXTURE> 2 8.637071e-02
<MEAN> 22
 1.469840e+01 1.037357e+01 3.845381e+00 3.100810e+00 4.144198e+01 2.748755e+01 8.548956e+01 9.382133e+01 7.056321e+01 6.141536e+01 1.751432e+02 1.887802e+02 1.141024e+02 1.156711e+02 5.689741e+00 4.943242e+00 6.408836e+00 5.665683e+00 5.887612e+00 5.943748e+00 3.715693e+00 3.277438e+00
<VARIANCE> 22
 2.235028e+02 1.531194e+02 2.054192e+01 1.508005e+01 9.768213e+02 5.909261e+02 6.977859e+02 3.004075e+02 1.825730e+02 1.051492e+02 9.955459e+02 4.293862e+02 1.602887e+02 8.707346e+01 7.020393e+00 6.356829e-02 2.442852e-01 2.228230e-01 3.507697e-01 9.287260e-02 5.854346e+00 6.201883e+00
<GCONST> 1.109510e+02
<MIXTURE> 3 9.949150e-02
<MEAN> 22
 2.535490e+00 3.483255e+00 9.574385e-01 1.262102e+00 8.079116e+00 9.445564e+00 9.430416e+01 9.358428e+01 5.933280e+01 5.660719e+01 1.927744e+02 1.923960e+02 1.149894e+02 1.157830e+02 6.999040e+00 5.000000e+00 6.000937e+00 5.977177e+00 6.000000e+00 5.999983e+00 2.798910e+00 2.842790e+00
<VARIANCE> 22
 1.105547e+01 1.924397e+01 3.300595e+00 2.610594e+00 5.058886e+01 5.429985e+01 3.933662e+01 4.367714e+01 1.414580e+01 2.559118e+01 3.965043e+01 5.249743e+01 2.121523e+01 1.340488e+01 6.504288e-02 1.793316e-02 2.326111e-02 2.229961e-02 2.082489e-02 5.618803e-02 6.340353e+00 6.374345e+00
<GCONST> 6.512779e+01
<MIXTURE> 4 5.876217e-02
<MEAN> 22
 8.063314e+00 5.647775e+00 2.366552e+00 1.782283e+00 1.133405e+02 1.126157e+02 1.132120e+02 1.181442e+02 7.939202e+01 7.648435e+01 1.269792e+02 1.346978e+02 1.095346e+02 1.093564e+02 2.246316e+00 3.636433e+00 5.130985e+00 4.829561e+00 3.455118e+00 3.722701e+00 2.685343e+00 2.940126e+00
<VARIANCE> 22
 1.575476e+02 7.138340e+01 1.488546e+01 6.274518e+00 7.560196e+03 7.647688e+03 1.438327e+03 1.634725e+03 4.421376e+02 6.905306e+02 5.116615e+03 3.914565e+03 4.955307e+02 3.344204e+02 7.012166e+00 1.393036e+00 7.246305e+00 1.335946e+00 5.576254e+00 4.248033e+00 5.831588e+00 6.242027e+00
<GCONST> 1.396099e+02
<MIXTURE> 5 1.087998e-01
<MEAN> 22
 1.551459e+00 2.727346e+00 5.976896e-01 1.056116e+00 6.327466e+00 1.272354e+01 8.398996e+01 8.353254e+01 5.469144e+01 5.385592e+01 1.766810e+02 1.758658e+02 1.070237e+02 1.060488e+02 6.999369e+00 5.000000e+00 6.008324e+00 5.899805e+00 6.000000e+00 5.999931e+00 2.206337e+00 2.753429e+00
<VARIANCE> 22
 5.339166e+00 1.038352e+01 3.300595e+00 2.164982e+00 4.956268e+01 2.531933e+02 2.612943e+01 4.832548e+01 1.461703e+01 4.541833e+01 3.745738e+01 4.489746e+01 1.443457e+01 1.304464e+01 6.504288e-02 1.793316e-02 2.326111e-02 9.014126e-02 2.082489e-02 5.618803e-02 6.036723e+00 6.338657e+00
<GCONST> 6.612991e+01
<MIXTURE> 6 1.880034e-01
<MEAN> 22
 1.182417e+00 1.200659e+00 5.469782e-01 5.683186e-01 8.328255e+00 1.097401e+01 1.097684e+02 1.080055e+02 6.816573e+01 6.468593e+01 2.130147e+02 2.117173e+02 1.257321e+02 1.254050e+02 6.999838e+00 5.000000e+00 6.167813e+00 5.881603e+00 6.000041e+00 5.996544e+00 1.851009e+00 1.672821e+00
<VARIANCE> 22
 4.801635e+00 4.063120e+00 3.300595e+00 2.164982e+00 6.626069e+01 2.689185e+02 5.815247e+01 7.392012e+01 2.947973e+01 3.804417e+01 1.633192e+02 1.621324e+02 6.917207e+01 5.818898e+01 6.504288e-02 1.793316e-02 1.396210e-01 1.043770e-01 2.082489e-02 5.618803e-02 5.389933e+00 5.056242e+00
<GCONST> 7.460376e+01
<MIXTURE> 7 5.154562e-02
<MEAN> 22
 2.532161e+00 5.412426e+00 6.968117e-01 1.224166e+00 4.848185e+01 1.113686e+02 6.830083e+01 7.507367e+01 6.114040e+01 6.660122e+01 1.354202e+02 7.514581e+01 1.029102e+02 9.628742e+01 4.293423e+00 2.820279e+00 6.247890e+00 5.052423e+00 5.187657e+00 2.415393e+00 2.089486e+00 2.637579e+00
<VARIANCE> 22
 1.598560e+01 4.495801e+01 3.300595e+00 2.164982e+00 2.365089e+03 2.887182e+03 7.385391e+02 1.288853e+03 1.096033e+02 2.284256e+02 2.485939e+03 1.919899e+03 1.005407e+02 1.460342e+02 8.894399e+00 1.436559e+00 2.161344e-01 1.159528e+00 1.670656e+00 5.755832e+00 5.665049e+00 5.741486e+00
<GCONST> 1.204902e+02
<MIXTURE> 8 8.511199e-02
<MEAN> 22
 1.036758e+01 1.882999e+01 1.692320e+00 3.916160e+00 3.941873e+01 6.221386e+01 6.285674e+01 5.614809e+01 6.060726e+01 6.275196e+01 1.478270e+02 1.207688e+02 1.036547e+02 1.005625e+02 4.948132e+00 4.202640e+00 6.182368e+00 5.552392e+00 5.560438e+00 5.198127e+00 2.954829e+00 3.062222e+00
<VARIANCE> 22
 1.739151e+02 2.696921e+02 5.482510e+00 2.169626e+01 1.114633e+03 1.613700e+03 6.907969e+02 6.372460e+02 8.755016e+01 1.845763e+02 1.123547e+03 1.061122e+03 8.912174e+01 7.823476e+01 8.816239e+00 1.223682e+00 1.569879e-01 3.507732e-01 5.691122e-01 5.420905e+00 6.189752e+00 4.744092e+00
<GCONST> 1.198824e+02
<MIXTURE> 9 1.169412e-01
<MEAN> 22
 9.883085e-01 1.605681e+00 3.936890e-01 5.548030e-01 4.777268e+00 6.133227e+00 8.945658e+01 8.892971e+01 5.733537e+01 5.616147e+01 1.868982e+02 1.863691e+02 1.123342e+02 1.128591e+02 6.999582e+00 5.000000e+00 6.000067e+00 5.968239e+00 6.000000e+00 5.999982e+00 1.532813e+00 1.587590e+00
<VARIANCE> 22
 4.801635e+00 8.181115e+00 3.300595e+00 2.164982e+00 4.956268e+01 5.429985e+01 2.754179e+01 2.976750e+01 9.288213e+00 2.114279e+01 3.745738e+01 4.440754e+01 2.100824e+01 1.056728e+01 6.504288e-02 1.793316e-02 2.326111e-02 3.075140e-02 2.082489e-02 5.618803e-02 4.745927e+00 4.917716e+00
<GCONST> 6.117969e+01
<MIXTURE> 10 9.288083e-02
<MEAN> 22
 8.138129e-01 1.400244e+00 3.166444e-01 5.338641e-01 5.261200e+00 7.803656e+00 8.067456e+01 7.983170e+01 5.171108e+01 4.919082e+01 1.705555e+02 1.702845e+02 1.036993e+02 1.019230e+02 6.999812e+00 5.000000e+00 6.001154e+00 5.944127e+00 6.000000e+00 5.999233e+00 1.321273e+00 1.627875e+00
<VARIANCE> 22
 4.801635e+00 4.957368e+00 3.300595e+00 2.164982e+00 4.956268e+01 8.659486e+01 2.767327e+01 3.913306e+01 1.463438e+01 3.959919e+01 5.099437e+01 5.912427e+01 1.811088e+01 2.345799e+01 6.504288e-02 1.793316e-02 2.326111e-02 5.275081e-02 2.082489e-02 5.618803e-02 4.383222e+00 4.999821e+00
<GCONST> 6.422639e+01
<TRANSP> 5
 0.000000e+00 1.000000e+00 0.000000e+00 0.000000e+00 0.000000e+00
 0.000000e+00 6.789430e-01 3.210570e-01 0.000000e+00 0.000000e+00
 0.000000e+00 0.000000e+00 8.517404e-01 1.482596e-01 0.000000e+00
 0.000000e+00 0.000000e+00 0.000000e+00 9.107783e-01 8.922169e-02
 0.000000e+00 0.000000e+00 0.000000e+00 0.000000e+00 0.000000e+00
<ENDHMM>
