~o
<STREAMINFO> 1 22
<VECSIZE> 22<NULLD><MFCC_0><DIAGC>
~h "BN"
<BEGINHMM>
<NUMSTATES> 5
<STATE> 2
<NUMMIXES> 2
<MIXTURE> 1 5.405332e-001
<MEAN> 22
 8.041116e+000 1.906204e+001 3.810951e+000 5.875580e+000 2.702747e+001 5.550871e+001 9.169165e+001 8.061216e+001 6.304511e+001 6.403294e+001 1.866148e+002 1.515649e+002 1.163890e+002 1.112325e+002 6.630735e+000 4.429535e+000 6.120805e+000 5.543118e+000 5.824522e+000 5.360820e+000 2.186060e+000 2.288315e+000
<VARIANCE> 22
 1.509995e+003 1.224951e+003 1.150579e+003 7.320316e+002 4.062801e+003 4.053639e+003 6.004487e+002 7.862761e+002 1.452489e+002 2.042822e+002 1.446195e+003 2.830404e+003 2.712098e+002 1.916469e+002 1.933639e+000 9.138930e-001 2.740521e-001 4.851275e-001 3.185548e-001 3.324691e+000 5.678722e+000 3.251992e+000
<GCONST> 1.360960e+002
<MIXTURE> 2 4.594655e-001
<MEAN> 22
 4.485363e+000 5.226789e+000 1.390402e+000 2.124859e+000 1.778561e+002 1.869384e+002 6.742212e+001 8.761219e+001 6.653011e+001 7.037078e+001 1.011812e+002 6.206686e+001 8.567563e+001 8.494776e+001 2.605081e+000 2.284375e+000 4.452060e+000 3.589856e+000 3.814244e+000 1.957969e+000 2.102651e+000 2.201590e+000
<VARIANCE> 22
 6.155435e+001 7.202491e+001 5.791076e+000 1.047550e+001 4.111180e+004 1.939621e+004 2.554704e+003 2.915563e+003 1.269192e+003 1.508440e+003 5.954490e+003 3.174985e+003 2.183672e+003 1.708037e+003 8.048848e+000 2.256592e+000 8.029690e+000 3.705961e+000 4.377966e+000 4.854586e+000 5.713872e+000 5.935148e+000
<GCONST> 1.484805e+002
<STATE> 3
<NUMMIXES> 2
<MIXTURE> 1 3.883046e-001
<MEAN> 22
 1.752417e+000 1.426255e+001 6.300479e-001 4.298363e+000 1.020886e+001 1.753804e+002 1.030789e+002 1.187851e+002 6.420562e+001 9.470403e+001 2.072420e+002 5.249943e+001 1.232307e+002 1.106093e+002 6.998351e+000 2.375231e+000 6.150402e+000 4.098359e+000 5.999324e+000 1.199694e+000 1.935276e+000 3.199877e+000
<VARIANCE> 22
 1.231319e+001 2.894114e+002 3.300596e+000 2.733251e+001 3.599210e+002 3.288571e+003 2.586315e+002 1.249036e+003 6.547731e+001 4.586051e+002 5.104189e+002 8.738823e+002 1.900928e+002 1.595091e+002 6.504287e-002 3.743390e-001 1.284555e-001 7.459877e-001 2.082488e-002 9.162146e-001 6.115689e+000 5.631888e+000
<GCONST> 1.069410e+002
<MIXTURE> 2 6.116957e-001
<MEAN> 22
 7.378660e-001 5.649248e+000 3.606318e-001 1.719201e+000 8.521187e+000 1.693476e+002 8.426983e+001 1.157874e+002 5.482461e+001 8.673574e+001 1.774906e+002 3.209803e+001 1.084011e+002 9.512300e+001 6.925543e+000 2.072428e+000 5.973815e+000 3.739290e+000 5.956223e+000 1.109561e+000 1.190354e+000 2.679004e+000
<VARIANCE> 22
 4.801632e+000 5.870224e+001 3.300596e+000 4.653462e+000 4.780457e+002 8.938043e+002 1.045922e+002 2.668188e+002 4.015077e+001 2.835258e+002 3.656307e+002 3.549712e+002 4.949089e+001 6.627941e+001 3.977572e-001 1.293446e-001 2.157334e-001 5.605820e-001 1.250146e-001 3.187604e-001 4.267425e+000 5.922324e+000
<GCONST> 9.614497e+001
<STATE> 4
<NUMMIXES> 2
<MIXTURE> 1 5.516937e-001
<MEAN> 22
 1.108253e+001 9.040297e+000 3.005196e+000 2.316929e+000 8.062321e+001 2.518427e+001 1.023913e+002 9.746803e+001 7.562756e+001 6.164347e+001 1.358865e+002 1.956772e+002 1.149018e+002 1.192750e+002 4.624149e+000 4.936936e+000 4.862501e+000 5.765558e+000 4.820529e+000 6.024210e+000 3.306452e+000 3.164245e+000
<VARIANCE> 22
 2.535229e+002 2.429195e+002 2.437397e+001 1.215742e+001 7.009129e+003 8.111205e+002 8.153357e+002 4.018867e+002 3.340204e+002 9.204655e+001 5.687266e+003 7.540984e+002 2.111636e+002 1.317001e+002 7.652528e+000 6.332256e-002 6.548945e+000 1.799989e-001 2.281521e+000 5.618803e-002 6.374053e+000 6.903506e+000
<GCONST> 1.224143e+002
<MIXTURE> 2 4.483059e-001
<MEAN> 22
 5.246656e+000 2.538174e+000 1.834913e+000 7.918749e-001 1.292545e+002 2.192473e+001 1.111643e+002 7.251823e+001 8.623755e+001 5.671004e+001 4.845530e+001 1.588929e+002 9.598632e+001 1.085460e+002 2.351190e+000 4.518795e+000 1.902602e+000 5.814596e+000 3.185637e+000 5.357146e+000 2.907683e+000 1.946096e+000
<VARIANCE> 22
 5.905163e+001 3.084229e+001 7.075911e+000 2.429434e+000 5.024989e+003 8.755029e+002 1.089436e+003 8.233455e+002 4.596164e+002 7.146908e+001 1.631452e+003 1.784877e+003 1.891357e+002 1.324410e+002 2.380667e+000 8.982229e-001 6.318137e+000 2.020273e-001 1.019127e+000 4.353650e+000 6.169324e+000 5.720213e+000
<GCONST> 1.212590e+002
<TRANSP> 5
 0.000000e+000 1.000000e+000 0.000000e+000 0.000000e+000 0.000000e+000
 0.000000e+000 8.123558e-001 1.876442e-001 0.000000e+000 0.000000e+000
 0.000000e+000 0.000000e+000 9.504449e-001 4.955507e-002 0.000000e+000
 0.000000e+000 0.000000e+000 0.000000e+000 9.374967e-001 6.250338e-002
 0.000000e+000 0.000000e+000 0.000000e+000 0.000000e+000 0.000000e+000
<ENDHMM>
~h "BS"
<BEGINHMM>
<NUMSTATES> 5
<STATE> 2
<NUMMIXES> 2
<MIXTURE> 1 3.626184e-001
<MEAN> 22
 1.544769e+001 1.492043e+001 5.859777e+000 5.475086e+000 8.842703e+001 6.750305e+001 8.980933e+001 8.791026e+001 6.624823e+001 6.207412e+001 1.842406e+002 1.819093e+002 1.179067e+002 1.175496e+002 6.036115e+000 4.879286e+000 6.189862e+000 5.815965e+000 5.472181e+000 5.867682e+000 2.700064e+000 2.059855e+000
<VARIANCE> 22
 1.842605e+003 1.430803e+003 1.478663e+003 9.813419e+002 2.793524e+004 1.285639e+004 8.466562e+002 6.185542e+002 6.888836e+001 6.036126e+001 8.497923e+002 8.193603e+002 1.547090e+002 1.185911e+002 5.311649e+000 2.739193e-001 1.593934e-001 1.509376e-001 2.316545e+000 6.725145e-001 3.751546e+000 4.476430e+000
<GCONST> 1.337896e+002
<MIXTURE> 2 6.373808e-001
<MEAN> 22
 1.649474e+001 1.673820e+001 2.452640e+000 2.563319e+000 7.447884e+001 7.246458e+001 4.420810e+001 4.185064e+001 6.189143e+001 5.922259e+001 1.275725e+002 1.231108e+002 1.017375e+002 1.017736e+002 4.860721e+000 4.213821e+000 5.959665e+000 5.830986e+000 4.977447e+000 4.966861e+000 2.712580e+000 2.050878e+000
<VARIANCE> 22
 1.795742e+002 1.837253e+002 6.777541e+000 9.139910e+000 6.052208e+003 4.514198e+003 6.849911e+002 5.942987e+002 1.443394e+002 1.643038e+002 1.240304e+003 1.144901e+003 2.719151e+002 2.498762e+002 6.872519e+000 2.771817e+000 6.937134e-001 6.224033e-001 1.155265e+000 7.902185e+000 3.064753e+000 3.684978e+000
<GCONST> 1.271129e+002
<STATE> 3
<NUMMIXES> 2
<MIXTURE> 1 4.626087e-001
<MEAN> 22
 2.053170e+001 2.037650e+001 4.673188e+000 4.363152e+000 1.288250e+002 1.238973e+002 1.293500e+002 1.276946e+002 8.631398e+001 7.720457e+001 1.377097e+002 1.461146e+002 1.137935e+002 1.128501e+002 7.725937e-001 3.594282e+000 4.214049e+000 4.770860e+000 2.020710e+000 3.638690e+000 2.623924e+000 3.808288e+000
<VARIANCE> 22
 6.069838e+002 6.196869e+002 3.527511e+001 2.793122e+001 2.049212e+003 1.802441e+003 1.851935e+003 1.558265e+003 2.100061e+002 2.753396e+002 1.870971e+003 1.457367e+003 1.614460e+002 1.295999e+002 1.451149e+000 4.812396e-001 1.102093e+001 3.529655e-001 5.308596e+000 1.941818e+000 6.535007e+000 4.613286e+000
<GCONST> 1.326322e+002
<MIXTURE> 2 5.373909e-001
<MEAN> 22
 1.931059e+001 2.009697e+001 3.146298e+000 3.115616e+000 9.406169e+001 9.751828e+001 5.056112e+001 5.105907e+001 6.403268e+001 5.951925e+001 9.027145e+001 8.961000e+001 9.892654e+001 9.965882e+001 1.757782e+000 2.629432e+000 6.098042e+000 5.745996e+000 3.889538e+000 2.003381e+000 2.648473e+000 2.837815e+000
<VARIANCE> 22
 2.603312e+002 2.734608e+002 1.182691e+001 1.175860e+001 1.385058e+003 1.087921e+003 7.637645e+002 6.893118e+002 1.085822e+002 1.044431e+002 8.030590e+002 7.053644e+002 8.475899e+001 7.562928e+001 2.605578e+000 1.749479e+000 7.231780e-001 4.025404e-001 2.296192e+000 6.420435e+000 5.592145e+000 4.373847e+000
<GCONST> 1.214604e+002
<STATE> 4
<NUMMIXES> 2
<MIXTURE> 1 4.540556e-001
<MEAN> 22
 1.051146e+001 1.013198e+001 2.932206e+000 2.577250e+000 6.267622e+001 6.066253e+001 1.236358e+002 1.203492e+002 7.410568e+001 6.834431e+001 1.975859e+002 1.957637e+002 1.191789e+002 1.183484e+002 4.230429e+000 4.606217e+000 6.695177e+000 5.307723e+000 5.237270e+000 5.336643e+000 3.992591e+000 4.191025e+000
<VARIANCE> 22
 1.012590e+002 9.329239e+001 9.535627e+000 7.247503e+000 2.379882e+003 1.961809e+003 8.051121e+002 6.467518e+002 1.615386e+002 1.372919e+002 6.703357e+002 4.873554e+002 1.628228e+002 1.091206e+002 1.162791e+001 2.594997e-001 2.130617e-001 2.198426e-001 5.785513e+000 6.446700e-001 4.834939e+000 7.635724e+000
<GCONST> 1.177990e+002
<MIXTURE> 2 5.459434e-001
<MEAN> 22
 4.839183e+000 4.755501e+000 1.319430e+000 1.261888e+000 7.326679e+001 7.283988e+001 1.043671e+002 1.049632e+002 6.386453e+001 5.900054e+001 1.554684e+002 1.540982e+002 1.036878e+002 1.031744e+002 1.735802e+000 4.225632e+000 6.813904e+000 5.149919e+000 4.024622e+000 4.691597e+000 3.052772e+000 3.402744e+000
<VARIANCE> 22
 3.208158e+001 3.148656e+001 3.300596e+000 2.646348e+000 1.233509e+003 1.189851e+003 6.001456e+002 5.803462e+002 6.886739e+001 9.324195e+001 3.853017e+002 4.155389e+002 5.655249e+001 6.051480e+001 8.955729e+000 2.523704e-001 1.797237e-001 1.329307e-001 1.015361e+001 8.577557e-001 5.939160e+000 7.878154e+000
<GCONST> 1.084587e+002
<TRANSP> 5
 0.000000e+000 1.000000e+000 0.000000e+000 0.000000e+000 0.000000e+000
 0.000000e+000 8.085440e-001 1.914559e-001 0.000000e+000 0.000000e+000
 0.000000e+000 0.000000e+000 9.108770e-001 8.912297e-002 0.000000e+000
 0.000000e+000 0.000000e+000 0.000000e+000 9.508383e-001 4.916173e-002
 0.000000e+000 0.000000e+000 0.000000e+000 0.000000e+000 0.000000e+000
<ENDHMM>
~h "CF"
<BEGINHMM>
<NUMSTATES> 5
<STATE> 2
<NUMMIXES> 2
<MIXTURE> 1 3.842334e-001
<MEAN> 22
 1.770371e+001 1.118348e+001 6.767399e+000 4.484141e+000 7.938834e+001 3.010214e+001 1.015441e+002 9.172448e+001 8.047197e+001 6.379686e+001 1.354272e+002 1.814934e+002 1.125327e+002 1.175129e+002 4.541808e+000 4.738393e+000 5.036226e+000 5.682828e+000 4.850597e+000 5.737541e+000 3.414682e+000 2.571253e+000
<VARIANCE> 22
 1.257725e+003 8.070157e+002 8.442227e+002 4.998807e+002 7.239573e+003 1.324694e+003 1.018234e+003 7.957764e+002 6.836759e+002 1.342187e+002 5.557826e+003 2.036395e+003 2.591421e+002 1.491014e+002 7.659008e+000 5.138425e-001 5.125055e+000 2.942345e-001 2.157040e+000 1.759350e+000 7.031493e+000 4.946944e+000
<GCONST> 1.417924e+002
<MIXTURE> 2 6.157668e-001
<MEAN> 22
 5.591780e+000 5.238995e+000 2.170861e+000 1.734243e+000 1.103380e+002 7.167399e+001 8.958958e+001 7.529064e+001 8.109098e+001 6.439736e+001 8.231548e+001 1.206991e+002 9.372498e+001 1.044336e+002 2.951909e+000 3.562383e+000 3.969283e+000 5.142183e+000 3.810845e+000 3.825094e+000 2.819717e+000 2.394712e+000
<VARIANCE> 22
 6.449720e+001 6.788381e+001 8.901031e+000 6.762987e+000 1.015338e+004 7.025833e+003 2.308631e+003 1.628706e+003 7.600151e+002 4.792211e+002 3.586996e+003 4.212659e+003 5.564011e+002 5.086721e+002 5.076753e+000 2.596168e+000 6.390335e+000 1.814589e+000 2.198745e+000 7.416532e+000 6.289138e+000 5.311695e+000
<GCONST> 1.393576e+002
<STATE> 3
<NUMMIXES> 2
<MIXTURE> 1 4.128699e-001
<MEAN> 22
 2.502803e+000 1.974142e+001 9.686133e-001 5.860469e+000 1.064139e+001 1.722974e+002 1.057568e+002 1.146631e+002 6.488715e+001 1.002710e+002 2.067305e+002 6.817033e+001 1.226413e+002 1.000347e+002 6.987541e+000 2.627646e+000 6.222350e+000 3.930183e+000 5.991011e+000 2.026422e+000 2.239402e+000 3.556026e+000
<VARIANCE> 22
 2.114509e+001 4.861637e+002 3.682302e+000 4.738938e+001 1.871009e+002 5.495918e+003 3.955932e+002 2.212559e+003 9.765361e+001 5.765682e+002 6.812553e+002 2.080826e+003 2.167408e+002 3.837063e+002 6.504287e-002 8.279592e-001 1.730011e-001 2.177548e+000 2.082488e-002 4.829144e+000 6.453079e+000 5.450986e+000
<GCONST> 1.161561e+002
<MIXTURE> 2 5.871326e-001
<MEAN> 22
 7.298903e-001 6.144641e+000 3.876391e-001 2.607180e+000 6.880467e+000 1.822547e+002 8.474963e+001 1.218157e+002 5.530515e+001 9.698746e+001 1.772505e+002 3.096402e+001 1.069527e+002 8.195533e+001 6.954542e+000 2.039186e+000 6.004474e+000 3.073621e+000 5.973981e+000 9.909572e-001 1.186561e+000 2.518985e+000
<VARIANCE> 22
 4.801632e+000 8.412195e+001 3.300596e+000 1.176432e+001 1.746084e+002 8.590323e+002 1.128897e+002 4.376873e+002 3.106758e+001 3.497273e+002 2.531070e+002 2.399714e+002 5.397149e+001 1.650759e+002 2.237987e-001 6.213967e-002 5.411227e-002 1.475760e+000 6.073949e-002 1.542958e-001 4.438567e+000 5.852319e+000
<GCONST> 9.400670e+001
<STATE> 4
<NUMMIXES> 2
<MIXTURE> 1 5.052913e-001
<MEAN> 22
 1.006980e+001 7.860667e+000 3.309798e+000 2.641362e+000 4.157023e+001 2.709505e+001 9.456290e+001 9.791335e+001 6.873735e+001 6.227157e+001 1.704933e+002 1.955745e+002 1.153866e+002 1.173170e+002 5.879433e+000 4.996616e+000 5.921951e+000 5.703435e+000 5.527428e+000 5.985849e+000 3.279650e+000 3.257614e+000
<VARIANCE> 22
 2.246385e+002 1.390803e+002 2.688272e+001 1.196791e+001 2.759154e+003 7.298713e+002 6.513777e+002 3.324422e+002 2.583072e+002 1.048099e+002 3.500800e+003 4.885575e+002 2.304071e+002 1.211485e+002 5.118846e+000 1.793315e-002 1.472450e+000 2.086136e-001 1.022461e+000 5.618803e-002 6.174120e+000 6.402507e+000
<GCONST> 1.154047e+002
<MIXTURE> 2 4.947086e-001
<MEAN> 22
 6.652614e+000 2.238215e+000 2.505078e+000 8.948846e-001 1.448948e+002 2.832398e+001 1.166178e+002 8.577322e+001 9.054845e+001 5.522372e+001 5.086973e+001 1.784641e+002 8.255183e+001 1.086452e+002 2.363586e+000 4.920666e+000 2.852414e+000 5.702274e+000 3.294334e+000 5.989825e+000 2.780827e+000 2.041583e+000
<VARIANCE> 22
 8.463849e+001 2.009513e+001 1.059824e+001 2.503060e+000 5.463755e+003 1.201071e+003 1.375106e+003 4.723239e+002 5.125722e+002 7.455633e+001 1.852546e+003 7.009191e+002 4.188253e+002 9.821412e+001 2.493940e+000 1.820786e-001 5.135768e+000 2.362183e-001 9.597829e-001 4.529822e-001 5.845662e+000 5.566646e+000
<GCONST> 1.175368e+002
<TRANSP> 5
 0.000000e+000 1.000000e+000 0.000000e+000 0.000000e+000 0.000000e+000
 0.000000e+000 8.768221e-001 1.231779e-001 0.000000e+000 0.000000e+000
 0.000000e+000 0.000000e+000 9.472330e-001 5.276707e-002 0.000000e+000
 0.000000e+000 0.000000e+000 0.000000e+000 9.261743e-001 7.382575e-002
 0.000000e+000 0.000000e+000 0.000000e+000 0.000000e+000 0.000000e+000
<ENDHMM>
~h "CN"
<BEGINHMM>
<NUMSTATES> 5
<STATE> 2
<NUMMIXES> 2
<MIXTURE> 1 3.900173e-001
<MEAN> 22
 1.075121e+001 9.937352e+000 3.306588e+000 3.209924e+000 3.160805e+001 3.248843e+001 9.608167e+001 9.196704e+001 6.772879e+001 6.193847e+001 1.963555e+002 1.931058e+002 1.237701e+002 1.214209e+002 6.745014e+000 4.956919e+000 6.191047e+000 5.922993e+000 5.881087e+000 5.974359e+000 2.746349e+000 2.067084e+000
<VARIANCE> 22
 7.333232e+002 5.581864e+002 4.361544e+002 3.233676e+002 2.848250e+003 2.111726e+003 6.991295e+002 4.457831e+002 1.143455e+002 6.728360e+001 9.141281e+002 6.843129e+002 2.156523e+002 1.500514e+002 1.549826e+000 1.582650e-001 1.549247e-001 7.601490e-002 2.070807e-001 4.590953e-001 3.525347e+000 4.427749e+000
<GCONST> 1.206987e+002
<MIXTURE> 2 6.099823e-001
<MEAN> 22
 1.843634e+001 1.832413e+001 2.305473e+000 2.555500e+000 7.430180e+001 7.037780e+001 4.556956e+001 4.649144e+001 6.295238e+001 5.993073e+001 1.115284e+002 1.117854e+002 1.040711e+002 1.031868e+002 3.722117e+000 3.732791e+000 6.036920e+000 5.862677e+000 4.659001e+000 3.818568e+000 2.684187e+000 1.871874e+000
<VARIANCE> 22
 2.420222e+002 2.502212e+002 5.418203e+000 6.509532e+000 2.245707e+003 2.109701e+003 4.825468e+002 5.815303e+002 9.143368e+001 9.628804e+001 1.599089e+003 1.640699e+003 9.599246e+001 9.635899e+001 7.689865e+000 1.912472e+000 1.020093e-001 3.806023e-001 9.970666e-001 9.451808e+000 2.016096e+000 2.652215e+000
<GCONST> 1.192783e+002
<STATE> 3
<NUMMIXES> 2
<MIXTURE> 1 3.975320e-001
<MEAN> 22
 1.126772e+001 1.197559e+001 1.691147e+000 1.493583e+000 1.672525e+002 1.619601e+002 7.864215e+001 7.692732e+001 7.223748e+001 7.136166e+001 4.862329e+001 4.816023e+001 1.104234e+002 1.128768e+002 2.070001e+000 1.906080e+000 5.684289e+000 5.915641e+000 3.254454e+000 7.472131e-001 3.297344e+000 3.273214e+000
<VARIANCE> 22
 2.029725e+002 2.353119e+002 5.674232e+000 3.871462e+000 1.360910e+003 1.281637e+003 6.021785e+002 6.993640e+002 1.407968e+002 1.311834e+002 4.142436e+002 5.161883e+002 2.414439e+002 1.442900e+002 1.516304e-001 1.568969e-001 7.140228e-001 6.287634e-001 2.048351e-001 2.402371e-001 5.867324e+000 5.734912e+000
<GCONST> 1.101396e+002
<MIXTURE> 2 6.024652e-001
<MEAN> 22
 5.488127e+000 5.762826e+000 9.320122e-001 7.843018e-001 1.335708e+002 1.272338e+002 6.860635e+001 6.549156e+001 6.298661e+001 5.972336e+001 3.899327e+001 4.387358e+001 9.853859e+001 9.919700e+001 2.011798e+000 1.934791e+000 5.846595e+000 5.956784e+000 3.137468e+000 8.001878e-001 3.104542e+000 2.992679e+000
<VARIANCE> 22
 4.556447e+001 6.555832e+001 3.300596e+000 2.164982e+000 1.422135e+003 1.039583e+003 4.031759e+002 4.186353e+002 4.939272e+001 5.889020e+001 2.467047e+002 3.503632e+002 4.177390e+001 4.315340e+001 6.504287e-002 9.507872e-002 8.315796e-001 5.131333e-001 1.376843e-001 1.880800e-001 6.100712e+000 6.190217e+000
<GCONST> 9.752470e+001
<STATE> 4
<NUMMIXES> 2
<MIXTURE> 1 5.143797e-001
<MEAN> 22
 1.495461e+001 1.417487e+001 3.449358e+000 3.299287e+000 4.874574e+001 4.267867e+001 9.552182e+001 9.344157e+001 6.753970e+001 6.344491e+001 1.885111e+002 1.858887e+002 1.165041e+002 1.157858e+002 6.326241e+000 4.896863e+000 6.323194e+000 5.714825e+000 5.872430e+000 5.844555e+000 4.114254e+000 3.980913e+000
<VARIANCE> 22
 3.289605e+002 2.935847e+002 1.365015e+001 1.702325e+001 6.429536e+003 4.439927e+003 8.448893e+002 7.287716e+002 1.280460e+002 1.030740e+002 9.593371e+002 9.364982e+002 1.664333e+002 1.207265e+002 3.700828e+000 3.170870e-001 2.470251e-001 2.220827e-001 4.972855e-001 8.367628e-001 7.586417e+000 4.464448e+000
<GCONST> 1.208644e+002
<MIXTURE> 2 4.856205e-001
<MEAN> 22
 1.340064e+001 1.269436e+001 1.641238e+000 1.773403e+000 9.346560e+001 9.215999e+001 4.560683e+001 4.325324e+001 6.514731e+001 6.307784e+001 1.067470e+002 9.967478e+001 1.045470e+002 1.048112e+002 3.567177e+000 3.061990e+000 5.956438e+000 6.005835e+000 4.254354e+000 2.641376e+000 3.936850e+000 3.902066e+000
<VARIANCE> 22
 2.696001e+002 2.142259e+002 4.661165e+000 6.497579e+000 3.368393e+003 2.972056e+003 7.941266e+002 7.927416e+002 2.125104e+002 1.510895e+002 1.194560e+003 1.317500e+003 2.915179e+002 1.722747e+002 5.025486e+000 3.912854e+000 3.287808e-001 2.814973e-001 1.163432e+000 9.485759e+000 7.086799e+000 5.475664e+000
<GCONST> 1.264085e+002
<TRANSP> 5
 0.000000e+000 1.000000e+000 0.000000e+000 0.000000e+000 0.000000e+000
 0.000000e+000 8.263365e-001 1.736635e-001 0.000000e+000 0.000000e+000
 0.000000e+000 0.000000e+000 9.645137e-001 3.548638e-002 0.000000e+000
 0.000000e+000 0.000000e+000 0.000000e+000 9.181084e-001 8.189157e-002
 0.000000e+000 0.000000e+000 0.000000e+000 0.000000e+000 0.000000e+000
<ENDHMM>
~h "CP"
<BEGINHMM>
<NUMSTATES> 5
<STATE> 2
<NUMMIXES> 2
<MIXTURE> 1 7.763495e-001
<MEAN> 22
 1.417541e+001 1.226139e+001 4.085737e+000 3.638026e+000 5.592820e+001 5.529502e+001 1.068075e+002 1.083425e+002 7.485875e+001 6.988406e+001 1.851312e+002 1.884373e+002 1.235952e+002 1.202185e+002 3.930653e+000 4.585954e+000 6.579444e+000 5.464662e+000 5.373730e+000 5.464289e+000 3.162536e+000 3.129902e+000
<VARIANCE> 22
 7.654615e+002 4.684584e+002 4.819559e+002 2.779678e+002 1.913102e+003 1.713846e+003 1.160574e+003 1.314313e+003 1.840285e+002 1.858239e+002 1.752224e+003 1.209907e+003 3.529721e+002 2.122067e+002 1.161518e+001 3.376136e-001 6.331809e-001 2.497297e-001 4.251175e+000 9.195266e-001 5.187031e+000 5.236842e+000
<GCONST> 1.346873e+002
<MIXTURE> 2 2.236502e-001
<MEAN> 22
 5.419010e+000 3.628186e+000 1.025915e+000 9.087355e-001 3.075580e+002 2.258665e+002 5.608489e+001 4.731379e+001 3.540217e+001 3.252040e+001 4.977127e+001 6.533487e+001 5.204794e+001 5.371414e+001 9.017111e-001 1.773650e+000 1.691465e+000 2.663232e+000 1.362414e+000 1.885862e+000 1.391373e+000 1.492403e+000
<VARIANCE> 22
 1.766953e+002 5.200646e+001 4.588570e+000 3.172494e+000 3.348221e+004 2.149601e+004 4.380100e+003 3.400887e+003 1.442321e+003 1.189269e+003 3.952270e+003 5.517309e+003 2.921097e+003 2.981036e+003 2.408234e+000 3.938674e+000 7.354588e+000 7.439049e+000 3.388798e+000 6.199232e+000 4.622900e+000 5.191140e+000
<GCONST> 1.488554e+002
<STATE> 3
<NUMMIXES> 2
<MIXTURE> 1 4.685266e-001
<MEAN> 22
 1.229440e+001 1.230780e+001 3.163054e+000 3.167087e+000 5.453173e+001 5.051633e+001 7.716888e+001 8.262064e+001 7.162073e+001 6.824969e+001 1.567476e+002 1.607908e+002 1.116710e+002 1.118230e+002 3.549016e+000 4.447050e+000 6.630122e+000 5.270778e+000 5.897524e+000 5.760600e+000 3.917542e+000 3.760435e+000
<VARIANCE> 22
 1.207879e+002 1.147059e+002 1.415499e+001 1.255966e+001 9.468021e+002 6.711583e+002 3.832255e+002 4.756953e+002 1.533542e+002 1.557667e+002 7.604250e+002 7.298583e+002 1.270658e+002 1.198257e+002 1.210740e+001 2.770551e-001 2.598952e-001 2.058522e-001 5.644481e-001 5.536566e-001 5.155994e+000 4.916625e+000
<GCONST> 1.139162e+002
<MIXTURE> 2 5.314733e-001
<MEAN> 22
 7.555013e+000 7.988137e+000 1.670388e+000 1.694443e+000 5.634821e+001 5.010149e+001 5.568328e+001 5.716747e+001 6.439304e+001 6.114937e+001 1.217077e+002 1.225746e+002 9.984171e+001 9.912785e+001 1.673047e+000 4.032433e+000 6.605608e+000 5.383725e+000 5.445974e+000 5.178113e+000 3.074389e+000 2.904443e+000
<VARIANCE> 22
 5.593681e+001 5.904744e+001 4.637518e+000 5.078053e+000 5.991722e+002 6.729629e+002 2.574182e+002 3.221250e+002 9.098711e+001 1.153663e+002 4.053019e+002 4.422525e+002 6.010066e+001 6.671008e+001 7.779288e+000 6.652194e-001 2.608590e-001 2.469220e-001 1.494735e+000 4.397705e+000 5.051939e+000 4.970882e+000
<GCONST> 1.095873e+002
<STATE> 4
<NUMMIXES> 2
<MIXTURE> 1 4.410867e-001
<MEAN> 22
 1.010801e+001 9.025765e+000 2.848356e+000 2.895165e+000 3.620818e+001 3.296940e+001 1.042869e+002 1.035723e+002 7.162369e+001 6.677406e+001 2.018241e+002 2.019067e+002 1.254801e+002 1.243400e+002 6.997583e+000 4.997613e+000 6.383697e+000 5.555738e+000 6.016225e+000 5.933034e+000 3.950298e+000 3.688124e+000
<VARIANCE> 22
 8.702346e+001 8.116727e+001 8.272831e+000 8.656281e+000 1.083017e+003 6.352903e+002 4.461705e+002 2.473926e+002 9.887720e+001 7.567126e+001 5.001935e+002 3.515431e+002 1.558140e+002 8.648899e+001 6.504287e-002 1.793315e-002 2.364738e-001 2.468926e-001 4.351263e-002 9.251028e-002 5.773352e+000 5.839658e+000
<GCONST> 9.753505e+001
<MIXTURE> 2 5.589118e-001
<MEAN> 22
 5.421073e+000 5.560966e+000 1.275548e+000 1.349610e+000 3.379596e+001 2.973043e+001 7.659612e+001 7.765884e+001 6.050509e+001 5.773922e+001 1.650690e+002 1.664064e+002 1.068640e+002 1.067681e+002 6.656862e+000 4.912323e+000 6.258895e+000 5.628294e+000 5.968654e+000 5.950987e+000 3.656041e+000 3.448930e+000
<VARIANCE> 22
 2.772044e+001 2.794301e+001 3.300596e+000 2.164982e+000 7.734562e+002 4.671019e+002 1.768574e+002 1.871649e+002 6.823393e+001 9.558737e+001 3.145599e+002 3.132885e+002 6.945997e+001 6.995827e+001 2.177436e+000 1.172692e-001 2.388175e-001 2.528361e-001 1.028861e-001 1.840444e-001 5.415160e+000 5.710121e+000
<GCONST> 9.631936e+001
<TRANSP> 5
 0.000000e+000 1.000000e+000 0.000000e+000 0.000000e+000 0.000000e+000
 0.000000e+000 7.038283e-001 2.961716e-001 0.000000e+000 0.000000e+000
 0.000000e+000 0.000000e+000 9.408845e-001 5.911551e-002 0.000000e+000
 0.000000e+000 0.000000e+000 0.000000e+000 9.327777e-001 6.722225e-002
 0.000000e+000 0.000000e+000 0.000000e+000 0.000000e+000 0.000000e+000
<ENDHMM>
~h "CV"
<BEGINHMM>
<NUMSTATES> 5
<STATE> 2
<NUMMIXES> 2
<MIXTURE> 1 4.331212e-001
<MEAN> 22
 1.258995e+001 1.227894e+001 3.910562e+000 3.676439e+000 3.963260e+001 3.671196e+001 9.445924e+001 9.061446e+001 6.572137e+001 6.035025e+001 1.889521e+002 1.842988e+002 1.193989e+002 1.189281e+002 6.502365e+000 4.847322e+000 6.214451e+000 5.814402e+000 5.858394e+000 5.816283e+000 2.868423e+000 2.418626e+000
<VARIANCE> 22
 8.737536e+002 6.620291e+002 5.464239e+002 3.429453e+002 6.069124e+003 3.982049e+003 5.560684e+002 4.064689e+002 9.031792e+001 5.925232e+001 1.114967e+003 1.025137e+003 1.760070e+002 1.240682e+002 2.953729e+000 2.819803e-001 2.514524e-001 1.576445e-001 3.989673e-001 8.442472e-001 3.713271e+000 4.537168e+000
<GCONST> 1.260222e+002
<MIXTURE> 2 5.668786e-001
<MEAN> 22
 1.576868e+001 1.595175e+001 2.907404e+000 2.693749e+000 8.540626e+001 7.858084e+001 6.033214e+001 5.885336e+001 6.313091e+001 5.745423e+001 1.083693e+002 1.113395e+002 1.027651e+002 1.019202e+002 3.018029e+000 3.753019e+000 5.867722e+000 5.478324e+000 4.463649e+000 3.968934e+000 2.667077e+000 2.484029e+000
<VARIANCE> 22
 2.403485e+002 2.355660e+002 1.093747e+001 8.241760e+000 6.933025e+003 5.054458e+003 8.518752e+002 7.734776e+002 1.939089e+002 1.340080e+002 2.294672e+003 1.956083e+003 2.938096e+002 2.724405e+002 8.577579e+000 1.558687e+000 2.868075e+000 8.162881e-001 2.159266e+000 7.487349e+000 3.588933e+000 3.500485e+000
<GCONST> 1.321793e+002
<STATE> 3
<NUMMIXES> 2
<MIXTURE> 1 3.982378e-001
<MEAN> 22
 1.256633e+001 1.210827e+001 2.961202e+000 3.243647e+000 1.576886e+002 1.530527e+002 8.944014e+001 8.891929e+001 7.266335e+001 6.896183e+001 5.615223e+001 6.088811e+001 1.139394e+002 1.140535e+002 1.527984e+000 2.542903e+000 5.254184e+000 4.946871e+000 2.853642e+000 1.370687e+000 3.661703e+000 3.622809e+000
<VARIANCE> 22
 2.326375e+002 2.133665e+002 1.614075e+001 2.097871e+001 2.125397e+003 1.802867e+003 8.720042e+002 9.655162e+002 1.310750e+002 9.931641e+001 6.441293e+002 5.882609e+002 2.528269e+002 1.651293e+002 4.109690e-001 3.541120e-001 7.867811e+000 5.995355e-001 5.232406e-001 6.832889e-001 5.581100e+000 5.657565e+000
<GCONST> 1.208792e+002
<MIXTURE> 2 6.017614e-001
<MEAN> 22
 5.682004e+000 6.131615e+000 1.198599e+000 1.321183e+000 1.173273e+002 1.183041e+002 6.820378e+001 6.816711e+001 6.036987e+001 5.729493e+001 5.339249e+001 5.352885e+001 9.810562e+001 9.884472e+001 1.435703e+000 2.473580e+000 6.472871e+000 5.229574e+000 2.946081e+000 1.132344e+000 3.382644e+000 3.235885e+000
<VARIANCE> 22
 5.174966e+001 5.343932e+001 3.300596e+000 2.764403e+000 1.514758e+003 1.119377e+003 3.719331e+002 4.107596e+002 3.147840e+001 4.257090e+001 2.560235e+002 2.688288e+002 5.751902e+001 5.842486e+001 3.328480e-001 3.797164e-001 2.056145e+000 4.361479e-001 3.506232e-001 3.764085e-001 5.688142e+000 6.051272e+000
<GCONST> 1.026453e+002
<STATE> 4
<NUMMIXES> 2
<MIXTURE> 1 5.594471e-001
<MEAN> 22
 1.329271e+001 1.238900e+001 3.572163e+000 3.190758e+000 3.368811e+001 2.931109e+001 9.543241e+001 9.591186e+001 6.863784e+001 6.188748e+001 1.902506e+002 1.928299e+002 1.196513e+002 1.182069e+002 6.439217e+000 4.918066e+000 6.296421e+000 5.725878e+000 5.884243e+000 5.951985e+000 4.276726e+000 4.116325e+000
<VARIANCE> 22
 2.101108e+002 2.392509e+002 1.624936e+001 1.325485e+001 1.215961e+003 8.321608e+002 6.454556e+002 3.670641e+002 1.111084e+002 6.556790e+001 1.185439e+003 6.886877e+002 1.626969e+002 1.103365e+002 3.175529e+000 9.258846e-002 2.369251e-001 2.027694e-001 3.256389e-001 1.695931e-001 6.500139e+000 5.116727e+000
<GCONST> 1.114835e+002
<MIXTURE> 2 4.405526e-001
<MEAN> 22
 1.221514e+001 1.272915e+001 2.134460e+000 2.263309e+000 4.917986e+001 4.356187e+001 5.223963e+001 5.716830e+001 6.193108e+001 5.559267e+001 1.280423e+002 1.411353e+002 1.031193e+002 1.030236e+002 4.204261e+000 4.440899e+000 6.067220e+000 5.887165e+000 5.069356e+000 5.489181e+000 4.371801e+000 4.245907e+000
<VARIANCE> 22
 1.469640e+002 1.469315e+002 6.167379e+000 6.742889e+000 1.124848e+003 9.286432e+002 6.397596e+002 7.350917e+002 8.841447e+001 6.162884e+001 1.501241e+003 1.264223e+003 9.250492e+001 7.878825e+001 9.182662e+000 1.274063e+000 6.933438e-002 1.049647e-001 9.926752e-001 4.654139e+000 6.046239e+000 5.041761e+000
<GCONST> 1.154991e+002
<TRANSP> 5
 0.000000e+000 1.000000e+000 0.000000e+000 0.000000e+000 0.000000e+000
 0.000000e+000 8.287632e-001 1.712367e-001 0.000000e+000 0.000000e+000
 0.000000e+000 0.000000e+000 9.543009e-001 4.569906e-002 0.000000e+000
 0.000000e+000 0.000000e+000 0.000000e+000 8.996038e-001 1.003962e-001
 0.000000e+000 0.000000e+000 0.000000e+000 0.000000e+000 0.000000e+000
<ENDHMM>
~h "DC"
<BEGINHMM>
<NUMSTATES> 5
<STATE> 2
<NUMMIXES> 2
<MIXTURE> 1 4.256774e-001
<MEAN> 22
 1.230908e+001 1.152398e+001 4.745582e+000 4.266336e+000 5.677474e+001 5.188241e+001 8.743840e+001 8.548594e+001 6.631213e+001 6.165687e+001 1.810659e+002 1.813057e+002 1.191865e+002 1.183473e+002 6.220512e+000 4.820413e+000 6.210852e+000 5.806500e+000 5.758112e+000 5.828043e+000 2.599196e+000 2.265287e+000
<VARIANCE> 22
 9.221966e+002 6.805242e+002 7.944523e+002 5.030016e+002 1.225872e+004 7.778279e+003 9.010159e+002 6.141495e+002 1.103987e+002 6.770268e+001 1.593373e+003 1.220068e+003 2.480916e+002 1.776427e+002 4.175967e+000 3.661904e-001 1.966545e-001 1.619931e-001 5.460766e-001 1.276888e+000 3.505683e+000 3.822126e+000
<GCONST> 1.315839e+002
<MIXTURE> 2 5.743217e-001
<MEAN> 22
 1.295372e+001 1.297920e+001 2.572332e+000 3.180721e+000 1.052580e+002 9.949968e+001 4.951710e+001 5.037918e+001 6.501603e+001 6.094179e+001 1.046932e+002 1.065595e+002 1.026581e+002 1.000637e+002 2.443568e+000 3.419143e+000 5.897158e+000 5.487117e+000 4.424673e+000 4.151539e+000 2.546409e+000 1.950068e+000
<VARIANCE> 22
 1.409071e+002 1.499747e+002 1.008403e+001 2.330974e+001 9.680090e+003 6.838900e+003 8.717673e+002 8.962934e+002 2.904967e+002 2.329014e+002 1.616741e+003 1.551913e+003 6.169772e+002 5.096782e+002 7.540860e+000 2.268519e+000 1.858280e+000 1.420543e+000 2.086217e+000 8.914716e+000 2.878186e+000 3.084148e+000
<GCONST> 1.348616e+002
<STATE> 3
<NUMMIXES> 2
<MIXTURE> 1 3.929544e-001
<MEAN> 22
 1.683535e+001 1.851844e+001 3.254015e+000 3.266935e+000 1.423356e+002 1.371776e+002 6.237182e+001 6.357142e+001 7.183858e+001 7.003423e+001 6.955677e+001 6.947248e+001 1.044461e+002 1.055406e+002 2.010108e+000 2.327490e+000 5.861321e+000 5.709468e+000 3.606448e+000 1.017470e+000 3.006181e+000 2.919798e+000
<VARIANCE> 22
 3.226374e+002 3.899200e+002 2.687393e+001 2.206564e+001 2.086174e+003 1.584654e+003 8.238159e+002 8.595177e+002 8.413020e+001 9.739841e+001 7.609481e+002 8.602972e+002 2.304362e+002 1.838274e+002 9.144140e-001 7.748266e-001 5.520583e-001 5.288990e-001 4.098591e-001 2.620486e+000 5.601711e+000 5.751801e+000
<GCONST> 1.220678e+002
<MIXTURE> 2 6.070449e-001
<MEAN> 22
 7.853980e+000 8.013659e+000 1.013470e+000 1.169294e+000 1.083731e+002 1.070722e+002 3.692713e+001 3.940820e+001 6.133899e+001 5.839256e+001 7.411504e+001 7.508051e+001 9.614488e+001 9.669296e+001 1.898696e+000 2.004246e+000 6.040027e+000 6.001966e+000 3.862929e+000 1.619548e-001 2.626962e+000 2.406157e+000
<VARIANCE> 22
 1.135363e+002 1.045732e+002 3.300596e+000 2.327961e+000 7.220266e+002 6.838137e+002 2.339853e+002 2.402597e+002 5.626553e+001 9.073788e+001 2.715435e+002 2.491478e+002 5.636631e+001 8.516263e+001 6.075219e-001 8.048298e-001 9.853682e-002 2.072892e-001 1.913099e-001 1.411896e-001 5.512290e+000 5.684124e+000
<GCONST> 9.926447e+001
<STATE> 4
<NUMMIXES> 2
<MIXTURE> 1 5.740788e-001
<MEAN> 22
 1.263001e+001 1.189793e+001 3.706000e+000 3.274901e+000 2.580333e+001 2.448259e+001 9.613612e+001 9.483838e+001 6.677065e+001 6.177210e+001 1.918021e+002 1.921986e+002 1.167201e+002 1.167510e+002 6.843805e+000 5.005131e+000 6.328996e+000 5.693542e+000 5.949787e+000 6.027394e+000 4.119389e+000 3.988887e+000
<VARIANCE> 22
 1.966724e+002 2.272832e+002 1.504797e+001 1.283906e+001 4.870681e+002 4.632133e+002 4.797448e+002 3.501751e+002 1.021861e+002 8.748173e+001 5.858657e+002 4.721022e+002 1.352415e+002 1.025143e+002 9.750991e-001 4.955539e-002 2.385481e-001 2.135170e-001 7.967635e-002 5.618803e-002 7.228462e+000 4.370084e+000
<GCONST> 1.039655e+002
<MIXTURE> 2 4.259218e-001
<MEAN> 22
 1.433206e+001 1.408984e+001 1.998152e+000 1.952351e+000 6.005021e+001 5.182539e+001 4.708961e+001 4.821462e+001 6.201205e+001 5.771459e+001 1.317050e+002 1.355946e+002 1.011637e+002 1.012277e+002 4.394321e+000 4.670136e+000 6.101720e+000 5.855525e+000 5.178117e+000 6.190254e+000 4.391541e+000 4.246905e+000
<VARIANCE> 22
 2.119639e+002 1.765729e+002 5.324143e+000 5.681608e+000 1.586884e+003 1.086802e+003 5.931742e+002 4.841468e+002 8.891354e+001 9.183698e+001 8.543654e+002 7.559258e+002 8.854967e+001 8.180618e+001 8.935055e+000 9.233205e-001 1.360007e-001 1.524953e-001 7.506328e-001 2.148754e+000 7.032293e+000 4.315870e+000
<GCONST> 1.147006e+002
<TRANSP> 5
 0.000000e+000 1.000000e+000 0.000000e+000 0.000000e+000 0.000000e+000
 0.000000e+000 8.781910e-001 1.218089e-001 0.000000e+000 0.000000e+000
 0.000000e+000 0.000000e+000 9.561890e-001 4.381100e-002 0.000000e+000
 0.000000e+000 0.000000e+000 0.000000e+000 8.981903e-001 1.018097e-001
 0.000000e+000 0.000000e+000 0.000000e+000 0.000000e+000 0.000000e+000
<ENDHMM>
~h "FM"
<BEGINHMM>
<NUMSTATES> 5
<STATE> 2
<NUMMIXES> 2
<MIXTURE> 1 2.061234e-001
<MEAN> 22
 1.344130e+001 7.802046e+000 6.660965e+000 3.925817e+000 5.313768e+001 1.603640e+001 9.836141e+001 1.110072e+002 9.796962e+001 6.677565e+001 1.845042e+002 2.132372e+002 1.286961e+002 1.294357e+002 4.235421e+000 4.971448e+000 6.790261e+000 5.851224e+000 5.733122e+000 5.999954e+000 3.523825e+000 2.306261e+000
<VARIANCE> 22
 1.389752e+003 1.385520e+003 1.097943e+003 7.145419e+002 1.175700e+003 4.555997e+002 1.001277e+003 2.019715e+002 4.417795e+002 2.477164e+002 1.739068e+003 4.512542e+002 2.552420e+002 1.131122e+002 1.159191e+001 3.785288e-002 1.657489e-001 1.317358e-001 2.381375e-001 6.055637e-002 7.344882e+000 5.996444e+000
<GCONST> 1.242302e+002
<MIXTURE> 2 7.938756e-001
<MEAN> 22
 6.384361e+000 2.200074e+000 1.596218e+000 7.689885e-001 6.253189e+001 1.546413e+001 5.556613e+001 8.522347e+001 9.070392e+001 5.821178e+001 1.289439e+002 1.792153e+002 1.087406e+002 1.124663e+002 1.779577e+000 4.798319e+000 6.444282e+000 5.833599e+000 5.175930e+000 6.033294e+000 2.897146e+000 1.947063e+000
<VARIANCE> 22
 5.112969e+001 1.860023e+001 4.865102e+000 2.164982e+000 9.877003e+002 4.768886e+002 4.560294e+002 6.580789e+002 5.097935e+002 1.305018e+002 7.214498e+002 1.266862e+003 1.758281e+002 1.506041e+002 8.565795e+000 2.519017e-001 3.441083e-001 1.684723e-001 4.033028e-001 5.780535e-001 6.111175e+000 5.574002e+000
<GCONST> 1.103283e+002
<STATE> 3
<NUMMIXES> 2
<MIXTURE> 1 4.329717e-001
<MEAN> 22
 2.334596e+000 9.239922e+000 8.612955e-001 3.113724e+000 1.329885e+001 5.407147e+001 1.072462e+002 8.111646e+001 6.414008e+001 9.184779e+001 2.091272e+002 1.622649e+002 1.229566e+002 1.172491e+002 6.999397e+000 4.488330e+000 6.127801e+000 5.295242e+000 6.000992e+000 6.331948e+000 2.292398e+000 3.322567e+000
<VARIANCE> 22
 1.619958e+001 8.385732e+001 3.300596e+000 1.702401e+001 3.962296e+002 9.293127e+002 2.847400e+002 5.135861e+002 6.989350e+001 5.497368e+002 4.917508e+002 9.145757e+002 2.366111e+002 1.190738e+002 6.504287e-002 2.623003e-001 1.114661e-001 2.080753e-001 2.082488e-002 2.953325e-001 6.463303e+000 5.632419e+000
<GCONST> 1.008731e+002
<MIXTURE> 2 5.670296e-001
<MEAN> 22
 7.599885e-001 5.963179e+000 3.591372e-001 1.287598e+000 7.253526e+000 5.952979e+001 8.713059e+001 5.272333e+001 5.348295e+001 8.212022e+001 1.812142e+002 1.219786e+002 1.092265e+002 9.862335e+001 6.956857e+000 4.096859e+000 6.009669e+000 5.371817e+000 5.988108e+000 6.454451e+000 1.310225e+000 3.099309e+000
<VARIANCE> 22
 4.801632e+000 3.587732e+001 3.300596e+000 2.422558e+000 2.394729e+002 3.759707e+002 8.642138e+001 3.018202e+002 4.150031e+001 1.614039e+002 1.926005e+002 3.857610e+002 5.333752e+001 5.656088e+001 2.786121e-001 2.429694e-001 3.650516e-002 2.532507e-001 3.440538e-002 1.211835e+000 4.715527e+000 5.790533e+000
<GCONST> 9.002895e+001
<STATE> 4
<NUMMIXES> 2
<MIXTURE> 1 7.389214e-001
<MEAN> 22
 6.248260e+000 6.853224e+000 1.627508e+000 2.294789e+000 5.385428e+001 5.384339e+001 6.936253e+001 6.569048e+001 7.382981e+001 6.933019e+001 1.522189e+002 1.384038e+002 1.065545e+002 1.047807e+002 4.322554e+000 4.234383e+000 6.342383e+000 5.494799e+000 5.553291e+000 5.477628e+000 2.695969e+000 3.015871e+000
<VARIANCE> 22
 9.568500e+001 9.007787e+001 7.771269e+000 1.316876e+001 8.702778e+003 5.323399e+003 7.859930e+002 1.018470e+003 4.443121e+002 2.629720e+002 1.235041e+003 1.843310e+003 1.727853e+002 1.894245e+002 1.076769e+001 7.749564e-001 2.352973e-001 2.717789e-001 3.790957e-001 4.539107e+000 6.045818e+000 6.549356e+000
<GCONST> 1.256638e+002
<MIXTURE> 2 2.610784e-001
<MEAN> 22
 1.775330e+000 2.460666e+000 5.991056e-001 5.099372e-001 1.841069e+002 1.575998e+002 3.050971e+001 2.397421e+001 4.749427e+001 4.456816e+001 8.393262e+001 6.693162e+001 7.198414e+001 7.065955e+001 2.408931e+000 1.455670e+000 4.200366e+000 4.026302e+000 3.254286e+000 7.607434e-001 1.307393e+000 1.409996e+000
<VARIANCE> 22
 1.602467e+001 3.131323e+001 3.300596e+000 2.164982e+000 4.383462e+004 2.196399e+004 1.192830e+003 7.227236e+002 1.202884e+003 9.671149e+002 3.858418e+003 2.284978e+003 2.390968e+003 2.259254e+003 7.503094e+000 2.333607e+000 8.400203e+000 7.221886e+000 5.416715e+000 4.175456e+000 4.343347e+000 4.732327e+000
<GCONST> 1.415415e+002
<TRANSP> 5
 0.000000e+000 1.000000e+000 0.000000e+000 0.000000e+000 0.000000e+000
 0.000000e+000 9.010371e-001 9.896290e-002 0.000000e+000 0.000000e+000
 0.000000e+000 0.000000e+000 9.543141e-001 4.568586e-002 0.000000e+000
 0.000000e+000 0.000000e+000 0.000000e+000 8.242010e-001 1.757990e-001
 0.000000e+000 0.000000e+000 0.000000e+000 0.000000e+000 0.000000e+000
<ENDHMM>
~h "FN"
<BEGINHMM>
<NUMSTATES> 5
<STATE> 2
<NUMMIXES> 2
<MIXTURE> 1 3.584480e-001
<MEAN> 22
 2.203975e+001 1.581939e+001 9.561099e+000 6.816801e+000 1.414483e+002 8.453026e+001 1.123445e+002 9.933688e+001 7.695680e+001 6.518197e+001 1.534100e+002 1.782362e+002 1.198513e+002 1.218547e+002 4.690150e+000 4.540393e+000 5.082035e+000 5.685013e+000 4.843077e+000 5.241967e+000 3.364254e+000 2.539602e+000
<VARIANCE> 22
 3.157523e+003 2.211512e+003 2.481008e+003 1.447653e+003 2.845394e+004 1.808008e+004 1.468097e+003 6.445394e+002 3.092065e+002 9.162984e+001 6.745704e+003 3.824514e+003 4.501701e+002 1.947928e+002 7.573723e+000 1.002398e+000 5.884656e+000 3.469432e-001 2.701993e+000 3.371355e+000 6.858395e+000 5.984488e+000
<GCONST> 1.524692e+002
<MIXTURE> 2 6.415520e-001
<MEAN> 22
 5.715200e+000 7.223063e+000 1.476265e+000 1.873185e+000 1.268825e+002 1.206245e+002 7.792946e+001 8.348646e+001 6.646940e+001 6.052752e+001 1.002398e+002 8.728444e+001 9.114867e+001 9.513461e+001 3.361539e+000 2.869858e+000 4.359447e+000 4.645629e+000 4.142879e+000 2.612211e+000 2.423960e+000 2.543087e+000
<VARIANCE> 22
 7.847868e+001 1.021021e+002 5.368852e+000 7.680667e+000 2.071576e+004 1.281336e+004 1.919121e+003 1.690317e+003 6.348321e+002 4.616422e+002 4.718378e+003 5.573213e+003 1.277102e+003 9.375789e+002 6.833291e+000 2.693715e+000 7.038079e+000 3.428400e+000 2.999939e+000 6.452725e+000 6.003356e+000 5.528100e+000
<GCONST> 1.437608e+002
<STATE> 3
<NUMMIXES> 2
<MIXTURE> 1 5.045969e-001
<MEAN> 22
 2.129987e+000 1.620502e+001 8.081997e-001 3.778140e+000 1.144194e+001 1.070848e+002 1.012525e+002 9.479730e+001 6.228114e+001 7.097614e+001 2.029438e+002 1.087535e+002 1.196311e+002 1.107979e+002 6.996697e+000 3.553014e+000 6.137699e+000 5.050153e+000 6.000453e+000 3.731522e+000 2.210639e+000 3.637280e+000
<VARIANCE> 22
 1.291415e+001 3.084010e+002 3.300596e+000 2.414679e+001 3.185844e+002 6.070477e+003 2.339206e+002 1.215581e+003 5.477852e+001 2.018742e+002 4.003385e+002 4.887549e+003 1.397194e+002 1.571802e+002 6.504287e-002 1.856936e+000 1.187320e-001 1.158010e+000 2.082488e-002 6.263991e+000 6.354401e+000 5.357680e+000
<GCONST> 1.113220e+002
<MIXTURE> 2 4.954019e-001
<MEAN> 22
 8.648276e-001 9.841656e+000 4.124603e-001 2.356338e+000 7.564706e+000 1.494914e+002 8.352209e+001 9.401247e+001 5.439615e+001 6.284055e+001 1.763637e+002 3.819878e+001 1.064587e+002 9.103947e+001 6.907486e+000 2.293624e+000 5.998482e+000 4.524940e+000 5.946300e+000 1.473374e+000 1.199814e+000 3.330406e+000
<VARIANCE> 22
 4.801632e+000 1.175175e+002 3.300596e+000 7.798645e+000 4.124662e+002 2.043598e+003 9.655824e+001 8.773856e+002 3.030269e+001 7.068633e+001 4.186446e+002 1.202248e+003 5.402700e+001 1.403245e+002 4.315609e-001 4.764497e-001 5.692282e-002 1.596056e+000 1.384172e-001 1.868096e+000 4.204611e+000 5.598195e+000
<GCONST> 1.025663e+002
<STATE> 4
<NUMMIXES> 2
<MIXTURE> 1 5.632186e-001
<MEAN> 22
 1.188371e+001 3.702355e+000 3.117314e+000 1.349441e+000 9.605803e+001 2.309535e+001 1.010448e+002 1.017433e+002 7.518151e+001 5.981874e+001 1.227946e+002 2.031500e+002 1.128665e+002 1.213165e+002 3.898340e+000 4.987894e+000 5.204174e+000 5.786661e+000 4.418399e+000 5.985008e+000 3.625159e+000 2.430270e+000
<VARIANCE> 22
 1.891878e+002 5.163424e+001 1.568959e+001 4.339947e+000 5.922998e+003 9.258044e+002 1.346585e+003 3.024796e+002 2.085239e+002 7.565401e+001 6.231260e+003 4.687209e+002 3.015653e+002 1.144346e+002 7.766193e+000 2.632622e-002 5.564166e+000 1.678257e-001 2.960570e+000 5.618803e-002 6.234422e+000 6.395035e+000
<GCONST> 1.175143e+002
<MIXTURE> 2 4.367814e-001
<MEAN> 22
 6.984117e+000 2.712547e+000 1.967977e+000 8.083603e-001 9.687184e+001 2.215620e+001 7.959719e+001 5.867416e+001 6.770135e+001 5.380870e+001 5.384803e+001 1.384781e+002 9.240021e+001 1.039083e+002 2.228255e+000 4.002268e+000 4.191922e+000 5.813687e+000 3.354270e+000 4.375429e+000 3.076491e+000 1.872256e+000
<VARIANCE> 22
 9.701392e+001 3.450114e+001 7.734492e+000 2.296138e+000 4.587297e+003 6.979099e+002 1.830002e+003 7.903356e+002 1.202300e+002 4.018409e+001 1.616686e+003 1.870945e+003 2.139177e+002 6.907742e+001 2.061893e+000 2.219757e+000 7.144156e+000 2.060660e-001 7.419079e-001 7.973085e+000 6.307961e+000 5.521082e+000
<GCONST> 1.208314e+002
<TRANSP> 5
 0.000000e+000 1.000000e+000 0.000000e+000 0.000000e+000 0.000000e+000
 0.000000e+000 7.573889e-001 2.426111e-001 0.000000e+000 0.000000e+000
 0.000000e+000 0.000000e+000 9.552877e-001 4.471233e-002 0.000000e+000
 0.000000e+000 0.000000e+000 0.000000e+000 9.160656e-001 8.393443e-002
 0.000000e+000 0.000000e+000 0.000000e+000 0.000000e+000 0.000000e+000
<ENDHMM>
~h "FU"
<BEGINHMM>
<NUMSTATES> 5
<STATE> 2
<NUMMIXES> 2
<MIXTURE> 1 5.068214e-001
<MEAN> 22
 1.349934e+001 3.370684e+000 3.067721e+000 1.207492e+000 1.006842e+002 1.923779e+001 9.812856e+001 9.719189e+001 6.989597e+001 5.775089e+001 1.066561e+002 1.970562e+002 1.098026e+002 1.181698e+002 4.015373e+000 4.986899e+000 4.634300e+000 5.874857e+000 4.332953e+000 6.003626e+000 3.431388e+000 1.963419e+000
<VARIANCE> 22
 3.325714e+002 4.375999e+001 2.060252e+001 4.727988e+000 7.223650e+003 6.669998e+002 1.153618e+003 2.855666e+002 1.630381e+002 5.405116e+001 6.154133e+003 4.647265e+002 2.022131e+002 1.179609e+002 6.975081e+000 1.793315e-002 6.683202e+000 1.102218e-001 2.292275e+000 5.618803e-002 6.346967e+000 5.346024e+000
<GCONST> 1.158111e+002
<MIXTURE> 2 4.931783e-001
<MEAN> 22
 4.960011e+000 2.797102e+000 1.730505e+000 8.481281e-001 1.270981e+002 3.159714e+001 1.024784e+002 8.033432e+001 5.932215e+001 5.318315e+001 3.826126e+001 1.649881e+002 9.204979e+001 1.043504e+002 2.260459e+000 4.658148e+000 3.040843e+000 5.723056e+000 2.963760e+000 5.596930e+000 2.841574e+000 2.229111e+000
<VARIANCE> 22
 6.612872e+001 3.706212e+001 5.151206e+000 2.164982e+000 4.550343e+003 1.855147e+003 8.401675e+002 4.539267e+002 1.460716e+002 6.297226e+001 1.885649e+003 1.575008e+003 1.771488e+002 1.012978e+002 1.690802e+000 7.824661e-001 7.319942e+000 3.098508e-001 1.034842e+000 2.204190e+000 6.070588e+000 5.675025e+000
<GCONST> 1.187382e+002
<STATE> 3
<NUMMIXES> 2
<MIXTURE> 1 3.790520e-001
<MEAN> 22
 2.148477e+000 1.655590e+001 7.846007e-001 3.293213e+000 8.506603e+000 1.627557e+002 1.037208e+002 1.007250e+002 6.280405e+001 7.105709e+001 2.068209e+002 5.248770e+001 1.219752e+002 1.061663e+002 6.995000e+000 2.454038e+000 6.145553e+000 4.504893e+000 5.998965e+000 1.712159e+000 2.082492e+000 3.056613e+000
<VARIANCE> 22
 1.987974e+001 3.451362e+002 3.300596e+000 1.533001e+001 2.608828e+002 4.199193e+003 2.889271e+002 1.595798e+003 7.129918e+001 1.766004e+002 5.637861e+002 1.833686e+003 2.073588e+002 1.684931e+002 6.504287e-002 6.983500e-001 1.244037e-001 1.769157e+000 2.082488e-002 2.845685e+000 6.367711e+000 5.825401e+000
<GCONST> 1.100720e+002
<MIXTURE> 2 6.209501e-001
<MEAN> 22
 8.947726e-001 4.557119e+000 4.799449e-001 1.364477e+000 7.329712e+000 1.610916e+002 8.190499e+001 1.018576e+002 5.226380e+001 5.766277e+001 1.736647e+002 2.083950e+001 1.040033e+002 8.938512e+001 6.931189e+000 2.039455e+000 6.013450e+000 4.213562e+000 5.957746e+000 1.299337e+000 1.330486e+000 2.657576e+000
<VARIANCE> 22
 4.801632e+000 5.269043e+001 3.300596e+000 2.958848e+000 3.588177e+002 7.461876e+002 8.066573e+001 2.590744e+002 3.347349e+001 9.185117e+001 3.049236e+002 3.316593e+002 5.661664e+001 6.618089e+001 3.538430e-001 9.113699e-002 6.477956e-002 2.183787e+000 1.162641e-001 4.119837e-001 4.670542e+000 6.621462e+000
<GCONST> 9.347752e+001
<STATE> 4
<NUMMIXES> 2
<MIXTURE> 1 7.277626e-001
<MEAN> 22
 4.446826e+000 1.694575e+001 1.728338e+000 4.098145e+000 2.864517e+001 4.105392e+001 9.519186e+001 7.942514e+001 5.965321e+001 6.084251e+001 1.927142e+002 1.724651e+002 1.160172e+002 1.102126e+002 6.905493e+000 4.915064e+000 6.082227e+000 5.802236e+000 5.935746e+000 6.079526e+000 2.731129e+000 4.120631e+000
<VARIANCE> 22
 2.308965e+002 4.651514e+002 1.375892e+002 1.095120e+002 6.099620e+003 3.927270e+003 4.372833e+002 7.308263e+002 8.087009e+001 1.444628e+002 8.575270e+002 1.331150e+003 2.022262e+002 2.403024e+002 3.233003e-001 3.621002e-001 1.079277e-001 1.885016e-001 1.028531e-001 6.773302e-001 6.655807e+000 4.847269e+000
<GCONST> 1.201793e+002
<MIXTURE> 2 2.722361e-001
<MEAN> 22
 4.612146e+000 4.827976e+000 1.081395e+000 1.834440e+000 1.939180e+002 1.745403e+002 5.810451e+001 5.748847e+001 5.221844e+001 4.990883e+001 9.193497e+001 6.819186e+001 8.085160e+001 7.435412e+001 2.760490e+000 2.314096e+000 4.467837e+000 3.929891e+000 3.512509e+000 2.195166e+000 2.034884e+000 2.023121e+000
<VARIANCE> 22
 9.716389e+001 9.916955e+001 5.116190e+000 1.420701e+001 4.236332e+004 2.144163e+004 2.426476e+003 2.536167e+003 1.010321e+003 1.047817e+003 7.361908e+003 3.610139e+003 2.651482e+003 2.210447e+003 7.463287e+000 3.490368e+000 7.538913e+000 5.831935e+000 5.196371e+000 6.867287e+000 6.646918e+000 6.019074e+000
<GCONST> 1.510115e+002
<TRANSP> 5
 0.000000e+000 1.000000e+000 0.000000e+000 0.000000e+000 0.000000e+000
 0.000000e+000 9.296774e-001 7.032254e-002 0.000000e+000 0.000000e+000
 0.000000e+000 0.000000e+000 9.417512e-001 5.824881e-002 0.000000e+000
 0.000000e+000 0.000000e+000 0.000000e+000 8.515755e-001 1.484245e-001
 0.000000e+000 0.000000e+000 0.000000e+000 0.000000e+000 0.000000e+000
<ENDHMM>
~h "MC"
<BEGINHMM>
<NUMSTATES> 5
<STATE> 2
<NUMMIXES> 2
<MIXTURE> 1 2.306419e-001
<MEAN> 22
 1.429432e+001 1.839444e+001 7.776186e+000 5.295880e+000 6.429013e+001 5.258887e+001 1.050145e+002 9.704669e+001 8.882130e+001 6.717130e+001 1.768427e+002 1.824958e+002 1.341749e+002 1.293285e+002 4.430245e+000 4.418226e+000 6.660952e+000 5.883311e+000 5.094961e+000 4.882545e+000 2.878585e+000 2.641106e+000
<VARIANCE> 22
 1.699898e+003 2.731519e+003 1.526565e+003 9.127136e+002 3.970540e+003 5.049904e+003 1.743297e+003 7.208010e+002 3.674146e+002 1.167466e+002 6.636873e+003 3.071193e+003 5.779640e+002 1.213412e+002 9.174754e+000 1.286462e+000 2.475996e-001 1.418180e-001 1.491420e+000 4.982395e+000 6.519962e+000 5.759624e+000
<GCONST> 1.441945e+002
<MIXTURE> 2 7.693568e-001
<MEAN> 22
 7.047812e+000 8.050647e+000 2.246873e+000 2.354588e+000 7.222070e+001 6.141467e+001 6.323630e+001 6.898913e+001 7.338902e+001 6.843130e+001 1.258803e+002 1.273847e+002 1.045336e+002 1.068597e+002 3.919117e+000 3.756698e+000 6.229324e+000 5.673969e+000 4.954916e+000 3.940147e+000 2.797333e+000 2.626551e+000
<VARIANCE> 22
 8.869193e+001 9.242435e+001 1.817998e+001 8.785249e+000 2.627719e+003 2.380292e+003 6.789362e+002 1.075487e+003 3.444896e+002 2.950299e+002 2.415651e+003 3.327607e+003 2.224082e+002 1.851531e+002 8.454473e+000 1.732621e+000 3.821819e-001 3.104760e-001 1.314392e+000 8.332064e+000 6.013895e+000 5.488592e+000
<GCONST> 1.281658e+002
<STATE> 3
<NUMMIXES> 2
<MIXTURE> 1 4.371872e-001
<MEAN> 22
 2.507693e+000 1.295632e+001 8.346012e-001 3.911189e+000 1.037460e+001 9.247739e+001 1.026618e+002 7.268634e+001 6.280634e+001 8.293037e+001 2.037216e+002 1.150227e+002 1.207172e+002 1.105329e+002 6.994650e+000 3.639392e+000 6.126587e+000 5.500931e+000 5.996321e+000 3.379099e+000 2.315041e+000 3.415339e+000
<VARIANCE> 22
 1.597890e+001 1.385823e+002 3.300596e+000 1.933888e+001 2.651786e+002 4.004407e+003 2.957468e+002 1.121411e+003 6.586225e+001 6.212844e+002 5.041073e+002 3.178774e+003 1.631239e+002 1.339560e+002 6.504287e-002 1.472341e+000 1.204157e-001 4.615626e-001 2.082488e-002 8.775111e+000 6.195120e+000 5.240175e+000
<GCONST> 1.103227e+002
<MIXTURE> 2 5.628128e-001
<MEAN> 22
 8.740360e-001 7.084747e+000 5.190352e-001 2.044450e+000 6.300872e+000 1.071551e+002 8.507835e+001 5.095969e+001 5.226760e+001 7.659358e+001 1.779000e+002 6.886291e+001 1.066975e+002 9.107671e+001 6.976470e+000 2.686982e+000 6.004017e+000 5.737384e+000 5.992208e+000 1.697935e+000 1.521257e+000 3.091620e+000
<VARIANCE> 22
 4.801632e+000 4.293289e+001 3.300596e+000 4.604093e+000 5.035842e+001 9.094221e+002 7.871090e+001 4.292354e+002 4.332149e+001 2.484940e+002 1.676288e+002 8.393868e+002 4.650744e+001 1.589528e+002 1.265113e-001 7.833054e-001 2.326111e-002 2.405937e-001 2.082488e-002 7.116093e+000 5.223816e+000 5.052149e+000
<GCONST> 9.355593e+001
<STATE> 4
<NUMMIXES> 2
<MIXTURE> 1 4.791171e-001
<MEAN> 22
 1.016464e+001 5.070893e+000 3.165021e+000 1.959066e+000 8.163347e+001 3.179706e+001 7.241103e+001 9.480343e+001 8.062632e+001 6.046788e+001 1.403594e+002 1.919890e+002 1.157198e+002 1.170162e+002 3.875335e+000 4.845611e+000 6.292298e+000 5.788522e+000 5.036948e+000 5.807234e+000 3.259779e+000 3.045100e+000
<VARIANCE> 22
 1.198048e+002 7.080707e+001 1.515030e+001 1.067533e+001 9.556391e+003 5.045140e+003 9.276241e+002 5.757264e+002 4.589666e+002 1.135109e+002 3.225075e+003 1.316371e+003 2.202352e+002 1.342989e+002 9.264004e+000 2.719930e-001 2.343995e-001 1.673842e-001 1.091868e+000 1.375232e+000 6.092626e+000 6.245683e+000
<GCONST> 1.235929e+002
<MIXTURE> 2 5.208840e-001
<MEAN> 22
 5.872519e+000 2.786408e+000 1.575560e+000 9.022426e-001 7.928313e+001 3.415149e+001 4.705455e+001 5.893488e+001 6.683911e+001 5.552950e+001 7.256906e+001 1.357519e+002 9.400661e+001 1.005211e+002 1.754145e+000 3.975582e+000 5.985151e+000 5.671325e+000 3.776152e+000 4.836273e+000 3.069871e+000 2.304833e+000
<VARIANCE> 22
 3.578902e+001 2.349588e+001 3.300596e+000 2.164982e+000 4.431318e+003 2.833703e+003 5.525579e+002 9.220645e+002 2.608615e+002 1.630666e+002 9.929401e+002 2.329581e+003 2.640623e+002 2.820838e+002 1.902997e+000 1.999258e+000 8.902295e-001 7.468718e-001 8.998156e-001 6.997175e+000 6.011356e+000 5.895775e+000
<GCONST> 1.214878e+002
<TRANSP> 5
 0.000000e+000 1.000000e+000 0.000000e+000 0.000000e+000 0.000000e+000
 0.000000e+000 8.181366e-001 1.818634e-001 0.000000e+000 0.000000e+000
 0.000000e+000 0.000000e+000 9.614274e-001 3.857266e-002 0.000000e+000
 0.000000e+000 0.000000e+000 0.000000e+000 9.101273e-001 8.987271e-002
 0.000000e+000 0.000000e+000 0.000000e+000 0.000000e+000 0.000000e+000
<ENDHMM>
~h "NU"
<BEGINHMM>
<NUMSTATES> 5
<STATE> 2
<NUMMIXES> 2
<MIXTURE> 1 7.589144e-001
<MEAN> 22
 8.360433e+000 1.190121e+001 3.119848e+000 2.799086e+000 1.027837e+002 8.661433e+001 9.319551e+001 7.986497e+001 7.159921e+001 6.325628e+001 1.633117e+002 1.492279e+002 1.157315e+002 1.166418e+002 5.066014e+000 4.210413e+000 5.835319e+000 5.694756e+000 5.130748e+000 4.402499e+000 2.632461e+000 2.451207e+000
<VARIANCE> 22
 6.969828e+002 1.255380e+003 5.017693e+002 3.170643e+002 2.369952e+004 1.439498e+004 1.376701e+003 8.301323e+002 2.328566e+002 1.209429e+002 4.564008e+003 3.518073e+003 7.232535e+002 2.599536e+002 7.511893e+000 1.217918e+000 2.742785e+000 2.630691e-001 1.918710e+000 6.228321e+000 6.138695e+000 5.198067e+000
<GCONST> 1.465019e+002
<MIXTURE> 2 2.410856e-001
<MEAN> 22
 2.333101e-001 3.227105e-001 6.754112e-002 1.640453e-001 4.706678e+002 3.625057e+002 6.688988e+000 7.696267e+000 9.683289e+000 7.309681e+000 1.274686e+001 9.697389e+000 5.150921e+000 1.308075e+001 4.161551e-001 3.340723e-001 7.244728e-001 6.427974e-001 6.482713e-001 2.109289e-001 2.128766e-001 3.033684e-001
<VARIANCE> 22
 4.801632e+000 4.063125e+000 3.300596e+000 2.164982e+000 2.792174e+004 1.646591e+004 3.392194e+002 4.480931e+002 6.462366e+002 3.640356e+002 1.154793e+003 6.746277e+002 4.439165e+002 1.155801e+003 1.567230e+000 8.596124e-001 3.592627e+000 2.924968e+000 2.928604e+000 3.976006e-001 9.249709e-001 1.552761e+000
<GCONST> 1.194955e+002
<STATE> 3
<NUMMIXES> 2
<MIXTURE> 1 4.824943e-001
<MEAN> 22
 2.101554e+000 1.243617e+001 7.163439e-001 3.171898e+000 1.221882e+001 8.431171e+001 1.015504e+002 8.057796e+001 6.256656e+001 6.762242e+001 2.031749e+002 1.233154e+002 1.205135e+002 1.128951e+002 6.997073e+000 3.850955e+000 6.153062e+000 5.401063e+000 5.998303e+000 3.908177e+000 2.070029e+000 3.420388e+000
<VARIANCE> 22
 1.446059e+001 1.914137e+002 3.300596e+000 1.524582e+001 3.319767e+002 4.034745e+003 3.007058e+002 8.900322e+002 5.786397e+001 1.603660e+002 4.945877e+002 3.259460e+003 1.847787e+002 1.468783e+002 6.504287e-002 1.230812e+000 1.296348e-001 4.489426e-001 2.082488e-002 6.177436e+000 6.152502e+000 5.358690e+000
<GCONST> 1.085960e+002
<MIXTURE> 2 5.175052e-001
<MEAN> 22
 7.204900e-001 4.936418e+000 3.532621e-001 1.684582e+000 8.922540e+000 1.034009e+002 8.345970e+001 6.338000e+001 5.432783e+001 6.015539e+001 1.759580e+002 7.459452e+001 1.063963e+002 9.735780e+001 6.914746e+000 2.951491e+000 6.017460e+000 5.237044e+000 5.934357e+000 1.880241e+000 1.138625e+000 2.975458e+000
<VARIANCE> 22
 4.801632e+000 4.116962e+001 3.300596e+000 4.933819e+000 4.832057e+002 1.106124e+003 1.463176e+002 4.211900e+002 3.417185e+001 6.730031e+001 3.631598e+002 8.818411e+002 5.943444e+001 9.334609e+001 4.452481e-001 4.953755e-001 4.933512e-002 3.342131e-001 1.405711e-001 3.823096e+000 4.150462e+000 5.845406e+000
<GCONST> 9.871793e+001
<STATE> 4
<NUMMIXES> 2
<MIXTURE> 1 5.149148e-001
<MEAN> 22
 9.722877e+000 5.415819e+000 2.873231e+000 1.818753e+000 7.504422e+001 2.273245e+001 8.651695e+001 9.930054e+001 7.335374e+001 5.816424e+001 1.418864e+002 1.952455e+002 1.165137e+002 1.181504e+002 3.850863e+000 4.911139e+000 6.469206e+000 5.814695e+000 4.762651e+000 5.862159e+000 3.333842e+000 2.813271e+000
<VARIANCE> 22
 1.185957e+002 6.982953e+001 1.177209e+001 7.313061e+000 3.269553e+003 1.013441e+003 9.176591e+002 3.900966e+002 2.294874e+002 5.977917e+001 3.515276e+003 8.419404e+002 1.843991e+002 1.210106e+002 9.449392e+000 1.651934e-001 6.528162e-001 1.650985e-001 2.720326e+000 4.551123e-001 6.321981e+000 6.421481e+000
<GCONST> 1.182871e+002
<MIXTURE> 2 4.850844e-001
<MEAN> 22
 4.118988e+000 3.497448e+000 1.187430e+000 1.148393e+000 7.046989e+001 5.487326e+001 5.878020e+001 5.899755e+001 6.599876e+001 5.512196e+001 7.973119e+001 1.084918e+002 9.966404e+001 9.993065e+001 1.625043e+000 3.348828e+000 6.060246e+000 5.563703e+000 3.521029e+000 3.082787e+000 2.706054e+000 2.382726e+000
<VARIANCE> 22
 4.011233e+001 3.360624e+001 3.300596e+000 3.872878e+000 2.684414e+003 2.871359e+003 9.773020e+002 9.604051e+002 1.484447e+002 6.178846e+001 1.336368e+003 2.029032e+003 1.175326e+002 1.190944e+002 2.171515e+000 1.697589e+000 3.047202e+000 3.595636e-001 1.459763e+000 7.666949e+000 6.167520e+000 6.026437e+000
<GCONST> 1.207079e+002
<TRANSP> 5
 0.000000e+000 1.000000e+000 0.000000e+000 0.000000e+000 0.000000e+000
 0.000000e+000 6.805682e-001 3.194318e-001 0.000000e+000 0.000000e+000
 0.000000e+000 0.000000e+000 9.518569e-001 4.814311e-002 0.000000e+000
 0.000000e+000 0.000000e+000 0.000000e+000 9.125561e-001 8.744397e-002
 0.000000e+000 0.000000e+000 0.000000e+000 0.000000e+000 0.000000e+000
<ENDHMM>
~h "OK"
<BEGINHMM>
<NUMSTATES> 5
<STATE> 2
<NUMMIXES> 2
<MIXTURE> 1 3.793060e-001
<MEAN> 22
 2.004094e+001 4.958068e+000 6.061595e+000 2.341258e+000 1.006145e+002 1.932585e+001 1.004526e+002 1.016215e+002 8.100210e+001 5.752929e+001 1.173304e+002 2.053988e+002 1.184689e+002 1.221803e+002 3.343984e+000 4.966373e+000 5.492754e+000 5.892601e+000 4.260511e+000 5.969234e+000 3.722082e+000 2.419148e+000
<VARIANCE> 22
 8.234211e+002 4.623781e+002 4.902952e+002 2.910338e+002 5.199173e+003 6.583835e+002 9.499375e+002 2.384894e+002 2.403134e+002 5.261568e+001 5.003913e+003 4.545120e+002 2.190483e+002 1.042941e+002 8.325601e+000 7.244991e-002 6.168678e+000 9.882589e-002 2.774156e+000 1.554558e-001 5.973562e+000 6.384210e+000
<GCONST> 1.284467e+002
<MIXTURE> 2 6.206924e-001
<MEAN> 22
 9.912195e+000 3.351936e+000 2.500766e+000 1.066635e+000 1.052260e+002 3.462790e+001 9.630377e+001 7.464996e+001 7.298515e+001 5.400417e+001 6.850252e+001 1.563293e+002 1.005561e+002 1.089363e+002 2.071742e+000 4.385806e+000 3.990309e+000 5.774347e+000 3.157406e+000 5.194337e+000 3.298596e+000 2.218870e+000
<VARIANCE> 22
 1.600574e+002 4.458113e+001 9.109553e+000 3.449490e+000 4.256870e+003 2.291081e+003 1.258619e+003 8.416450e+002 1.989929e+002 8.460703e+001 2.242916e+003 2.474236e+003 2.223839e+002 1.280951e+002 3.446130e+000 1.044605e+000 9.767399e+000 2.840451e-001 1.927558e+000 4.410112e+000 6.022192e+000 5.698393e+000
<GCONST> 1.262147e+002
<STATE> 3
<NUMMIXES> 2
<MIXTURE> 1 4.938991e-001
<MEAN> 22
 2.921800e+000 1.420432e+001 1.113519e+000 3.396059e+000 1.453714e+001 8.112363e+001 1.023633e+002 9.744805e+001 6.308702e+001 7.057635e+001 2.047828e+002 1.437886e+002 1.214312e+002 1.163387e+002 6.998443e+000 4.124327e+000 6.108477e+000 5.315114e+000 5.999770e+000 4.502965e+000 2.487679e+000 3.447568e+000
<VARIANCE> 22
 2.307607e+001 3.489240e+002 4.055093e+000 1.822498e+001 2.792189e+002 5.719552e+003 2.494304e+002 8.365779e+002 6.081419e+001 3.023954e+002 4.243198e+002 4.115224e+003 1.610836e+002 1.210099e+002 6.504287e-002 1.256944e+000 9.670856e-002 6.621385e-001 2.082488e-002 4.917869e+000 6.552278e+000 5.726722e+000
<GCONST> 1.104260e+002
<MIXTURE> 2 5.060995e-001
<MEAN> 22
 9.451936e-001 9.045952e+000 5.339772e-001 2.355754e+000 7.653055e+000 1.285138e+002 8.411008e+001 9.033383e+001 5.245673e+001 6.654890e+001 1.803580e+002 6.120545e+001 1.084486e+002 9.752152e+001 6.952435e+000 2.765767e+000 6.011130e+000 4.709482e+000 5.984179e+000 2.136582e+000 1.575214e+000 3.295297e+000
<VARIANCE> 22
 4.801632e+000 1.196447e+002 3.300596e+000 7.580208e+000 3.149313e+002 2.256854e+003 8.710650e+001 6.509570e+002 3.502097e+001 9.867539e+001 1.891038e+002 1.458730e+003 4.929782e+001 7.961951e+001 2.626198e-001 7.938475e-001 3.667731e-002 5.531828e-001 4.422910e-002 3.037353e+000 5.331461e+000 5.812672e+000
<GCONST> 9.933732e+001
<STATE> 4
<NUMMIXES> 2
<MIXTURE> 1 7.085644e-001
<MEAN> 22
 7.210143e+000 7.826345e+000 2.142890e+000 2.134777e+000 5.633388e+001 3.494670e+001 8.672626e+001 8.184305e+001 6.474946e+001 5.782879e+001 1.549333e+002 1.682112e+002 1.087842e+002 1.109470e+002 5.159891e+000 4.787216e+000 6.142509e+000 5.806849e+000 5.123082e+000 5.717999e+000 2.701683e+000 3.194911e+000
<VARIANCE> 22
 1.265849e+002 1.512791e+002 1.724929e+001 1.053582e+001 3.142398e+003 2.199365e+003 1.131687e+003 5.968640e+002 1.442205e+002 1.157060e+002 4.207797e+003 1.941063e+003 5.756624e+002 2.146598e+002 7.207695e+000 6.141069e-001 1.362653e+000 2.006672e-001 2.208767e+000 2.159239e+000 6.011100e+000 6.528174e+000
<GCONST> 1.274532e+002
<MIXTURE> 2 2.914351e-001
<MEAN> 22
 2.429392e+000 2.002989e+000 8.368342e-001 6.226019e-001 1.997392e+002 1.567434e+002 4.449699e+001 3.950243e+001 4.772601e+001 4.169927e+001 5.699032e+001 6.765270e+001 6.426738e+001 6.843104e+001 1.462900e+000 1.821089e+000 3.024379e+000 3.756743e+000 2.599410e+000 1.718269e+000 1.714393e+000 1.498088e+000
<VARIANCE> 22
 2.666319e+001 1.700638e+001 3.300596e+000 2.164982e+000 4.413005e+004 2.705382e+004 2.275041e+003 1.534482e+003 1.068534e+003 8.469719e+002 2.911645e+003 3.549556e+003 2.219887e+003 2.112512e+003 2.511649e+000 2.963787e+000 9.535706e+000 6.683682e+000 4.288072e+000 6.646658e+000 5.423343e+000 4.829438e+000
<GCONST> 1.424880e+002
<TRANSP> 5
 0.000000e+000 1.000000e+000 0.000000e+000 0.000000e+000 0.000000e+000
 0.000000e+000 8.898220e-001 1.101780e-001 0.000000e+000 0.000000e+000
 0.000000e+000 0.000000e+000 9.430416e-001 5.695844e-002 0.000000e+000
 0.000000e+000 0.000000e+000 0.000000e+000 7.525287e-001 2.474712e-001
 0.000000e+000 0.000000e+000 0.000000e+000 0.000000e+000 0.000000e+000
<ENDHMM>
~h "PF"
<BEGINHMM>
<NUMSTATES> 5
<STATE> 2
<NUMMIXES> 2
<MIXTURE> 1 2.991242e-001
<MEAN> 22
 1.610380e+001 2.048694e+001 9.686116e+000 9.639267e+000 2.217475e+002 2.051658e+002 1.060908e+002 1.083024e+002 6.835187e+001 7.333470e+001 1.996566e+002 1.581907e+002 1.194063e+002 1.152365e+002 6.440965e+000 4.284602e+000 6.185377e+000 5.265152e+000 5.790143e+000 4.881894e+000 2.784723e+000 2.996948e+000
<VARIANCE> 22
 3.671182e+003 3.058645e+003 3.060922e+003 2.012735e+003 6.514063e+004 3.449125e+004 9.467692e+002 1.934512e+003 1.368879e+002 3.803945e+002 2.737932e+003 4.042065e+003 5.123375e+002 2.502131e+002 2.896467e+000 1.470635e+000 7.551106e-001 1.039173e+000 5.553025e-001 4.135846e+000 6.411698e+000 6.110685e+000
<GCONST> 1.528019e+002
<MIXTURE> 2 7.008763e-001
<MEAN> 22
 6.200616e+000 8.068918e+000 1.737212e+000 2.305265e+000 9.292508e+001 1.396183e+002 7.747711e+001 1.110574e+002 7.005612e+001 7.310326e+001 1.233488e+002 8.853506e+001 9.563691e+001 9.242443e+001 3.349703e+000 2.861903e+000 5.210148e+000 4.267748e+000 4.690790e+000 2.591397e+000 2.412774e+000 2.632353e+000
<VARIANCE> 22
 9.744655e+001 1.173460e+002 1.269530e+001 8.397989e+000 1.459321e+004 9.424617e+003 1.621183e+003 3.049880e+003 6.122056e+002 8.030809e+002 3.998034e+003 4.348083e+003 9.654414e+002 7.022308e+002 9.183441e+000 1.968000e+000 5.203779e+000 2.664469e+000 2.980142e+000 4.924234e+000 6.201014e+000 4.949686e+000
<GCONST> 1.434375e+002
<STATE> 3
<NUMMIXES> 2
<MIXTURE> 1 5.509350e-001
<MEAN> 22
 2.136293e+000 1.848359e+001 8.902479e-001 4.739007e+000 1.143215e+001 1.132192e+002 1.000131e+002 1.108130e+002 6.154261e+001 7.711596e+001 2.007906e+002 1.224708e+002 1.191992e+002 1.080341e+002 6.997938e+000 3.665223e+000 6.108341e+000 4.748991e+000 5.999567e+000 3.870090e+000 2.343420e+000 3.702649e+000
<VARIANCE> 22
 1.179790e+001 3.782784e+002 3.300596e+000 2.788108e+001 2.405979e+002 7.528888e+003 2.401888e+002 1.585422e+003 5.030956e+001 4.119531e+002 3.855289e+002 4.006414e+003 1.324049e+002 1.713047e+002 6.504287e-002 1.526240e+000 9.660104e-002 1.259295e+000 2.082488e-002 5.014952e+000 6.486216e+000 5.139799e+000
<GCONST> 1.116682e+002
<MIXTURE> 2 4.490646e-001
<MEAN> 22
 9.829262e-001 8.825804e+000 4.925211e-001 2.951268e+000 1.034311e+001 1.740368e+002 8.486444e+001 1.278536e+002 5.453823e+001 8.036818e+001 1.765711e+002 5.492969e+001 1.073398e+002 8.658038e+001 6.885945e+000 2.480761e+000 5.992225e+000 3.640315e+000 5.935930e+000 1.771570e+000 1.364681e+000 3.219995e+000
<VARIANCE> 22
 4.801632e+000 1.064745e+002 3.300596e+000 1.082780e+001 8.270670e+002 1.844243e+003 1.324377e+002 7.837175e+002 4.754633e+001 2.068698e+002 4.961028e+002 1.049550e+003 4.572672e+001 1.349245e+002 5.803077e-001 4.088514e-001 3.068557e-001 7.819101e-001 1.822962e-001 8.915938e-001 4.942138e+000 4.444870e+000
<GCONST> 1.055250e+002
<STATE> 4
<NUMMIXES> 2
<MIXTURE> 1 6.230829e-001
<MEAN> 22
 1.262705e+001 2.992800e+000 3.667825e+000 1.204478e+000 1.231357e+002 2.151814e+001 1.293822e+002 1.025386e+002 8.419409e+001 5.906601e+001 1.300809e+002 2.034429e+002 1.102047e+002 1.208863e+002 3.459006e+000 4.996696e+000 3.714478e+000 5.808089e+000 3.868625e+000 5.998501e+000 3.512493e+000 2.554494e+000
<VARIANCE> 22
 2.516144e+002 4.005490e+001 2.623578e+001 4.807240e+000 7.892114e+003 9.392266e+002 1.866523e+003 1.837984e+002 4.747194e+002 6.272675e+001 4.528214e+003 3.587457e+002 3.039235e+002 1.080822e+002 8.088786e+000 1.793315e-002 8.486560e+000 1.550818e-001 4.147967e+000 5.618803e-002 6.755733e+000 6.446217e+000
<GCONST> 1.187164e+002
<MIXTURE> 2 3.769176e-001
<MEAN> 22
 7.350602e+000 2.839705e+000 2.707213e+000 1.071658e+000 1.032249e+002 2.501777e+001 1.025789e+002 6.030022e+001 7.818114e+001 5.331073e+001 6.986207e+001 1.390463e+002 9.121708e+001 1.040114e+002 1.878045e+000 4.031226e+000 3.005712e+000 5.718735e+000 2.922856e+000 4.398191e+000 2.784145e+000 2.208000e+000
<VARIANCE> 22
 1.121248e+002 3.457637e+001 1.688458e+001 3.656865e+000 4.214928e+003 7.383932e+002 3.038577e+003 8.327727e+002 3.155192e+002 5.596839e+001 1.274473e+003 1.586519e+003 2.669482e+002 6.115228e+001 1.797546e+000 1.850399e+000 7.415504e+000 2.407776e-001 1.328480e+000 7.526164e+000 6.684830e+000 5.704366e+000
<GCONST> 1.242379e+002
<TRANSP> 5
 0.000000e+000 1.000000e+000 0.000000e+000 0.000000e+000 0.000000e+000
 0.000000e+000 6.468678e-001 3.531322e-001 0.000000e+000 0.000000e+000
 0.000000e+000 0.000000e+000 9.550911e-001 4.490887e-002 0.000000e+000
 0.000000e+000 0.000000e+000 0.000000e+000 9.170662e-001 8.293381e-002
 0.000000e+000 0.000000e+000 0.000000e+000 0.000000e+000 0.000000e+000
<ENDHMM>
~h "PR"
<BEGINHMM>
<NUMSTATES> 5
<STATE> 2
<NUMMIXES> 2
<MIXTURE> 1 5.908281e-001
<MEAN> 22
 1.141724e+001 1.321749e+001 5.232308e+000 5.529505e+000 4.304074e+001 6.996297e+001 9.092612e+001 9.416747e+001 7.403343e+001 6.587399e+001 1.689661e+002 1.454750e+002 1.151506e+002 1.111010e+002 4.548268e+000 4.093234e+000 6.384609e+000 5.325251e+000 5.387296e+000 4.444037e+000 2.565733e+000 2.982371e+000
<VARIANCE> 22
 1.618875e+003 1.258476e+003 1.209645e+003 7.918179e+002 4.650691e+003 5.234283e+003 1.162127e+003 1.132284e+003 3.295302e+002 2.066214e+002 3.438844e+003 2.694729e+003 5.355338e+002 4.001057e+002 9.897527e+000 1.057452e+000 7.455271e-001 5.895892e-001 1.758939e+000 4.221471e+000 6.105134e+000 5.792963e+000
<GCONST> 1.463729e+002
<MIXTURE> 2 4.091718e-001
<MEAN> 22
 4.815693e+000 3.307231e+000 1.369516e+000 1.133668e+000 1.819923e+002 1.446470e+002 5.410186e+001 4.691791e+001 5.310591e+001 4.590083e+001 7.826239e+001 8.244038e+001 7.190276e+001 7.286546e+001 1.774759e+000 2.242099e+000 3.571591e+000 3.999254e+000 2.975447e+000 1.698709e+000 1.749654e+000 1.696520e+000
<VARIANCE> 22
 6.808467e+001 4.437747e+001 4.766907e+000 4.329097e+000 3.791663e+004 2.352548e+004 2.538619e+003 2.284003e+003 1.128609e+003 8.446254e+002 3.730000e+003 3.770229e+003 2.252515e+003 2.064513e+003 5.355279e+000 3.162495e+000 9.851444e+000 6.195351e+000 5.252002e+000 6.470030e+000 5.321305e+000 5.666502e+000
<GCONST> 1.471080e+002
<STATE> 3
<NUMMIXES> 2
<MIXTURE> 1 4.705586e-001
<MEAN> 22
 1.848369e+000 1.219423e+001 7.346184e-001 3.888203e+000 1.197835e+001 8.358172e+001 1.031011e+002 9.088232e+001 6.310353e+001 7.056847e+001 2.040595e+002 1.316785e+002 1.208139e+002 1.129302e+002 6.998992e+000 3.872741e+000 6.133187e+000 5.189663e+000 5.999666e+000 4.004422e+000 2.215474e+000 3.672033e+000
<VARIANCE> 22
 9.770928e+000 1.850284e+002 3.300596e+000 2.296870e+001 3.481908e+002 3.194431e+003 2.428954e+002 8.069005e+002 5.746690e+001 1.788850e+002 4.114762e+002 2.218182e+003 1.520558e+002 1.473711e+002 6.504287e-002 8.363678e-001 1.154492e-001 3.864870e-001 2.082488e-002 4.436708e+000 6.465792e+000 5.954847e+000
<GCONST> 1.065966e+002
<MIXTURE> 2 5.294415e-001
<MEAN> 22
 8.290579e-001 6.983364e+000 4.172209e-001 2.499467e+000 8.760330e+000 1.035057e+002 8.330253e+001 8.166641e+001 5.454950e+001 5.853310e+001 1.739780e+002 8.575752e+001 1.055729e+002 9.462576e+001 6.873186e+000 3.241637e+000 6.043881e+000 4.979590e+000 5.942634e+000 2.937146e+000 1.279922e+000 3.500984e+000
<VARIANCE> 22
 4.801632e+000 7.124165e+001 3.300596e+000 1.055340e+001 3.655075e+002 1.412169e+003 1.100435e+002 4.864535e+002 4.162883e+001 7.709845e+001 3.311674e+002 1.210018e+003 5.673262e+001 1.075541e+002 7.339545e-001 5.445498e-001 6.262309e-002 2.884083e-001 1.925104e-001 3.079105e+000 4.603331e+000 6.668550e+000
<GCONST> 1.015224e+002
<STATE> 4
<NUMMIXES> 2
<MIXTURE> 1 6.042472e-001
<MEAN> 22
 1.000700e+001 3.362156e+000 3.036644e+000 1.394929e+000 6.779987e+001 1.762383e+001 8.955411e+001 9.901126e+001 7.316358e+001 5.768995e+001 1.366834e+002 1.998364e+002 1.135584e+002 1.184575e+002 3.606156e+000 4.996366e+000 6.451210e+000 5.815067e+000 4.479612e+000 5.994301e+000 3.606413e+000 2.516228e+000
<VARIANCE> 22
 1.457824e+002 3.659121e+001 1.477243e+001 4.575354e+000 2.947578e+003 3.897096e+002 7.309655e+002 2.091969e+002 2.104258e+002 6.362106e+001 3.579025e+003 3.307563e+002 1.991601e+002 9.160925e+001 9.420538e+000 1.793315e-002 1.052401e+000 1.507301e-001 3.551515e+000 5.618803e-002 5.917576e+000 6.215995e+000
<GCONST> 1.107924e+002
<MIXTURE> 2 3.957527e-001
<MEAN> 22
 7.766387e+000 2.388715e+000 1.915637e+000 6.699976e-001 6.928130e+001 2.275594e+001 7.421062e+001 6.543140e+001 6.875144e+001 5.489623e+001 8.622067e+001 1.460512e+002 9.852022e+001 1.014241e+002 1.636782e+000 4.357890e+000 5.969792e+000 5.727825e+000 3.090151e+000 5.581872e+000 2.913433e+000 2.023145e+000
<VARIANCE> 22
 1.041976e+002 1.832562e+001 7.036851e+000 2.164982e+000 1.874073e+003 6.760156e+002 1.029881e+003 8.328281e+002 1.960913e+002 6.310354e+001 9.012557e+002 1.162493e+003 1.269251e+002 6.748457e+001 3.875869e+000 7.236685e-001 4.415926e+000 2.394250e-001 2.664008e+000 3.048679e+000 5.855265e+000 5.857592e+000
<GCONST> 1.174832e+002
<TRANSP> 5
 0.000000e+000 1.000000e+000 0.000000e+000 0.000000e+000 0.000000e+000
 0.000000e+000 7.168016e-001 2.831983e-001 0.000000e+000 0.000000e+000
 0.000000e+000 0.000000e+000 9.508873e-001 4.911274e-002 0.000000e+000
 0.000000e+000 0.000000e+000 0.000000e+000 9.093219e-001 9.067810e-002
 0.000000e+000 0.000000e+000 0.000000e+000 0.000000e+000 0.000000e+000
<ENDHMM>
~h "SP"
<BEGINHMM>
<NUMSTATES> 5
<STATE> 2
<NUMMIXES> 2
<MIXTURE> 1 5.393420e-001
<MEAN> 22
 1.503599e+001 1.961934e+001 9.290222e+000 9.627002e+000 3.039027e+001 1.021177e+002 1.040653e+002 1.103070e+002 7.347294e+001 8.151269e+001 1.861911e+002 1.292557e+002 1.215612e+002 1.128299e+002 5.559708e+000 3.807998e+000 6.111054e+000 4.873833e+000 5.669348e+000 3.937909e+000 2.411609e+000 2.679421e+000
<VARIANCE> 22
 4.220258e+003 2.822877e+003 3.462217e+003 2.078099e+003 2.496159e+003 1.102228e+004 1.584052e+003 1.897253e+003 3.592122e+002 1.199514e+003 3.994428e+003 4.087238e+003 6.956003e+002 2.487413e+002 7.077459e+000 1.629203e+000 1.834135e+000 1.463265e+000 9.338068e-001 5.700139e+000 6.256176e+000 4.751153e+000
<GCONST> 1.547007e+002
<MIXTURE> 2 4.606576e-001
<MEAN> 22
 2.515118e+000 3.189847e+000 9.785578e-001 1.653475e+000 2.340764e+002 2.209502e+002 4.548137e+001 7.280667e+001 5.176401e+001 5.436041e+001 6.648676e+001 5.099655e+001 6.010074e+001 5.876118e+001 9.574826e-001 1.780039e+000 3.600198e+000 2.477207e+000 3.125344e+000 1.389871e+000 1.332537e+000 1.597416e+000
<VARIANCE> 22
 3.722227e+001 3.915005e+001 4.726761e+000 1.098509e+001 5.541692e+004 2.228775e+004 2.022071e+003 4.091618e+003 1.792659e+003 2.068850e+003 3.618219e+003 3.036873e+003 2.201283e+003 2.155120e+003 3.960676e+000 2.649047e+000 1.054382e+001 4.590790e+000 6.986391e+000 3.858477e+000 4.271540e+000 5.180070e+000
<GCONST> 1.478625e+002
<STATE> 3
<NUMMIXES> 2
<MIXTURE> 1 4.707411e-001
<MEAN> 22
 1.660260e+000 1.849645e+001 6.467774e-001 5.074307e+000 1.130116e+001 1.508919e+002 1.044966e+002 1.207864e+002 6.462630e+001 8.782610e+001 2.043233e+002 9.542720e+001 1.212291e+002 1.055338e+002 6.999241e+000 3.107015e+000 6.185049e+000 4.197668e+000 6.004492e+000 2.950527e+000 2.040190e+000 3.593791e+000
<VARIANCE> 22
 9.877079e+000 4.146588e+002 3.300596e+000 3.819778e+001 3.441510e+002 7.779456e+003 3.427736e+002 1.978705e+003 8.429235e+001 6.054637e+002 5.244088e+002 2.647858e+003 1.767078e+002 1.953678e+002 6.504287e-002 1.294095e+000 1.508023e-001 1.240776e+000 2.082488e-002 4.716649e+000 6.288162e+000 5.609308e+000
<GCONST> 1.143405e+002
<MIXTURE> 2 5.292593e-001
<MEAN> 22
 8.782243e-001 6.129360e+000 3.939170e-001 2.760463e+000 9.979207e+000 1.770574e+002 8.522272e+001 1.296568e+002 5.631158e+001 8.414754e+001 1.740072e+002 4.661831e+001 1.052498e+002 8.494907e+001 6.883180e+000 2.170504e+000 5.981678e+000 3.333497e+000 5.937062e+000 1.539935e+000 1.264735e+000 2.619244e+000
<VARIANCE> 22
 4.801632e+000 7.362315e+001 3.300596e+000 1.540900e+001 7.188917e+002 1.443818e+003 1.495348e+002 4.450120e+002 5.809263e+001 3.392503e+002 3.920371e+002 5.052838e+002 4.967772e+001 1.186474e+002 6.184397e-001 2.271607e-001 3.610243e-001 4.525717e-001 2.295426e-001 5.986123e-001 4.506850e+000 5.933953e+000
<GCONST> 1.034828e+002
<STATE> 4
<NUMMIXES> 2
<MIXTURE> 1 5.442892e-001
<MEAN> 22
 1.357346e+001 4.451637e+000 4.304068e+000 1.531986e+000 1.002344e+002 2.037891e+001 1.149260e+002 9.957693e+001 8.333338e+001 5.885230e+001 1.314409e+002 1.980145e+002 1.072401e+002 1.183958e+002 4.028397e+000 4.988791e+000 4.398741e+000 5.811001e+000 4.523223e+000 5.987097e+000 3.502973e+000 2.579045e+000
<VARIANCE> 22
 3.577518e+002 6.874808e+001 5.987526e+001 6.922294e+000 8.390813e+003 8.096423e+002 1.459542e+003 2.644258e+002 6.526919e+002 5.434532e+001 4.379004e+003 4.258838e+002 3.018804e+002 1.004135e+002 8.115923e+000 1.875999e-002 7.323514e+000 1.539479e-001 3.098813e+000 5.618803e-002 6.229543e+000 6.600605e+000
<GCONST> 1.206062e+002
<MIXTURE> 2 4.557097e-001
<MEAN> 22
 6.606726e+000 1.556973e+000 2.459221e+000 7.637197e-001 1.370386e+002 1.679172e+001 1.220149e+002 6.633861e+001 9.312171e+001 5.592033e+001 6.169992e+001 1.468105e+002 8.623016e+001 1.055125e+002 2.000834e+000 4.212264e+000 2.340518e+000 5.753900e+000 3.015298e+000 4.473726e+000 2.945068e+000 1.780650e+000
<VARIANCE> 22
 1.010835e+002 1.363003e+001 1.413614e+001 2.164982e+000 5.186539e+003 6.116458e+002 2.201131e+003 8.106162e+002 4.520984e+002 5.366193e+001 8.598145e+002 1.928092e+003 2.660005e+002 9.335252e+001 1.344662e+000 1.401035e+000 5.725238e+000 2.379465e-001 1.016313e+000 7.237089e+000 6.418889e+000 5.425526e+000
<GCONST> 1.214729e+002
<TRANSP> 5
 0.000000e+000 1.000000e+000 0.000000e+000 0.000000e+000 0.000000e+000
 0.000000e+000 6.225684e-001 3.774316e-001 0.000000e+000 0.000000e+000
 0.000000e+000 0.000000e+000 9.558464e-001 4.415365e-002 0.000000e+000
 0.000000e+000 0.000000e+000 0.000000e+000 9.312965e-001 6.870356e-002
 0.000000e+000 0.000000e+000 0.000000e+000 0.000000e+000 0.000000e+000
<ENDHMM>
~h "ST"
<BEGINHMM>
<NUMSTATES> 5
<STATE> 2
<NUMMIXES> 2
<MIXTURE> 1 3.258980e-001
<MEAN> 22
 1.172268e+001 1.616224e+001 5.967628e+000 5.163855e+000 1.056120e+002 1.133203e+002 1.113520e+002 9.478008e+001 7.456860e+001 7.184296e+001 2.030599e+002 1.572443e+002 1.279165e+002 1.223875e+002 6.231245e+000 4.060865e+000 6.447918e+000 5.842302e+000 5.697428e+000 4.415582e+000 2.509453e+000 2.826411e+000
<VARIANCE> 22
 1.583195e+003 1.679712e+003 1.363573e+003 8.219421e+002 3.193194e+004 1.889233e+004 1.358379e+003 6.354197e+002 2.412579e+002 2.614258e+002 4.123261e+003 4.855965e+003 7.343547e+002 2.365877e+002 3.665745e+000 2.049781e+000 2.970881e-001 3.384077e-001 6.480890e-001 6.220865e+000 6.540093e+000 5.718581e+000
<GCONST> 1.477077e+002
<MIXTURE> 2 6.741003e-001
<MEAN> 22
 4.740691e+000 6.920910e+000 1.252342e+000 2.025450e+000 7.655033e+001 9.124110e+001 6.827393e+001 6.960925e+001 6.770057e+001 7.146606e+001 1.217544e+002 8.944011e+001 1.010297e+002 1.030378e+002 3.581881e+000 2.946484e+000 5.914393e+000 5.439978e+000 4.523665e+000 2.386674e+000 2.814153e+000 2.709596e+000
<VARIANCE> 22
 5.283548e+001 9.527589e+001 4.148211e+000 7.342631e+000 1.108909e+004 6.429085e+003 9.398553e+002 1.045543e+003 3.464424e+002 5.834957e+002 2.963585e+003 3.287990e+003 7.055370e+002 5.650385e+002 8.550561e+000 2.066584e+000 2.181287e+000 1.444945e+000 3.119359e+000 7.016480e+000 6.402551e+000 6.071016e+000
<GCONST> 1.362247e+002
<STATE> 3
<NUMMIXES> 2
<MIXTURE> 1 4.658872e-001
<MEAN> 22
 2.136448e+000 1.439059e+001 8.116024e-001 3.257999e+000 1.268409e+001 1.042436e+002 1.021627e+002 7.810255e+001 6.324826e+001 8.186461e+001 2.045284e+002 1.002497e+002 1.210248e+002 1.139321e+002 6.997406e+000 3.293026e+000 6.133822e+000 5.695562e+000 5.999750e+000 3.004058e+000 2.047012e+000 3.261277e+000
<VARIANCE> 22
 1.379152e+001 2.224452e+002 3.300596e+000 1.506932e+001 4.003425e+002 4.245767e+003 2.210921e+002 6.410027e+002 4.974016e+001 4.566799e+002 3.830898e+002 4.386257e+003 1.429707e+002 1.009101e+002 6.504287e-002 2.002454e+000 1.159080e-001 4.833066e-001 2.082488e-002 8.005189e+000 5.933511e+000 5.610577e+000
<GCONST> 1.093119e+002
<MIXTURE> 2 5.341117e-001
<MEAN> 22
 6.575919e-001 7.690587e+000 2.837787e-001 1.305020e+000 7.252378e+000 1.186235e+002 8.372009e+001 5.956445e+001 5.467401e+001 7.724213e+001 1.778693e+002 5.778585e+001 1.080919e+002 9.830777e+001 6.939307e+000 2.299496e+000 6.016273e+000 5.963202e+000 5.975096e+000 9.162691e-001 1.114797e+000 2.781918e+000
<VARIANCE> 22
 4.801632e+000 8.256966e+001 3.300596e+000 2.261979e+000 2.555483e+002 1.241889e+003 7.400914e+001 4.373537e+002 3.020670e+001 1.888410e+002 2.653684e+002 9.970605e+002 4.539955e+001 5.329853e+001 3.297507e-001 6.520233e-001 2.631350e-002 2.305739e-001 5.606178e-002 3.501703e+000 4.076678e+000 5.870451e+000
<GCONST> 9.531049e+001
<STATE> 4
<NUMMIXES> 2
<MIXTURE> 1 5.581241e-001
<MEAN> 22
 1.189932e+001 3.536121e+000 2.854399e+000 1.241421e+000 9.018810e+001 1.795947e+001 8.340267e+001 1.035378e+002 8.664371e+001 6.043209e+001 1.212977e+002 2.059218e+002 1.182626e+002 1.226247e+002 3.856327e+000 4.996519e+000 6.206352e+000 5.899601e+000 4.682808e+000 5.998263e+000 3.383398e+000 2.430783e+000
<VARIANCE> 22
 1.660916e+002 4.704931e+001 1.307326e+001 5.494698e+000 4.765556e+003 7.178721e+002 7.887234e+002 2.010580e+002 4.725598e+002 4.682936e+001 5.117278e+003 3.484184e+002 1.776335e+002 1.032995e+002 7.622583e+000 1.793315e-002 8.325734e-001 9.031872e-002 1.651649e+000 5.618803e-002 6.140101e+000 6.174828e+000
<GCONST> 1.115871e+002
<MIXTURE> 2 4.418760e-001
<MEAN> 22
 7.662833e+000 1.872691e+000 1.422199e+000 8.234404e-001 9.500427e+001 2.267913e+001 6.805865e+001 7.236708e+001 7.691933e+001 5.442006e+001 5.571201e+001 1.626170e+002 9.702383e+001 1.073073e+002 2.038841e+000 4.717070e+000 5.786482e+000 5.859851e+000 3.624829e+000 5.886641e+000 2.896925e+000 1.779055e+000
<VARIANCE> 22
 8.657158e+001 1.841357e+001 3.300596e+000 3.169247e+000 3.255027e+003 8.793429e+002 6.670026e+002 7.497410e+002 2.048986e+002 4.754550e+001 1.536334e+003 1.341115e+003 1.064886e+002 8.783303e+001 1.886514e+000 3.884841e-001 1.849402e+000 1.563104e-001 7.474456e-001 1.834505e+000 5.927209e+000 5.421429e+000
<GCONST> 1.132445e+002
<TRANSP> 5
 0.000000e+000 1.000000e+000 0.000000e+000 0.000000e+000 0.000000e+000
 0.000000e+000 7.554775e-001 2.445225e-001 0.000000e+000 0.000000e+000
 0.000000e+000 0.000000e+000 9.569994e-001 4.300060e-002 0.000000e+000
 0.000000e+000 0.000000e+000 0.000000e+000 9.152465e-001 8.475346e-002
 0.000000e+000 0.000000e+000 0.000000e+000 0.000000e+000 0.000000e+000
<ENDHMM>
~h "TT"
<BEGINHMM>
<NUMSTATES> 5
<STATE> 2
<NUMMIXES> 2
<MIXTURE> 1 2.088088e-001
<MEAN> 22
 3.528983e+001 2.325675e+001 1.985620e+001 1.400963e+001 1.208106e+002 3.444062e+001 1.420982e+002 1.168070e+002 9.818910e+001 6.967180e+001 1.673144e+002 2.048382e+002 1.253479e+002 1.269332e+002 4.076324e+000 4.772562e+000 4.243171e+000 5.650601e+000 4.359688e+000 5.554662e+000 3.106134e+000 3.419677e+000
<VARIANCE> 22
 7.007187e+003 5.348807e+003 5.565476e+003 3.693865e+003 9.765549e+003 3.439798e+003 1.687455e+003 3.661886e+002 9.191885e+002 2.507485e+002 4.098969e+003 1.805427e+003 3.381278e+002 1.391063e+002 8.992196e+000 4.187297e-001 9.018303e+000 4.802649e-001 4.173417e+000 1.551680e+000 5.538277e+000 5.780820e+000
<GCONST> 1.524249e+002
<MIXTURE> 2 7.911903e-001
<MEAN> 22
 7.290680e+000 1.107189e+001 2.280658e+000 3.666200e+000 4.800185e+001 1.109817e+002 7.148451e+001 1.092186e+002 6.767902e+001 8.646667e+001 1.496758e+002 1.223260e+002 1.036829e+002 1.045027e+002 4.902059e+000 3.576735e+000 6.090344e+000 4.645443e+000 5.451310e+000 3.556235e+000 2.897939e+000 2.784930e+000
<VARIANCE> 22
 1.038772e+002 1.798645e+002 1.660570e+001 2.690985e+001 3.005997e+003 7.943884e+003 1.113207e+003 2.954439e+003 2.131403e+002 1.253521e+003 1.770164e+003 1.888871e+003 2.141806e+002 1.571172e+002 8.717457e+000 1.726970e+000 9.264113e-001 1.840188e+000 9.598626e-001 6.071070e+000 7.142154e+000 5.190063e+000
<GCONST> 1.349280e+002
<STATE> 3
<NUMMIXES> 2
<MIXTURE> 1 5.165546e-001
<MEAN> 22
 2.321470e+000 2.168210e+001 9.274650e-001 6.776629e+000 1.176163e+001 1.427806e+002 1.053389e+002 1.393743e+002 6.474997e+001 1.002641e+002 2.055853e+002 1.380263e+002 1.223911e+002 1.124810e+002 6.998190e+000 3.607077e+000 6.161068e+000 4.358537e+000 6.000338e+000 3.665608e+000 2.378058e+000 3.808725e+000
<VARIANCE> 22
 1.352326e+001 4.771014e+002 3.300596e+000 6.509982e+001 2.089694e+002 1.107700e+004 4.304636e+002 2.629733e+003 1.188248e+002 1.449688e+003 6.407366e+002 2.306453e+003 2.133220e+002 1.940136e+002 6.504287e-002 1.281019e+000 1.351233e-001 1.341560e+000 2.082488e-002 4.372236e+000 6.245842e+000 5.165953e+000
<GCONST> 1.169482e+002
<MIXTURE> 2 4.834450e-001
<MEAN> 22
 1.184014e+000 1.194482e+001 5.553260e-001 4.397605e+000 1.042748e+001 1.981352e+002 8.628040e+001 1.575293e+002 5.437867e+001 1.120536e+002 1.782251e+002 8.509348e+001 1.079094e+002 8.690797e+001 6.913741e+000 2.519610e+000 5.988193e+000 3.365859e+000 5.956374e+000 1.919725e+000 1.516834e+000 3.560814e+000
<VARIANCE> 22
 7.210574e+000 1.460721e+002 3.300596e+000 2.761217e+001 6.302892e+002 2.738549e+003 1.250956e+002 1.287436e+003 7.527454e+001 6.062231e+002 2.554934e+002 6.991110e+002 4.650792e+001 1.770490e+002 4.631725e-001 4.449799e-001 2.947283e-001 5.954701e-001 1.544190e-001 1.273893e+000 4.881944e+000 5.671120e+000
<GCONST> 1.084690e+002
<STATE> 4
<NUMMIXES> 2
<MIXTURE> 1 7.545576e-001
<MEAN> 22
 1.581937e+001 3.060946e+000 5.354612e+000 1.366483e+000 1.469464e+002 2.253633e+001 1.420491e+002 1.000737e+002 1.003449e+002 5.800459e+001 1.245934e+002 1.980480e+002 1.056419e+002 1.178910e+002 2.798583e+000 4.992810e+000 3.248838e+000 5.842408e+000 3.611714e+000 5.993241e+000 3.464575e+000 2.441427e+000
<VARIANCE> 22
 3.788242e+002 3.606596e+001 6.090624e+001 7.061457e+000 9.261196e+003 7.715223e+002 2.393579e+003 2.612606e+002 1.099060e+003 6.557690e+001 2.984110e+003 3.954697e+002 3.501262e+002 1.164644e+002 6.812576e+000 1.793315e-002 8.452890e+000 1.327565e-001 3.727792e+000 5.618803e-002 5.701869e+000 6.338730e+000
<GCONST> 1.209673e+002
<MIXTURE> 2 2.454431e-001
<MEAN> 22
 9.422102e+000 3.028275e+000 3.674392e+000 1.065138e+000 1.515496e+002 5.754839e+001 1.060697e+002 4.256794e+001 9.320826e+001 5.003856e+001 8.079687e+001 1.122839e+002 8.241234e+001 9.156644e+001 1.582209e+000 3.397308e+000 2.882921e+000 5.313337e+000 2.892471e+000 3.238715e+000 2.942108e+000 1.763533e+000
<VARIANCE> 22
 1.733414e+002 4.722619e+001 3.236286e+001 5.438163e+000 1.578406e+004 1.256938e+004 5.266944e+003 9.430343e+002 1.907081e+003 3.255303e+002 1.224833e+003 2.455530e+003 9.063117e+002 9.238724e+002 1.950163e+000 3.138988e+000 6.930569e+000 3.068690e+000 2.107356e+000 1.001496e+001 6.019576e+000 5.190998e+000
<GCONST> 1.423919e+002
<TRANSP> 5
 0.000000e+000 1.000000e+000 0.000000e+000 0.000000e+000 0.000000e+000
 0.000000e+000 6.813247e-001 3.186752e-001 0.000000e+000 0.000000e+000
 0.000000e+000 0.000000e+000 9.532760e-001 4.672404e-002 0.000000e+000
 0.000000e+000 0.000000e+000 0.000000e+000 9.349569e-001 6.504302e-002
 0.000000e+000 0.000000e+000 0.000000e+000 0.000000e+000 0.000000e+000
<ENDHMM>
~h "VA"
<BEGINHMM>
<NUMSTATES> 5
<STATE> 2
<NUMMIXES> 2
<MIXTURE> 1 5.082314e-001
<MEAN> 22
 1.762496e+001 1.755140e+001 8.282918e+000 6.758297e+000 8.703193e+001 8.960767e+001 1.130389e+002 1.068592e+002 8.426592e+001 7.837724e+001 1.610253e+002 1.536230e+002 1.136790e+002 1.119959e+002 4.499588e+000 4.139811e+000 5.199790e+000 5.221869e+000 4.886297e+000 4.547983e+000 2.951149e+000 2.713111e+000
<VARIANCE> 22
 1.897126e+003 1.545436e+003 1.236042e+003 7.505997e+002 1.289131e+004 1.017582e+004 3.224987e+003 1.903653e+003 9.116377e+002 8.697253e+002 5.381120e+003 3.994734e+003 7.085168e+002 3.412206e+002 8.749119e+000 1.394112e+000 5.583553e+000 1.113441e+000 2.853057e+000 5.122467e+000 6.003497e+000 4.856146e+000
<GCONST> 1.566329e+002
<MIXTURE> 2 4.917689e-001
<MEAN> 22
 5.709817e+000 7.273522e+000 2.741096e+000 2.773780e+000 1.933430e+002 2.205370e+002 7.031728e+001 1.096816e+002 6.342864e+001 8.020944e+001 9.001776e+001 7.346546e+001 7.214328e+001 7.228955e+001 2.460027e+000 2.155636e+000 4.022352e+000 3.239345e+000 3.637769e+000 1.710541e+000 2.311592e+000 2.421865e+000
<VARIANCE> 22
 8.586836e+001 8.778499e+001 2.170740e+001 1.400513e+001 3.731277e+004 1.299872e+004 3.164587e+003 5.896112e+003 1.478289e+003 2.386673e+003 3.856498e+003 3.048281e+003 1.849111e+003 1.531067e+003 7.276845e+000 1.895508e+000 7.580568e+000 3.816092e+000 4.771543e+000 3.369564e+000 5.828870e+000 5.508043e+000
<GCONST> 1.502674e+002
<STATE> 3
<NUMMIXES> 2
<MIXTURE> 1 5.365759e-001
<MEAN> 22
 2.972170e+000 1.964929e+001 1.410004e+000 6.947588e+000 1.059770e+001 1.132530e+002 9.917892e+001 1.117380e+002 6.016246e+001 9.079951e+001 1.995698e+002 1.309091e+002 1.186512e+002 1.048222e+002 6.996010e+000 3.768257e+000 6.085646e+000 4.824100e+000 5.999995e+000 4.142837e+000 2.539190e+000 3.655979e+000
<VARIANCE> 22
 2.100367e+001 3.960592e+002 8.913169e+000 5.330377e+001 1.430046e+002 8.977354e+003 2.894232e+002 2.531305e+003 7.651928e+001 1.030388e+003 5.122580e+002 3.149591e+003 1.767941e+002 3.031257e+002 6.504287e-002 1.461093e+000 7.831027e-002 1.438412e+000 2.082488e-002 5.724818e+000 6.414606e+000 5.153674e+000
<GCONST> 1.164855e+002
<MIXTURE> 2 4.634251e-001
<MEAN> 22
 1.560349e+000 1.039886e+001 7.500582e-001 4.131294e+000 1.286653e+001 1.780122e+002 8.280643e+001 1.344285e+002 5.367952e+001 9.929538e+001 1.739279e+002 7.318002e+001 1.062380e+002 7.656263e+001 6.843466e+000 2.518614e+000 6.022013e+000 3.808566e+000 5.916410e+000 1.941042e+000 1.764770e+000 3.387461e+000
<VARIANCE> 22
 9.320393e+000 1.179643e+002 3.300596e+000 1.986133e+001 8.153240e+002 4.344834e+003 1.953806e+002 2.509464e+003 1.103586e+002 5.070560e+002 5.371213e+002 1.363298e+003 7.940444e+001 3.013639e+002 8.242256e-001 5.938504e-001 2.724872e-001 1.504090e+000 1.890708e-001 2.566916e+000 5.530759e+000 5.595195e+000
<GCONST> 1.154239e+002
<STATE> 4
<NUMMIXES> 2
<MIXTURE> 1 6.214315e-001
<MEAN> 22
 1.613809e+001 3.791173e+000 5.771018e+000 1.633168e+000 1.278031e+002 1.863926e+001 1.323601e+002 1.007691e+002 9.855257e+001 5.780937e+001 1.354707e+002 1.996642e+002 1.026661e+002 1.182258e+002 3.408423e+000 4.992125e+000 4.056570e+000 5.826796e+000 4.049924e+000 5.978611e+000 3.461356e+000 2.626252e+000
<VARIANCE> 22
 3.379474e+002 7.055558e+001 5.115182e+001 9.001419e+000 9.251201e+003 6.623976e+002 3.018576e+003 2.189840e+002 9.911555e+002 8.460846e+001 4.436942e+003 3.561153e+002 4.528221e+002 1.103354e+002 8.033919e+000 1.793315e-002 8.659483e+000 1.432039e-001 4.025129e+000 5.618803e-002 5.986006e+000 6.493615e+000
<GCONST> 1.225551e+002
<MIXTURE> 2 3.785683e-001
<MEAN> 22
 7.751322e+000 2.957599e+000 3.043020e+000 1.627136e+000 1.193259e+002 2.682031e+001 1.160478e+002 5.921791e+001 9.411889e+001 5.244057e+001 6.846124e+001 1.298849e+002 8.553418e+001 1.029670e+002 1.870689e+000 3.722087e+000 3.009890e+000 5.661602e+000 2.961390e+000 3.849961e+000 2.933609e+000 2.255800e+000
<VARIANCE> 22
 9.544055e+001 3.517094e+001 1.444102e+001 8.650857e+000 5.469994e+003 8.158209e+002 3.808528e+003 6.676601e+002 4.537598e+002 8.198208e+001 7.621169e+002 1.720064e+003 3.911208e+002 6.603446e+001 4.731942e-001 1.799130e+000 6.799486e+000 2.527115e-001 7.211539e-001 7.692004e+000 6.066652e+000 5.832201e+000
<GCONST> 1.238691e+002
<TRANSP> 5
 0.000000e+000 1.000000e+000 0.000000e+000 0.000000e+000 0.000000e+000
 0.000000e+000 7.279015e-001 2.720985e-001 0.000000e+000 0.000000e+000
 0.000000e+000 0.000000e+000 9.451900e-001 5.481008e-002 0.000000e+000
 0.000000e+000 0.000000e+000 0.000000e+000 9.190719e-001 8.092812e-002
 0.000000e+000 0.000000e+000 0.000000e+000 0.000000e+000 0.000000e+000
<ENDHMM>
~h "VQ"
<BEGINHMM>
<NUMSTATES> 5
<STATE> 2
<NUMMIXES> 2
<MIXTURE> 1 1.496099e-001
<MEAN> 22
 4.527399e+001 2.359893e+001 2.547494e+001 1.461951e+001 1.110994e+002 1.979372e+001 1.249612e+002 1.043952e+002 9.019315e+001 6.110594e+001 1.457138e+002 2.013961e+002 1.171561e+002 1.215492e+002 3.472687e+000 4.911142e+000 4.385029e+000 5.818141e+000 4.276073e+000 5.877842e+000 4.211279e+000 3.024570e+000
<VARIANCE> 22
 7.996870e+003 6.369174e+003 6.523979e+003 4.240943e+003 7.602420e+003 1.445481e+003 1.602455e+003 2.736241e+002 4.753681e+002 6.080756e+001 5.298086e+003 1.251841e+003 4.980460e+002 1.817098e+002 8.958983e+000 2.624354e-001 9.170473e+000 2.823566e-001 4.067612e+000 5.886530e-001 5.640672e+000 6.388312e+000
<GCONST> 1.481749e+002
<MIXTURE> 2 8.503892e-001
<MEAN> 22
 1.038487e+001 4.952234e+000 3.553290e+000 1.993277e+000 1.178297e+002 3.849964e+001 1.056336e+002 8.950373e+001 7.914561e+001 5.654123e+001 9.083004e+001 1.643555e+002 9.658511e+001 1.102951e+002 2.620754e+000 4.522153e+000 3.600342e+000 5.571112e+000 3.556229e+000 5.216510e+000 3.578073e+000 2.401785e+000
<VARIANCE> 22
 1.422732e+002 8.438697e+001 1.974448e+001 1.389303e+001 7.327343e+003 3.035922e+003 1.618252e+003 5.916414e+002 4.326961e+002 1.219199e+002 3.447422e+003 2.959236e+003 3.756488e+002 2.142926e+002 5.924094e+000 9.758309e-001 9.109348e+000 5.049113e-001 2.985958e+000 3.105788e+000 5.857666e+000 5.471792e+000
<GCONST> 1.334129e+002
<STATE> 3
<NUMMIXES> 2
<MIXTURE> 1 5.177737e-001
<MEAN> 22
 3.022614e+000 1.677252e+001 1.016522e+000 5.257193e+000 1.096652e+001 1.056644e+002 1.014502e+002 1.038213e+002 6.134427e+001 7.282297e+001 2.031626e+002 1.236543e+002 1.210789e+002 1.060867e+002 6.997550e+000 3.775243e+000 6.159812e+000 4.951544e+000 5.999458e+000 4.130029e+000 2.394480e+000 3.606705e+000
<VARIANCE> 22
 2.367095e+001 3.331833e+002 3.400206e+000 6.201686e+001 1.743085e+002 8.328834e+003 3.594360e+002 1.830083e+003 7.878686e+001 3.840301e+002 6.379849e+002 3.777364e+003 2.201842e+002 2.748582e+002 6.504287e-002 1.496432e+000 1.342729e-001 1.225403e+000 2.082488e-002 5.047524e+000 6.333366e+000 5.392119e+000
<GCONST> 1.155095e+002
<MIXTURE> 2 4.822257e-001
<MEAN> 22
 1.058967e+000 8.213634e+000 6.252287e-001 3.326445e+000 9.191282e+000 1.501168e+002 8.117762e+001 1.054238e+002 5.181899e+001 7.139920e+001 1.759615e+002 5.112147e+001 1.060089e+002 8.250954e+001 6.939265e+000 2.526113e+000 6.022088e+000 4.305878e+000 5.962672e+000 1.912085e+000 1.551824e+000 3.562684e+000
<VARIANCE> 22
 4.801632e+000 8.238976e+001 3.300596e+000 1.621488e+001 5.633418e+002 1.905344e+003 1.338811e+002 9.510085e+002 4.750964e+001 1.919426e+002 3.339954e+002 6.860244e+002 6.904754e+001 2.412198e+002 3.213347e-001 4.261122e-001 7.587998e-002 8.131943e-001 9.845586e-002 1.319186e+000 5.096913e+000 5.942046e+000
<GCONST> 1.038110e+002
<STATE> 4
<NUMMIXES> 2
<MIXTURE> 1 7.260308e-001
<MEAN> 22
 1.141214e+001 3.945204e+000 4.223639e+000 1.686068e+000 9.926025e+001 2.695138e+001 1.046383e+002 8.962910e+001 7.539835e+001 5.362976e+001 9.670071e+001 1.840394e+002 9.778899e+001 1.121314e+002 2.837850e+000 4.883336e+000 4.123753e+000 5.790697e+000 3.644386e+000 5.893361e+000 3.589922e+000 2.737741e+000
<VARIANCE> 22
 1.898784e+002 5.300330e+001 3.515620e+001 9.383691e+000 5.121869e+003 1.318043e+003 1.224649e+003 3.818171e+002 4.079559e+002 6.841580e+001 4.149128e+003 8.662075e+002 3.725876e+002 1.257076e+002 6.731926e+000 1.906072e-001 9.072762e+000 1.700079e-001 3.358141e+000 5.106069e-001 5.790794e+000 6.368801e+000
<GCONST> 1.251449e+002
<MIXTURE> 2 2.739666e-001
<MEAN> 22
 4.340808e+000 2.804621e+000 2.128488e+000 9.404119e-001 1.824736e+002 1.279358e+002 5.938218e+001 4.150768e+001 5.500896e+001 4.486262e+001 5.811347e+001 8.482590e+001 7.247440e+001 8.076219e+001 1.853223e+000 2.318209e+000 3.247983e+000 4.384671e+000 2.585464e+000 2.084090e+000 2.033677e+000 1.920373e+000
<VARIANCE> 22
 5.698502e+001 2.354782e+001 1.285079e+001 2.946918e+000 4.255280e+004 2.538173e+004 3.062943e+003 1.373654e+003 8.422734e+002 5.766547e+002 2.334683e+003 2.881472e+003 1.661379e+003 1.720979e+003 2.536696e+000 3.046339e+000 8.951321e+000 5.232643e+000 3.019033e+000 7.217751e+000 5.775003e+000 5.636655e+000
<GCONST> 1.434588e+002
<TRANSP> 5
 0.000000e+000 1.000000e+000 0.000000e+000 0.000000e+000 0.000000e+000
 0.000000e+000 8.191258e-001 1.808742e-001 0.000000e+000 0.000000e+000
 0.000000e+000 0.000000e+000 9.475129e-001 5.248707e-002 0.000000e+000
 0.000000e+000 0.000000e+000 0.000000e+000 8.888224e-001 1.111776e-001
 0.000000e+000 0.000000e+000 0.000000e+000 0.000000e+000 0.000000e+000
<ENDHMM>
~h "SIL"
<BEGINHMM>
<NUMSTATES> 5
<STATE> 2
<NUMMIXES> 2
<MIXTURE> 1 2.323640e-001
<MEAN> 22
 3.194456e+002 2.729253e+002 2.880727e+002 2.313319e+002 4.192255e+001 4.231478e+001 6.874078e+001 6.485446e+001 4.738840e+001 4.628801e+001 9.626054e+001 9.226906e+001 6.887614e+001 6.819909e+001 2.965966e+000 2.492047e+000 3.039696e+000 3.419826e+000 2.926214e+000 2.730381e+000 3.963755e+000 4.077484e+000
<VARIANCE> 22
 5.654908e+004 3.852727e+004 4.749044e+004 3.053177e+004 7.051204e+003 6.652970e+003 4.126802e+003 3.711211e+003 1.706488e+003 1.636966e+003 7.246985e+003 6.906730e+003 2.886291e+003 2.786018e+003 9.644088e+000 4.869028e+000 8.897928e+000 7.347826e+000 6.892042e+000 7.696378e+000 5.823103e+000 5.170590e+000
<GCONST> 1.811151e+002
<MIXTURE> 2 7.676364e-001
<MEAN> 22
 7.852893e-005 6.354111e-006 -1.424507e-004 -1.838222e-005 3.661403e+001 2.963432e+001 2.223058e-009 -4.210593e-010 4.461765e-010 -5.435656e-011 1.563261e-009 -1.394125e-009 -1.411015e-009 2.350655e-009 3.785385e-011 -1.026034e-010 -6.276722e-011 4.858292e-011 1.297981e-010 -2.056679e-010 9.677441e-008 2.400995e-007
<VARIANCE> 22
 4.801632e+000 4.063125e+000 3.300596e+000 2.164982e+000 1.817529e+004 1.195285e+004 9.838196e+000 1.115232e+001 2.936353e+000 3.516743e+000 3.745900e+001 4.440890e+001 4.184655e+000 3.870682e+000 6.504287e-002 1.793315e-002 2.326111e-002 1.170389e-002 2.082488e-002 5.618803e-002 6.153807e-002 6.060927e-002
<GCONST> 5.449674e+001
<STATE> 3
<NUMMIXES> 2
<MIXTURE> 1 5.838922e-001
<MEAN> 22
 3.852527e+000 3.010583e+000 1.341316e+000 1.166015e+000 1.746588e+001 1.406410e+001 1.099926e+002 1.064313e+002 7.105645e+001 6.305090e+001 2.076414e+002 2.073162e+002 1.261188e+002 1.236111e+002 6.769622e+000 4.986114e+000 6.292369e+000 5.873774e+000 5.953897e+000 5.983432e+000 2.334326e+000 2.209386e+000
<VARIANCE> 22
 7.337367e+001 4.327693e+001 8.227423e+000 5.560784e+000 6.150123e+002 2.941148e+002 5.355002e+002 2.346853e+002 1.200815e+002 7.932493e+001 1.072945e+003 5.001519e+002 3.003686e+002 1.323365e+002 1.420810e+000 2.314637e-002 2.659532e-001 1.123552e-001 1.355648e-001 6.089586e-002 5.768132e+000 5.807387e+000
<GCONST> 1.009013e+002
<MIXTURE> 2 4.161156e-001
<MEAN> 22
 4.678388e+000 6.447240e+000 1.127730e+000 1.603325e+000 3.781818e+001 4.464857e+001 7.837145e+001 7.730384e+001 6.290062e+001 5.794650e+001 1.457396e+002 1.463308e+002 1.035996e+002 1.048749e+002 5.239294e+000 4.339292e+000 5.856217e+000 5.685143e+000 5.253540e+000 4.925578e+000 2.160287e+000 2.229938e+000
<VARIANCE> 22
 8.023610e+001 1.217077e+002 3.898960e+000 7.335849e+000 2.430018e+003 2.599731e+003 8.146136e+002 7.990183e+002 1.977747e+002 1.761446e+002 2.350466e+003 2.360087e+003 1.605464e+002 9.604317e+001 7.147582e+000 1.462001e+000 1.653272e+000 3.930267e-001 1.771318e+000 4.931608e+000 5.361960e+000 5.048957e+000
<GCONST> 1.250303e+002
<STATE> 4
<NUMMIXES> 2
<MIXTURE> 1 4.424205e-001
<MEAN> 22
 1.353755e+000 2.066333e+000 5.582408e-001 8.850566e-001 6.024434e+000 7.279026e+000 1.067935e+002 1.046852e+002 6.598618e+001 6.388902e+001 2.130821e+002 2.113006e+002 1.260756e+002 1.263939e+002 6.999558e+000 4.997378e+000 6.056596e+000 5.925337e+000 6.002084e+000 6.002222e+000 1.913511e+000 1.895178e+000
<VARIANCE> 22
 8.456038e+000 2.029966e+001 3.300596e+000 3.150679e+000 4.956259e+001 6.150307e+001 1.341076e+002 1.280422e+002 4.408615e+001 4.162685e+001 2.834377e+002 3.309338e+002 8.955087e+001 9.230412e+001 6.504287e-002 1.793315e-002 5.427202e-002 6.905663e-002 2.082488e-002 5.618803e-002 5.640181e+000 5.540837e+000
<GCONST> 7.802854e+001
<MIXTURE> 2 5.575985e-001
<MEAN> 22
 1.112547e+000 2.638589e+000 4.023512e-001 8.091363e-001 5.750213e+000 1.156152e+001 8.460771e+001 8.341145e+001 5.480517e+001 5.466288e+001 1.785429e+002 1.743950e+002 1.087159e+002 1.075865e+002 6.938287e+000 4.915373e+000 6.004429e+000 5.912684e+000 5.981643e+000 5.876935e+000 1.593647e+000 1.894857e+000
<VARIANCE> 22
 8.890878e+000 3.667808e+001 3.300596e+000 2.305251e+000 1.481588e+002 5.483091e+002 6.291512e+001 1.203959e+002 2.142589e+001 5.973637e+001 1.716514e+002 5.063674e+002 3.107471e+001 3.925076e+001 3.762578e-001 1.881896e-001 2.326111e-002 9.876204e-002 4.234246e-002 7.003350e-001 4.946307e+000 5.460772e+000
<GCONST> 8.517539e+001
<TRANSP> 5
 0.000000e+000 1.000000e+000 0.000000e+000 0.000000e+000 0.000000e+000
 0.000000e+000 9.155689e-001 8.443113e-002 0.000000e+000 0.000000e+000
 0.000000e+000 0.000000e+000 9.953378e-001 4.662164e-003 0.000000e+000
 0.000000e+000 0.000000e+000 0.000000e+000 9.965394e-001 3.460563e-003
 0.000000e+000 0.000000e+000 0.000000e+000 0.000000e+000 0.000000e+000
<ENDHMM>
