~o
<STREAMINFO> 1 22
<VECSIZE> 22<NULLD><MFCC_0><DIAGC>
~h "SIL"
<BEGINHMM>
<NUMSTATES> 5
<STATE> 2
<NUMMIXES> 4
<MIXTURE> 1 2.500000e-01
<MEAN> 22
 1.439130e+01 1.545981e+01 9.364216e+00 8.358487e+00 7.056805e+01 8.973984e+01 1.034535e+02 1.028538e+02 7.162930e+01 7.198872e+01 1.856943e+02 1.723158e+02 1.188886e+02 1.163185e+02 6.501611e+00 4.606002e+00 6.366353e+00 5.856893e+00 5.852156e+00 5.450307e+00 3.319161e+00 3.571899e+00
<VARIANCE> 22
 4.801635e+02 4.063120e+02 3.300595e+02 2.164982e+02 4.956268e+03 5.429985e+03 9.837579e+02 1.115179e+03 2.936362e+02 3.515820e+02 3.745738e+03 4.440754e+03 4.183320e+02 3.870127e+02 6.504288e+00 1.793316e+00 2.326111e+00 1.170389e+00 2.082489e+00 5.618803e+00 6.153808e+00 6.060927e+00
<GCONST> 1.445108e+02
<MIXTURE> 2 2.500000e-01
<MEAN> 22
 5.626247e+00 7.396933e+00 2.097200e+00 2.472937e+00 4.240775e+01 6.026447e+01 9.090754e+01 8.949603e+01 6.477496e+01 6.448850e+01 1.612133e+02 1.456602e+02 1.107074e+02 1.084495e+02 5.481472e+00 4.070344e+00 5.756289e+00 5.424155e+00 5.274922e+00 4.502147e+00 2.326887e+00 2.587141e+00
<VARIANCE> 22
 4.801635e+02 4.063120e+02 3.300595e+02 2.164982e+02 4.956268e+03 5.429985e+03 9.837579e+02 1.115179e+03 2.936362e+02 3.515820e+02 3.745738e+03 4.440754e+03 4.183320e+02 3.870127e+02 6.504288e+00 1.793316e+00 2.326111e+00 1.170389e+00 2.082489e+00 5.618803e+00 6.153808e+00 6.060927e+00
<GCONST> 1.445108e+02
<MIXTURE> 3 2.500000e-01
<MEAN> 22
 5.626243e+00 7.396934e+00 2.097200e+00 2.472936e+00 4.240775e+01 6.026447e+01 9.090754e+01 8.949604e+01 6.477497e+01 6.448850e+01 1.612133e+02 1.456602e+02 1.107074e+02 1.084495e+02 5.481471e+00 4.070343e+00 5.756289e+00 5.424155e+00 5.274922e+00 4.502147e+00 2.326887e+00 2.587141e+00
<VARIANCE> 22
 4.801635e+02 4.063120e+02 3.300595e+02 2.164982e+02 4.956268e+03 5.429985e+03 9.837579e+02 1.115179e+03 2.936362e+02 3.515820e+02 3.745738e+03 4.440754e+03 4.183320e+02 3.870127e+02 6.504288e+00 1.793316e+00 2.326111e+00 1.170389e+00 2.082489e+00 5.618803e+00 6.153808e+00 6.060927e+00
<GCONST> 1.445108e+02
<MIXTURE> 4 2.500000e-01
<MEAN> 22
 -3.138807e+00 -6.659405e-01 -5.169816e+00 -3.412614e+00 1.424744e+01 3.078909e+01 7.836158e+01 7.613832e+01 5.792064e+01 5.698830e+01 1.367323e+02 1.190046e+02 1.025262e+02 1.005805e+02 4.461331e+00 3.534686e+00 5.146225e+00 4.991417e+00 4.697689e+00 3.553987e+00 1.334613e+00 1.602383e+00
<VARIANCE> 22
 4.801635e+02 4.063120e+02 3.300595e+02 2.164982e+02 4.956268e+03 5.429985e+03 9.837579e+02 1.115179e+03 2.936362e+02 3.515820e+02 3.745738e+03 4.440754e+03 4.183320e+02 3.870127e+02 6.504288e+00 1.793316e+00 2.326111e+00 1.170389e+00 2.082489e+00 5.618803e+00 6.153808e+00 6.060927e+00
<GCONST> 1.445108e+02
<STATE> 3
<NUMMIXES> 4
<MIXTURE> 1 2.500000e-01
<MEAN> 22
 1.439130e+01 1.545981e+01 9.364216e+00 8.358487e+00 7.056805e+01 8.973984e+01 1.034535e+02 1.028538e+02 7.162930e+01 7.198872e+01 1.856943e+02 1.723158e+02 1.188886e+02 1.163185e+02 6.501611e+00 4.606002e+00 6.366353e+00 5.856893e+00 5.852156e+00 5.450307e+00 3.319161e+00 3.571899e+00
<VARIANCE> 22
 4.801635e+02 4.063120e+02 3.300595e+02 2.164982e+02 4.956268e+03 5.429985e+03 9.837579e+02 1.115179e+03 2.936362e+02 3.515820e+02 3.745738e+03 4.440754e+03 4.183320e+02 3.870127e+02 6.504288e+00 1.793316e+00 2.326111e+00 1.170389e+00 2.082489e+00 5.618803e+00 6.153808e+00 6.060927e+00
<GCONST> 1.445108e+02
<MIXTURE> 2 2.500000e-01
<MEAN> 22
 5.626247e+00 7.396933e+00 2.097200e+00 2.472937e+00 4.240775e+01 6.026447e+01 9.090754e+01 8.949603e+01 6.477496e+01 6.448850e+01 1.612133e+02 1.456602e+02 1.107074e+02 1.084495e+02 5.481472e+00 4.070344e+00 5.756289e+00 5.424155e+00 5.274922e+00 4.502147e+00 2.326887e+00 2.587141e+00
<VARIANCE> 22
 4.801635e+02 4.063120e+02 3.300595e+02 2.164982e+02 4.956268e+03 5.429985e+03 9.837579e+02 1.115179e+03 2.936362e+02 3.515820e+02 3.745738e+03 4.440754e+03 4.183320e+02 3.870127e+02 6.504288e+00 1.793316e+00 2.326111e+00 1.170389e+00 2.082489e+00 5.618803e+00 6.153808e+00 6.060927e+00
<GCONST> 1.445108e+02
<MIXTURE> 3 2.500000e-01
<MEAN> 22
 5.626243e+00 7.396934e+00 2.097200e+00 2.472936e+00 4.240775e+01 6.026447e+01 9.090754e+01 8.949604e+01 6.477497e+01 6.448850e+01 1.612133e+02 1.456602e+02 1.107074e+02 1.084495e+02 5.481471e+00 4.070343e+00 5.756289e+00 5.424155e+00 5.274922e+00 4.502147e+00 2.326887e+00 2.587141e+00
<VARIANCE> 22
 4.801635e+02 4.063120e+02 3.300595e+02 2.164982e+02 4.956268e+03 5.429985e+03 9.837579e+02 1.115179e+03 2.936362e+02 3.515820e+02 3.745738e+03 4.440754e+03 4.183320e+02 3.870127e+02 6.504288e+00 1.793316e+00 2.326111e+00 1.170389e+00 2.082489e+00 5.618803e+00 6.153808e+00 6.060927e+00
<GCONST> 1.445108e+02
<MIXTURE> 4 2.500000e-01
<MEAN> 22
 -3.138807e+00 -6.659405e-01 -5.169816e+00 -3.412614e+00 1.424744e+01 3.078909e+01 7.836158e+01 7.613832e+01 5.792064e+01 5.698830e+01 1.367323e+02 1.190046e+02 1.025262e+02 1.005805e+02 4.461331e+00 3.534686e+00 5.146225e+00 4.991417e+00 4.697689e+00 3.553987e+00 1.334613e+00 1.602383e+00
<VARIANCE> 22
 4.801635e+02 4.063120e+02 3.300595e+02 2.164982e+02 4.956268e+03 5.429985e+03 9.837579e+02 1.115179e+03 2.936362e+02 3.515820e+02 3.745738e+03 4.440754e+03 4.183320e+02 3.870127e+02 6.504288e+00 1.793316e+00 2.326111e+00 1.170389e+00 2.082489e+00 5.618803e+00 6.153808e+00 6.060927e+00
<GCONST> 1.445108e+02
<STATE> 4
<NUMMIXES> 4
<MIXTURE> 1 2.500000e-01
<MEAN> 22
 1.439130e+01 1.545981e+01 9.364216e+00 8.358487e+00 7.056805e+01 8.973984e+01 1.034535e+02 1.028538e+02 7.162930e+01 7.198872e+01 1.856943e+02 1.723158e+02 1.188886e+02 1.163185e+02 6.501611e+00 4.606002e+00 6.366353e+00 5.856893e+00 5.852156e+00 5.450307e+00 3.319161e+00 3.571899e+00
<VARIANCE> 22
 4.801635e+02 4.063120e+02 3.300595e+02 2.164982e+02 4.956268e+03 5.429985e+03 9.837579e+02 1.115179e+03 2.936362e+02 3.515820e+02 3.745738e+03 4.440754e+03 4.183320e+02 3.870127e+02 6.504288e+00 1.793316e+00 2.326111e+00 1.170389e+00 2.082489e+00 5.618803e+00 6.153808e+00 6.060927e+00
<GCONST> 1.445108e+02
<MIXTURE> 2 2.500000e-01
<MEAN> 22
 5.626247e+00 7.396933e+00 2.097200e+00 2.472937e+00 4.240775e+01 6.026447e+01 9.090754e+01 8.949603e+01 6.477496e+01 6.448850e+01 1.612133e+02 1.456602e+02 1.107074e+02 1.084495e+02 5.481472e+00 4.070344e+00 5.756289e+00 5.424155e+00 5.274922e+00 4.502147e+00 2.326887e+00 2.587141e+00
<VARIANCE> 22
 4.801635e+02 4.063120e+02 3.300595e+02 2.164982e+02 4.956268e+03 5.429985e+03 9.837579e+02 1.115179e+03 2.936362e+02 3.515820e+02 3.745738e+03 4.440754e+03 4.183320e+02 3.870127e+02 6.504288e+00 1.793316e+00 2.326111e+00 1.170389e+00 2.082489e+00 5.618803e+00 6.153808e+00 6.060927e+00
<GCONST> 1.445108e+02
<MIXTURE> 3 2.500000e-01
<MEAN> 22
 5.626243e+00 7.396934e+00 2.097200e+00 2.472936e+00 4.240775e+01 6.026447e+01 9.090754e+01 8.949604e+01 6.477497e+01 6.448850e+01 1.612133e+02 1.456602e+02 1.107074e+02 1.084495e+02 5.481471e+00 4.070343e+00 5.756289e+00 5.424155e+00 5.274922e+00 4.502147e+00 2.326887e+00 2.587141e+00
<VARIANCE> 22
 4.801635e+02 4.063120e+02 3.300595e+02 2.164982e+02 4.956268e+03 5.429985e+03 9.837579e+02 1.115179e+03 2.936362e+02 3.515820e+02 3.745738e+03 4.440754e+03 4.183320e+02 3.870127e+02 6.504288e+00 1.793316e+00 2.326111e+00 1.170389e+00 2.082489e+00 5.618803e+00 6.153808e+00 6.060927e+00
<GCONST> 1.445108e+02
<MIXTURE> 4 2.500000e-01
<MEAN> 22
 -3.138807e+00 -6.659405e-01 -5.169816e+00 -3.412614e+00 1.424744e+01 3.078909e+01 7.836158e+01 7.613832e+01 5.792064e+01 5.698830e+01 1.367323e+02 1.190046e+02 1.025262e+02 1.005805e+02 4.461331e+00 3.534686e+00 5.146225e+00 4.991417e+00 4.697689e+00 3.553987e+00 1.334613e+00 1.602383e+00
<VARIANCE> 22
 4.801635e+02 4.063120e+02 3.300595e+02 2.164982e+02 4.956268e+03 5.429985e+03 9.837579e+02 1.115179e+03 2.936362e+02 3.515820e+02 3.745738e+03 4.440754e+03 4.183320e+02 3.870127e+02 6.504288e+00 1.793316e+00 2.326111e+00 1.170389e+00 2.082489e+00 5.618803e+00 6.153808e+00 6.060927e+00
<GCONST> 1.445108e+02
<TRANSP> 5
 0.000000e+00 1.000000e+00 0.000000e+00 0.000000e+00 0.000000e+00
 0.000000e+00 4.800000e-01 3.200000e-01 2.000000e-01 0.000000e+00
 0.000000e+00 0.000000e+00 6.000000e-01 4.000000e-01 0.000000e+00
 0.000000e+00 2.000000e-01 0.000000e+00 5.600000e-01 2.400000e-01
 0.000000e+00 0.000000e+00 0.000000e+00 0.000000e+00 0.000000e+00
<ENDHMM>
~h "oov"
<BEGINHMM>
<NUMSTATES> 5
<STATE> 2
<NUMMIXES> 4
<MIXTURE> 1 3.098192e-01
<MEAN> 22
 2.204551e+01 2.379097e+01 1.673549e+01 1.489820e+01 7.688925e+01 9.700389e+01 1.002113e+02 1.002395e+02 6.829868e+01 7.255478e+01 1.847053e+02 1.540513e+02 1.187751e+02 1.146477e+02 5.969798e+00 4.221916e+00 6.084138e+00 5.337462e+00 5.646713e+00 4.773025e+00 2.701578e+00 2.985268e+00
<VARIANCE> 22
 7.908131e+03 5.681614e+03 6.617124e+03 4.195892e+03 2.319657e+04 1.499853e+04 7.460347e+02 1.225528e+03 2.733919e+02 5.121485e+02 2.212804e+03 3.636656e+03 1.985803e+02 1.697072e+02 5.349922e+00 1.245134e+00 1.012297e+00 8.355978e-01 1.222425e+00 4.478770e+00 6.699530e+00 6.082283e+00
<GCONST> 1.538987e+02
<MIXTURE> 2 1.628800e-01
<MEAN> 22
 4.216429e+00 3.995110e+00 1.084827e+00 9.984795e-01 1.493133e+02 1.464788e+02 7.583884e+01 7.329681e+01 7.070232e+01 6.642216e+01 5.390735e+01 5.385056e+01 1.042239e+02 1.060327e+02 1.881152e+00 2.017347e+00 5.589930e+00 5.574116e+00 3.268587e+00 7.745293e-01 2.912333e+00 2.820554e+00
<VARIANCE> 22
 2.840453e+01 2.763305e+01 3.300595e+00 2.164982e+00 3.343767e+03 2.830210e+03 9.282433e+02 9.328416e+02 2.060488e+02 1.822571e+02 7.367819e+02 6.356259e+02 4.706409e+02 2.647770e+02 5.358382e-01 4.400907e-01 3.259370e+00 1.153563e+00 5.251675e-01 3.486306e-01 5.984971e+00 6.143916e+00
<GCONST> 1.159099e+02
<MIXTURE> 3 3.729213e-01
<MEAN> 22
 2.295445e+01 2.356613e+01 1.609553e+01 1.434557e+01 6.045905e+01 1.066267e+02 8.448264e+01 8.815548e+01 6.342985e+01 6.856767e+01 1.291783e+02 9.070464e+01 9.990450e+01 9.454388e+01 4.461536e+00 3.060287e+00 5.203023e+00 4.788644e+00 4.670001e+00 2.909168e+00 2.301055e+00 2.704838e+00
<VARIANCE> 22
 7.355965e+03 5.300784e+03 5.995559e+03 3.864271e+03 5.216474e+03 5.477210e+03 1.238401e+03 1.671397e+03 4.448222e+02 5.616480e+02 4.093658e+03 3.875985e+03 5.683759e+02 5.557889e+02 8.291517e+00 1.954370e+00 4.629054e+00 2.235198e+00 3.267159e+00 6.214726e+00 5.699548e+00 5.423629e+00
<GCONST> 1.598168e+02
<MIXTURE> 4 1.543897e-01
<MEAN> 22
 7.596100e-09 1.079752e-08 5.311449e-09 6.119080e-09 2.039069e+02 1.583245e+02 6.221235e-07 5.960464e-07 8.530915e-07 7.087365e-07 4.060566e-07 8.717179e-07 1.151115e-06 1.322478e-06 -3.841706e-09 -4.423782e-09 7.974450e-08 8.207280e-08 0.000000e+00 -1.891749e-10 1.167064e-08 1.156877e-08
<VARIANCE> 22
 4.801635e+00 4.063120e+00 3.300595e+00 2.164982e+00 6.368352e+04 3.842406e+04 9.837578e+00 1.115179e+01 2.936362e+00 3.515820e+00 3.745738e+01 4.440754e+01 4.183320e+00 3.870127e+00 6.504288e-02 1.793316e-02 2.326111e-02 1.170389e-02 2.082489e-02 5.618803e-02 6.153808e-02 6.060927e-02
<GCONST> 5.691742e+01
<STATE> 3
<NUMMIXES> 4
<MIXTURE> 1 1.320871e-01
<MEAN> 22
 1.591896e+01 1.212133e+01 4.851226e+00 3.931621e+00 8.081770e+01 5.524812e+01 1.156401e+02 1.104907e+02 8.747919e+01 7.052962e+01 1.692133e+02 1.876179e+02 1.248979e+02 1.244674e+02 3.873371e+00 4.505758e+00 5.751682e+00 5.502663e+00 4.725013e+00 5.190203e+00 3.223713e+00 2.884776e+00
<VARIANCE> 22
 4.273645e+02 4.099937e+02 5.264003e+01 4.405162e+01 6.124409e+03 4.603693e+03 2.383855e+03 9.804973e+02 5.377545e+02 3.132297e+02 5.757943e+03 3.298967e+03 7.130441e+02 3.090070e+02 9.832162e+00 8.322859e-01 4.505865e+00 5.697299e-01 3.701350e+00 2.841552e+00 6.587830e+00 6.074434e+00
<GCONST> 1.422593e+02
<MIXTURE> 2 3.440042e-01
<MEAN> 22
 1.450683e+00 9.534987e+00 5.902646e-01 2.768782e+00 1.289946e+01 1.541261e+02 9.373297e+01 1.099865e+02 5.992081e+01 8.788927e+01 1.905999e+02 7.206969e+01 1.147733e+02 9.902126e+01 6.811745e+00 2.718599e+00 6.108213e+00 4.308508e+00 5.968728e+00 2.189909e+00 1.813167e+00 3.267690e+00
<VARIANCE> 22
 7.371562e+00 1.116914e+02 3.300595e+00 9.375663e+00 5.431397e+02 4.557900e+03 3.343146e+02 2.080335e+03 9.971561e+01 6.324952e+02 6.679606e+02 1.955582e+03 1.600927e+02 2.541104e+02 1.176967e+00 8.869088e-01 9.896857e-02 1.529302e+00 8.165127e-02 4.174182e+00 5.844992e+00 5.586738e+00
<GCONST> 1.150658e+02
<MIXTURE> 3 2.339707e-01
<MEAN> 22
 2.172075e+00 4.285446e+00 6.822960e-01 9.982137e-01 5.307753e+01 1.193718e+02 6.625809e+01 6.936580e+01 5.892237e+01 6.456719e+01 1.191588e+02 5.538765e+01 1.024404e+02 9.495620e+01 4.376836e+00 2.186698e+00 6.107629e+00 5.259946e+00 4.734320e+00 9.486972e-01 2.033400e+00 2.720644e+00
<VARIANCE> 22
 1.220035e+01 3.321456e+01 3.300595e+00 2.164982e+00 3.372997e+03 2.158202e+03 6.005583e+02 1.113140e+03 8.208277e+01 1.687812e+02 3.343900e+03 7.554052e+02 6.673123e+01 1.431606e+02 6.986062e+00 5.010209e-01 1.513740e-01 1.221030e+00 1.804351e+00 1.190781e+00 5.980777e+00 6.223661e+00
<GCONST> 1.150070e+02
<MIXTURE> 4 2.898609e-01
<MEAN> 22
 1.116714e+01 5.465219e+00 2.926620e+00 1.604767e+00 1.328666e+02 4.615690e+01 1.032876e+02 8.307796e+01 8.245325e+01 5.797790e+01 6.449107e+01 1.533430e+02 9.618548e+01 1.094148e+02 1.647077e+00 4.246722e+00 3.788647e+00 5.660737e+00 2.936610e+00 4.749017e+00 3.217086e+00 2.366079e+00
<VARIANCE> 22
 1.702506e+02 1.068713e+02 1.292858e+01 7.993942e+00 4.369265e+03 3.030141e+03 2.046652e+03 8.892908e+02 5.163669e+02 1.171493e+02 1.491102e+03 3.056862e+03 3.612733e+02 1.762023e+02 1.112569e+00 1.338274e+00 8.320221e+00 4.086666e-01 1.467927e+00 5.106535e+00 5.909494e+00 5.884183e+00
<GCONST> 1.302825e+02
<STATE> 4
<NUMMIXES> 4
<MIXTURE> 1 3.087887e-01
<MEAN> 22
 2.903962e+00 3.151259e+00 1.052353e+00 1.233992e+00 1.278157e+01 1.386559e+01 1.115706e+02 1.082461e+02 6.984042e+01 6.488114e+01 2.149449e+02 2.124635e+02 1.281096e+02 1.264903e+02 6.998215e+00 5.000030e+00 6.230687e+00 5.850358e+00 6.001634e+00 5.993198e+00 2.316181e+00 2.219377e+00
<VARIANCE> 22
 2.168878e+01 2.654018e+01 3.300595e+00 3.837245e+00 1.999187e+02 2.907029e+02 1.840336e+02 1.299303e+02 5.606391e+01 5.234482e+01 2.996462e+02 2.660972e+02 1.112674e+02 8.235222e+01 6.504288e-02 1.793316e-02 1.774038e-01 1.272227e-01 2.082489e-02 5.618803e-02 6.072898e+00 5.965116e+00
<GCONST> 8.506783e+01
<MIXTURE> 2 1.532115e-01
<MEAN> 22
 1.083610e+01 1.925582e+01 2.666335e+00 4.767177e+00 4.442968e+01 6.669260e+01 8.727283e+01 8.382100e+01 6.770261e+01 7.029264e+01 1.702991e+02 1.474144e+02 1.139607e+02 1.105574e+02 5.295978e+00 4.248668e+00 6.191307e+00 5.384822e+00 5.635958e+00 5.097375e+00 2.975181e+00 3.592440e+00
<VARIANCE> 22
 2.224030e+02 3.713377e+02 1.659110e+01 3.020119e+01 2.458897e+03 3.140603e+03 9.101924e+02 1.177480e+03 2.312899e+02 3.257061e+02 1.981463e+03 2.455342e+03 1.986866e+02 1.611635e+02 8.069067e+00 9.471141e-01 7.986284e-01 4.967481e-01 1.100578e+00 4.143850e+00 6.343820e+00 5.538640e+00
<GCONST> 1.309034e+02
<MIXTURE> 3 3.896669e-01
<MEAN> 22
 1.386006e+00 2.424134e+00 5.429023e-01 8.461802e-01 6.347150e+00 9.791698e+00 8.685286e+01 8.583761e+01 5.590994e+01 5.430539e+01 1.815149e+02 1.804985e+02 1.094509e+02 1.090909e+02 6.999046e+00 5.000000e+00 6.000734e+00 5.937160e+00 6.000000e+00 6.002444e+00 1.920014e+00 2.183725e+00
<VARIANCE> 22
 5.106080e+00 1.325347e+01 3.300595e+00 2.164982e+00 4.956268e+01 1.312262e+02 6.655482e+01 8.790795e+01 2.231993e+01 4.330021e+01 1.225230e+02 1.444071e+02 3.921068e+01 4.524271e+01 6.504288e-02 1.793316e-02 2.326111e-02 5.880168e-02 2.082489e-02 5.618803e-02 5.585175e+00 5.925919e+00
<GCONST> 7.160495e+01
<MIXTURE> 4 1.483331e-01
<MEAN> 22
 5.676363e+00 8.986003e+00 1.029407e+00 1.766737e+00 5.799025e+01 7.856888e+01 6.754177e+01 6.467879e+01 6.214409e+01 6.245427e+01 1.263481e+02 1.051277e+02 1.013690e+02 9.887260e+01 4.155815e+00 3.592069e+00 5.910381e+00 5.417264e+00 4.932086e+00 3.880578e+00 2.380870e+00 2.620126e+00
<VARIANCE> 22
 6.859958e+01 1.144566e+02 3.300595e+00 5.206885e+00 3.888405e+03 3.630050e+03 9.339250e+02 1.155869e+03 1.644316e+02 2.079357e+02 2.607313e+03 2.419232e+03 1.362907e+02 1.501401e+02 8.704885e+00 1.940791e+00 1.770305e+00 8.374760e-01 1.947876e+00 7.866031e+00 5.692181e+00 5.376654e+00
<GCONST> 1.279952e+02
<TRANSP> 5
 0.000000e+00 1.000000e+00 0.000000e+00 0.000000e+00 0.000000e+00
 0.000000e+00 3.461261e-01 6.538740e-01 0.000000e+00 0.000000e+00
 0.000000e+00 0.000000e+00 8.576974e-01 1.423026e-01 0.000000e+00
 0.000000e+00 0.000000e+00 0.000000e+00 9.200717e-01 7.992828e-02
 0.000000e+00 0.000000e+00 0.000000e+00 0.000000e+00 0.000000e+00
<ENDHMM>
