~h "oov"
<BEGINHMM>
<NUMSTATES> 3
<STATE> 2
<NUMMIXES> 16
<MIXTURE> 1 7.185255e-02
<MEAN> 39
 -1.388914e+01 -5.094379e+00 -9.187315e+00 -1.250403e+01 -9.623387e+00 -2.026501e+01 -1.016604e+01 -7.643765e+00 -1.274486e+00 -1.801899e+00 -9.565095e-01 4.613986e-01 6.665942e+01 1.103936e+00 -3.529549e-01 3.338960e-01 -1.203752e+00 -9.988711e-01 -7.038919e-01 -6.203193e-03 9.774728e-01 8.920389e-01 4.549116e-01 7.973610e-01 3.405379e-01 1.654661e+00 1.908960e-01 -3.483731e-01 -9.061792e-02 -3.422337e-01 -1.196882e-01 2.507375e-01 8.514655e-02 5.389304e-02 -1.910013e-01 -1.650863e-01 -2.292841e-01 -1.819566e-01 2.844107e-01
<VARIANCE> 39
 4.804039e+01 3.247212e+01 4.184930e+01 3.321550e+01 6.048829e+01 6.195388e+01 5.623052e+01 4.949105e+01 4.729210e+01 4.978077e+01 3.804309e+01 3.391083e+01 1.699310e+01 7.247403e+00 4.131272e+00 6.215322e+00 5.445805e+00 8.784812e+00 7.694023e+00 7.817731e+00 8.072894e+00 6.919095e+00 6.742688e+00 6.228893e+00 5.121754e+00 2.803306e+00 4.999969e-01 3.961739e-01 4.725719e-01 5.264097e-01 7.568551e-01 8.366122e-01 8.250292e-01 8.476996e-01 7.498583e-01 7.646871e-01 7.160813e-01 6.298873e-01 2.558567e-01
<GCONST> 1.372614e+02
<MIXTURE> 2 4.137543e-02
<MEAN> 39
 -2.366985e+01 -2.887407e+00 -8.366645e+00 -1.069234e+01 -2.141389e+00 -1.601310e+01 -4.223482e+00 -6.202540e+00 -1.289072e+00 -5.554118e+00 1.045956e+00 -1.578956e+00 7.106866e+01 -1.689671e-01 1.211407e-01 1.984539e-01 3.326883e-01 4.221576e-01 3.526801e-01 3.733817e-01 4.089403e-01 4.104432e-01 2.599455e-01 1.962268e-01 9.019956e-02 -1.183415e-01 2.103874e-01 -1.197135e-01 -1.941251e-02 -1.071472e-01 -1.982193e-01 -5.411692e-02 -1.126601e-01 -9.609287e-02 -4.291555e-02 5.399275e-02 -6.416111e-02 2.024099e-02 -6.613603e-02
<VARIANCE> 39
 5.967893e+01 9.878709e+01 6.914819e+01 5.957238e+01 8.510632e+01 6.728104e+01 7.990353e+01 8.687576e+01 7.386254e+01 6.345992e+01 7.885925e+01 4.693589e+01 3.850872e+01 4.897375e-01 8.740020e-01 1.099809e+00 1.350419e+00 1.797764e+00 2.058352e+00 2.294838e+00 2.381071e+00 2.421537e+00 2.344534e+00 2.234863e+00 1.989412e+00 3.234146e-01 1.091127e-01 1.698697e-01 1.981473e-01 2.703558e-01 3.585331e-01 4.163989e-01 4.803244e-01 5.031991e-01 4.820006e-01 4.583489e-01 4.421518e-01 3.856994e-01 3.948529e-02
<GCONST> 1.144067e+02
<MIXTURE> 3 4.568522e-02
<MEAN> 39
 -2.042360e+00 -7.986469e+00 -1.603366e+01 -2.337277e+01 -1.027173e+01 -1.108887e+01 -1.125075e+01 -1.140280e+01 -4.825285e+00 1.552438e+00 7.454852e-01 7.204627e-01 7.127339e+01 1.784867e-01 -1.261288e-01 -2.165004e-01 -4.674675e-02 2.350463e-01 5.049222e-01 7.005981e-02 4.129723e-02 3.308297e-01 6.001461e-01 3.441307e-01 8.690774e-02 -6.021908e-02 -3.584133e-01 -1.177869e-01 2.481724e-01 3.546956e-01 1.029745e-01 -2.622844e-01 2.151067e-02 3.585739e-01 2.678613e-01 -1.321917e-01 -1.361984e-01 -6.140133e-02 -2.598385e-02
<VARIANCE> 39
 1.258881e+01 3.870414e+01 3.714664e+01 7.095325e+01 7.576833e+01 9.391029e+01 7.346931e+01 7.210475e+01 8.559941e+01 9.253600e+01 1.033115e+02 9.340337e+01 2.037592e+01 9.681407e-01 1.771970e+00 1.860584e+00 3.648815e+00 3.328210e+00 4.405163e+00 4.118223e+00 4.399421e+00 4.491467e+00 4.114184e+00 4.393791e+00 3.887129e+00 1.298129e+00 1.625604e-01 2.361353e-01 3.080457e-01 6.402162e-01 5.967022e-01 6.767858e-01 7.200101e-01 8.118490e-01 8.207022e-01 8.069338e-01 8.264711e-01 7.666864e-01 1.646028e-01
<GCONST> 1.294069e+02
<MIXTURE> 4 6.325221e-02
<MEAN> 39
 -6.406682e+00 -1.313786e+01 -1.200572e+01 -1.965309e+01 -8.795217e+00 -1.621364e+01 -1.289141e+01 -4.820579e+00 2.019238e+00 1.967836e-01 -1.021538e+00 -3.018437e+00 7.568356e+01 6.016922e-01 -1.557049e+00 -3.349704e-01 -1.040506e+00 1.957880e-01 5.746216e-01 4.297109e-01 1.340188e+00 5.705960e-01 -2.369402e-01 4.569751e-02 -1.792331e-01 1.730726e+00 -4.498341e-01 2.888578e-01 1.697155e-01 4.261746e-01 6.399328e-02 2.686285e-02 3.597881e-01 -2.421341e-01 -5.304082e-01 -2.875171e-01 -1.167674e-01 1.835819e-01 -4.341055e-01
<VARIANCE> 39
 2.407756e+01 4.775579e+01 7.214090e+01 6.756962e+01 9.855741e+01 1.305543e+02 1.017796e+02 9.333270e+01 8.982699e+01 9.140946e+01 1.049855e+02 8.213922e+01 3.492916e+01 3.516920e+00 3.711022e+00 4.840465e+00 5.980259e+00 6.843193e+00 7.896617e+00 6.994900e+00 7.602807e+00 6.894502e+00 6.599916e+00 6.078933e+00 5.841764e+00 3.177886e+00 4.244643e-01 5.282081e-01 7.356461e-01 8.611600e-01 1.143676e+00 1.278604e+00 1.192286e+00 1.330377e+00 1.198001e+00 1.139179e+00 1.159191e+00 9.511696e-01 4.216148e-01
<GCONST> 1.483428e+02
<MIXTURE> 5 5.041908e-02
<MEAN> 39
 -6.535840e+00 -1.725588e+01 -9.212790e+00 -2.007929e+01 -1.042137e+01 -1.432432e+01 -8.665004e+00 -2.639764e+00 -2.205093e+00 -3.774073e+00 -2.363717e+00 -2.683440e+00 7.742481e+01 9.388141e-02 1.582069e-01 3.985636e-02 2.067911e-01 4.439459e-02 1.267974e-01 2.052456e-01 2.310980e-01 1.793884e-01 2.946585e-01 1.828534e-01 2.280973e-01 -2.521925e-01 1.355257e-02 2.404434e-01 -7.234034e-03 1.777312e-01 1.186229e-02 -3.334623e-02 3.750690e-02 -1.982224e-02 1.127527e-01 1.574313e-01 5.239725e-02 1.079064e-01 -1.603796e-01
<VARIANCE> 39
 2.009637e+01 4.244379e+01 9.711363e+01 7.735671e+01 1.542821e+02 1.475650e+02 1.342369e+02 1.108063e+02 1.022971e+02 8.763751e+01 9.906356e+01 1.006988e+02 2.586532e+01 4.040651e-01 9.820155e-01 1.431114e+00 1.658443e+00 2.292601e+00 2.553799e+00 3.006018e+00 3.100213e+00 3.006874e+00 2.772949e+00 2.644024e+00 2.497269e+00 4.592946e-01 6.511049e-02 1.501951e-01 2.168947e-01 2.850581e-01 3.822699e-01 4.550749e-01 5.337197e-01 5.605437e-01 5.626724e-01 5.132098e-01 5.023223e-01 4.710744e-01 6.568764e-02
<GCONST> 1.199494e+02
<MIXTURE> 6 7.388052e-02
<MEAN> 39
 -9.658254e+00 -7.782490e+00 -1.306063e+01 -1.610301e+01 -1.344801e+01 -1.713587e+01 -1.168903e+01 -9.096918e+00 -3.769833e+00 -1.818549e+00 -4.115184e+00 -2.430140e-01 6.324849e+01 -1.866560e-01 1.781472e-02 6.642284e-02 1.732121e-01 5.790655e-02 5.970087e-02 8.234781e-02 9.567159e-02 2.246193e-02 5.603968e-02 2.140624e-02 7.650271e-02 -3.101219e-01 -3.898400e-02 1.560971e-02 1.184487e-01 1.708939e-01 1.559640e-01 3.311305e-02 -1.516273e-02 -6.904485e-02 -8.784354e-02 -5.901263e-02 3.415956e-02 8.292409e-03 3.665037e-02
<VARIANCE> 39
 2.420846e+01 1.804928e+01 2.944449e+01 2.542964e+01 3.378079e+01 4.058281e+01 3.806417e+01 4.496004e+01 4.826098e+01 4.090731e+01 3.995892e+01 3.386340e+01 1.013982e+01 3.605392e-01 5.220587e-01 8.763986e-01 1.068644e+00 1.374406e+00 1.797178e+00 1.971704e+00 2.183120e+00 2.223770e+00 2.253203e+00 2.135465e+00 1.945800e+00 1.987856e-01 5.740227e-02 8.537610e-02 1.359780e-01 1.698337e-01 2.298323e-01 2.949948e-01 3.540597e-01 4.084564e-01 4.246899e-01 4.249226e-01 4.008447e-01 3.758287e-01 2.443720e-02
<GCONST> 9.717878e+01
<MIXTURE> 7 7.840079e-02
<MEAN> 39
 -2.170545e+01 -1.996622e+00 -6.195513e+00 -1.454547e+01 -6.015018e+00 -1.898004e+01 -6.691624e+00 -8.514977e+00 -1.759869e+00 -4.844605e+00 -1.477310e-01 -7.803894e-01 7.212991e+01 -3.047188e-01 4.937828e-01 1.207375e-01 2.214330e-01 -1.454355e-01 -5.524318e-01 7.687486e-02 -1.522946e-01 1.354488e-01 -4.016639e-02 2.125256e-01 6.306712e-02 3.553298e-01 6.682950e-01 -2.932077e-01 -2.074239e-01 2.183969e-02 -3.570395e-01 -2.144631e-02 -2.445490e-01 3.716872e-02 -3.222658e-02 1.361136e-01 -1.643787e-01 -2.276904e-02 -1.824903e-01
<VARIANCE> 39
 5.183203e+01 6.409185e+01 8.540384e+01 7.088650e+01 1.130086e+02 9.266666e+01 8.562416e+01 8.107693e+01 6.963352e+01 6.581614e+01 5.678441e+01 4.472300e+01 2.939187e+01 5.822012e+00 3.637819e+00 3.477423e+00 3.526299e+00 6.327080e+00 5.318352e+00 5.595584e+00 5.032768e+00 4.569923e+00 4.251428e+00 4.103775e+00 3.359979e+00 1.722266e+00 6.559772e-01 5.458921e-01 6.826881e-01 7.124860e-01 1.140726e+00 1.133578e+00 1.065420e+00 1.099328e+00 9.807464e-01 9.240614e-01 8.545341e-01 7.054626e-01 2.856086e-01
<GCONST> 1.416040e+02
<MIXTURE> 8 5.200092e-02
<MEAN> 39
 -1.262168e+01 -7.753271e+00 -1.114725e+01 -1.098825e+01 -9.765648e+00 -1.712608e+01 -1.247829e+01 -1.185368e+01 -7.098423e+00 -4.366585e+00 -7.246305e+00 -2.415576e+00 5.990015e+01 -1.115579e-01 1.341162e-01 5.425557e-01 -6.819552e-01 4.554612e-01 -9.111047e-02 5.135375e-01 1.141409e+00 1.043558e+00 6.094024e-01 1.270345e+00 5.131649e-01 1.348096e+00 8.737513e-02 -9.979899e-02 4.349984e-02 -4.957532e-01 2.991215e-02 -1.291584e-01 2.509347e-01 5.101606e-01 4.711504e-01 1.965926e-01 4.084383e-01 1.788116e-01 8.170341e-01
<VARIANCE> 39
 1.466444e+01 1.085820e+01 1.630192e+01 1.535582e+01 2.101587e+01 2.256370e+01 2.458599e+01 2.672942e+01 2.725768e+01 2.726124e+01 2.509993e+01 2.248343e+01 7.187069e+00 4.175574e+00 2.305064e+00 4.062391e+00 3.401385e+00 5.033878e+00 4.520062e+00 4.809124e+00 5.000526e+00 4.707839e+00 4.754933e+00 4.184402e+00 3.485349e+00 1.656216e+00 4.624125e-01 4.409089e-01 6.118945e-01 5.328749e-01 8.238581e-01 7.566901e-01 7.685667e-01 8.410876e-01 7.730199e-01 7.817516e-01 7.168200e-01 6.409965e-01 2.249641e-01
<GCONST> 1.209337e+02
<MIXTURE> 9 6.917775e-02
<MEAN> 39
 -9.789594e+00 -1.515887e+01 -1.924491e+01 -1.446966e+01 -1.390348e+00 -1.023709e+01 -4.144611e+00 -4.064034e+00 1.741663e+00 -3.467085e+00 -6.371482e+00 -3.637805e+00 7.332961e+01 -2.337967e-01 4.068104e-01 -2.827303e-03 4.193305e-01 -6.362436e-03 -8.438973e-02 -2.672139e-01 -5.476753e-01 -3.818978e-01 -1.742969e-01 -2.642133e-01 1.203173e-01 -7.918686e-01 6.029103e-03 1.773188e-01 3.550520e-01 -1.038424e-01 -3.918650e-01 -3.273108e-01 -3.947254e-01 -2.504224e-01 -2.491206e-01 2.385016e-02 2.159069e-01 1.137599e-01 -1.104471e-01
<VARIANCE> 39
 4.435214e+01 3.759140e+01 3.888029e+01 4.093568e+01 6.521639e+01 9.688184e+01 6.838137e+01 6.595741e+01 6.356034e+01 6.097279e+01 5.655834e+01 6.217811e+01 5.656343e+01 1.366356e+00 1.685936e+00 2.005844e+00 2.163554e+00 3.450129e+00 3.914071e+00 3.885956e+00 4.168543e+00 3.783417e+00 3.594873e+00 3.414088e+00 2.967720e+00 1.261835e+00 2.117176e-01 2.529372e-01 3.119218e-01 3.674440e-01 4.940472e-01 6.548004e-01 6.257368e-01 6.991649e-01 6.720514e-01 6.452522e-01 5.930542e-01 5.449371e-01 1.977731e-01
<GCONST> 1.263113e+02
<MIXTURE> 10 9.114879e-02
<MEAN> 39
 -8.074638e+00 -6.266926e+00 -3.737392e+00 -1.431203e+01 -1.837670e+01 -2.344488e+01 -1.213177e+01 -1.035501e+01 -5.541076e+00 -2.151640e-01 -1.731655e+00 1.616230e+00 6.778772e+01 -1.145114e-01 1.731453e-01 -4.065767e-01 2.995367e-01 3.823200e-01 4.099017e-01 -2.608569e-01 -4.147140e-01 -9.821488e-02 2.243891e-02 -2.316979e-01 -7.064315e-02 -7.132013e-01 -1.775115e-01 -1.992703e-01 -2.006064e-01 -1.100447e-01 2.776949e-01 2.873033e-01 1.773184e-01 2.263300e-01 3.015012e-02 -2.117551e-01 -9.449613e-02 -1.509472e-01 4.618828e-02
<VARIANCE> 39
 1.733524e+01 2.483702e+01 5.582726e+01 5.942860e+01 5.043013e+01 6.632072e+01 7.014773e+01 8.808397e+01 8.580090e+01 7.247454e+01 6.891406e+01 5.904503e+01 1.917240e+01 8.444932e-01 1.192442e+00 2.505633e+00 2.615356e+00 2.794642e+00 3.086954e+00 3.690360e+00 4.340112e+00 3.878204e+00 3.806869e+00 3.568287e+00 3.132407e+00 1.145962e+00 1.054083e-01 1.453221e-01 2.790233e-01 3.724747e-01 4.073280e-01 4.714968e-01 5.797204e-01 6.956190e-01 7.192617e-01 6.443802e-01 6.096585e-01 5.595964e-01 8.676942e-02
<GCONST> 1.214611e+02
<MIXTURE> 11 7.703561e-02
<MEAN> 39
 -8.136767e+00 -1.398536e+01 -2.488238e+00 -1.756463e+01 -1.832952e+01 -2.433888e+01 -7.302401e+00 1.529397e+00 -2.293624e+00 -3.614410e+00 -1.305944e+00 1.839385e+00 7.627706e+01 2.136863e-01 -2.335126e-01 -1.456246e-01 -1.289622e-01 -3.234302e-02 2.816225e-01 5.451692e-01 3.599634e-02 -3.632873e-01 -7.031976e-02 -1.784425e-01 1.321216e-02 4.572297e-02 -1.468536e-01 4.388646e-01 -4.144129e-01 2.572316e-01 5.287529e-01 3.921722e-01 -2.196486e-01 -7.636005e-01 -5.179671e-02 1.903869e-01 -6.494931e-02 -1.823693e-01 -5.016553e-01
<VARIANCE> 39
 1.885864e+01 3.918293e+01 8.170768e+01 6.772320e+01 9.280656e+01 9.264027e+01 1.355846e+02 8.958694e+01 1.033200e+02 9.804274e+01 9.531940e+01 8.543051e+01 3.432127e+01 1.470630e+00 2.639630e+00 4.307845e+00 3.675582e+00 5.075431e+00 4.505292e+00 5.800894e+00 6.364115e+00 5.311093e+00 5.140778e+00 4.580962e+00 3.884847e+00 2.139512e+00 2.672395e-01 3.458671e-01 5.795680e-01 6.677853e-01 8.215265e-01 9.015660e-01 1.097532e+00 9.926478e-01 1.048151e+00 1.011778e+00 9.146458e-01 8.036710e-01 2.036735e-01
<GCONST> 1.395470e+02
<MIXTURE> 12 8.800349e-02
<MEAN> 39
 -1.370922e+01 -6.107367e+00 -1.084642e+01 -1.056872e+01 -1.023884e+01 -1.843402e+01 -1.355517e+01 -1.375480e+01 -8.482111e+00 -6.971782e+00 -7.284171e+00 -2.899060e+00 6.185172e+01 -8.661080e-02 -6.205718e-03 6.188641e-02 1.410027e-01 -2.663828e-02 -1.988076e-04 -2.025812e-01 -1.099093e-01 -1.121957e-01 -3.217705e-02 -9.421133e-02 -1.218775e-01 -2.264557e-01 9.168040e-02 -5.517349e-02 -8.124474e-03 -2.329971e-01 -4.157090e-02 5.739161e-02 2.571942e-01 4.361305e-01 4.115045e-01 3.592791e-01 3.512312e-01 2.076126e-01 2.137151e-01
<VARIANCE> 39
 3.109819e+01 1.750734e+01 2.110885e+01 1.860375e+01 2.367224e+01 2.595956e+01 2.722645e+01 2.811561e+01 3.147443e+01 2.768671e+01 3.071541e+01 2.483839e+01 1.050558e+01 1.418497e+00 1.006443e+00 1.329475e+00 1.508732e+00 1.938620e+00 2.056457e+00 2.343379e+00 2.632964e+00 2.681586e+00 2.624874e+00 2.512477e+00 2.189453e+00 5.309210e-01 2.047150e-01 1.681288e-01 2.492142e-01 2.728556e-01 3.733164e-01 4.073876e-01 4.314518e-01 4.807711e-01 4.915681e-01 4.891979e-01 4.745143e-01 4.290745e-01 8.599750e-02
<GCONST> 1.050647e+02
<MIXTURE> 13 5.084965e-02
<MEAN> 39
 -9.814682e+00 -9.425791e+00 -1.420147e+01 -1.353475e+01 -1.040937e+01 -1.536786e+01 -9.676785e+00 -8.229701e+00 -4.876268e+00 -3.051941e+00 -6.564773e+00 -1.000347e+00 6.139456e+01 -8.229699e-01 1.166605e-01 4.159255e-01 7.113829e-01 1.674723e-01 -1.251444e-01 -7.771196e-01 -1.159988e+00 -1.181749e+00 -8.404079e-01 -8.441767e-01 -5.615977e-01 -9.554106e-01 3.665822e-02 -7.575619e-03 1.110628e-01 -8.835843e-02 -7.514110e-02 -1.965122e-01 -1.104075e-01 -3.769440e-04 2.373143e-02 -1.212118e-02 9.298498e-02 -1.581184e-02 2.266031e-01
<VARIANCE> 39
 1.036753e+01 1.158954e+01 2.273747e+01 1.897273e+01 2.950270e+01 3.847158e+01 3.163814e+01 3.626373e+01 4.031247e+01 3.865637e+01 3.927227e+01 3.025992e+01 6.111975e+00 5.709683e-01 8.400506e-01 1.511207e+00 1.540101e+00 2.250293e+00 2.729463e+00 2.672073e+00 2.979557e+00 2.949653e+00 3.052828e+00 2.774700e+00 2.549740e+00 3.602620e-01 7.106666e-02 1.079547e-01 1.653287e-01 2.149162e-01 2.831685e-01 3.527422e-01 4.031171e-01 4.520197e-01 4.709406e-01 4.839975e-01 4.554422e-01 4.131228e-01 4.216747e-02
<GCONST> 1.014587e+02
<MIXTURE> 14 4.964353e-02
<MEAN> 39
 -1.554149e+01 -6.893668e+00 -1.019326e+01 -1.418368e+01 -7.112759e+00 -1.400489e+01 -7.831361e+00 -8.516675e+00 -1.590916e+00 -2.838883e+00 -4.688609e-01 4.884412e-01 6.898701e+01 6.954604e-02 -8.902439e-02 -2.065133e-01 -1.651031e-01 -3.766470e-01 -2.746630e-01 -3.991927e-01 -3.377160e-01 -3.647091e-01 -2.644356e-01 -3.763675e-01 -1.474225e-01 -3.950030e-01 3.701550e-02 -5.509286e-02 -5.358957e-02 -7.596869e-02 -1.437461e-01 -1.480346e-01 -1.043639e-01 -6.719812e-02 -1.168355e-01 -1.143875e-01 -1.715268e-01 -1.235971e-01 -1.985948e-02
<VARIANCE> 39
 9.389196e+01 6.280219e+01 7.308593e+01 6.383300e+01 9.513587e+01 7.127569e+01 8.010608e+01 6.985593e+01 6.377360e+01 5.527308e+01 4.618801e+01 3.909514e+01 2.954338e+01 3.577949e-01 5.696387e-01 8.050341e-01 1.072491e+00 1.434543e+00 1.737440e+00 1.944650e+00 2.071433e+00 2.017184e+00 2.059685e+00 1.946929e+00 1.763146e+00 2.616447e-01 6.252664e-02 9.313954e-02 1.425817e-01 2.054102e-01 2.599315e-01 3.232222e-01 3.929520e-01 4.226143e-01 4.092195e-01 4.018650e-01 3.769955e-01 3.386318e-01 2.288034e-02
<GCONST> 1.066076e+02
<MIXTURE> 15 4.627940e-02
<MEAN> 39
 -3.266949e+00 -8.305073e+00 -1.719292e+01 -2.041921e+01 -9.796577e+00 -1.325432e+01 -1.131804e+01 -9.927665e+00 -2.411895e+00 2.423430e+00 -2.728285e-01 3.647309e-01 6.888514e+01 -2.677789e-01 2.693265e-01 -1.834070e-01 5.215664e-01 -4.965976e-02 1.735769e-02 1.391458e-01 -5.760286e-01 -6.778579e-01 -4.494609e-01 -6.812783e-01 -3.113991e-01 -7.389988e-01 -4.653694e-01 -8.869518e-02 3.777215e-01 3.107904e-01 5.559063e-02 -2.363409e-01 -1.222032e-02 1.471619e-01 -7.109155e-02 -3.943772e-01 -2.195732e-01 -9.566949e-02 -4.887315e-02
<VARIANCE> 39
 1.287035e+01 2.626613e+01 3.042657e+01 4.294497e+01 4.876997e+01 6.953639e+01 6.544308e+01 6.051174e+01 7.462302e+01 7.105502e+01 7.709092e+01 6.455991e+01 1.755751e+01 1.714519e+00 1.665775e+00 1.991046e+00 3.416074e+00 2.924319e+00 4.279704e+00 3.968228e+00 4.398775e+00 4.590418e+00 4.194180e+00 3.885687e+00 3.430752e+00 1.364565e+00 1.765206e-01 1.928398e-01 2.547985e-01 4.434784e-01 4.608143e-01 5.550853e-01 6.436202e-01 6.870800e-01 7.372296e-01 6.973336e-01 6.824148e-01 6.084869e-01 1.212372e-01
<GCONST> 1.238601e+02
<MIXTURE> 16 4.938751e-02
<MEAN> 39
 -6.445269e+00 -1.686353e+01 -7.889808e+00 -1.852253e+01 -1.127334e+01 -1.573104e+01 -7.380620e+00 5.202029e-01 -2.693881e+00 -4.305708e+00 -1.503310e+00 -1.380458e+00 7.658050e+01 4.744199e-02 4.300253e-01 -2.530621e-01 1.973997e-01 -2.300731e-01 -3.539938e-01 -3.426934e-01 -8.261260e-01 -6.032721e-01 -2.335356e-01 -4.186582e-01 -1.148611e-01 -6.657658e-01 -4.706021e-02 2.234172e-01 -1.074041e-01 1.023547e-01 -8.927466e-02 -1.652679e-01 -1.497970e-01 -3.216675e-01 6.565753e-03 5.976664e-02 -1.359206e-01 -9.744130e-03 -2.132280e-01
<VARIANCE> 39
 1.931636e+01 3.351945e+01 8.009678e+01 6.535515e+01 1.459028e+02 1.219904e+02 1.417244e+02 1.062158e+02 1.065507e+02 8.440852e+01 9.556358e+01 9.742544e+01 2.860589e+01 4.781812e-01 1.143880e+00 1.606160e+00 1.802744e+00 2.495545e+00 2.753794e+00 3.373983e+00 3.603362e+00 3.442052e+00 3.165184e+00 2.945908e+00 2.732147e+00 6.732815e-01 6.992030e-02 1.525678e-01 2.312519e-01 3.007333e-01 4.234984e-01 4.822160e-01 6.134845e-01 6.322781e-01 6.446561e-01 5.703527e-01 5.567579e-01 5.181554e-01 6.811900e-02
<GCONST> 1.220077e+02
<TRANSP> 3
 0.000000e+00 1.000000e+00 0.000000e+00
 0.000000e+00 9.891512e-01 1.084877e-02
 0.000000e+00 0.000000e+00 0.000000e+00
<ENDHMM>
