~o
<STREAMINFO> 1 22
<VECSIZE> 22<NULLD><MFCC_0><DIAGC>
~h "BN"
<BEGINHMM>
<NUMSTATES> 5
<STATE> 2
<NUMMIXES> 2
<MIXTURE> 1 3.212054e-001
<MEAN> 22
 9.092540e+000 1.369043e+001 5.289759e+000 5.507153e+000 1.844828e+001 2.194120e+001 8.094200e+001 7.347797e+001 5.903382e+001 5.569193e+001 1.770581e+002 1.678623e+002 1.101109e+002 1.080333e+002 6.885065e+000 5.027679e+000 6.066960e+000 5.907842e+000 5.811080e+000 6.124916e+000 2.427523e+000 2.225694e+000
<VARIANCE> 22
 2.381590e+003 1.608466e+003 1.917672e+003 1.212227e+003 4.147197e+002 4.127348e+002 6.042936e+002 5.682515e+002 6.506317e+001 5.861846e+001 8.862161e+002 1.009175e+003 1.595960e+002 1.603603e+002 1.666016e-001 1.562979e-001 6.247624e-002 8.366540e-002 1.593380e-001 2.409621e-001 5.724951e+000 4.035875e+000
<GCONST> 1.181265e+002
<MIXTURE> 2 6.787945e-001
<MEAN> 22
 5.998951e+000 8.117889e+000 1.640156e+000 2.700331e+000 1.445609e+002 1.577108e+002 7.181836e+001 8.489222e+001 7.008164e+001 7.181531e+001 1.080281e+002 7.300956e+001 9.333835e+001 9.219334e+001 3.038969e+000 2.481549e+000 4.680262e+000 4.064172e+000 4.064147e+000 2.080400e+000 2.288415e+000 2.373099e+000
<VARIANCE> 22
 1.251490e+002 2.307988e+002 1.018038e+001 1.637913e+001 3.282359e+004 1.701054e+004 2.333481e+003 2.679333e+003 9.715595e+002 1.147230e+003 5.850036e+003 3.372692e+003 1.734737e+003 1.335438e+003 8.176210e+000 2.128506e+000 7.472750e+000 3.323381e+000 3.673397e+000 5.332722e+000 6.089087e+000 5.744060e+000
<GCONST> 1.495856e+002
<STATE> 3
<NUMMIXES> 2
<MIXTURE> 1 3.942671e-001
<MEAN> 22
 1.497467e+000 2.093454e+001 4.969723e-001 5.313181e+000 7.513484e+000 1.371876e+002 1.004794e+002 1.020878e+002 6.223637e+001 8.570239e+001 2.038428e+002 8.351673e+001 1.219315e+002 1.107348e+002 6.998804e+000 3.021631e+000 6.102883e+000 4.620030e+000 5.998213e+000 2.554090e+000 1.744955e+000 3.630144e+000
<VARIANCE> 22
 9.963567e+000 3.739050e+002 3.300596e+000 2.866991e+001 9.950610e+001 5.786908e+003 3.281842e+002 1.656438e+003 6.844250e+001 5.745600e+002 6.688121e+002 2.902390e+003 2.278752e+002 1.780723e+002 6.504287e-002 1.235851e+000 9.289288e-002 8.817511e-001 2.082488e-002 5.684888e+000 5.514360e+000 5.329415e+000
<GCONST> 1.115688e+002
<MIXTURE> 2 6.057346e-001
<MEAN> 22
 8.939397e-001 4.843406e+000 4.314621e-001 1.559907e+000 9.853819e+000 1.725117e+002 8.689920e+001 1.187090e+002 5.628160e+001 8.850469e+001 1.807658e+002 3.180253e+001 1.098274e+002 9.652595e+001 6.932962e+000 2.061939e+000 6.006566e+000 3.675068e+000 5.960599e+000 1.102465e+000 1.365597e+000 2.642133e+000
<VARIANCE> 22
 4.801632e+000 4.257139e+001 3.300596e+000 3.544245e+000 5.805125e+002 9.758122e+002 1.370818e+002 2.006457e+002 5.601569e+001 2.621940e+002 4.156535e+002 3.300055e+002 6.267849e+001 8.288374e+001 3.631491e-001 1.164721e-001 2.318403e-001 4.728674e-001 1.155685e-001 3.002229e-001 4.863972e+000 5.960691e+000
<GCONST> 9.629353e+001
<STATE> 4
<NUMMIXES> 2
<MIXTURE> 1 4.298991e-001
<MEAN> 22
 1.394920e+001 5.078312e+000 3.121547e+000 1.657348e+000 5.265779e+001 2.391807e+001 8.763301e+001 9.490769e+001 7.150137e+001 5.803912e+001 1.543481e+002 1.941133e+002 1.144848e+002 1.168814e+002 4.873350e+000 4.992371e+000 6.402655e+000 5.852409e+000 5.198503e+000 6.011238e+000 3.654839e+000 2.776573e+000
<VARIANCE> 22
 3.027065e+002 6.841634e+001 2.008768e+001 6.308877e+000 2.882441e+003 8.696527e+002 6.205801e+002 3.238785e+002 2.774975e+002 6.497919e+001 3.848274e+003 5.120653e+002 2.726740e+002 1.197580e+002 8.437731e+000 2.199433e-002 2.431922e-001 1.258064e-001 1.757631e+000 5.618803e-002 5.905871e+000 6.559261e+000
<GCONST> 1.130173e+002
<MIXTURE> 2 5.701009e-001
<MEAN> 22
 6.140448e+000 1.616337e+000 2.549315e+000 7.405126e-001 1.634593e+002 1.813227e+001 1.268709e+002 8.620372e+001 9.192767e+001 5.856712e+001 3.475783e+001 1.794204e+002 9.917212e+001 1.150774e+002 1.972203e+000 4.712337e+000 7.680891e-001 5.817796e+000 2.863385e+000 5.641562e+000 2.997038e+000 1.931322e+000
<VARIANCE> 22
 8.374526e+001 1.231639e+001 1.790263e+001 2.164982e+000 3.850688e+003 7.592681e+002 3.750572e+002 7.983885e+002 3.253270e+002 6.828534e+001 3.759216e+002 1.719507e+003 2.194979e+002 1.705881e+002 3.707237e-001 4.320604e-001 1.567833e+000 1.850391e-001 2.659002e-001 2.618466e+000 6.212584e+000 5.672786e+000
<GCONST> 1.125769e+002
<TRANSP> 5
 0.000000e+000 1.000000e+000 0.000000e+000 0.000000e+000 0.000000e+000
 0.000000e+000 8.124517e-001 1.875483e-001 0.000000e+000 0.000000e+000
 0.000000e+000 0.000000e+000 9.556026e-001 4.439738e-002 0.000000e+000
 0.000000e+000 0.000000e+000 0.000000e+000 9.267513e-001 7.324866e-002
 0.000000e+000 0.000000e+000 0.000000e+000 0.000000e+000 0.000000e+000
<ENDHMM>
~h "BS"
<BEGINHMM>
<NUMSTATES> 5
<STATE> 2
<NUMMIXES> 2
<MIXTURE> 1 7.290988e-002
<MEAN> 22
 3.622301e+001 3.404396e+001 2.236652e+001 1.942470e+001 4.428586e+002 3.206898e+002 1.035922e+002 9.479872e+001 6.816594e+001 6.613537e+001 1.602862e+002 1.473327e+002 1.129498e+002 1.129336e+002 1.546980e+000 3.840755e+000 6.706504e+000 5.319312e+000 3.311251e+000 4.120073e+000 1.847257e+000 2.426399e+000
<VARIANCE> 22
 9.814683e+003 7.292223e+003 8.617600e+003 5.661300e+003 3.451183e+004 1.470284e+004 1.749287e+003 1.434774e+003 3.393549e+001 2.163247e+001 1.304445e+003 8.872444e+002 1.212561e+002 7.806696e+001 6.927538e+000 1.455093e+000 2.073560e-001 2.344387e-001 8.710116e+000 3.384824e+000 5.756497e+000 6.073834e+000
<GCONST> 1.469436e+002
<MIXTURE> 2 9.270903e-001
<MEAN> 22
 1.331130e+001 1.315469e+001 2.267375e+000 2.311590e+000 5.108689e+001 5.028753e+001 6.468996e+001 6.254577e+001 6.351608e+001 6.024208e+001 1.557130e+002 1.518103e+002 1.092612e+002 1.086425e+002 5.855683e+000 4.627770e+000 5.986323e+000 5.831431e+000 5.403488e+000 5.589808e+000 2.754774e+000 1.972161e+000
<VARIANCE> 22
 1.658707e+002 1.517787e+002 5.660163e+000 6.217536e+000 4.377632e+003 3.284236e+003 1.011531e+003 9.369960e+002 1.517652e+002 1.537424e+002 1.864797e+003 1.948666e+003 3.340975e+002 2.989860e+002 4.953175e+000 1.398328e+000 5.923038e-001 5.215966e-001 9.674826e-001 4.083920e+000 3.076877e+000 3.821321e+000
<GCONST> 1.256453e+002
<STATE> 3
<NUMMIXES> 2
<MIXTURE> 1 4.202187e-001
<MEAN> 22
 1.464218e+001 1.492317e+001 3.553946e+000 3.465091e+000 1.313090e+002 1.237226e+002 1.459559e+002 1.411850e+002 8.885052e+001 7.859637e+001 1.532825e+002 1.605900e+002 1.163840e+002 1.148801e+002 4.455323e-001 3.717010e+000 4.424592e+000 4.724760e+000 1.813336e+000 3.837060e+000 2.916759e+000 3.871147e+000
<VARIANCE> 22
 4.235608e+002 4.395069e+002 1.899890e+001 2.099744e+001 1.505745e+003 1.697299e+003 1.005888e+003 8.889303e+002 1.848498e+002 2.651620e+002 2.128264e+003 1.293032e+003 1.776454e+002 1.377934e+002 3.209693e-001 3.389527e-001 1.125415e+001 2.552560e-001 6.107630e+000 9.227824e-001 6.453585e+000 5.579096e+000
<GCONST> 1.268969e+002
<MIXTURE> 2 5.797814e-001
<MEAN> 22
 2.165281e+001 2.231559e+001 3.695889e+000 3.616624e+000 9.281828e+001 9.515103e+001 4.749125e+001 4.867266e+001 6.497620e+001 6.075512e+001 9.471417e+001 9.361167e+001 1.004134e+002 1.011842e+002 2.140225e+000 2.842633e+000 6.145692e+000 5.756207e+000 4.148843e+000 2.414291e+000 2.712055e+000 2.827377e+000
<VARIANCE> 22
 3.464178e+002 3.606053e+002 2.323359e+001 1.796090e+001 1.585440e+003 1.264924e+003 6.458457e+002 6.487271e+002 1.169354e+002 1.220999e+002 9.113548e+002 8.235419e+002 1.166240e+002 9.914836e+001 4.061374e+000 2.192657e+000 3.691318e-001 3.697337e-001 1.887237e+000 7.881001e+000 5.347782e+000 4.383291e+000
<GCONST> 1.241592e+002
<STATE> 4
<NUMMIXES> 2
<MIXTURE> 1 4.466175e-001
<MEAN> 22
 9.204222e+000 8.842680e+000 2.483694e+000 2.143764e+000 3.442753e+001 3.514246e+001 1.024588e+002 9.971706e+001 6.545510e+001 6.012569e+001 1.935062e+002 1.913972e+002 1.153078e+002 1.146602e+002 6.724612e+000 4.942782e+000 6.440907e+000 5.518758e+000 6.059272e+000 5.833751e+000 3.870064e+000 3.684337e+000
<VARIANCE> 22
 8.306570e+001 7.900751e+001 7.269483e+000 5.496554e+000 1.082051e+003 8.341947e+002 5.903945e+002 4.284532e+002 1.053694e+002 8.693258e+001 7.740892e+002 6.598520e+002 1.878928e+002 1.458127e+002 1.626319e+000 1.310871e-001 2.841621e-001 2.502591e-001 1.951994e-001 3.228409e-001 4.474995e+000 8.366173e+000
<GCONST> 1.082182e+002
<MIXTURE> 2 5.533822e-001
<MEAN> 22
 6.316416e+000 6.043752e+000 1.762377e+000 1.640612e+000 9.049464e+001 8.907906e+001 1.169116e+002 1.179912e+002 6.846308e+001 6.380991e+001 1.566619e+002 1.560851e+002 1.052556e+002 1.048877e+002 7.472183e-003 3.999265e+000 6.999495e+000 5.000000e+000 3.505480e+000 4.354859e+000 3.061499e+000 3.803766e+000
<VARIANCE> 22
 6.458965e+001 5.836640e+001 5.950888e+000 5.044850e+000 7.154332e+002 6.529425e+002 5.866584e+002 5.134467e+002 9.813284e+001 1.274134e+002 4.216460e+002 4.580257e+002 7.312296e+001 7.984676e+001 6.504287e-002 1.793315e-002 2.326111e-002 1.170389e-002 1.191358e+001 2.648629e-001 6.494922e+000 7.382908e+000
<GCONST> 9.807377e+001
<TRANSP> 5
 0.000000e+000 1.000000e+000 0.000000e+000 0.000000e+000 0.000000e+000
 0.000000e+000 7.657828e-001 2.342172e-001 0.000000e+000 0.000000e+000
 0.000000e+000 0.000000e+000 9.243439e-001 7.565615e-002 0.000000e+000
 0.000000e+000 0.000000e+000 0.000000e+000 9.481794e-001 5.182061e-002
 0.000000e+000 0.000000e+000 0.000000e+000 0.000000e+000 0.000000e+000
<ENDHMM>
~h "CF"
<BEGINHMM>
<NUMSTATES> 5
<STATE> 2
<NUMMIXES> 2
<MIXTURE> 1 1.944955e-001
<MEAN> 22
 1.272459e+001 1.325062e+001 7.286470e+000 6.693957e+000 1.813134e+001 2.072781e+001 8.974780e+001 8.231389e+001 6.084209e+001 5.748347e+001 1.848722e+002 1.798007e+002 1.132859e+002 1.129111e+002 6.745086e+000 4.972629e+000 6.062538e+000 5.951037e+000 5.857904e+000 6.092092e+000 2.487726e+000 2.358704e+000
<VARIANCE> 22
 2.621448e+003 1.862415e+003 2.294742e+003 1.364396e+003 4.456594e+002 5.200663e+002 5.164882e+002 5.292326e+002 1.098512e+002 7.359342e+001 9.725703e+002 8.693029e+002 1.551451e+002 1.394584e+002 1.170410e+000 1.992915e-001 1.947245e-001 5.142555e-002 2.445067e-001 3.216555e-001 5.966949e+000 4.393544e+000
<GCONST> 1.229548e+002
<MIXTURE> 2 8.055043e-001
<MEAN> 22
 7.907396e+000 6.830338e+000 2.980444e+000 2.390674e+000 8.600544e+001 8.715584e+001 8.435841e+001 6.836171e+001 7.958559e+001 6.553833e+001 8.580077e+001 1.022918e+002 9.563046e+001 1.026734e+002 2.695438e+000 3.167329e+000 4.515920e+000 5.012653e+000 3.757425e+000 3.353814e+000 2.896962e+000 2.652963e+000
<VARIANCE> 22
 1.748483e+002 1.205305e+002 2.026707e+001 1.492430e+001 8.399067e+003 7.070735e+003 2.341099e+003 1.757985e+003 6.583575e+002 5.584951e+002 3.377732e+003 3.362673e+003 6.405859e+002 5.454866e+002 4.895512e+000 2.236794e+000 6.123032e+000 2.030211e+000 2.260830e+000 7.736556e+000 6.041593e+000 5.623471e+000
<GCONST> 1.423564e+002
<STATE> 3
<NUMMIXES> 2
<MIXTURE> 1 3.637965e-001
<MEAN> 22
 2.547235e+000 2.334196e+001 9.531571e-001 5.811267e+000 1.654118e+001 1.169860e+002 9.954908e+001 8.970950e+001 6.326173e+001 8.458033e+001 1.930724e+002 9.865522e+001 1.174974e+002 1.038976e+002 6.848172e+000 3.380820e+000 6.192267e+000 4.810777e+000 5.906256e+000 3.252372e+000 2.050684e+000 3.798203e+000
<VARIANCE> 22
 2.385445e+001 4.819975e+002 3.300596e+000 4.008121e+001 9.721711e+002 5.977598e+003 5.418368e+002 1.971930e+003 1.268173e+002 4.903702e+002 1.458147e+003 3.182615e+003 2.915756e+002 2.687557e+002 7.504506e-001 1.479800e+000 5.780233e-001 1.625090e+000 2.517706e-001 7.546046e+000 5.952599e+000 5.053434e+000
<GCONST> 1.258706e+002
<MIXTURE> 2 6.362029e-001
<MEAN> 22
 9.481366e-001 6.501615e+000 4.626231e-001 3.077670e+000 5.914827e+000 1.945908e+002 9.023040e+001 1.289841e+002 5.719157e+001 1.020530e+002 1.860317e+002 3.126412e+001 1.110677e+002 8.363285e+001 7.000000e+000 2.000000e+000 6.008623e+000 2.940286e+000 5.999990e+000 9.938328e-001 1.420739e+000 2.541478e+000
<VARIANCE> 22
 4.801632e+000 9.534054e+001 3.300596e+000 1.941466e+001 4.956259e+001 9.297233e+002 1.852359e+002 4.360682e+002 5.009959e+001 3.958847e+002 3.661843e+002 1.500197e+002 1.045629e+002 2.391855e+002 6.504287e-002 1.793315e-002 2.326111e-002 1.255807e+000 2.082488e-002 5.618803e-002 5.142926e+000 5.751009e+000
<GCONST> 9.004279e+001
<STATE> 4
<NUMMIXES> 2
<MIXTURE> 1 4.231697e-001
<MEAN> 22
 9.084438e+000 5.565088e+000 2.717026e+000 2.078884e+000 2.920949e+001 2.398068e+001 9.045773e+001 9.743957e+001 6.596016e+001 6.077092e+001 1.866602e+002 1.947998e+002 1.163774e+002 1.165218e+002 6.322374e+000 5.000442e+000 6.200355e+000 5.711956e+000 5.884809e+000 5.989712e+000 3.381936e+000 3.024003e+000
<VARIANCE> 22
 1.789836e+002 5.731329e+001 1.417319e+001 7.454887e+000 7.961057e+002 5.815739e+002 6.462759e+002 3.217869e+002 1.659662e+002 9.149454e+001 1.066957e+003 5.077893e+002 2.111965e+002 1.285318e+002 4.057870e+000 1.793315e-002 1.602123e-001 2.059585e-001 1.242640e-001 5.618803e-002 6.401362e+000 6.394495e+000
<GCONST> 1.053754e+002
<MIXTURE> 2 5.768304e-001
<MEAN> 22
 1.059960e+001 1.556153e+000 3.867326e+000 8.176728e-001 1.721177e+002 2.515656e+001 1.210674e+002 9.694028e+001 9.697231e+001 5.769036e+001 3.820967e+001 1.917072e+002 8.550800e+001 1.134849e+002 1.910555e+000 4.977071e+000 2.485462e+000 5.673142e+000 3.041028e+000 5.953136e+000 3.152274e+000 2.050360e+000
<VARIANCE> 22
 2.146097e+002 8.408720e+000 2.931076e+001 2.164982e+000 3.445226e+003 1.105687e+003 1.188428e+003 2.397987e+002 4.584561e+002 8.465190e+001 5.139265e+002 4.439639e+002 4.456902e+002 1.195503e+002 2.210459e-001 6.636704e-002 4.646915e+000 2.413585e-001 2.334220e-001 2.192396e-001 6.215586e+000 5.595137e+000
<GCONST> 1.100518e+002
<TRANSP> 5
 0.000000e+000 1.000000e+000 0.000000e+000 0.000000e+000 0.000000e+000
 0.000000e+000 8.232355e-001 1.767645e-001 0.000000e+000 0.000000e+000
 0.000000e+000 0.000000e+000 9.514977e-001 4.850229e-002 0.000000e+000
 0.000000e+000 0.000000e+000 0.000000e+000 9.302658e-001 6.973426e-002
 0.000000e+000 0.000000e+000 0.000000e+000 0.000000e+000 0.000000e+000
<ENDHMM>
~h "CN"
<BEGINHMM>
<NUMSTATES> 5
<STATE> 2
<NUMMIXES> 2
<MIXTURE> 1 4.178554e-001
<MEAN> 22
 8.700475e+000 8.182540e+000 2.877764e+000 2.753277e+000 2.115418e+001 2.358975e+001 9.285215e+001 8.873702e+001 6.386718e+001 5.942784e+001 1.920644e+002 1.885785e+002 1.189335e+002 1.170484e+002 6.999014e+000 5.000000e+000 6.131792e+000 5.935069e+000 5.999437e+000 6.016319e+000 2.756830e+000 1.962841e+000
<VARIANCE> 22
 5.289321e+002 4.141757e+002 3.707044e+002 2.725892e+002 3.517453e+002 5.060044e+002 5.984831e+002 4.012223e+002 9.205104e+001 6.772723e+001 8.177402e+002 6.563555e+002 2.511263e+002 1.908763e+002 6.504287e-002 1.793315e-002 1.144227e-001 6.071468e-002 2.082488e-002 5.618803e-002 3.245462e+000 3.991863e+000
<GCONST> 1.055285e+002
<MIXTURE> 2 5.821444e-001
<MEAN> 22
 2.081875e+001 2.063564e+001 2.607238e+000 2.903010e+000 9.226803e+001 8.803443e+001 4.351841e+001 4.550422e+001 6.557224e+001 6.212102e+001 9.965178e+001 9.900515e+001 1.054492e+002 1.046253e+002 3.023211e+000 3.330936e+000 6.018833e+000 5.875087e+000 4.291609e+000 3.082404e+000 2.631200e+000 2.041271e+000
<VARIANCE> 22
 3.271876e+002 3.066320e+002 9.520925e+000 1.168325e+001 2.106530e+003 2.063068e+003 4.795036e+002 6.298107e+002 1.165006e+002 1.092085e+002 1.444540e+003 1.663159e+003 1.649315e+002 1.349761e+002 6.081326e+000 2.085861e+000 1.921379e-001 4.294259e-001 7.593759e-001 9.841866e+000 2.249376e+000 3.096814e+000
<GCONST> 1.227158e+002
<STATE> 3
<NUMMIXES> 2
<MIXTURE> 1 4.697225e-001
<MEAN> 22
 8.765727e+000 8.382741e+000 1.135235e+000 1.035130e+000 1.648918e+002 1.589400e+002 8.569679e+001 8.256236e+001 6.858460e+001 6.671997e+001 3.924355e+001 4.322782e+001 1.063611e+002 1.083025e+002 2.063532e+000 1.835385e+000 5.535211e+000 5.867226e+000 3.107620e+000 8.284013e-001 2.962300e+000 2.882828e+000
<VARIANCE> 22
 1.531914e+002 1.750021e+002 3.300596e+000 2.164982e+000 1.657515e+003 1.420752e+003 4.297321e+002 5.324533e+002 1.591676e+002 1.754518e+002 3.960963e+002 5.450575e+002 2.421805e+002 1.857194e+002 1.242676e-001 2.200413e-001 1.587431e+000 1.189160e+000 1.347586e-001 2.284290e-001 6.000884e+000 6.035069e+000
<GCONST> 1.099876e+002
<MIXTURE> 2 5.302780e-001
<MEAN> 22
 6.376165e+000 7.527669e+000 1.236822e+000 9.937987e-001 1.319666e+002 1.260235e+002 6.146130e+001 5.952043e+001 6.481870e+001 6.192564e+001 4.472083e+001 4.671829e+001 1.005322e+002 1.012521e+002 2.006743e+000 2.000000e+000 6.000000e+000 6.000000e+000 3.230003e+000 7.547860e-001 3.372298e+000 3.300314e+000
<VARIANCE> 22
 6.067999e+001 9.373227e+001 3.559808e+000 2.164982e+000 1.159559e+003 9.038251e+002 2.930530e+002 3.342245e+002 5.076303e+001 5.549349e+001 2.318135e+002 2.884366e+002 5.175366e+001 5.127160e+001 6.504287e-002 1.793315e-002 2.326111e-002 1.170389e-002 1.770976e-001 1.850866e-001 6.006442e+000 5.983350e+000
<GCONST> 8.861475e+001
<STATE> 4
<NUMMIXES> 2
<MIXTURE> 1 3.980666e-001
<MEAN> 22
 1.057660e+001 9.615979e+000 3.177979e+000 2.752217e+000 3.901298e+001 3.142801e+001 9.929679e+001 9.543861e+001 6.505203e+001 6.061361e+001 1.953909e+002 1.929447e+002 1.163601e+002 1.154653e+002 6.989935e+000 5.000001e+000 6.281276e+000 5.778858e+000 6.012988e+000 5.978868e+000 3.789412e+000 3.697886e+000
<VARIANCE> 22
 1.182909e+002 9.687571e+001 8.598681e+000 7.189098e+000 7.098800e+003 4.429434e+003 4.349342e+002 3.489877e+002 9.375322e+001 6.486350e+001 5.076499e+002 4.677000e+002 1.501022e+002 1.186085e+002 6.504287e-002 1.793315e-002 2.021584e-001 1.722383e-001 2.082488e-002 5.618803e-002 7.951208e+000 4.567295e+000
<GCONST> 1.007059e+002
<MIXTURE> 2 6.019332e-001
<MEAN> 22
 1.669030e+001 1.618427e+001 2.178176e+000 2.440765e+000 9.356979e+001 9.160785e+001 5.334048e+001 5.148888e+001 6.763543e+001 6.569984e+001 1.160304e+002 1.101268e+002 1.067103e+002 1.072698e+002 3.574548e+000 3.291625e+000 6.051413e+000 5.911710e+000 4.441609e+000 3.069531e+000 4.223989e+000 4.113345e+000
<VARIANCE> 22
 4.072247e+002 3.483254e+002 1.064994e+001 1.577829e+001 3.624993e+003 3.094082e+003 1.235142e+003 1.279081e+003 2.197145e+002 1.635846e+002 1.812117e+003 1.918686e+003 3.094154e+002 1.862866e+002 5.867445e+000 3.699488e+000 3.840765e-001 3.363779e-001 1.477681e+000 9.452702e+000 6.806223e+000 5.164257e+000
<GCONST> 1.316665e+002
<TRANSP> 5
 0.000000e+000 1.000000e+000 0.000000e+000 0.000000e+000 0.000000e+000
 0.000000e+000 8.407749e-001 1.592251e-001 0.000000e+000 0.000000e+000
 0.000000e+000 0.000000e+000 9.635968e-001 3.640326e-002 0.000000e+000
 0.000000e+000 0.000000e+000 0.000000e+000 9.193473e-001 8.065271e-002
 0.000000e+000 0.000000e+000 0.000000e+000 0.000000e+000 0.000000e+000
<ENDHMM>
~h "CP"
<BEGINHMM>
<NUMSTATES> 5
<STATE> 2
<NUMMIXES> 2
<MIXTURE> 1 7.658603e-001
<MEAN> 22
 1.376305e+001 1.207198e+001 4.026428e+000 3.451966e+000 5.361113e+001 5.581637e+001 1.040478e+002 1.036866e+002 7.451559e+001 6.931148e+001 1.804713e+002 1.844944e+002 1.228870e+002 1.190789e+002 3.799628e+000 4.589000e+000 6.652242e+000 5.491498e+000 5.286252e+000 5.523323e+000 3.213253e+000 3.136223e+000
<VARIANCE> 22
 7.553350e+002 5.013636e+002 5.248707e+002 3.010539e+002 1.465531e+003 1.688794e+003 1.346150e+003 1.457390e+003 2.022111e+002 2.132684e+002 2.302229e+003 1.279856e+003 4.692693e+002 2.566382e+002 1.154566e+001 3.403894e-001 2.313905e-001 2.501092e-001 4.319458e+000 9.439152e-001 5.362721e+000 5.271887e+000
<GCONST> 1.349926e+002
<MIXTURE> 2 2.341399e-001
<MEAN> 22
 6.797838e+000 4.220921e+000 9.938492e-001 1.026198e+000 3.164456e+002 2.315840e+002 5.852089e+001 4.691172e+001 3.442982e+001 3.193369e+001 5.010592e+001 6.245473e+001 5.098257e+001 5.243929e+001 1.068762e+000 1.637000e+000 1.294678e+000 2.599315e+000 1.264757e+000 1.476226e+000 1.428413e+000 1.689829e+000
<VARIANCE> 22
 4.050525e+002 7.943228e+001 4.352146e+000 4.554188e+000 3.239337e+004 2.108582e+004 4.830387e+003 3.692632e+003 1.472246e+003 1.210593e+003 4.304936e+003 5.578826e+003 3.002466e+003 3.025559e+003 3.177558e+000 3.717267e+000 5.713838e+000 7.549294e+000 3.146961e+000 4.958080e+000 5.189520e+000 6.099345e+000
<GCONST> 1.506832e+002
<STATE> 3
<NUMMIXES> 2
<MIXTURE> 1 5.220488e-001
<MEAN> 22
 1.170574e+001 1.094116e+001 2.960591e+000 2.998857e+000 4.940417e+001 3.971462e+001 9.472757e+001 9.858578e+001 7.326805e+001 6.812487e+001 1.871759e+002 1.895969e+002 1.234106e+002 1.218150e+002 5.921473e+000 4.768872e+000 6.494106e+000 5.416248e+000 6.023569e+000 5.755949e+000 3.624042e+000 3.436028e+000
<VARIANCE> 22
 1.091968e+002 1.058907e+002 1.047544e+001 1.074386e+001 1.473908e+003 6.824919e+002 6.760752e+002 5.630195e+002 1.200287e+002 1.086468e+002 8.269310e+002 7.220383e+002 1.729980e+002 1.391669e+002 6.323260e+000 2.063926e-001 2.997088e-001 2.613283e-001 2.222000e-001 3.777280e-001 5.332888e+000 5.174330e+000
<GCONST> 1.126070e+002
<MIXTURE> 2 4.779504e-001
<MEAN> 22
 1.077971e+001 1.124177e+001 3.119468e+000 3.035897e+000 6.905157e+001 6.100961e+001 5.917037e+001 6.297134e+001 7.309431e+001 6.861652e+001 1.170188e+002 1.195470e+002 1.043868e+002 1.043036e+002 2.935098e-001 3.734714e+000 6.793595e+000 5.184215e+000 5.133865e+000 4.741628e+000 3.390336e+000 3.113791e+000
<VARIANCE> 22
 1.201907e+002 1.105325e+002 1.551510e+001 1.336570e+001 6.057875e+002 8.171398e+002 2.997843e+002 3.899716e+002 1.400904e+002 1.803274e+002 4.563975e+002 5.331150e+002 1.102499e+002 1.078976e+002 4.976986e-001 4.777088e-001 1.730770e-001 1.556977e-001 2.138454e+000 5.493472e+000 5.248169e+000 5.069627e+000
<GCONST> 1.126612e+002
<STATE> 4
<NUMMIXES> 2
<MIXTURE> 1 6.562856e-001
<MEAN> 22
 6.744729e+000 6.785676e+000 1.775227e+000 1.944951e+000 3.054395e+001 2.955737e+001 8.438921e+001 8.487421e+001 6.236127e+001 5.954799e+001 1.763369e+002 1.772317e+002 1.109350e+002 1.110588e+002 6.995717e+000 4.999581e+000 6.236420e+000 5.665749e+000 6.000762e+000 5.985857e+000 3.875494e+000 3.707077e+000
<VARIANCE> 22
 4.266185e+001 4.374451e+001 3.698830e+000 4.562654e+000 6.331057e+002 5.031595e+002 3.188396e+002 2.888269e+002 7.177618e+001 8.134940e+001 4.946595e+002 4.723153e+002 1.027344e+002 1.015198e+002 6.504287e-002 1.793315e-002 1.805311e-001 2.225262e-001 2.082488e-002 5.618803e-002 5.517957e+000 5.783953e+000
<GCONST> 9.192323e+001
<MIXTURE> 2 3.437141e-001
<MEAN> 22
 7.416705e+000 7.335847e+000 1.308393e+000 1.219695e+000 4.979653e+001 4.672695e+001 6.085250e+001 6.253983e+001 6.204596e+001 6.001362e+001 1.356691e+002 1.371442e+002 9.967608e+001 9.920556e+001 2.525669e+000 4.332302e+000 6.606137e+000 5.345280e+000 5.903660e+000 5.938255e+000 3.292274e+000 3.120979e+000
<VARIANCE> 22
 5.400409e+001 4.847809e+001 3.300596e+000 2.332830e+000 4.376473e+002 3.662597e+002 2.999172e+002 3.824966e+002 7.035693e+001 1.035075e+002 2.865994e+002 3.423373e+002 5.178409e+001 6.383577e+001 1.099510e+001 3.445951e-001 2.989917e-001 2.508257e-001 4.256759e-001 6.115202e-001 5.280587e+000 5.107784e+000
<GCONST> 1.031608e+002
<TRANSP> 5
 0.000000e+000 1.000000e+000 0.000000e+000 0.000000e+000 0.000000e+000
 0.000000e+000 6.802894e-001 3.197106e-001 0.000000e+000 0.000000e+000
 0.000000e+000 0.000000e+000 9.241936e-001 7.580642e-002 0.000000e+000
 0.000000e+000 0.000000e+000 0.000000e+000 9.469472e-001 5.305279e-002
 0.000000e+000 0.000000e+000 0.000000e+000 0.000000e+000 0.000000e+000
<ENDHMM>
~h "CV"
<BEGINHMM>
<NUMSTATES> 5
<STATE> 2
<NUMMIXES> 2
<MIXTURE> 1 4.071324e-001
<MEAN> 22
 8.919494e+000 9.624332e+000 3.133711e+000 2.970259e+000 2.049184e+001 2.145697e+001 9.072102e+001 8.608500e+001 6.259422e+001 5.822005e+001 1.873969e+002 1.836474e+002 1.158554e+002 1.153480e+002 6.987842e+000 4.993921e+000 6.151766e+000 5.907867e+000 5.993914e+000 6.011589e+000 2.737933e+000 2.272644e+000
<VARIANCE> 22
 5.345038e+002 4.702989e+002 5.171802e+002 3.212324e+002 3.773385e+002 3.684242e+002 5.282400e+002 4.477260e+002 7.953727e+001 5.784432e+001 7.321207e+002 7.031234e+002 1.832954e+002 1.482924e+002 6.504287e-002 2.022762e-002 1.287327e-001 8.567081e-002 2.082488e-002 8.845306e-002 3.263848e+000 4.066201e+000
<GCONST> 1.060485e+002
<MIXTURE> 2 5.928674e-001
<MEAN> 22
 1.971929e+001 1.935791e+001 3.380721e+000 3.216085e+000 1.029423e+002 9.666640e+001 6.523307e+001 6.605257e+001 6.869855e+001 6.035028e+001 1.011191e+002 1.112397e+002 1.089160e+002 1.076391e+002 2.336994e+000 3.522211e+000 6.009653e+000 5.396965e+000 4.082896e+000 3.486770e+000 2.689598e+000 2.581095e+000
<VARIANCE> 22
 4.536490e+002 4.130260e+002 1.526428e+001 1.342909e+001 8.538146e+003 5.883152e+003 9.604059e+002 9.821182e+002 2.275226e+002 1.298251e+002 2.781868e+003 2.506693e+003 3.644373e+002 3.264392e+002 6.457013e+000 1.391212e+000 2.751157e+000 7.194846e-001 2.084885e+000 7.041770e+000 3.852476e+000 3.784094e+000
<GCONST> 1.353681e+002
<STATE> 3
<NUMMIXES> 2
<MIXTURE> 1 3.926449e-001
<MEAN> 22
 8.735240e+000 8.725924e+000 2.643831e+000 2.911940e+000 1.680656e+002 1.632006e+002 9.978960e+001 9.865129e+001 7.230045e+001 6.911674e+001 4.736921e+001 5.227443e+001 1.131561e+002 1.131717e+002 1.680741e+000 2.413375e+000 4.492770e+000 4.774677e+000 2.649222e+000 1.492131e+000 3.395206e+000 3.287707e+000
<VARIANCE> 22
 1.403622e+002 1.354864e+002 1.500011e+001 2.031185e+001 1.821905e+003 1.427130e+003 5.281080e+002 6.618168e+002 1.364351e+002 1.016143e+002 4.628656e+002 4.716029e+002 2.948708e+002 1.958022e+002 3.500655e-001 3.025906e-001 1.016366e+001 7.297406e-001 3.442785e-001 4.476863e-001 5.513664e+000 5.715973e+000
<GCONST> 1.176745e+002
<MIXTURE> 2 6.073549e-001
<MEAN> 22
 5.909986e+000 6.366500e+000 1.252071e+000 1.317874e+000 1.204469e+002 1.215902e+002 6.961198e+001 6.988914e+001 6.077285e+001 5.753725e+001 5.241454e+001 5.275747e+001 9.882803e+001 9.952131e+001 1.338245e+000 2.562803e+000 6.892681e+000 5.176660e+000 2.866624e+000 1.219788e+000 3.495600e+000 3.362378e+000
<VARIANCE> 22
 5.660157e+001 5.739423e+001 3.300596e+000 2.590637e+000 1.225413e+003 8.458022e+002 2.310400e+002 2.733683e+002 3.297077e+001 4.374656e+001 1.953565e+002 2.127922e+002 6.036223e+001 6.283108e+001 2.358450e-001 2.984955e-001 9.592562e-002 2.626893e-001 2.297346e-001 2.861080e-001 5.632729e+000 5.973568e+000
<GCONST> 9.617918e+001
<STATE> 4
<NUMMIXES> 2
<MIXTURE> 1 4.807374e-001
<MEAN> 22
 1.067437e+001 9.612982e+000 3.056059e+000 2.608746e+000 2.314932e+001 2.307810e+001 9.477978e+001 9.245903e+001 6.403384e+001 5.839610e+001 1.911267e+002 1.903829e+002 1.154871e+002 1.146566e+002 6.993746e+000 5.000491e+000 6.223417e+000 5.832320e+000 6.022028e+000 5.989760e+000 4.229182e+000 4.051905e+000
<VARIANCE> 22
 1.088004e+002 1.001298e+002 9.454397e+000 7.314466e+000 4.962275e+002 4.522738e+002 4.512131e+002 3.451230e+002 8.923364e+001 6.616684e+001 6.599041e+002 5.812548e+002 1.770879e+002 1.416773e+002 6.504287e-002 1.793315e-002 1.735014e-001 1.395607e-001 2.167877e-002 5.618803e-002 6.771723e+000 5.023669e+000
<GCONST> 9.625550e+001
<MIXTURE> 2 5.192626e-001
<MEAN> 22
 1.571145e+001 1.566334e+001 2.654219e+000 2.998033e+000 7.800202e+001 6.842265e+001 4.514436e+001 5.023301e+001 6.508588e+001 5.997686e+001 1.056492e+002 1.131477e+002 1.040094e+002 1.042305e+002 2.512992e+000 3.526175e+000 6.146048e+000 5.761189e+000 4.439998e+000 3.423609e+000 4.313590e+000 4.244144e+000
<VARIANCE> 22
 2.766184e+002 2.551944e+002 1.600575e+001 1.635341e+001 1.403911e+003 1.415802e+003 5.511890e+002 6.909743e+002 1.066697e+002 8.949001e+001 1.344969e+003 1.677350e+003 1.559872e+002 1.169688e+002 6.415419e+000 1.972525e+000 2.265442e-001 2.518967e-001 9.641560e-001 9.457593e+000 5.832599e+000 5.572474e+000
<GCONST> 1.234887e+002
<TRANSP> 5
 0.000000e+000 1.000000e+000 0.000000e+000 0.000000e+000 0.000000e+000
 0.000000e+000 8.453207e-001 1.546793e-001 0.000000e+000 0.000000e+000
 0.000000e+000 0.000000e+000 9.468104e-001 5.318961e-002 0.000000e+000
 0.000000e+000 0.000000e+000 0.000000e+000 9.194655e-001 8.053451e-002
 0.000000e+000 0.000000e+000 0.000000e+000 0.000000e+000 0.000000e+000
<ENDHMM>
~h "DC"
<BEGINHMM>
<NUMSTATES> 5
<STATE> 2
<NUMMIXES> 2
<MIXTURE> 1 4.212150e-001
<MEAN> 22
 9.776284e+000 9.279968e+000 3.799257e+000 3.331650e+000 4.242681e+001 4.007793e+001 8.995940e+001 8.654432e+001 6.348766e+001 5.940793e+001 1.879409e+002 1.851480e+002 1.177476e+002 1.168074e+002 6.975568e+000 4.993261e+000 6.178922e+000 5.862937e+000 5.962105e+000 6.008867e+000 2.484674e+000 2.113929e+000
<VARIANCE> 22
 8.952072e+002 6.474628e+002 8.323095e+002 5.126786e+002 1.056008e+004 6.623134e+003 6.842792e+002 4.733203e+002 9.913300e+001 6.143627e+001 8.741959e+002 7.520761e+002 2.314241e+002 1.800965e+002 1.307353e-001 1.793315e-002 1.469095e-001 1.182768e-001 8.389033e-002 1.105081e-001 3.091961e+000 3.478594e+000
<GCONST> 1.177531e+002
<MIXTURE> 2 5.787840e-001
<MEAN> 22
 1.390462e+001 1.346171e+001 2.701624e+000 2.852904e+000 1.080129e+002 9.955278e+001 4.507355e+001 4.577940e+001 6.524509e+001 6.155366e+001 1.105304e+002 1.137499e+002 1.049498e+002 1.029087e+002 1.994894e+000 3.476545e+000 6.056013e+000 5.563869e+000 4.508346e+000 4.263031e+000 2.527490e+000 1.994434e+000
<VARIANCE> 22
 1.602289e+002 1.393266e+002 1.262569e+001 1.441012e+001 1.064614e+004 7.279950e+003 6.753749e+002 7.326035e+002 2.847663e+002 2.183419e+002 1.254382e+003 1.357626e+003 6.424336e+002 5.287662e+002 6.885879e+000 2.163513e+000 1.465439e+000 1.228379e+000 1.983915e+000 9.342764e+000 2.845932e+000 3.183882e+000
<GCONST> 1.334622e+002
<STATE> 3
<NUMMIXES> 2
<MIXTURE> 1 4.900520e-001
<MEAN> 22
 1.382205e+001 1.533872e+001 2.864349e+000 3.230466e+000 1.366564e+002 1.344770e+002 6.712355e+001 6.836654e+001 6.832392e+001 6.544334e+001 5.982948e+001 6.032521e+001 9.862363e+001 9.916502e+001 1.916510e+000 2.219283e+000 5.873961e+000 5.717234e+000 3.405970e+000 8.378182e-001 2.729527e+000 2.677585e+000
<VARIANCE> 22
 2.701026e+002 3.477994e+002 2.643662e+001 3.060236e+001 2.343313e+003 1.691119e+003 6.002202e+002 6.294667e+002 1.123344e+002 1.593338e+002 5.261848e+002 5.725393e+002 1.980960e+002 2.084810e+002 5.134719e-001 5.034736e-001 8.014686e-001 7.178201e-001 3.546819e-001 9.955341e-001 5.480989e+000 5.477362e+000
<GCONST> 1.201063e+002
<MIXTURE> 2 5.099480e-001
<MEAN> 22
 8.813386e+000 9.009929e+000 1.082808e+000 1.159410e+000 1.112790e+002 1.076016e+002 3.099770e+001 3.376283e+001 6.316718e+001 6.070789e+001 7.997625e+001 8.096563e+001 9.957911e+001 1.002550e+002 2.000568e+000 2.007059e+000 6.000122e+000 6.005708e+000 4.000203e+000 2.787444e-002 2.758788e+000 2.441770e+000
<VARIANCE> 22
 1.369836e+002 1.263514e+002 3.300596e+000 2.299284e+000 4.741816e+002 5.189008e+002 1.174106e+002 1.328863e+002 6.832131e+001 8.808361e+001 1.693876e+002 1.788468e+002 9.737991e+001 9.500340e+001 6.022995e-001 8.890679e-001 2.326111e-002 1.016034e-001 2.082488e-002 5.618803e-002 5.406977e+000 5.822762e+000
<GCONST> 9.246774e+001
<STATE> 4
<NUMMIXES> 2
<MIXTURE> 1 5.519475e-001
<MEAN> 22
 9.995146e+000 9.228051e+000 3.177407e+000 2.826717e+000 2.254803e+001 2.220624e+001 9.597657e+001 9.352446e+001 6.417270e+001 5.972184e+001 1.909226e+002 1.902220e+002 1.145904e+002 1.145886e+002 6.996800e+000 5.001591e+000 6.305090e+000 5.722782e+000 6.012839e+000 5.997443e+000 4.104681e+000 3.915126e+000
<VARIANCE> 22
 8.534585e+001 8.156873e+001 8.463645e+000 7.129598e+000 3.602107e+002 3.712929e+002 3.902301e+002 3.461929e+002 9.095750e+001 7.885033e+001 5.179490e+002 4.759255e+002 1.536636e+002 1.270744e+002 6.504287e-002 1.793315e-002 2.120080e-001 2.003650e-001 2.082488e-002 5.618803e-002 7.135428e+000 4.407784e+000
<GCONST> 9.495675e+001
<MIXTURE> 2 4.480528e-001
<MEAN> 22
 1.851071e+001 1.830752e+001 2.899069e+000 2.684527e+000 7.455243e+001 6.687156e+001 3.982601e+001 4.341794e+001 6.624951e+001 6.158137e+001 1.220178e+002 1.267305e+002 1.035419e+002 1.038000e+002 3.529725e+000 4.203928e+000 6.111012e+000 5.809962e+000 4.885191e+000 5.530897e+000 4.277482e+000 4.220886e+000
<VARIANCE> 22
 3.650940e+002 3.568249e+002 2.250643e+001 1.736324e+001 1.401521e+003 1.179748e+003 5.040262e+002 4.903042e+002 1.205040e+002 1.226987e+002 7.961211e+002 8.634216e+002 1.521521e+002 1.217711e+002 8.826591e+000 2.150819e+000 1.655559e-001 2.076259e-001 6.931251e-001 6.174993e+000 7.305071e+000 4.732919e+000
<GCONST> 1.223542e+002
<TRANSP> 5
 0.000000e+000 1.000000e+000 0.000000e+000 0.000000e+000 0.000000e+000
 0.000000e+000 8.699195e-001 1.300804e-001 0.000000e+000 0.000000e+000
 0.000000e+000 0.000000e+000 9.550143e-001 4.498562e-002 0.000000e+000
 0.000000e+000 0.000000e+000 0.000000e+000 9.085948e-001 9.140525e-002
 0.000000e+000 0.000000e+000 0.000000e+000 0.000000e+000 0.000000e+000
<ENDHMM>
~h "FM"
<BEGINHMM>
<NUMSTATES> 5
<STATE> 2
<NUMMIXES> 2
<MIXTURE> 1 1.318003e-001
<MEAN> 22
 1.293282e+001 1.755134e+001 7.740206e+000 7.770157e+000 4.839719e+001 6.826517e+001 6.970027e+001 7.331560e+001 7.148174e+001 7.548791e+001 1.519961e+002 1.309453e+002 1.077762e+002 1.096627e+002 4.626168e+000 3.966986e+000 5.997126e+000 5.351215e+000 5.212998e+000 5.284286e+000 2.695439e+000 3.096309e+000
<VARIANCE> 22
 2.381982e+003 2.388444e+003 1.908531e+003 1.234018e+003 3.652230e+003 3.718348e+003 1.127292e+003 1.223789e+003 4.738222e+002 3.753966e+002 2.158981e+003 2.257151e+003 7.173941e+002 3.388217e+002 9.205475e+000 1.140545e+000 1.496971e+000 5.492622e-001 1.517450e+000 4.864268e+000 7.079944e+000 5.337795e+000
<GCONST> 1.488967e+002
<MIXTURE> 2 8.681998e-001
<MEAN> 22
 7.135780e+000 1.292879e+000 2.006045e+000 6.288865e-001 6.410718e+001 8.922057e+000 6.347216e+001 1.009491e+002 9.514037e+001 5.728866e+001 1.408096e+002 2.011198e+002 1.144457e+002 1.192532e+002 2.260482e+000 5.000000e+000 6.523437e+000 5.904313e+000 5.281996e+000 5.998956e+000 3.142698e+000 1.831347e+000
<VARIANCE> 22
 6.426504e+001 4.063125e+000 7.818372e+000 2.164982e+000 8.000002e+002 7.039426e+001 7.997296e+002 2.056532e+002 4.993745e+002 7.209428e+001 1.169904e+003 3.740615e+002 1.767101e+002 1.307419e+002 1.023551e+001 1.793315e-002 2.494506e-001 8.653036e-002 3.492754e-001 5.618803e-002 6.393413e+000 5.542648e+000
<GCONST> 9.941030e+001
<STATE> 3
<NUMMIXES> 2
<MIXTURE> 1 4.384276e-001
<MEAN> 22
 2.339593e+000 9.210415e+000 8.697490e-001 3.181875e+000 1.566222e+001 5.262124e+001 1.048510e+002 8.150970e+001 6.419695e+001 9.157611e+001 2.058454e+002 1.618697e+002 1.213775e+002 1.165492e+002 6.991042e+000 4.482005e+000 6.139941e+000 5.269926e+000 5.992497e+000 6.297130e+000 2.212855e+000 3.326859e+000
<VARIANCE> 22
 1.758548e+001 8.219487e+001 3.300596e+000 1.691804e+001 6.619406e+002 1.025459e+003 4.521006e+002 4.987650e+002 8.310502e+001 5.882717e+002 8.127194e+002 9.739476e+002 3.299678e+002 1.642032e+002 6.504287e-002 2.820758e-001 1.541928e-001 2.212341e-001 3.752676e-002 3.253832e-001 6.285092e+000 5.625206e+000
<GCONST> 1.045488e+002
<MIXTURE> 2 5.615721e-001
<MEAN> 22
 8.114038e-001 5.915315e+000 3.601752e-001 1.204154e+000 5.707369e+000 6.203393e+001 8.839979e+001 5.094346e+001 5.314186e+001 8.198219e+001 1.830071e+002 1.202270e+002 1.100870e+002 9.870598e+001 6.962909e+000 4.055624e+000 6.002520e+000 5.408195e+000 5.994463e+000 6.291787e+000 1.358959e+000 3.126533e+000
<VARIANCE> 22
 4.801632e+000 3.687755e+001 3.300596e+000 2.164982e+000 4.956259e+001 2.717966e+002 7.063432e+001 2.911676e+002 3.650179e+001 1.430514e+002 1.510518e+002 3.802520e+002 4.136036e+001 5.044892e+001 2.458109e-001 2.795824e-001 2.326111e-002 2.423016e-001 2.082488e-002 2.383106e+000 4.936014e+000 5.828962e+000
<GCONST> 8.667838e+001
<STATE> 4
<NUMMIXES> 2
<MIXTURE> 1 9.018123e-001
<MEAN> 22
 6.315946e+000 5.418828e+000 1.616902e+000 1.648516e+000 4.386335e+001 3.382618e+001 6.035798e+001 5.577572e+001 7.928724e+001 6.525490e+001 1.357849e+002 1.335591e+002 1.055160e+002 1.033604e+002 2.911516e+000 3.988940e+000 6.441378e+000 5.612090e+000 5.303112e+000 5.282558e+000 2.681164e+000 2.561152e+000
<VARIANCE> 22
 7.586533e+001 6.072831e+001 6.332030e+000 8.718082e+000 7.496064e+002 6.936510e+002 8.023141e+002 8.271065e+002 3.801884e+002 1.853772e+002 1.173127e+003 1.364461e+003 1.143598e+002 1.234743e+002 1.030331e+001 1.535143e+000 2.571151e-001 2.386407e-001 5.018814e-001 5.892581e+000 5.831513e+000 6.275938e+000
<GCONST> 1.191054e+002
<MIXTURE> 2 9.818757e-002
<MEAN> 22
 2.114540e-001 1.916302e+000 5.726874e-002 4.889871e-001 4.969781e+002 3.758194e+002 2.887150e+001 2.325996e+001 1.550593e+001 2.032272e+001 5.165449e+001 4.249543e+001 2.734257e+001 2.745017e+001 1.757711e+000 1.127754e+000 1.612333e+000 1.334804e+000 1.506607e+000 1.475770e+000 2.511015e-001 8.986783e-001
<VARIANCE> 22
 4.801632e+000 2.215611e+001 3.300596e+000 2.164982e+000 3.248373e+003 8.365341e+002 2.487264e+003 1.708870e+003 7.176954e+002 1.294392e+003 7.958730e+003 5.511306e+003 2.230312e+003 2.248534e+003 9.214395e+000 3.855937e+000 7.814462e+000 5.368093e+000 6.769800e+000 6.522505e+000 1.007431e+000 3.844352e+000
<GCONST> 1.363595e+002
<TRANSP> 5
 0.000000e+000 1.000000e+000 0.000000e+000 0.000000e+000 0.000000e+000
 0.000000e+000 8.890986e-001 1.109015e-001 0.000000e+000 0.000000e+000
 0.000000e+000 0.000000e+000 9.556193e-001 4.438065e-002 0.000000e+000
 0.000000e+000 0.000000e+000 0.000000e+000 8.369307e-001 1.630693e-001
 0.000000e+000 0.000000e+000 0.000000e+000 0.000000e+000 0.000000e+000
<ENDHMM>
~h "FN"
<BEGINHMM>
<NUMSTATES> 5
<STATE> 2
<NUMMIXES> 2
<MIXTURE> 1 5.347700e-001
<MEAN> 22
 1.711561e+001 4.011127e+000 6.432261e+000 3.132477e+000 1.735181e+002 1.253615e+001 1.129168e+002 1.023480e+002 8.338811e+001 6.043140e+001 4.608753e+001 2.036052e+002 1.035114e+002 1.209231e+002 1.833473e+000 4.980543e+000 3.012964e+000 5.871950e+000 3.016993e+000 5.976449e+000 3.805385e+000 2.036295e+000
<VARIANCE> 22
 1.665318e+003 9.456936e+002 1.272897e+003 7.425853e+002 2.795481e+003 2.638927e+002 1.103769e+003 2.509819e+002 1.923186e+002 6.528797e+001 1.673926e+003 5.985817e+002 3.657528e+002 1.147518e+002 7.532560e-001 5.227938e-002 8.278938e+000 1.264070e-001 7.185854e-001 1.548055e-001 6.195928e+000 5.940191e+000
<GCONST> 1.266261e+002
<MIXTURE> 2 4.652297e-001
<MEAN> 22
 5.121481e+000 1.101706e+001 1.721195e+000 2.796699e+000 1.205238e+002 1.506430e+002 8.720351e+001 9.058595e+001 6.666764e+001 6.461273e+001 1.586767e+002 9.567290e+001 1.027352e+002 1.000705e+002 4.664743e+000 3.086814e+000 5.582787e+000 4.619304e+000 5.109846e+000 2.936685e+000 2.403655e+000 2.663273e+000
<VARIANCE> 22
 9.213686e+001 2.395876e+002 1.377922e+001 1.486169e+001 3.484384e+004 1.798215e+004 1.940917e+003 1.613425e+003 6.183781e+002 5.018900e+002 5.235369e+003 6.246188e+003 1.733557e+003 1.083550e+003 8.860458e+000 2.636591e+000 3.835943e+000 3.059427e+000 2.986988e+000 6.375362e+000 6.224429e+000 5.539936e+000
<GCONST> 1.474655e+002
<STATE> 3
<NUMMIXES> 2
<MIXTURE> 1 4.649306e-001
<MEAN> 22
 2.437535e+000 1.716767e+001 7.959524e-001 3.578675e+000 1.167936e+001 7.408168e+001 9.455051e+001 7.680096e+001 5.969397e+001 6.615440e+001 1.918623e+002 1.288875e+002 1.144616e+002 1.075327e+002 6.984117e+000 3.998419e+000 6.148412e+000 5.463589e+000 5.991681e+000 4.186690e+000 2.136059e+000 3.912024e+000
<VARIANCE> 22
 2.143418e+001 3.059633e+002 3.300596e+000 2.156103e+001 3.424914e+002 3.105639e+003 2.767809e+002 1.098676e+003 7.195611e+001 1.858848e+002 4.524998e+002 3.225274e+003 1.258508e+002 1.648321e+002 6.504287e-002 1.264954e+000 1.417911e-001 5.738791e-001 2.082488e-002 6.703546e+000 6.280654e+000 5.318411e+000
<GCONST> 1.101571e+002
<MIXTURE> 2 5.350695e-001
<MEAN> 22
 9.006599e-001 9.477864e+000 4.652345e-001 2.620626e+000 6.672696e+000 1.745298e+002 8.991431e+001 1.093418e+002 5.720996e+001 6.753973e+001 1.880908e+002 2.574892e+001 1.116482e+002 9.522413e+001 6.962447e+000 2.010592e+000 6.000953e+000 4.206374e+000 5.977588e+000 1.261927e+000 1.366146e+000 3.095727e+000
<VARIANCE> 22
 4.801632e+000 1.228379e+002 3.300596e+000 1.173734e+001 1.966590e+002 1.116522e+003 2.113539e+002 5.123618e+002 4.452179e+001 1.255551e+002 5.324925e+002 2.291437e+002 1.436763e+002 2.383992e+002 1.734060e-001 2.723625e-002 2.326111e-002 1.442419e+000 5.507859e-002 2.600591e-001 4.777491e+000 5.361989e+000
<GCONST> 9.539159e+001
<STATE> 4
<NUMMIXES> 2
<MIXTURE> 1 6.689894e-001
<MEAN> 22
 1.045110e+001 2.403682e+000 2.791404e+000 8.845749e-001 1.013228e+002 2.096675e+001 1.025054e+002 9.706606e+001 7.165790e+001 5.647951e+001 1.091161e+002 1.968730e+002 1.060801e+002 1.173459e+002 3.655899e+000 4.998127e+000 4.681194e+000 5.808343e+000 4.180708e+000 5.983902e+000 3.438970e+000 2.103588e+000
<VARIANCE> 22
 1.666688e+002 1.506116e+001 1.370263e+001 2.164982e+000 5.440569e+003 9.133792e+002 1.270187e+003 2.544709e+002 1.951098e+002 7.245803e+001 6.752444e+003 4.549701e+002 4.595325e+002 1.533689e+002 7.109239e+000 1.793315e-002 6.869475e+000 1.549239e-001 2.926883e+000 5.618803e-002 6.062797e+000 5.989482e+000
<GCONST> 1.152035e+002
<MIXTURE> 2 3.310105e-001
<MEAN> 22
 7.039025e+000 7.020858e+000 1.786808e+000 1.703681e+000 5.137275e+001 4.324685e+001 5.631925e+001 4.128010e+001 6.490944e+001 5.674007e+001 8.057108e+001 1.005432e+002 9.872575e+001 1.001443e+002 2.840035e+000 3.071637e+000 5.597101e+000 5.651136e+000 3.871109e+000 2.910638e+000 2.825268e+000 2.606367e+000
<VARIANCE> 22
 1.339417e+002 1.994302e+002 9.661172e+000 7.806762e+000 1.519269e+003 1.704426e+003 1.303316e+003 6.072465e+002 8.304883e+001 4.580896e+001 2.278432e+003 1.167349e+003 1.490264e+002 9.608601e+001 4.094742e+000 2.494308e+000 2.931965e+000 7.921132e-001 9.198924e-001 1.008921e+001 6.388544e+000 6.231022e+000
<GCONST> 1.249832e+002
<TRANSP> 5
 0.000000e+000 1.000000e+000 0.000000e+000 0.000000e+000 0.000000e+000
 0.000000e+000 8.155538e-001 1.844462e-001 0.000000e+000 0.000000e+000
 0.000000e+000 0.000000e+000 9.553462e-001 4.465377e-002 0.000000e+000
 0.000000e+000 0.000000e+000 0.000000e+000 9.055259e-001 9.447408e-002
 0.000000e+000 0.000000e+000 0.000000e+000 0.000000e+000 0.000000e+000
<ENDHMM>
~h "FU"
<BEGINHMM>
<NUMSTATES> 5
<STATE> 2
<NUMMIXES> 2
<MIXTURE> 1 8.054047e-001
<MEAN> 22
 9.843752e+000 1.312006e+000 2.363797e+000 6.944939e-001 1.380210e+002 1.889503e+001 1.027325e+002 9.420348e+001 6.509792e+001 5.468078e+001 5.157858e+001 1.916802e+002 9.893485e+001 1.126424e+002 2.544320e+000 5.000000e+000 3.295231e+000 5.848838e+000 3.241605e+000 5.996478e+000 3.226156e+000 1.948991e+000
<VARIANCE> 22
 2.436915e+002 4.063125e+000 1.027947e+001 2.164982e+000 4.879966e+003 7.360317e+002 9.696205e+002 1.754393e+002 1.994274e+002 5.460076e+001 3.168453e+003 3.220201e+002 2.181912e+002 1.351808e+002 3.219725e+000 1.793315e-002 7.841082e+000 1.283123e-001 1.449419e+000 5.618803e-002 6.258777e+000 5.676461e+000
<GCONST> 1.092119e+002
<MIXTURE> 2 1.945948e-001
<MEAN> 22
 8.605750e+000 9.195213e+000 2.830948e+000 2.327944e+000 5.547763e+001 5.627935e+001 7.910159e+001 5.822743e+001 6.251130e+001 5.719366e+001 8.921124e+001 1.144494e+002 9.883583e+001 1.003823e+002 3.399864e+000 3.628118e+000 5.212891e+000 5.526511e+000 4.080395e+000 4.097291e+000 2.910705e+000 2.835650e+000
<VARIANCE> 22
 1.906448e+002 1.465864e+002 2.939322e+001 1.270559e+001 3.005659e+003 2.939135e+003 1.451688e+003 9.143575e+002 1.319559e+002 9.413381e+001 4.193251e+003 2.307584e+003 2.620770e+002 1.449736e+002 5.778431e+000 2.078083e+000 4.280899e+000 6.017261e-001 1.952870e+000 7.688495e+000 5.922558e+000 5.168464e+000
<GCONST> 1.323067e+002
<STATE> 3
<NUMMIXES> 2
<MIXTURE> 1 4.332051e-001
<MEAN> 22
 2.143267e+000 1.883524e+001 7.015753e-001 3.381783e+000 7.665579e+000 1.378821e+002 1.025770e+002 9.138759e+001 6.229977e+001 6.956011e+001 2.046709e+002 7.296704e+001 1.213082e+002 1.072727e+002 6.998035e+000 2.909711e+000 6.153307e+000 4.869459e+000 5.998918e+000 2.616328e+000 2.036211e+000 3.231565e+000
<VARIANCE> 22
 2.236299e+001 3.703388e+002 3.300596e+000 1.477565e+001 9.907265e+001 5.762715e+003 3.932926e+002 1.684675e+003 8.813242e+001 1.779290e+002 7.863980e+002 3.263029e+003 2.720950e+002 1.808750e+002 6.504287e-002 1.472291e+000 1.298021e-001 1.526167e+000 2.082488e-002 5.822062e+000 6.279823e+000 5.634551e+000
<GCONST> 1.127146e+002
<MIXTURE> 2 5.667951e-001
<MEAN> 22
 9.759287e-001 3.758810e+000 5.252470e-001 1.285951e+000 7.636823e+000 1.626983e+002 8.247546e+001 1.033350e+002 5.246245e+001 5.790688e+001 1.745580e+002 2.030035e+001 1.043433e+002 8.944466e+001 6.933627e+000 2.034199e+000 6.015279e+000 4.150107e+000 5.961672e+000 1.305205e+000 1.381963e+000 2.629391e+000
<VARIANCE> 22
 4.801632e+000 3.197523e+001 3.300596e+000 2.440433e+000 4.402007e+002 7.644021e+002 8.810567e+001 2.250773e+002 3.534469e+001 9.515626e+001 3.106891e+002 3.276949e+002 6.011587e+001 7.091332e+001 3.574003e-001 9.161833e-002 6.462055e-002 2.211253e+000 1.104693e-001 4.188012e-001 4.875934e+000 6.680337e+000
<GCONST> 9.322949e+001
<STATE> 4
<NUMMIXES> 2
<MIXTURE> 1 6.881993e-001
<MEAN> 22
 4.560720e+000 1.120128e+001 2.006641e+000 3.292014e+000 1.523110e+001 2.408167e+001 9.818502e+001 9.043971e+001 6.073312e+001 5.801643e+001 1.963013e+002 1.881038e+002 1.168354e+002 1.136416e+002 6.992820e+000 5.001050e+000 6.119367e+000 5.832659e+000 5.998914e+000 6.003738e+000 2.880943e+000 3.657911e+000
<VARIANCE> 22
 2.291432e+002 3.222270e+002 1.603814e+002 1.057918e+002 1.686154e+002 4.763110e+002 2.547539e+002 3.032647e+002 7.669788e+001 8.446368e+001 4.115093e+002 4.890280e+002 1.400520e+002 1.224113e+002 6.504287e-002 1.793315e-002 1.051193e-001 1.393356e-001 2.082488e-002 5.618803e-002 6.683456e+000 5.500363e+000
<GCONST> 1.005448e+002
<MIXTURE> 2 3.118004e-001
<MEAN> 22
 6.097100e+000 7.580803e+000 1.410977e+000 3.013711e+000 2.224841e+002 1.879201e+002 6.442973e+001 6.392783e+001 5.146651e+001 5.232956e+001 1.175223e+002 9.105939e+001 8.330936e+001 7.440293e+001 3.791603e+000 2.977895e+000 4.482061e+000 3.913703e+000 4.004799e+000 3.396119e+000 2.221289e+000 2.219066e+000
<VARIANCE> 22
 1.499439e+002 2.188602e+002 7.620443e+000 5.890443e+001 4.453543e+004 2.338950e+004 2.258069e+003 2.530476e+003 9.584152e+002 1.118991e+003 7.663032e+003 6.135583e+003 2.549727e+003 2.315816e+003 9.350291e+000 4.677335e+000 6.979186e+000 5.903525e+000 5.818773e+000 8.264610e+000 6.767802e+000 6.346386e+000
<GCONST> 1.555338e+002
<TRANSP> 5
 0.000000e+000 1.000000e+000 0.000000e+000 0.000000e+000 0.000000e+000
 0.000000e+000 9.246720e-001 7.532802e-002 0.000000e+000 0.000000e+000
 0.000000e+000 0.000000e+000 9.467824e-001 5.321766e-002 0.000000e+000
 0.000000e+000 0.000000e+000 0.000000e+000 8.349650e-001 1.650350e-001
 0.000000e+000 0.000000e+000 0.000000e+000 0.000000e+000 0.000000e+000
<ENDHMM>
~h "MC"
<BEGINHMM>
<NUMSTATES> 5
<STATE> 2
<NUMMIXES> 2
<MIXTURE> 1 9.549439e-002
<MEAN> 22
 1.833018e+001 2.194712e+001 1.141951e+001 9.664420e+000 1.492213e+002 1.681540e+002 1.120165e+002 6.036086e+001 7.431233e+001 7.812000e+001 1.904001e+002 1.128840e+002 1.287908e+002 1.162604e+002 5.428838e+000 3.199162e+000 6.133698e+000 5.748512e+000 5.287543e+000 2.905010e+000 2.285517e+000 2.938083e+000
<VARIANCE> 22
 2.879703e+003 2.210348e+003 2.548572e+003 1.493164e+003 4.614738e+004 2.042210e+004 2.068798e+003 1.005618e+003 2.683395e+002 2.025366e+002 8.326024e+003 2.812525e+003 1.553196e+003 5.401328e+002 5.461637e+000 1.426127e+000 1.212554e+000 4.469221e-001 1.281480e+000 8.931388e+000 6.013940e+000 5.295060e+000
<GCONST> 1.553142e+002
<MIXTURE> 2 9.045058e-001
<MEAN> 22
 5.666888e+000 6.994711e+000 1.542389e+000 2.097141e+000 4.840598e+001 5.658112e+001 6.100964e+001 5.027888e+001 7.111076e+001 6.622575e+001 1.139514e+002 1.084764e+002 1.015309e+002 1.012615e+002 3.641588e+000 3.415648e+000 6.185452e+000 5.726621e+000 4.756399e+000 3.781816e+000 2.888007e+000 2.727982e+000
<VARIANCE> 22
 5.406181e+001 7.403322e+001 3.880777e+000 7.604362e+000 1.241819e+003 1.706764e+003 7.217145e+002 7.452240e+002 2.136278e+002 2.416790e+002 2.846259e+003 1.860966e+003 1.476914e+002 1.244544e+002 7.832633e+000 1.689767e+000 2.595583e-001 2.133877e-001 1.404106e+000 9.691436e+000 6.084499e+000 5.592974e+000
<GCONST> 1.218556e+002
<STATE> 3
<NUMMIXES> 2
<MIXTURE> 1 2.821760e-001
<MEAN> 22
 2.627290e+000 1.399872e+001 7.805548e-001 4.336779e+000 1.063593e+001 1.137759e+002 1.090525e+002 7.915640e+001 6.594534e+001 9.176233e+001 2.125338e+002 1.056353e+002 1.263138e+002 1.135417e+002 6.884215e+000 3.364128e+000 6.185534e+000 5.338334e+000 5.966985e+000 2.643157e+000 2.180348e+000 3.454572e+000
<VARIANCE> 22
 2.147984e+001 1.650919e+002 3.300596e+000 2.423617e+001 4.140925e+002 4.160406e+003 3.561511e+002 1.292556e+003 5.954912e+001 6.687238e+002 6.664989e+002 3.274169e+003 1.554744e+002 1.366234e+002 6.383067e-001 1.417698e+000 1.672791e-001 5.517286e-001 7.658456e-002 8.087784e+000 6.078771e+000 5.183730e+000
<GCONST> 1.160284e+002
<MIXTURE> 2 7.178247e-001
<MEAN> 22
 1.047907e+000 8.279526e+000 5.925969e-001 2.372939e+000 6.074284e+000 1.011194e+002 8.698444e+001 5.142591e+001 5.297848e+001 7.622363e+001 1.806734e+002 7.714969e+001 1.077723e+002 9.336132e+001 6.999999e+000 2.905585e+000 6.002145e+000 5.739428e+000 6.000000e+000 2.157502e+000 1.663574e+000 3.162530e+000
<VARIANCE> 22
 4.801632e+000 5.945183e+001 3.300596e+000 6.429173e+000 4.956259e+001 1.259453e+003 8.420812e+001 4.286372e+002 4.419976e+001 2.449605e+002 1.482476e+002 1.328290e+003 5.082845e+001 1.677610e+002 6.504287e-002 1.093643e+000 2.326111e-002 2.344904e-001 2.082488e-002 8.432066e+000 5.547492e+000 5.086701e+000
<GCONST> 9.495518e+001
<STATE> 4
<NUMMIXES> 2
<MIXTURE> 1 9.409076e-001
<MEAN> 22
 8.769483e+000 2.700106e+000 2.745213e+000 1.014165e+000 8.165725e+001 1.431276e+001 6.496785e+001 9.771634e+001 7.602909e+001 5.608977e+001 1.202480e+002 1.962546e+002 1.098350e+002 1.161657e+002 3.248550e+000 5.000000e+000 6.262691e+000 5.804390e+000 4.630765e+000 5.994590e+000 3.273264e+000 2.594387e+000
<VARIANCE> 22
 7.992045e+001 1.464818e+001 1.250616e+001 2.164982e+000 2.712287e+003 1.950712e+002 8.695195e+002 2.512600e+002 4.631201e+002 5.675993e+001 3.331062e+003 4.319413e+002 2.687505e+002 1.254975e+002 7.971448e+000 1.793315e-002 2.155078e-001 1.573482e-001 1.321323e+000 5.618803e-002 5.905709e+000 6.243961e+000
<GCONST> 1.067307e+002
<MIXTURE> 2 5.909269e-002
<MEAN> 22
 4.415413e+000 2.648761e+001 1.171311e+000 4.595462e+000 1.214874e+002 1.187047e+002 6.715045e+001 7.002631e+001 6.128581e+001 5.556549e+001 1.311175e+002 1.184175e+002 9.893559e+001 9.522421e+001 3.817666e+000 3.271688e+000 5.194818e+000 4.530198e+000 4.325735e+000 3.868631e+000 1.892645e+000 3.146667e+000
<VARIANCE> 22
 8.271825e+001 2.982759e+003 4.901960e+000 3.794299e+001 2.822739e+004 1.658622e+004 2.033784e+003 2.245706e+003 1.073332e+003 7.270155e+002 6.581546e+003 6.512583e+003 2.242504e+003 2.071427e+003 1.014607e+001 3.592148e+000 6.032945e+000 4.782063e+000 4.818424e+000 7.861333e+000 5.503919e+000 6.459101e+000
<GCONST> 1.540295e+002
<TRANSP> 5
 0.000000e+000 1.000000e+000 0.000000e+000 0.000000e+000 0.000000e+000
 0.000000e+000 8.745394e-001 1.254606e-001 0.000000e+000 0.000000e+000
 0.000000e+000 0.000000e+000 9.591502e-001 4.084983e-002 0.000000e+000
 0.000000e+000 0.000000e+000 0.000000e+000 9.009902e-001 9.900983e-002
 0.000000e+000 0.000000e+000 0.000000e+000 0.000000e+000 0.000000e+000
<ENDHMM>
~h "NU"
<BEGINHMM>
<NUMSTATES> 5
<STATE> 2
<NUMMIXES> 2
<MIXTURE> 1 8.053651e-001
<MEAN> 22
 8.168248e+000 1.181798e+001 2.996727e+000 2.927023e+000 9.661799e+001 8.855610e+001 9.535579e+001 8.257876e+001 7.165327e+001 6.363047e+001 1.652009e+002 1.460139e+002 1.135675e+002 1.156232e+002 5.081461e+000 4.085281e+000 5.905683e+000 5.570615e+000 5.143455e+000 4.224172e+000 2.677530e+000 2.525374e+000
<VARIANCE> 22
 6.170642e+002 1.120484e+003 4.395166e+002 2.791165e+002 2.101598e+004 1.301807e+004 1.428671e+003 9.456430e+002 2.247930e+002 1.246539e+002 4.331522e+003 3.697716e+003 9.183425e+002 2.534457e+002 7.435915e+000 1.298084e+000 2.504464e+000 3.829323e-001 2.219552e+000 6.026573e+000 6.117707e+000 5.068254e+000
<GCONST> 1.465812e+002
<MIXTURE> 2 1.946347e-001
<MEAN> 22
 0.000000e+000 0.000000e+000 0.000000e+000 0.000000e+000 5.315967e+002 4.080165e+002 0.000000e+000 0.000000e+000 0.000000e+000 0.000000e+000 0.000000e+000 0.000000e+000 0.000000e+000 0.000000e+000 0.000000e+000 0.000000e+000 0.000000e+000 0.000000e+000 0.000000e+000 0.000000e+000 0.000000e+000 0.000000e+000
<VARIANCE> 22
 4.801632e+000 4.063125e+000 3.300596e+000 2.164982e+000 3.309079e+003 2.711511e+003 9.838196e+000 1.115232e+001 2.936353e+000 3.516743e+000 3.745900e+001 4.440890e+001 4.184655e+000 3.870682e+000 6.504287e-002 1.793315e-002 2.326111e-002 1.170389e-002 2.082488e-002 5.618803e-002 6.153807e-002 6.060927e-002
<GCONST> 5.130989e+001
<STATE> 3
<NUMMIXES> 2
<MIXTURE> 1 5.656964e-001
<MEAN> 22
 1.390978e+000 1.339291e+001 5.070387e-001 3.309325e+000 7.008940e+000 8.744509e+001 9.845966e+001 7.294617e+001 6.027868e+001 6.662142e+001 1.986513e+002 1.149271e+002 1.181037e+002 1.096301e+002 6.999006e+000 3.751938e+000 6.082417e+000 5.398105e+000 6.000000e+000 3.802544e+000 1.688115e+000 3.479018e+000
<VARIANCE> 22
 8.162821e+000 1.669270e+002 3.300596e+000 1.372797e+001 5.322625e+001 3.325840e+003 2.761093e+002 9.318847e+002 6.599676e+001 1.578684e+002 5.489815e+002 2.566955e+003 1.999099e+002 1.722012e+002 6.504287e-002 1.098985e+000 7.562288e-002 4.238900e-001 2.082488e-002 6.765400e+000 5.565606e+000 5.026983e+000
<GCONST> 1.051555e+002
<MIXTURE> 2 4.343029e-001
<MEAN> 22
 7.952560e-001 2.343947e+000 3.999059e-001 1.088517e+000 1.144036e+001 1.124133e+002 8.553073e+001 6.734299e+001 5.522351e+001 6.127332e+001 1.778583e+002 6.649560e+001 1.070150e+002 9.778035e+001 6.893274e+000 2.758805e+000 6.071192e+000 5.175402e+000 5.938771e+000 1.272358e+000 1.211456e+000 2.809943e+000
<VARIANCE> 22
 4.801632e+000 6.480074e+000 3.300596e+000 2.164982e+000 7.788207e+002 9.177879e+002 1.622761e+002 4.313582e+002 4.519762e+001 6.916019e+001 4.113648e+002 6.094095e+002 6.433051e+001 9.814616e+001 6.057842e-001 2.712180e-001 1.075516e-001 3.199467e-001 1.673089e-001 9.535924e-001 4.424299e+000 6.176107e+000
<GCONST> 9.600034e+001
<STATE> 4
<NUMMIXES> 2
<MIXTURE> 1 5.480902e-001
<MEAN> 22
 8.229259e+000 3.669417e+000 2.445892e+000 1.268755e+000 7.416239e+001 1.369016e+001 8.274127e+001 9.782372e+001 6.979946e+001 5.620173e+001 1.367253e+002 1.971383e+002 1.137899e+002 1.170345e+002 3.952195e+000 5.000000e+000 6.512944e+000 5.907982e+000 4.642183e+000 5.996279e+000 3.297487e+000 2.564054e+000
<VARIANCE> 22
 9.911790e+001 2.871079e+001 9.618278e+000 3.157580e+000 3.053959e+003 2.088288e+002 7.096022e+002 2.545917e+002 2.317370e+002 6.239383e+001 3.817632e+003 4.188882e+002 2.324072e+002 1.237671e+002 9.206660e+000 1.793315e-002 2.536882e-001 8.354741e-002 2.693834e+000 5.618803e-002 6.223686e+000 6.359749e+000
<GCONST> 1.075365e+002
<MIXTURE> 2 4.519098e-001
<MEAN> 22
 4.785081e+000 5.999518e+000 1.368316e+000 2.059739e+000 6.072556e+001 6.602708e+001 6.167683e+001 5.792218e+001 6.737358e+001 5.679530e+001 9.620995e+001 9.954226e+001 1.021823e+002 9.989010e+001 2.328847e+000 3.166003e+000 5.925520e+000 5.426449e+000 3.983091e+000 2.831895e+000 2.653476e+000 2.785619e+000
<VARIANCE> 22
 5.554404e+001 9.384058e+001 4.081802e+000 1.200083e+001 2.695099e+003 2.704644e+003 1.208430e+003 9.961207e+002 1.430634e+002 5.612824e+001 2.319375e+003 1.629345e+003 1.208028e+002 1.439326e+002 5.150409e+000 1.447355e+000 3.211051e+000 3.929952e-001 1.876145e+000 7.155540e+000 6.210108e+000 6.302413e+000
<GCONST> 1.250915e+002
<TRANSP> 5
 0.000000e+000 1.000000e+000 0.000000e+000 0.000000e+000 0.000000e+000
 0.000000e+000 7.036427e-001 2.963573e-001 0.000000e+000 0.000000e+000
 0.000000e+000 0.000000e+000 9.479933e-001 5.200671e-002 0.000000e+000
 0.000000e+000 0.000000e+000 0.000000e+000 9.214777e-001 7.852222e-002
 0.000000e+000 0.000000e+000 0.000000e+000 0.000000e+000 0.000000e+000
<ENDHMM>
~h "OK"
<BEGINHMM>
<NUMSTATES> 5
<STATE> 2
<NUMMIXES> 2
<MIXTURE> 1 6.810815e-001
<MEAN> 22
 1.471669e+001 2.852709e+000 4.294024e+000 1.379391e+000 1.227360e+002 1.593069e+001 1.009604e+002 9.529163e+001 7.683385e+001 5.359842e+001 8.139873e+001 1.971237e+002 1.075321e+002 1.166386e+002 2.311038e+000 4.998021e+000 4.578347e+000 5.910724e+000 3.399947e+000 5.995228e+000 3.477942e+000 2.172320e+000
<VARIANCE> 22
 5.037326e+002 2.071342e+002 2.487476e+002 1.413839e+002 4.148958e+003 4.500418e+002 9.087913e+002 2.189620e+002 2.607306e+002 5.748395e+001 3.528605e+003 3.904376e+002 3.402635e+002 1.283146e+002 5.105150e+000 1.793315e-002 9.376029e+000 8.130828e-002 2.437254e+000 5.618803e-002 5.800308e+000 5.930842e+000
<GCONST> 1.224204e+002
<MIXTURE> 2 3.189185e-001
<MEAN> 22
 8.598166e+000 7.025963e+000 2.046703e+000 1.897407e+000 5.381377e+001 6.202280e+001 7.470802e+001 5.269136e+001 6.958611e+001 6.030743e+001 9.219439e+001 1.009885e+002 9.945241e+001 1.015846e+002 2.741526e+000 3.241211e+000 4.807341e+000 5.507463e+000 3.925831e+000 3.625597e+000 3.040517e+000 2.581600e+000
<VARIANCE> 22
 1.745132e+002 1.545204e+002 1.559659e+001 1.479159e+001 2.087118e+003 3.339584e+003 1.779282e+003 1.066765e+003 1.332243e+002 1.093785e+002 2.861030e+003 1.648350e+003 3.484775e+002 1.448881e+002 5.292239e+000 1.610577e+000 6.734760e+000 6.316340e-001 2.210331e+000 8.955685e+000 6.569914e+000 5.990901e+000
<GCONST> 1.323219e+002
<STATE> 3
<NUMMIXES> 2
<MIXTURE> 1 4.918512e-001
<MEAN> 22
 2.422275e+000 2.045085e+001 7.908724e-001 4.242321e+000 1.019998e+001 1.008086e+002 1.007961e+002 8.831955e+001 6.156939e+001 7.466447e+001 2.023533e+002 1.126196e+002 1.204364e+002 1.120475e+002 6.998097e+000 3.698721e+000 6.131939e+000 5.107914e+000 5.999485e+000 3.802936e+000 2.158385e+000 3.767537e+000
<VARIANCE> 22
 2.967290e+001 3.984605e+002 3.300596e+000 2.132554e+001 2.168295e+002 5.618078e+003 3.865607e+002 1.299942e+003 8.705537e+001 2.988228e+002 7.426506e+002 3.022402e+003 2.566399e+002 1.950678e+002 6.504287e-002 1.214307e+000 1.152883e-001 6.371973e-001 2.082488e-002 6.180101e+000 6.476877e+000 5.191141e+000
<GCONST> 1.131322e+002
<MIXTURE> 2 5.081483e-001
<MEAN> 22
 1.008169e+000 6.349626e+000 6.366954e-001 2.102054e+000 7.951647e+000 1.452952e+002 8.469206e+001 9.734217e+001 5.247728e+001 6.818806e+001 1.811054e+002 4.624814e+001 1.087695e+002 9.708549e+001 6.929698e+000 2.450860e+000 6.015573e+000 4.520753e+000 5.976926e+000 1.541820e+000 1.576902e+000 3.136969e+000
<VARIANCE> 22
 4.801632e+000 6.524413e+001 3.300596e+000 6.505462e+000 3.781081e+002 1.105176e+003 9.011839e+001 4.789562e+002 3.752313e+001 8.249756e+001 2.334790e+002 3.354839e+002 5.135343e+001 8.136846e+001 4.133092e-001 2.922763e-001 4.609500e-002 4.361747e-001 7.235447e-002 4.456027e-001 5.394863e+000 5.899850e+000
<GCONST> 9.451241e+001
<STATE> 4
<NUMMIXES> 2
<MIXTURE> 1 8.908262e-001
<MEAN> 22
 4.573884e+000 5.513742e+000 1.624980e+000 1.802638e+000 2.980095e+001 3.015898e+001 9.544047e+001 9.465524e+001 6.320844e+001 5.703772e+001 1.916673e+002 1.940318e+002 1.166213e+002 1.165228e+002 6.717631e+000 4.999068e+000 6.138484e+000 5.852646e+000 5.899183e+000 6.000028e+000 2.718414e+000 3.112281e+000
<VARIANCE> 22
 4.770762e+001 6.059085e+001 5.825437e+000 5.393835e+000 1.383862e+003 9.553966e+002 4.049785e+002 2.180194e+002 9.483208e+001 6.895758e+001 9.307576e+002 3.604845e+002 1.579144e+002 9.812143e+001 1.605465e+000 1.793315e-002 1.193059e-001 1.256420e-001 3.210545e-001 5.618803e-002 6.168936e+000 6.346027e+000
<GCONST> 1.003946e+002
<MIXTURE> 2 1.091737e-001
<MEAN> 22
 2.758065e+000 2.552511e+000 1.090413e+000 8.741925e-001 3.032960e+002 2.267549e+002 4.510343e+001 2.507427e+001 3.243742e+001 2.696089e+001 3.674917e+001 6.270000e+001 4.319279e+001 4.808626e+001 1.254557e+000 1.995457e+000 1.388843e+000 2.690696e+000 1.522830e+000 2.551119e+000 1.497678e+000 1.583740e+000
<VARIANCE> 22
 3.459756e+001 3.992274e+001 7.951180e+000 6.177755e+000 4.951556e+004 3.324158e+004 3.009781e+003 1.001947e+003 1.223501e+003 8.510097e+002 3.115990e+003 5.029572e+003 2.209969e+003 2.616967e+003 3.780894e+000 5.073701e+000 6.307986e+000 8.212837e+000 3.880964e+000 9.484864e+000 5.257118e+000 5.352780e+000
<GCONST> 1.475375e+002
<TRANSP> 5
 0.000000e+000 1.000000e+000 0.000000e+000 0.000000e+000 0.000000e+000
 0.000000e+000 9.023737e-001 9.762632e-002 0.000000e+000 0.000000e+000
 0.000000e+000 0.000000e+000 9.298342e-001 7.016584e-002 0.000000e+000
 0.000000e+000 0.000000e+000 0.000000e+000 8.381526e-001 1.618473e-001
 0.000000e+000 0.000000e+000 0.000000e+000 0.000000e+000 0.000000e+000
<ENDHMM>
~h "PF"
<BEGINHMM>
<NUMSTATES> 5
<STATE> 2
<NUMMIXES> 2
<MIXTURE> 1 3.170089e-001
<MEAN> 22
 1.064239e+001 1.326534e+001 7.287597e+000 7.369457e+000 1.738239e+002 1.425235e+002 1.008019e+002 9.212272e+001 6.320085e+001 6.307234e+001 1.986568e+002 1.867592e+002 1.154172e+002 1.163543e+002 6.986427e+000 4.948546e+000 6.117962e+000 5.788326e+000 5.982074e+000 6.016053e+000 2.462602e+000 2.469349e+000
<VARIANCE> 22
 3.028519e+003 2.459693e+003 2.627045e+003 1.745806e+003 5.001787e+004 3.091765e+004 2.928398e+002 5.948718e+002 4.506067e+001 1.124128e+002 5.217567e+002 9.892038e+002 1.132930e+002 1.396725e+002 6.768133e-002 1.536801e-001 1.040468e-001 1.994425e-001 5.327382e-002 3.174665e-001 6.362738e+000 5.768208e+000
<GCONST> 1.272584e+002
<MIXTURE> 2 6.829913e-001
<MEAN> 22
 7.066332e+000 1.061632e+001 2.140466e+000 2.876371e+000 1.102648e+002 1.623335e+002 8.283735e+001 1.176209e+002 7.166061e+001 7.744278e+001 1.334828e+002 7.889041e+001 9.983891e+001 9.323469e+001 3.456342e+000 2.639970e+000 5.356378e+000 4.122077e+000 4.752760e+000 2.200235e+000 2.463847e+000 2.886659e+000
<VARIANCE> 22
 1.855792e+002 2.606622e+002 3.164755e+001 1.607001e+001 2.049784e+004 9.725338e+003 1.965295e+003 3.188866e+003 5.788152e+002 8.051845e+002 5.212080e+003 3.785043e+003 1.158698e+003 7.029990e+002 9.370224e+000 1.537226e+000 4.983809e+000 2.413363e+000 2.897749e+000 3.835097e+000 6.210193e+000 5.065346e+000
<GCONST> 1.466845e+002
<STATE> 3
<NUMMIXES> 2
<MIXTURE> 1 3.431285e-001
<MEAN> 22
 2.320234e+000 2.115328e+001 9.182420e-001 4.504860e+000 1.161237e+001 4.886754e+001 9.404662e+001 8.618628e+001 5.908093e+001 6.504198e+001 1.933339e+002 1.635757e+002 1.155314e+002 1.112433e+002 6.993988e+000 4.522643e+000 6.044045e+000 5.528300e+000 5.998958e+000 5.341531e+000 2.339192e+000 3.753455e+000
<VARIANCE> 22
 1.223253e+001 4.374327e+002 3.300596e+000 2.209796e+001 1.615133e+002 1.429343e+003 2.086422e+002 6.193985e+002 4.218397e+001 1.725046e+002 3.870923e+002 1.844466e+003 1.206587e+002 1.361685e+002 6.504287e-002 5.475543e-001 4.210444e-002 2.556877e-001 2.082488e-002 2.782149e+000 6.164325e+000 5.801946e+000
<GCONST> 1.023670e+002
<MIXTURE> 2 6.568716e-001
<MEAN> 22
 1.351380e+000 1.033421e+001 6.251157e-001 3.613316e+000 1.001844e+001 1.876330e+002 9.242398e+001 1.352723e+002 5.800104e+001 8.541600e+001 1.879264e+002 5.603170e+001 1.129639e+002 9.183951e+001 6.924754e+000 2.426903e+000 6.058790e+000 3.594910e+000 5.957672e+000 1.699841e+000 1.693669e+000 3.332133e+000
<VARIANCE> 22
 8.332730e+000 1.525763e+002 3.300596e+000 1.996139e+001 6.131187e+002 1.693979e+003 2.685935e+002 8.150377e+002 7.029729e+001 2.619820e+002 6.730469e+002 9.377761e+002 1.314597e+002 2.126509e+002 3.872174e-001 3.151644e-001 2.747535e-001 6.517032e-001 1.222116e-001 5.041615e-001 5.842986e+000 4.382920e+000
<GCONST> 1.079662e+002
<STATE> 4
<NUMMIXES> 2
<MIXTURE> 1 7.468902e-001
<MEAN> 22
 1.217087e+001 1.513014e+000 3.609325e+000 7.477597e-001 1.367110e+002 1.916488e+001 1.316653e+002 9.924348e+001 8.420598e+001 5.644664e+001 1.081535e+002 1.988525e+002 1.038364e+002 1.180690e+002 2.705925e+000 5.000000e+000 3.077082e+000 5.817479e+000 3.331388e+000 5.999064e+000 3.423695e+000 2.299176e+000
<VARIANCE> 22
 2.268514e+002 4.609440e+000 2.318432e+001 2.164982e+000 6.454451e+003 6.895991e+002 1.716598e+003 2.121948e+002 4.304118e+002 6.895139e+001 4.412380e+003 4.027167e+002 4.087948e+002 1.310645e+002 6.279127e+000 1.793315e-002 8.498656e+000 1.492033e-001 3.616755e+000 5.618803e-002 6.853727e+000 6.092164e+000
<GCONST> 1.151852e+002
<MIXTURE> 2 2.531098e-001
<MEAN> 22
 6.874151e+000 7.301486e+000 2.624949e+000 2.359398e+000 5.737029e+001 2.736508e+001 8.509977e+001 4.787437e+001 7.737798e+001 5.794967e+001 9.335099e+001 1.185292e+002 9.870908e+001 1.035177e+002 2.830454e+000 3.503621e+000 4.245157e+000 5.631488e+000 3.747614e+000 3.530004e+000 2.748349e+000 2.805611e+000
<VARIANCE> 22
 1.364991e+002 1.285383e+002 2.308772e+001 1.231259e+001 2.258473e+003 7.261496e+002 3.266517e+003 8.360096e+002 3.714167e+002 6.664931e+001 2.608118e+003 1.270483e+003 2.706758e+002 8.857565e+001 4.948512e+000 2.054596e+000 6.491742e+000 2.916970e-001 1.803918e+000 9.462902e+000 6.539190e+000 6.328262e+000
<GCONST> 1.297190e+002
<TRANSP> 5
 0.000000e+000 1.000000e+000 0.000000e+000 0.000000e+000 0.000000e+000
 0.000000e+000 6.764358e-001 3.235642e-001 0.000000e+000 0.000000e+000
 0.000000e+000 0.000000e+000 9.551715e-001 4.482854e-002 0.000000e+000
 0.000000e+000 0.000000e+000 0.000000e+000 9.149598e-001 8.504024e-002
 0.000000e+000 0.000000e+000 0.000000e+000 0.000000e+000 0.000000e+000
<ENDHMM>
~h "PR"
<BEGINHMM>
<NUMSTATES> 5
<STATE> 2
<NUMMIXES> 2
<MIXTURE> 1 8.508936e-001
<MEAN> 22
 8.299743e+000 1.139136e+001 3.912003e+000 4.711160e+000 3.269143e+001 6.795242e+001 9.326073e+001 9.227604e+001 7.391027e+001 6.627966e+001 1.783446e+002 1.432502e+002 1.160101e+002 1.138481e+002 5.073423e+000 4.054937e+000 6.462494e+000 5.317770e+000 5.634492e+000 4.314586e+000 2.339788e+000 2.982123e+000
<VARIANCE> 22
 1.186790e+003 9.361724e+002 9.100092e+002 5.942358e+002 1.360080e+003 3.259583e+003 1.406919e+003 1.035626e+003 2.744721e+002 1.958586e+002 3.181055e+003 2.646948e+003 8.848319e+002 3.089453e+002 8.814944e+000 1.042221e+000 3.402537e-001 4.628797e-001 1.215461e+000 4.177217e+000 5.888764e+000 5.788350e+000
<GCONST> 1.419315e+002
<MIXTURE> 2 1.491074e-001
<MEAN> 22
 1.013325e+000 2.181187e+000 2.683496e-001 6.695226e-001 4.547550e+002 3.503863e+002 2.735726e+001 1.721065e+001 1.513330e+001 1.555857e+001 4.509553e+001 2.854063e+001 2.616085e+001 2.478062e+001 1.457229e+000 8.741266e-001 1.219295e+000 1.296982e+000 1.286923e+000 7.906050e-001 5.970384e-001 7.615401e-001
<VARIANCE> 22
 2.488266e+001 3.510186e+001 3.300596e+000 5.011353e+000 7.383783e+003 5.153862e+003 2.401047e+003 1.083354e+003 7.464000e+002 7.838036e+002 7.184554e+003 3.281284e+003 2.215226e+003 1.977242e+003 7.814312e+000 2.725338e+000 5.785543e+000 5.446549e+000 5.778521e+000 3.665720e+000 2.450240e+000 3.201663e+000
<GCONST> 1.394071e+002
<STATE> 3
<NUMMIXES> 2
<MIXTURE> 1 8.901359e-001
<MEAN> 22
 1.145296e+000 1.056424e+001 5.356906e-001 3.446360e+000 7.185455e+000 9.671593e+001 9.290571e+001 8.661499e+001 5.808044e+001 6.520576e+001 1.897460e+002 1.074047e+002 1.129054e+002 1.030124e+002 6.999678e+000 3.551729e+000 6.033865e+000 5.047105e+000 5.999798e+000 3.498777e+000 1.725395e+000 3.729521e+000
<VARIANCE> 22
 4.801632e+000 1.469704e+002 3.300596e+000 1.909129e+001 6.599020e+001 2.343309e+003 2.081499e+002 7.184622e+002 5.169847e+001 1.636344e+002 4.296182e+002 1.895687e+003 1.284075e+002 2.064014e+002 6.504287e-002 7.211602e-001 3.271731e-002 3.644448e-001 2.082488e-002 3.928287e+000 5.792197e+000 6.124083e+000
<GCONST> 1.014148e+002
<MIXTURE> 2 1.098650e-001
<MEAN> 22
 1.748313e+000 2.173706e+000 6.745747e-001 1.181101e+000 3.151070e+001 9.696215e+001 8.175099e+001 8.134841e+001 5.783783e+001 5.746721e+001 1.638901e+002 7.860474e+001 1.037016e+002 9.375116e+001 6.352197e+000 2.995037e+000 6.263085e+000 5.002116e+000 5.683297e+000 2.355448e+000 1.287193e+000 2.670244e+000
<VARIANCE> 22
 1.411197e+001 7.457752e+000 3.300596e+000 2.293319e+000 2.222118e+003 2.353552e+003 3.489341e+002 4.923910e+002 1.286508e+002 1.212629e+002 1.060347e+003 2.241546e+003 1.471825e+002 2.234782e+002 3.437164e+000 7.914837e-001 8.419504e-001 3.764078e-001 1.071300e+000 2.727765e+000 4.178653e+000 7.232306e+000
<GCONST> 1.137076e+002
<STATE> 4
<NUMMIXES> 2
<MIXTURE> 1 7.034348e-001
<MEAN> 22
 8.863890e+000 2.229814e+000 2.578492e+000 1.003298e+000 7.087137e+001 1.589596e+001 8.425520e+001 9.613216e+001 6.953686e+001 5.549976e+001 1.269987e+002 1.951089e+002 1.094799e+002 1.156324e+002 3.233806e+000 5.000198e+000 6.607145e+000 5.845191e+000 4.224234e+000 5.998035e+000 3.568258e+000 2.262997e+000
<VARIANCE> 22
 1.176615e+002 1.164761e+001 1.133492e+001 2.164982e+000 2.567999e+003 2.839504e+002 6.180649e+002 1.924386e+002 2.203746e+002 6.277135e+001 3.589367e+003 3.455332e+002 2.374232e+002 1.073141e+002 9.078081e+000 1.793315e-002 2.391580e-001 1.308478e-001 3.793229e+000 5.618803e-002 5.836756e+000 6.041343e+000
<GCONST> 1.064912e+002
<MIXTURE> 2 2.965648e-001
<MEAN> 22
 9.766362e+000 4.809266e+000 2.573318e+000 1.441083e+000 5.736088e+001 2.903334e+001 8.143694e+001 5.444197e+001 7.556432e+001 5.923109e+001 9.258228e+001 1.294322e+002 1.035514e+002 1.013672e+002 1.865993e+000 3.789093e+000 5.062592e+000 5.645643e+000 3.234060e+000 4.626581e+000 2.685926e+000 2.414379e+000
<VARIANCE> 22
 1.782450e+002 7.153457e+001 1.326214e+001 7.252942e+000 2.335759e+003 8.794728e+002 1.820818e+003 1.083962e+003 1.484072e+002 5.565315e+001 1.285506e+003 1.470388e+003 1.229959e+002 1.053619e+002 4.229861e+000 1.194394e+000 7.740337e+000 2.789225e-001 2.310995e+000 7.344492e+000 5.911771e+000 6.249189e+000
<GCONST> 1.252551e+002
<TRANSP> 5
 0.000000e+000 1.000000e+000 0.000000e+000 0.000000e+000 0.000000e+000
 0.000000e+000 6.940143e-001 3.059857e-001 0.000000e+000 0.000000e+000
 0.000000e+000 0.000000e+000 9.487728e-001 5.122712e-002 0.000000e+000
 0.000000e+000 0.000000e+000 0.000000e+000 9.175692e-001 8.243075e-002
 0.000000e+000 0.000000e+000 0.000000e+000 0.000000e+000 0.000000e+000
<ENDHMM>
~h "SP"
<BEGINHMM>
<NUMSTATES> 5
<STATE> 2
<NUMMIXES> 2
<MIXTURE> 1 8.358787e-001
<MEAN> 22
 1.058342e+001 1.438831e+001 6.232842e+000 7.073570e+000 4.421115e+001 1.183524e+002 9.435957e+001 1.172147e+002 7.626399e+001 8.673441e+001 1.641266e+002 1.082936e+002 1.144178e+002 1.071608e+002 4.452066e+000 3.362146e+000 6.040966e+000 4.429532e+000 5.488379e+000 3.091132e+000 2.372846e+000 2.651241e+000
<VARIANCE> 22
 2.667450e+003 1.814666e+003 2.165093e+003 1.307051e+003 3.135133e+003 8.986722e+003 1.666154e+003 1.861120e+003 3.668968e+002 1.068773e+003 4.460405e+003 3.775095e+003 6.113904e+002 3.324597e+002 9.890773e+000 1.617324e+000 2.328825e+000 1.654660e+000 1.226674e+000 5.581882e+000 5.847760e+000 4.935994e+000
<GCONST> 1.539313e+002
<MIXTURE> 2 1.641212e-001
<MEAN> 22
 -5.179498e-034 -5.384626e-034 -2.997613e-032 2.664393e-033 5.310355e+002 3.993491e+002 -4.138310e-031 8.178014e-030 7.118420e-031 -4.273969e-031 1.047633e-030 1.853123e-030 4.565708e-031 -1.254476e-030 2.490107e-042 4.193741e-034 -1.763267e-030 -7.986342e-033 1.006863e-031 4.225650e-033 -1.859833e-033 -2.297441e-031
<VARIANCE> 22
 4.801632e+000 4.063125e+000 3.300596e+000 2.164982e+000 3.435550e+003 2.506359e+003 9.838196e+000 1.115232e+001 2.936353e+000 3.516743e+000 3.745900e+001 4.440890e+001 4.184655e+000 3.870682e+000 6.504287e-002 1.793315e-002 2.326111e-002 1.170389e-002 2.082488e-002 5.618803e-002 6.153807e-002 6.060927e-002
<GCONST> 5.126872e+001
<STATE> 3
<NUMMIXES> 2
<MIXTURE> 1 4.609559e-001
<MEAN> 22
 1.668326e+000 2.103417e+001 6.359117e-001 6.045988e+000 9.268648e+000 1.152032e+002 9.735645e+001 1.068467e+002 6.114055e+001 7.595292e+001 1.963038e+002 1.111835e+002 1.170382e+002 1.047731e+002 6.998146e+000 3.525749e+000 6.093849e+000 4.680092e+000 5.999446e+000 3.617329e+000 2.032619e+000 3.749278e+000
<VARIANCE> 22
 8.756305e+000 3.711689e+002 3.300596e+000 4.071526e+001 1.225871e+002 7.070164e+003 3.053401e+002 1.640026e+003 6.598603e+001 4.701457e+002 5.829614e+002 3.522409e+003 1.854460e+002 2.393865e+002 6.504287e-002 1.418293e+000 8.504295e-002 1.100405e+000 2.082488e-002 4.950229e+000 6.141266e+000 5.219714e+000
<GCONST> 1.122383e+002
<MIXTURE> 2 5.390456e-001
<MEAN> 22
 1.121892e+000 3.631168e+000 4.701315e-001 1.784504e+000 1.074297e+001 1.902260e+002 9.184544e+001 1.371540e+002 5.932519e+001 9.047092e+001 1.821823e+002 4.802125e+001 1.095192e+002 8.798756e+001 6.893670e+000 2.114185e+000 6.059386e+000 3.180621e+000 5.948326e+000 1.461441e+000 1.410014e+000 2.515550e+000
<VARIANCE> 22
 7.289698e+000 2.636450e+001 3.300596e+000 5.619371e+000 6.866322e+002 1.511448e+003 3.177501e+002 3.776764e+002 9.304758e+001 3.910406e+002 6.450554e+002 4.709152e+002 1.305170e+002 1.669121e+002 5.688510e-001 1.790450e-001 4.150606e-001 2.785790e-001 2.148938e-001 5.349209e-001 4.994955e+000 6.044268e+000
<GCONST> 1.040776e+002
<STATE> 4
<NUMMIXES> 2
<MIXTURE> 1 7.062346e-001
<MEAN> 22
 1.267405e+001 1.133806e+000 4.163404e+000 5.679100e-001 1.537276e+002 1.401004e+001 1.284132e+002 9.717687e+001 9.315951e+001 5.697898e+001 8.594032e+001 1.948669e+002 9.438579e+001 1.157577e+002 2.504359e+000 5.000000e+000 2.853365e+000 5.833556e+000 3.467698e+000 5.991963e+000 3.402313e+000 1.873555e+000
<VARIANCE> 22
 3.293717e+002 4.063125e+000 5.329344e+001 2.164982e+000 6.310237e+003 6.572635e+002 1.405158e+003 1.889070e+002 4.811255e+002 5.184485e+001 3.210705e+003 3.348745e+002 4.177016e+002 1.093920e+002 4.512250e+000 1.793315e-002 7.645690e+000 1.387416e-001 2.660501e+000 5.618803e-002 6.263399e+000 5.689462e+000
<GCONST> 1.140674e+002
<MIXTURE> 2 2.937657e-001
<MEAN> 22
 7.541312e+000 6.601129e+000 2.687867e+000 2.288568e+000 6.765605e+001 2.836172e+001 1.007727e+002 5.048981e+001 8.499907e+001 5.950531e+001 9.511862e+001 1.187882e+002 9.757547e+001 1.035117e+002 3.025866e+000 3.577776e+000 3.948304e+000 5.641572e+000 3.904671e+000 3.305621e+000 2.992987e+000 2.684232e+000
<VARIANCE> 22
 1.178802e+002 1.289715e+002 1.841537e+001 1.185335e+001 2.605407e+003 9.264660e+002 2.695232e+003 8.358547e+002 6.883204e+002 7.352403e+001 3.036063e+003 1.685417e+003 2.654747e+002 1.184055e+002 5.416888e+000 1.562666e+000 6.890150e+000 3.323607e-001 1.774832e+000 9.546693e+000 6.632926e+000 6.738521e+000
<GCONST> 1.310026e+002
<TRANSP> 5
 0.000000e+000 1.000000e+000 0.000000e+000 0.000000e+000 0.000000e+000
 0.000000e+000 6.367970e-001 3.632030e-001 0.000000e+000 0.000000e+000
 0.000000e+000 0.000000e+000 9.582377e-001 4.176223e-002 0.000000e+000
 0.000000e+000 0.000000e+000 0.000000e+000 9.239808e-001 7.601915e-002
 0.000000e+000 0.000000e+000 0.000000e+000 0.000000e+000 0.000000e+000
<ENDHMM>
~h "ST"
<BEGINHMM>
<NUMSTATES> 5
<STATE> 2
<NUMMIXES> 2
<MIXTURE> 1 1.361456e-001
<MEAN> 22
 2.146646e+001 2.974597e+001 1.420395e+001 1.067780e+001 2.398593e+002 2.140653e+002 1.137153e+002 8.969846e+001 7.614319e+001 7.749249e+001 1.962411e+002 1.311795e+002 1.243479e+002 1.183555e+002 5.829376e+000 3.604222e+000 6.586405e+000 5.712844e+000 5.520395e+000 3.504957e+000 2.550904e+000 2.984177e+000
<VARIANCE> 22
 4.088059e+003 4.132332e+003 3.685349e+003 2.225600e+003 5.854984e+004 2.757367e+004 1.754069e+003 9.333400e+002 2.772741e+002 2.917169e+002 5.634609e+003 5.636500e+003 1.093638e+003 3.463871e+002 5.060609e+000 2.306993e+000 3.605556e-001 5.362713e-001 8.254520e-001 7.691223e+000 6.895714e+000 6.372250e+000
<GCONST> 1.563710e+002
<MIXTURE> 2 8.638540e-001
<MEAN> 22
 4.273073e+000 7.549566e+000 1.041229e+000 2.019742e+000 6.609887e+001 9.907618e+001 8.218814e+001 7.910451e+001 6.921714e+001 7.418104e+001 1.530494e+002 1.006984e+002 1.103583e+002 1.086965e+002 4.528515e+000 3.046986e+000 6.005678e+000 5.554255e+000 4.972198e+000 2.627388e+000 2.620782e+000 2.662059e+000
<VARIANCE> 22
 5.238714e+001 1.107189e+002 3.300596e+000 7.372346e+000 1.063381e+004 6.814725e+003 1.470425e+003 1.059206e+003 3.608143e+002 5.473653e+002 4.274729e+003 4.614615e+003 9.831857e+002 6.373179e+002 8.860954e+000 2.328473e+000 2.067089e+000 1.438938e+000 2.823735e+000 6.974243e+000 6.444192e+000 5.790454e+000
<GCONST> 1.377036e+002
<STATE> 3
<NUMMIXES> 2
<MIXTURE> 1 3.682516e-001
<MEAN> 22
 2.610849e+000 1.638104e+001 8.543068e-001 3.755013e+000 1.775797e+001 6.445004e+001 9.486770e+001 6.923527e+001 6.062291e+001 6.967905e+001 1.910454e+002 1.323806e+002 1.150103e+002 1.099066e+002 6.902246e+000 4.085807e+000 6.196808e+000 5.742799e+000 5.960051e+000 4.588925e+000 1.971902e+000 3.357110e+000
<VARIANCE> 22
 2.033633e+001 2.225092e+002 3.300596e+000 1.688781e+001 8.212943e+002 2.484281e+003 3.254651e+002 8.087032e+002 7.486356e+001 2.379659e+002 7.209140e+002 3.352188e+003 1.586525e+002 1.402967e+002 4.818494e-001 1.496816e+000 1.729066e-001 2.618602e-001 9.187711e-002 7.063250e+000 5.563077e+000 5.130423e+000
<GCONST> 1.138740e+002
<MIXTURE> 2 6.317505e-001
<MEAN> 22
 7.837523e-001 7.610996e+000 3.900605e-001 1.351155e+000 5.847315e+000 1.373708e+002 9.062199e+001 6.776743e+001 5.743366e+001 8.465366e+001 1.893127e+002 4.733339e+001 1.131771e+002 1.030183e+002 6.999821e+000 2.049405e+000 6.000291e+000 5.886744e+000 6.000000e+000 3.978733e-001 1.318772e+000 2.819281e+000
<VARIANCE> 22
 4.801632e+000 9.203235e+001 3.300596e+000 2.613834e+000 4.956259e+001 9.375752e+002 1.611262e+002 5.062035e+002 4.090038e+001 2.873824e+002 3.565522e+002 3.359471e+002 1.067525e+002 1.160965e+002 6.504287e-002 8.087399e-002 2.326111e-002 4.082877e-001 2.082488e-002 2.418255e-001 4.771844e+000 6.068966e+000
<GCONST> 8.939574e+001
<STATE> 4
<NUMMIXES> 2
<MIXTURE> 1 7.578950e-001
<MEAN> 22
 1.058005e+001 1.337841e+000 2.369843e+000 5.980479e-001 1.034346e+002 1.766869e+001 7.701518e+001 9.877992e+001 8.408722e+001 5.713423e+001 9.075325e+001 1.994000e+002 1.099710e+002 1.186236e+002 3.007532e+000 5.000000e+000 6.206755e+000 5.907520e+000 4.188524e+000 5.995972e+000 3.322300e+000 1.957309e+000
<VARIANCE> 22
 1.466169e+002 4.063125e+000 9.735973e+000 2.164982e+000 3.634122e+003 7.044561e+002 6.663547e+002 1.872465e+002 3.618727e+002 4.812013e+001 4.559521e+003 3.695361e+002 2.856049e+002 1.257754e+002 5.616848e+000 1.793315e-002 3.116082e-001 8.392819e-002 1.499008e+000 5.618803e-002 6.113166e+000 5.776261e+000
<GCONST> 1.061032e+002
<MIXTURE> 2 2.421051e-001
<MEAN> 22
 7.779186e+000 7.353720e+000 1.655520e+000 2.468093e+000 5.263206e+001 2.956536e+001 7.171543e+001 5.626633e+001 7.596069e+001 5.972781e+001 9.285568e+001 1.378771e+002 1.045155e+002 1.059337e+002 2.969603e+000 4.213994e+000 5.440536e+000 5.776565e+000 4.182532e+000 5.398305e+000 2.726907e+000 2.749008e+000
<VARIANCE> 22
 9.103098e+001 1.102699e+002 5.582349e+000 1.308065e+001 3.394736e+003 1.067788e+003 1.117623e+003 1.034117e+003 3.425511e+002 7.122541e+001 4.204180e+003 1.896836e+003 1.505653e+002 1.241868e+002 6.305508e+000 1.031556e+000 3.877185e+000 2.366299e-001 1.619648e+000 5.362409e+000 5.885346e+000 6.156348e+000
<GCONST> 1.263699e+002
<TRANSP> 5
 0.000000e+000 1.000000e+000 0.000000e+000 0.000000e+000 0.000000e+000
 0.000000e+000 7.157028e-001 2.842973e-001 0.000000e+000 0.000000e+000
 0.000000e+000 0.000000e+000 9.572855e-001 4.271458e-002 0.000000e+000
 0.000000e+000 0.000000e+000 0.000000e+000 9.181358e-001 8.186410e-002
 0.000000e+000 0.000000e+000 0.000000e+000 0.000000e+000 0.000000e+000
<ENDHMM>
~h "TT"
<BEGINHMM>
<NUMSTATES> 5
<STATE> 2
<NUMMIXES> 2
<MIXTURE> 1 4.648411e-001
<MEAN> 22
 1.997308e+001 5.449327e+000 8.459536e+000 3.314294e+000 2.253980e+002 8.456656e+000 1.727203e+002 1.041175e+002 1.226050e+002 6.044148e+001 9.629935e+001 2.014211e+002 1.039791e+002 1.189837e+002 1.377196e+000 4.997133e+000 1.217517e+000 5.917776e+000 2.311576e+000 5.991385e+000 3.684149e+000 2.316039e+000
<VARIANCE> 22
 1.931390e+003 1.199554e+003 1.383922e+003 8.874352e+002 2.516313e+003 1.344423e+002 1.299934e+003 2.692253e+002 5.369758e+002 1.116508e+002 8.660212e+002 3.928537e+002 3.198714e+002 1.381958e+002 4.517760e-001 1.793315e-002 2.673108e+000 7.546397e-002 5.870835e-001 5.618803e-002 5.679027e+000 6.453167e+000
<GCONST> 1.228158e+002
<MIXTURE> 2 5.351593e-001
<MEAN> 22
 9.224408e+000 1.229328e+001 2.843344e+000 3.874660e+000 4.555738e+001 1.148519e+002 9.218456e+001 1.214834e+002 7.463095e+001 8.957448e+001 1.782576e+002 1.386862e+002 1.161410e+002 1.120459e+002 5.192497e+000 3.713875e+000 6.364227e+000 4.691530e+000 5.709398e+000 3.841732e+000 3.036165e+000 2.777902e+000
<VARIANCE> 22
 1.991207e+002 3.389684e+002 2.346611e+001 3.357924e+001 2.583411e+003 1.119077e+004 1.972565e+003 2.959774e+003 3.118068e+002 1.304740e+003 3.158606e+003 2.944372e+003 5.636022e+002 2.603539e+002 8.505601e+000 1.633621e+000 4.690020e-001 1.799286e+000 5.987837e-001 5.537200e+000 6.879650e+000 5.100987e+000
<GCONST> 1.390587e+002
<STATE> 3
<NUMMIXES> 2
<MIXTURE> 1 3.562597e-001
<MEAN> 22
 2.505355e+000 2.353109e+001 9.341863e-001 5.976080e+000 1.168323e+001 5.858212e+001 9.447553e+001 9.696253e+001 5.965154e+001 6.957077e+001 1.923522e+002 1.601596e+002 1.156192e+002 1.098839e+002 6.991344e+000 4.343830e+000 6.082850e+000 5.299152e+000 5.997535e+000 5.128201e+000 2.273003e+000 3.853883e+000
<VARIANCE> 22
 1.711845e+001 4.958197e+002 3.300596e+000 4.749993e+001 1.781069e+002 2.254007e+003 2.664338e+002 6.108318e+002 7.236383e+001 3.273620e+002 5.005729e+002 2.101875e+003 1.566037e+002 2.083431e+002 6.504287e-002 6.796103e-001 7.598676e-002 3.182603e-001 2.082488e-002 2.216592e+000 5.830907e+000 5.266558e+000
<GCONST> 1.072772e+002
<MIXTURE> 2 6.437402e-001
<MEAN> 22
 1.557457e+000 1.285437e+001 6.926376e-001 5.318771e+000 9.736106e+000 2.238185e+002 9.449790e+001 1.736977e+002 5.852654e+001 1.238526e+002 1.904382e+002 8.810838e+001 1.139562e+002 9.425925e+001 6.969248e+000 2.448243e+000 6.086733e+000 3.159302e+000 5.991535e+000 1.648240e+000 1.839322e+000 3.571407e+000
<VARIANCE> 22
 1.039331e+001 2.043111e+002 3.300596e+000 4.943387e+001 2.953468e+002 1.333660e+003 2.850106e+002 7.589660e+002 9.540410e+001 4.723593e+002 4.857035e+002 5.938643e+002 1.490782e+002 3.211081e+002 1.641500e-001 2.642471e-001 1.192140e-001 1.921351e-001 3.339865e-002 3.352711e-001 5.806636e+000 5.540076e+000
<GCONST> 1.044862e+002
<STATE> 4
<NUMMIXES> 2
<MIXTURE> 1 7.374552e-001
<MEAN> 22
 1.518143e+001 2.127349e+000 5.224719e+000 1.014055e+000 1.410278e+002 2.689377e+001 1.391162e+002 9.706474e+001 9.777983e+001 5.603682e+001 1.201500e+002 1.943208e+002 1.021703e+002 1.158066e+002 2.713037e+000 5.000017e+000 3.260519e+000 5.827064e+000 3.543195e+000 5.987949e+000 3.354144e+000 2.347771e+000
<VARIANCE> 22
 3.679323e+002 1.054661e+001 6.143780e+001 2.164982e+000 8.195027e+003 9.251423e+002 2.290268e+003 2.454238e+002 1.032906e+003 5.216362e+001 2.958157e+003 4.261360e+002 3.865687e+002 1.341891e+002 6.587967e+000 1.793315e-002 8.526944e+000 1.430322e-001 3.716195e+000 5.618803e-002 5.503736e+000 6.232762e+000
<GCONST> 1.184978e+002
<MIXTURE> 2 2.625454e-001
<MEAN> 22
 1.025421e+001 6.287447e+000 4.129179e+000 2.507063e+000 1.304342e+002 6.689025e+001 9.016943e+001 3.787012e+001 8.706311e+001 5.307497e+001 9.119203e+001 1.025896e+002 8.727518e+001 9.227463e+001 2.068480e+000 3.045576e+000 3.674783e+000 5.176246e+000 3.389185e+000 2.665859e+000 2.742552e+000 2.219902e+000
<VARIANCE> 22
 2.511698e+002 1.199815e+002 4.577893e+001 2.305986e+001 1.882001e+004 1.414447e+004 5.187842e+003 1.110044e+003 2.150256e+003 4.415912e+002 2.343416e+003 2.444939e+003 1.147822e+003 1.120909e+003 4.266356e+000 3.023783e+000 7.385310e+000 3.483503e+000 2.897838e+000 1.014257e+001 6.336559e+000 6.072019e+000
<GCONST> 1.489026e+002
<TRANSP> 5
 0.000000e+000 1.000000e+000 0.000000e+000 0.000000e+000 0.000000e+000
 0.000000e+000 8.327460e-001 1.672540e-001 0.000000e+000 0.000000e+000
 0.000000e+000 0.000000e+000 9.535358e-001 4.646424e-002 0.000000e+000
 0.000000e+000 0.000000e+000 0.000000e+000 9.194446e-001 8.055542e-002
 0.000000e+000 0.000000e+000 0.000000e+000 0.000000e+000 0.000000e+000
<ENDHMM>
~h "VA"
<BEGINHMM>
<NUMSTATES> 5
<STATE> 2
<NUMMIXES> 2
<MIXTURE> 1 4.916673e-001
<MEAN> 22
 1.779757e+001 1.086059e+001 7.753243e+000 4.530674e+000 1.045513e+002 3.163705e+001 1.344130e+002 9.855373e+001 9.636409e+001 6.275431e+001 1.621278e+002 1.948159e+002 1.152338e+002 1.186630e+002 3.909205e+000 4.862676e+000 4.554074e+000 5.694403e+000 4.313849e+000 5.919584e+000 3.089134e+000 2.496371e+000
<VARIANCE> 22
 1.600811e+003 1.330684e+003 1.086412e+003 6.772993e+002 1.131023e+004 1.386639e+003 4.730583e+003 5.772009e+002 1.372876e+003 1.183720e+002 5.212545e+003 1.062956e+003 4.708410e+002 1.944883e+002 8.927163e+000 1.569970e-001 8.089787e+000 2.227344e-001 4.525301e+000 3.026358e-001 5.924076e+000 5.265176e+000
<GCONST> 1.435339e+002
<MIXTURE> 2 5.083327e-001
<MEAN> 22
 8.365209e+000 1.207990e+001 3.783777e+000 4.404171e+000 1.761871e+002 2.354590e+002 8.027158e+001 1.173646e+002 6.535622e+001 9.071235e+001 1.163164e+002 6.957990e+001 8.342393e+001 7.835414e+001 3.152997e+000 2.096225e+000 4.447117e+000 3.252297e+000 4.051691e+000 1.372826e+000 2.488716e+000 2.639429e+000
<VARIANCE> 22
 3.602878e+002 2.197649e+002 8.423964e+001 3.586801e+001 3.864395e+004 1.004980e+004 3.197787e+003 5.926740e+003 1.326383e+003 2.363551e+003 6.548739e+003 2.343412e+003 2.322586e+003 1.531795e+003 9.078809e+000 1.298341e+000 7.331733e+000 3.199294e+000 4.920823e+000 1.927625e+000 6.195229e+000 5.106263e+000
<GCONST> 1.541765e+002
<STATE> 3
<NUMMIXES> 2
<MIXTURE> 1 5.427893e-001
<MEAN> 22
 1.781487e+000 1.969549e+001 7.579038e-001 6.944865e+000 8.171943e+000 8.333632e+001 9.111543e+001 8.630933e+001 5.706137e+001 7.891307e+001 1.886697e+002 1.199783e+002 1.130169e+002 1.003601e+002 6.995876e+000 3.805409e+000 6.021233e+000 5.279368e+000 5.999998e+000 4.156621e+000 2.025439e+000 3.721427e+000
<VARIANCE> 22
 8.248775e+000 3.677184e+002 3.300596e+000 4.921103e+001 7.767330e+001 3.476646e+003 2.088607e+002 7.096522e+002 6.447445e+001 4.200869e+002 4.081281e+002 3.892210e+003 1.185602e+002 4.052214e+002 6.504287e-002 1.332824e+000 2.326111e-002 5.093898e-001 2.082488e-002 6.606872e+000 5.989041e+000 5.253266e+000
<GCONST> 1.078029e+002
<MIXTURE> 2 4.572098e-001
<MEAN> 22
 2.786558e+000 1.051210e+001 1.461119e+000 4.242178e+000 1.462386e+001 2.205854e+002 9.084929e+001 1.670099e+002 5.636069e+001 1.152858e+002 1.855604e+002 8.022572e+001 1.122052e+002 7.951665e+001 6.850524e+000 2.348798e+000 6.066316e+000 3.153584e+000 5.915929e+000 1.722900e+000 2.313869e+000 3.303551e+000
<VARIANCE> 22
 2.349816e+001 1.540320e+002 1.072539e+001 2.570505e+001 7.850313e+002 2.678282e+003 4.219104e+002 1.469757e+003 1.258497e+002 5.364885e+002 9.925195e+002 1.104640e+003 2.236674e+002 3.593712e+002 8.001745e-001 3.417071e-001 3.079532e-001 6.980999e-001 1.886561e-001 6.668394e-001 6.253602e+000 5.400692e+000
<GCONST> 1.170779e+002
<STATE> 4
<NUMMIXES> 2
<MIXTURE> 1 7.209195e-001
<MEAN> 22
 1.451865e+001 2.365003e+000 5.182017e+000 1.128444e+000 1.382179e+002 1.790913e+001 1.323842e+002 9.779811e+001 9.859972e+001 5.541391e+001 1.195717e+002 1.954022e+002 9.625844e+001 1.156082e+002 3.097651e+000 5.000369e+000 3.712705e+000 5.857868e+000 3.806287e+000 5.987130e+000 3.339997e+000 2.419619e+000
<VARIANCE> 22
 2.846447e+002 1.409296e+001 4.207968e+001 2.634655e+000 8.180542e+003 6.217986e+002 2.522067e+003 2.112169e+002 8.100317e+002 8.244859e+001 4.188538e+003 3.278667e+002 4.965586e+002 1.199590e+002 6.979032e+000 1.793315e-002 8.581691e+000 1.219276e-001 3.532819e+000 5.618803e-002 5.933568e+000 6.279666e+000
<GCONST> 1.182713e+002
<MIXTURE> 2 2.790802e-001
<MEAN> 22
 6.762062e+000 7.121995e+000 2.975900e+000 3.051967e+000 7.498495e+001 3.696435e+001 9.575806e+001 4.874330e+001 8.492515e+001 5.691309e+001 7.982143e+001 1.072972e+002 9.268810e+001 1.022061e+002 2.468593e+000 3.171176e+000 3.904711e+000 5.540703e+000 3.504281e+000 2.946128e+000 2.953867e+000 2.777142e+000
<VARIANCE> 22
 1.022199e+002 1.822493e+002 2.518452e+001 2.414023e+001 3.126497e+003 1.184984e+003 3.700694e+003 5.773205e+002 4.101012e+002 1.184258e+002 1.872158e+003 1.093694e+003 4.352507e+002 1.145649e+002 2.816612e+000 1.572588e+000 6.721872e+000 3.032972e-001 1.278141e+000 8.265198e+000 6.357085e+000 6.412945e+000
<GCONST> 1.307816e+002
<TRANSP> 5
 0.000000e+000 1.000000e+000 0.000000e+000 0.000000e+000 0.000000e+000
 0.000000e+000 7.567199e-001 2.432800e-001 0.000000e+000 0.000000e+000
 0.000000e+000 0.000000e+000 9.439442e-001 5.605581e-002 0.000000e+000
 0.000000e+000 0.000000e+000 0.000000e+000 9.188756e-001 8.112440e-002
 0.000000e+000 0.000000e+000 0.000000e+000 0.000000e+000 0.000000e+000
<ENDHMM>
~h "VQ"
<BEGINHMM>
<NUMSTATES> 5
<STATE> 2
<NUMMIXES> 2
<MIXTURE> 1 1.829141e-001
<MEAN> 22
 2.138535e+001 2.968544e+001 1.390596e+001 1.516446e+001 5.165631e+001 1.198135e+002 7.497037e+001 9.373852e+001 6.719594e+001 6.496925e+001 1.355186e+002 7.420518e+001 9.818565e+001 9.391866e+001 4.161379e+000 2.908858e+000 5.689180e+000 4.616508e+000 5.046628e+000 2.550714e+000 2.842535e+000 3.250922e+000
<VARIANCE> 22
 5.651375e+003 4.194848e+003 4.452143e+003 2.861126e+003 6.044555e+003 4.915244e+003 1.236722e+003 1.283267e+003 2.816814e+002 2.495655e+002 3.056325e+003 1.905493e+003 7.124960e+002 3.474568e+002 8.954515e+000 1.003967e+000 3.238186e+000 9.940922e-001 2.194834e+000 3.476047e+000 6.528440e+000 4.797692e+000
<GCONST> 1.532579e+002
<MIXTURE> 2 8.170853e-001
<MEAN> 22
 1.167189e+001 2.923987e+000 4.094492e+000 1.308668e+000 1.069179e+002 2.176106e+001 1.014464e+002 7.229903e+001 7.858252e+001 5.482977e+001 8.235107e+001 1.600436e+002 9.690566e+001 1.098630e+002 2.360892e+000 4.243309e+000 3.462292e+000 5.713717e+000 3.261431e+000 4.921474e+000 3.534702e+000 2.486531e+000
<VARIANCE> 22
 2.033677e+002 1.916205e+001 3.030180e+001 4.638271e+000 5.694170e+003 4.252393e+002 2.464054e+003 1.015104e+003 3.441207e+002 6.333221e+001 2.966178e+003 2.050811e+003 3.674741e+002 1.299241e+002 3.956412e+000 1.648829e+000 8.916809e+000 2.043781e-001 2.333985e+000 5.264360e+000 5.925069e+000 5.932528e+000
<GCONST> 1.280067e+002
<STATE> 3
<NUMMIXES> 2
<MIXTURE> 1 5.114259e-001
<MEAN> 22
 2.626268e+000 1.979926e+001 8.501325e-001 5.783881e+000 9.079358e+000 1.026325e+002 9.881849e+001 9.548085e+001 6.013054e+001 7.201186e+001 2.001156e+002 1.192624e+002 1.196958e+002 1.053631e+002 6.997587e+000 3.744936e+000 6.122516e+000 5.040733e+000 5.998556e+000 4.017881e+000 2.169309e+000 3.842413e+000
<VARIANCE> 22
 2.262472e+001 3.276349e+002 3.300596e+000 5.395515e+001 1.279175e+002 7.158099e+003 4.299026e+002 1.992422e+003 8.834093e+001 3.615767e+002 7.897701e+002 3.172458e+003 2.594484e+002 2.585420e+002 6.504287e-002 1.309637e+000 1.075049e-001 1.055881e+000 2.082488e-002 5.497781e+000 6.170003e+000 4.877683e+000
<GCONST> 1.147321e+002
<MIXTURE> 2 4.885737e-001
<MEAN> 22
 1.136573e+000 6.070722e+000 7.130222e-001 3.025218e+000 1.003543e+001 1.642187e+002 8.414755e+001 1.148990e+002 5.274446e+001 7.436377e+001 1.791749e+002 4.564687e+001 1.073512e+002 8.147945e+001 6.943666e+000 2.387506e+000 6.050700e+000 4.091166e+000 5.961843e+000 1.754711e+000 1.685155e+000 3.482244e+000
<VARIANCE> 22
 4.801632e+000 3.778579e+001 3.300596e+000 1.389931e+001 6.349167e+002 1.481783e+003 1.826930e+002 7.197846e+002 5.983023e+001 2.015840e+002 4.158850e+002 4.142297e+002 8.776249e+001 2.410670e+002 2.962334e-001 2.821449e-001 1.498078e-001 6.674536e-001 1.170568e-001 3.432705e-001 5.430881e+000 6.170268e+000
<GCONST> 1.019285e+002
<STATE> 4
<NUMMIXES> 2
<MIXTURE> 1 9.030480e-001
<MEAN> 22
 1.039907e+001 2.980979e+000 3.882914e+000 1.204511e+000 9.578898e+001 2.347757e+001 1.054109e+002 9.445090e+001 7.504209e+001 5.371441e+001 1.080190e+002 1.929038e+002 1.003744e+002 1.143257e+002 3.265311e+000 4.999817e+000 4.283488e+000 5.861105e+000 3.898823e+000 5.995590e+000 3.499813e+000 2.453666e+000
<VARIANCE> 22
 1.649581e+002 2.632024e+001 3.040753e+001 3.983585e+000 5.255998e+003 9.922086e+002 9.795817e+002 2.022292e+002 4.320262e+002 6.458785e+001 4.821234e+003 3.112903e+002 4.000822e+002 1.144989e+002 7.746674e+000 1.793315e-002 8.724916e+000 1.196010e-001 3.561853e+000 5.618803e-002 5.863258e+000 6.139833e+000
<GCONST> 1.165035e+002
<MIXTURE> 2 9.695181e-002
<MEAN> 22
 2.884841e+000 4.589724e+000 1.398901e+000 1.864062e+000 4.062319e+002 3.159740e+002 4.025136e+001 3.857911e+001 2.662493e+001 2.793828e+001 5.490007e+001 3.487860e+001 4.118108e+001 4.089558e+001 1.862738e+000 1.279111e+000 2.151269e+000 1.975628e+000 1.797416e+000 1.016655e+000 1.039041e+000 1.691044e+000
<VARIANCE> 22
 6.969363e+001 1.159796e+002 1.294259e+001 1.923572e+001 4.815114e+004 2.077036e+004 2.891903e+003 2.697370e+003 1.033904e+003 1.152208e+003 6.134473e+003 2.563609e+003 2.514039e+003 2.450909e+003 7.949071e+000 2.695716e+000 8.699926e+000 5.813884e+000 6.059633e+000 2.977566e+000 3.914826e+000 6.056041e+000
<GCONST> 1.507833e+002
<TRANSP> 5
 0.000000e+000 1.000000e+000 0.000000e+000 0.000000e+000 0.000000e+000
 0.000000e+000 8.546427e-001 1.453572e-001 0.000000e+000 0.000000e+000
 0.000000e+000 0.000000e+000 9.443432e-001 5.565679e-002 0.000000e+000
 0.000000e+000 0.000000e+000 0.000000e+000 8.854358e-001 1.145642e-001
 0.000000e+000 0.000000e+000 0.000000e+000 0.000000e+000 0.000000e+000
<ENDHMM>
~h "SIL"
<BEGINHMM>
<NUMSTATES> 5
<STATE> 2
<NUMMIXES> 2
<MIXTURE> 1 1.630538e-001
<MEAN> 22
 4.892656e+002 4.130110e+002 4.450432e+002 3.566687e+002 8.791472e-001 1.248776e+000 3.968776e+001 3.898644e+001 2.807407e+001 2.655329e+001 7.767424e+001 7.465987e+001 4.932965e+001 4.859864e+001 2.754650e+000 1.993433e+000 2.640765e+000 2.528148e+000 2.482212e+000 2.334032e+000 4.666713e+000 4.663741e+000
<VARIANCE> 22
 6.597501e+003 4.096006e+003 4.615285e+003 3.325126e+003 6.614690e+001 1.564997e+002 2.348082e+003 2.294517e+003 1.092176e+003 1.015225e+003 8.564369e+003 8.146647e+003 3.231691e+003 3.132715e+003 1.120547e+001 5.744437e+000 9.251803e+000 8.405421e+000 8.296212e+000 8.443890e+000 4.022013e+000 4.055557e+000
<GCONST> 1.625058e+002
<MIXTURE> 2 8.369462e-001
<MEAN> 22
 0.000000e+000 0.000000e+000 0.000000e+000 0.000000e+000 3.661406e+001 2.963484e+001 0.000000e+000 0.000000e+000 0.000000e+000 0.000000e+000 0.000000e+000 0.000000e+000 0.000000e+000 0.000000e+000 0.000000e+000 0.000000e+000 0.000000e+000 0.000000e+000 0.000000e+000 0.000000e+000 0.000000e+000 0.000000e+000
<VARIANCE> 22
 4.801632e+000 4.063125e+000 3.300596e+000 2.164982e+000 1.817511e+004 1.195244e+004 9.838196e+000 1.115232e+001 2.936353e+000 3.516743e+000 3.745900e+001 4.440890e+001 4.184655e+000 3.870682e+000 6.504287e-002 1.793315e-002 2.326111e-002 1.170389e-002 2.082488e-002 5.618803e-002 6.153807e-002 6.060927e-002
<GCONST> 5.449670e+001
<STATE> 3
<NUMMIXES> 2
<MIXTURE> 1 7.769573e-001
<MEAN> 22
 1.416406e+000 1.828543e+000 6.009419e-001 7.571325e-001 7.952029e+000 9.854020e+000 1.011932e+002 9.779898e+001 6.360184e+001 5.937609e+001 1.985458e+002 1.962917e+002 1.186879e+002 1.173465e+002 6.999705e+000 5.000001e+000 6.124193e+000 5.906552e+000 6.001795e+000 6.000569e+000 1.987435e+000 2.013299e+000
<VARIANCE> 22
 4.930437e+000 7.068292e+000 3.300596e+000 2.164982e+000 6.950146e+001 1.197110e+002 3.485661e+002 2.272480e+002 1.033834e+002 7.984009e+001 5.812579e+002 4.356960e+002 2.028414e+002 1.430701e+002 6.504287e-002 1.793315e-002 1.088253e-001 8.475410e-002 2.082488e-002 5.618803e-002 5.623631e+000 5.625270e+000
<GCONST> 8.325729e+001
<MIXTURE> 2 2.230501e-001
<MEAN> 22
 8.854302e+000 1.128003e+001 2.249046e+000 2.841322e+000 5.380016e+001 6.110083e+001 8.230878e+001 7.968218e+001 6.971552e+001 6.425705e+001 1.461824e+002 1.421518e+002 1.090613e+002 1.092830e+002 4.605820e+000 4.087390e+000 5.915158e+000 5.529155e+000 5.065346e+000 4.559199e+000 2.472812e+000 2.484571e+000
<VARIANCE> 22
 1.784096e+002 2.143277e+002 1.462904e+001 1.600592e+001 2.821587e+003 2.819083e+003 1.413156e+003 1.270975e+003 2.709763e+002 2.063469e+002 3.643214e+003 3.628483e+003 4.049516e+002 2.261539e+002 8.430845e+000 1.666732e+000 2.139194e+000 4.942831e-001 2.015247e+000 6.039468e+000 5.219129e+000 4.723989e+000
<GCONST> 1.338875e+002
<STATE> 4
<NUMMIXES> 2
<MIXTURE> 1 2.366164e-001
<MEAN> 22
 5.716133e-001 1.105453e+000 2.789429e-001 6.307110e-001 3.985706e+000 4.111910e+000 1.063354e+002 1.138265e+002 6.400081e+001 6.617458e+001 2.298199e+002 2.341068e+002 1.356084e+002 1.379985e+002 7.000000e+000 5.000000e+000 6.000167e+000 5.997326e+000 6.000000e+000 6.000000e+000 9.853727e-001 1.466354e+000
<VARIANCE> 22
 4.801632e+000 5.124345e+000 3.300596e+000 2.202394e+000 4.956259e+001 5.429972e+001 1.149860e+001 1.305742e+001 3.890744e+000 7.101657e+000 3.745900e+001 4.440890e+001 6.501599e+000 7.675952e+000 6.504287e-002 1.793315e-002 2.326111e-002 1.170389e-002 2.082488e-002 5.618803e-002 3.575498e+000 4.653208e+000
<GCONST> 5.427338e+001
<MIXTURE> 2 7.633859e-001
<MEAN> 22
 1.023672e+000 1.610487e+000 4.000835e-001 6.267653e-001 4.850783e+000 6.054007e+000 8.671106e+001 8.621496e+001 5.627219e+001 5.497517e+001 1.822947e+002 1.819083e+002 1.105380e+002 1.100637e+002 6.990261e+000 4.994120e+000 6.006880e+000 5.976644e+000 5.996633e+000 5.992773e+000 1.769405e+000 1.903195e+000
<VARIANCE> 22
 4.801632e+000 1.131968e+001 3.300596e+000 2.164982e+000 7.010602e+001 8.371510e+001 5.059543e+001 5.363551e+001 2.204644e+001 4.098320e+001 1.100719e+002 1.285956e+002 3.356492e+001 3.757611e+001 6.504287e-002 1.793315e-002 2.326111e-002 2.462833e-002 2.082488e-002 5.618803e-002 5.365375e+000 5.872272e+000
<GCONST> 6.896368e+001
<TRANSP> 5
 0.000000e+000 1.000000e+000 0.000000e+000 0.000000e+000 0.000000e+000
 0.000000e+000 9.079456e-001 9.205441e-002 0.000000e+000 0.000000e+000
 0.000000e+000 0.000000e+000 9.973097e-001 2.690234e-003 0.000000e+000
 0.000000e+000 0.000000e+000 0.000000e+000 9.924659e-001 7.534156e-003
 0.000000e+000 0.000000e+000 0.000000e+000 0.000000e+000 0.000000e+000
<ENDHMM>
