~o
<STREAMINFO> 1 22
<VECSIZE> 22<NULLD><MFCC_0><DIAGC>
~h "SIL"
<BEGINHMM>
<NUMSTATES> 5
<STATE> 2
<NUMMIXES> 12
<MIXTURE> 1 6.250000e-02
<MEAN> 22
 2.315636e+01 2.352269e+01 1.663123e+01 1.424404e+01 9.872836e+01 1.192152e+02 1.159995e+02 1.162116e+02 7.848363e+01 7.948894e+01 2.101753e+02 1.989714e+02 1.270698e+02 1.241875e+02 7.521752e+00 5.141660e+00 6.976417e+00 6.289631e+00 6.429389e+00 6.398467e+00 4.311436e+00 4.556657e+00
<VARIANCE> 22
 4.801635e+02 4.063120e+02 3.300595e+02 2.164982e+02 4.956268e+03 5.429985e+03 9.837579e+02 1.115179e+03 2.936362e+02 3.515820e+02 3.745738e+03 4.440754e+03 4.183320e+02 3.870127e+02 6.504288e+00 1.793316e+00 2.326111e+00 1.170389e+00 2.082489e+00 5.618803e+00 6.153808e+00 6.060927e+00
<GCONST> 1.445108e+02
<MIXTURE> 2 6.250000e-02
<MEAN> 22
 1.439130e+01 1.545981e+01 9.364216e+00 8.358487e+00 7.056805e+01 8.973984e+01 1.034535e+02 1.028537e+02 7.162930e+01 7.198872e+01 1.856943e+02 1.723158e+02 1.188886e+02 1.163185e+02 6.501612e+00 4.606002e+00 6.366353e+00 5.856893e+00 5.852156e+00 5.450307e+00 3.319161e+00 3.571899e+00
<VARIANCE> 22
 4.801635e+02 4.063120e+02 3.300595e+02 2.164982e+02 4.956268e+03 5.429985e+03 9.837579e+02 1.115179e+03 2.936362e+02 3.515820e+02 3.745738e+03 4.440754e+03 4.183320e+02 3.870127e+02 6.504288e+00 1.793316e+00 2.326111e+00 1.170389e+00 2.082489e+00 5.618803e+00 6.153808e+00 6.060927e+00
<GCONST> 1.445108e+02
<MIXTURE> 3 6.250000e-02
<MEAN> 22
 1.439130e+01 1.545981e+01 9.364216e+00 8.358486e+00 7.056805e+01 8.973984e+01 1.034535e+02 1.028538e+02 7.162930e+01 7.198872e+01 1.856943e+02 1.723158e+02 1.188886e+02 1.163185e+02 6.501611e+00 4.606001e+00 6.366353e+00 5.856893e+00 5.852156e+00 5.450307e+00 3.319161e+00 3.571899e+00
<VARIANCE> 22
 4.801635e+02 4.063120e+02 3.300595e+02 2.164982e+02 4.956268e+03 5.429985e+03 9.837579e+02 1.115179e+03 2.936362e+02 3.515820e+02 3.745738e+03 4.440754e+03 4.183320e+02 3.870127e+02 6.504288e+00 1.793316e+00 2.326111e+00 1.170389e+00 2.082489e+00 5.618803e+00 6.153808e+00 6.060927e+00
<GCONST> 1.445108e+02
<MIXTURE> 4 6.250000e-02
<MEAN> 22
 5.626247e+00 7.396933e+00 2.097200e+00 2.472937e+00 4.240775e+01 6.026447e+01 9.090754e+01 8.949603e+01 6.477496e+01 6.448850e+01 1.612133e+02 1.456602e+02 1.107074e+02 1.084495e+02 5.481472e+00 4.070345e+00 5.756289e+00 5.424155e+00 5.274923e+00 4.502147e+00 2.326887e+00 2.587141e+00
<VARIANCE> 22
 4.801635e+02 4.063120e+02 3.300595e+02 2.164982e+02 4.956268e+03 5.429985e+03 9.837579e+02 1.115179e+03 2.936362e+02 3.515820e+02 3.745738e+03 4.440754e+03 4.183320e+02 3.870127e+02 6.504288e+00 1.793316e+00 2.326111e+00 1.170389e+00 2.082489e+00 5.618803e+00 6.153808e+00 6.060927e+00
<GCONST> 1.445108e+02
<MIXTURE> 5 1.250000e-01
<MEAN> 22
 1.000877e+01 1.142837e+01 5.730708e+00 5.415711e+00 5.648789e+01 7.500215e+01 9.718052e+01 9.617494e+01 6.820214e+01 6.823862e+01 1.734538e+02 1.589880e+02 1.147980e+02 1.123840e+02 5.991541e+00 4.338172e+00 6.061321e+00 5.640524e+00 5.563540e+00 4.976227e+00 2.823024e+00 3.079520e+00
<VARIANCE> 22
 4.801635e+02 4.063120e+02 3.300595e+02 2.164982e+02 4.956268e+03 5.429985e+03 9.837579e+02 1.115179e+03 2.936362e+02 3.515820e+02 3.745738e+03 4.440754e+03 4.183320e+02 3.870127e+02 6.504288e+00 1.793316e+00 2.326111e+00 1.170389e+00 2.082489e+00 5.618803e+00 6.153808e+00 6.060927e+00
<GCONST> 1.445108e+02
<MIXTURE> 6 1.250000e-01
<MEAN> 22
 1.243720e+00 3.365497e+00 -1.536308e+00 -4.698384e-01 2.832759e+01 4.552678e+01 8.463456e+01 8.281718e+01 6.134780e+01 6.073840e+01 1.489728e+02 1.323324e+02 1.066168e+02 1.045150e+02 4.971402e+00 3.802515e+00 5.451257e+00 5.207786e+00 4.986305e+00 4.028067e+00 1.830750e+00 2.094762e+00
<VARIANCE> 22
 4.801635e+02 4.063120e+02 3.300595e+02 2.164982e+02 4.956268e+03 5.429985e+03 9.837579e+02 1.115179e+03 2.936362e+02 3.515820e+02 3.745738e+03 4.440754e+03 4.183320e+02 3.870127e+02 6.504288e+00 1.793316e+00 2.326111e+00 1.170389e+00 2.082489e+00 5.618803e+00 6.153808e+00 6.060927e+00
<GCONST> 1.445108e+02
<MIXTURE> 7 1.250000e-01
<MEAN> 22
 1.243716e+00 3.365498e+00 -1.536308e+00 -4.698396e-01 2.832759e+01 4.552678e+01 8.463456e+01 8.281718e+01 6.134781e+01 6.073840e+01 1.489728e+02 1.323324e+02 1.066168e+02 1.045150e+02 4.971401e+00 3.802514e+00 5.451257e+00 5.207786e+00 4.986305e+00 4.028067e+00 1.830750e+00 2.094762e+00
<VARIANCE> 22
 4.801635e+02 4.063120e+02 3.300595e+02 2.164982e+02 4.956268e+03 5.429985e+03 9.837579e+02 1.115179e+03 2.936362e+02 3.515820e+02 3.745738e+03 4.440754e+03 4.183320e+02 3.870127e+02 6.504288e+00 1.793316e+00 2.326111e+00 1.170389e+00 2.082489e+00 5.618803e+00 6.153808e+00 6.060927e+00
<GCONST> 1.445108e+02
<MIXTURE> 8 1.250000e-01
<MEAN> 22
 -7.521334e+00 -4.697377e+00 -8.803324e+00 -6.355390e+00 1.672869e-01 1.605140e+01 7.208860e+01 6.945947e+01 5.449348e+01 5.323820e+01 1.244918e+02 1.056768e+02 9.843556e+01 9.664597e+01 3.951261e+00 3.266857e+00 4.841193e+00 4.775048e+00 4.409072e+00 3.079907e+00 8.384756e-01 1.110004e+00
<VARIANCE> 22
 4.801635e+02 4.063120e+02 3.300595e+02 2.164982e+02 4.956268e+03 5.429985e+03 9.837579e+02 1.115179e+03 2.936362e+02 3.515820e+02 3.745738e+03 4.440754e+03 4.183320e+02 3.870127e+02 6.504288e+00 1.793316e+00 2.326111e+00 1.170389e+00 2.082489e+00 5.618803e+00 6.153808e+00 6.060927e+00
<GCONST> 1.445108e+02
<MIXTURE> 9 6.250000e-02
<MEAN> 22
 1.439130e+01 1.545981e+01 9.364212e+00 8.358484e+00 7.056805e+01 8.973981e+01 1.034535e+02 1.028538e+02 7.162931e+01 7.198872e+01 1.856943e+02 1.723158e+02 1.188886e+02 1.163185e+02 6.501612e+00 4.606001e+00 6.366353e+00 5.856893e+00 5.852156e+00 5.450307e+00 3.319161e+00 3.571899e+00
<VARIANCE> 22
 4.801635e+02 4.063120e+02 3.300595e+02 2.164982e+02 4.956268e+03 5.429985e+03 9.837579e+02 1.115179e+03 2.936362e+02 3.515820e+02 3.745738e+03 4.440754e+03 4.183320e+02 3.870127e+02 6.504288e+00 1.793316e+00 2.326111e+00 1.170389e+00 2.082489e+00 5.618803e+00 6.153808e+00 6.060927e+00
<GCONST> 1.445108e+02
<MIXTURE> 10 6.250000e-02
<MEAN> 22
 5.626243e+00 7.396934e+00 2.097200e+00 2.472936e+00 4.240775e+01 6.026447e+01 9.090754e+01 8.949603e+01 6.477497e+01 6.448850e+01 1.612133e+02 1.456602e+02 1.107074e+02 1.084495e+02 5.481472e+00 4.070343e+00 5.756289e+00 5.424155e+00 5.274922e+00 4.502147e+00 2.326887e+00 2.587141e+00
<VARIANCE> 22
 4.801635e+02 4.063120e+02 3.300595e+02 2.164982e+02 4.956268e+03 5.429985e+03 9.837579e+02 1.115179e+03 2.936362e+02 3.515820e+02 3.745738e+03 4.440754e+03 4.183320e+02 3.870127e+02 6.504288e+00 1.793316e+00 2.326111e+00 1.170389e+00 2.082489e+00 5.618803e+00 6.153808e+00 6.060927e+00
<GCONST> 1.445108e+02
<MIXTURE> 11 6.250000e-02
<MEAN> 22
 5.626243e+00 7.396934e+00 2.097200e+00 2.472935e+00 4.240775e+01 6.026447e+01 9.090754e+01 8.949604e+01 6.477497e+01 6.448850e+01 1.612133e+02 1.456602e+02 1.107074e+02 1.084495e+02 5.481471e+00 4.070343e+00 5.756289e+00 5.424155e+00 5.274922e+00 4.502147e+00 2.326887e+00 2.587141e+00
<VARIANCE> 22
 4.801635e+02 4.063120e+02 3.300595e+02 2.164982e+02 4.956268e+03 5.429985e+03 9.837579e+02 1.115179e+03 2.936362e+02 3.515820e+02 3.745738e+03 4.440754e+03 4.183320e+02 3.870127e+02 6.504288e+00 1.793316e+00 2.326111e+00 1.170389e+00 2.082489e+00 5.618803e+00 6.153808e+00 6.060927e+00
<GCONST> 1.445108e+02
<MIXTURE> 12 6.250000e-02
<MEAN> 22
 -3.138807e+00 -6.659405e-01 -5.169816e+00 -3.412614e+00 1.424744e+01 3.078909e+01 7.836158e+01 7.613832e+01 5.792064e+01 5.698830e+01 1.367323e+02 1.190046e+02 1.025262e+02 1.005805e+02 4.461331e+00 3.534687e+00 5.146225e+00 4.991417e+00 4.697690e+00 3.553987e+00 1.334613e+00 1.602383e+00
<VARIANCE> 22
 4.801635e+02 4.063120e+02 3.300595e+02 2.164982e+02 4.956268e+03 5.429985e+03 9.837579e+02 1.115179e+03 2.936362e+02 3.515820e+02 3.745738e+03 4.440754e+03 4.183320e+02 3.870127e+02 6.504288e+00 1.793316e+00 2.326111e+00 1.170389e+00 2.082489e+00 5.618803e+00 6.153808e+00 6.060927e+00
<GCONST> 1.445108e+02
<STATE> 3
<NUMMIXES> 12
<MIXTURE> 1 6.250000e-02
<MEAN> 22
 2.315636e+01 2.352269e+01 1.663123e+01 1.424404e+01 9.872836e+01 1.192152e+02 1.159995e+02 1.162116e+02 7.848363e+01 7.948894e+01 2.101753e+02 1.989714e+02 1.270698e+02 1.241875e+02 7.521752e+00 5.141660e+00 6.976417e+00 6.289631e+00 6.429389e+00 6.398467e+00 4.311436e+00 4.556657e+00
<VARIANCE> 22
 4.801635e+02 4.063120e+02 3.300595e+02 2.164982e+02 4.956268e+03 5.429985e+03 9.837579e+02 1.115179e+03 2.936362e+02 3.515820e+02 3.745738e+03 4.440754e+03 4.183320e+02 3.870127e+02 6.504288e+00 1.793316e+00 2.326111e+00 1.170389e+00 2.082489e+00 5.618803e+00 6.153808e+00 6.060927e+00
<GCONST> 1.445108e+02
<MIXTURE> 2 6.250000e-02
<MEAN> 22
 1.439130e+01 1.545981e+01 9.364216e+00 8.358487e+00 7.056805e+01 8.973984e+01 1.034535e+02 1.028537e+02 7.162930e+01 7.198872e+01 1.856943e+02 1.723158e+02 1.188886e+02 1.163185e+02 6.501612e+00 4.606002e+00 6.366353e+00 5.856893e+00 5.852156e+00 5.450307e+00 3.319161e+00 3.571899e+00
<VARIANCE> 22
 4.801635e+02 4.063120e+02 3.300595e+02 2.164982e+02 4.956268e+03 5.429985e+03 9.837579e+02 1.115179e+03 2.936362e+02 3.515820e+02 3.745738e+03 4.440754e+03 4.183320e+02 3.870127e+02 6.504288e+00 1.793316e+00 2.326111e+00 1.170389e+00 2.082489e+00 5.618803e+00 6.153808e+00 6.060927e+00
<GCONST> 1.445108e+02
<MIXTURE> 3 6.250000e-02
<MEAN> 22
 1.439130e+01 1.545981e+01 9.364216e+00 8.358486e+00 7.056805e+01 8.973984e+01 1.034535e+02 1.028538e+02 7.162930e+01 7.198872e+01 1.856943e+02 1.723158e+02 1.188886e+02 1.163185e+02 6.501611e+00 4.606001e+00 6.366353e+00 5.856893e+00 5.852156e+00 5.450307e+00 3.319161e+00 3.571899e+00
<VARIANCE> 22
 4.801635e+02 4.063120e+02 3.300595e+02 2.164982e+02 4.956268e+03 5.429985e+03 9.837579e+02 1.115179e+03 2.936362e+02 3.515820e+02 3.745738e+03 4.440754e+03 4.183320e+02 3.870127e+02 6.504288e+00 1.793316e+00 2.326111e+00 1.170389e+00 2.082489e+00 5.618803e+00 6.153808e+00 6.060927e+00
<GCONST> 1.445108e+02
<MIXTURE> 4 6.250000e-02
<MEAN> 22
 5.626247e+00 7.396933e+00 2.097200e+00 2.472937e+00 4.240775e+01 6.026447e+01 9.090754e+01 8.949603e+01 6.477496e+01 6.448850e+01 1.612133e+02 1.456602e+02 1.107074e+02 1.084495e+02 5.481472e+00 4.070345e+00 5.756289e+00 5.424155e+00 5.274923e+00 4.502147e+00 2.326887e+00 2.587141e+00
<VARIANCE> 22
 4.801635e+02 4.063120e+02 3.300595e+02 2.164982e+02 4.956268e+03 5.429985e+03 9.837579e+02 1.115179e+03 2.936362e+02 3.515820e+02 3.745738e+03 4.440754e+03 4.183320e+02 3.870127e+02 6.504288e+00 1.793316e+00 2.326111e+00 1.170389e+00 2.082489e+00 5.618803e+00 6.153808e+00 6.060927e+00
<GCONST> 1.445108e+02
<MIXTURE> 5 1.250000e-01
<MEAN> 22
 1.000877e+01 1.142837e+01 5.730708e+00 5.415711e+00 5.648789e+01 7.500215e+01 9.718052e+01 9.617494e+01 6.820214e+01 6.823862e+01 1.734538e+02 1.589880e+02 1.147980e+02 1.123840e+02 5.991541e+00 4.338172e+00 6.061321e+00 5.640524e+00 5.563540e+00 4.976227e+00 2.823024e+00 3.079520e+00
<VARIANCE> 22
 4.801635e+02 4.063120e+02 3.300595e+02 2.164982e+02 4.956268e+03 5.429985e+03 9.837579e+02 1.115179e+03 2.936362e+02 3.515820e+02 3.745738e+03 4.440754e+03 4.183320e+02 3.870127e+02 6.504288e+00 1.793316e+00 2.326111e+00 1.170389e+00 2.082489e+00 5.618803e+00 6.153808e+00 6.060927e+00
<GCONST> 1.445108e+02
<MIXTURE> 6 1.250000e-01
<MEAN> 22
 1.243720e+00 3.365497e+00 -1.536308e+00 -4.698384e-01 2.832759e+01 4.552678e+01 8.463456e+01 8.281718e+01 6.134780e+01 6.073840e+01 1.489728e+02 1.323324e+02 1.066168e+02 1.045150e+02 4.971402e+00 3.802515e+00 5.451257e+00 5.207786e+00 4.986305e+00 4.028067e+00 1.830750e+00 2.094762e+00
<VARIANCE> 22
 4.801635e+02 4.063120e+02 3.300595e+02 2.164982e+02 4.956268e+03 5.429985e+03 9.837579e+02 1.115179e+03 2.936362e+02 3.515820e+02 3.745738e+03 4.440754e+03 4.183320e+02 3.870127e+02 6.504288e+00 1.793316e+00 2.326111e+00 1.170389e+00 2.082489e+00 5.618803e+00 6.153808e+00 6.060927e+00
<GCONST> 1.445108e+02
<MIXTURE> 7 1.250000e-01
<MEAN> 22
 1.243716e+00 3.365498e+00 -1.536308e+00 -4.698396e-01 2.832759e+01 4.552678e+01 8.463456e+01 8.281718e+01 6.134781e+01 6.073840e+01 1.489728e+02 1.323324e+02 1.066168e+02 1.045150e+02 4.971401e+00 3.802514e+00 5.451257e+00 5.207786e+00 4.986305e+00 4.028067e+00 1.830750e+00 2.094762e+00
<VARIANCE> 22
 4.801635e+02 4.063120e+02 3.300595e+02 2.164982e+02 4.956268e+03 5.429985e+03 9.837579e+02 1.115179e+03 2.936362e+02 3.515820e+02 3.745738e+03 4.440754e+03 4.183320e+02 3.870127e+02 6.504288e+00 1.793316e+00 2.326111e+00 1.170389e+00 2.082489e+00 5.618803e+00 6.153808e+00 6.060927e+00
<GCONST> 1.445108e+02
<MIXTURE> 8 1.250000e-01
<MEAN> 22
 -7.521334e+00 -4.697377e+00 -8.803324e+00 -6.355390e+00 1.672869e-01 1.605140e+01 7.208860e+01 6.945947e+01 5.449348e+01 5.323820e+01 1.244918e+02 1.056768e+02 9.843556e+01 9.664597e+01 3.951261e+00 3.266857e+00 4.841193e+00 4.775048e+00 4.409072e+00 3.079907e+00 8.384756e-01 1.110004e+00
<VARIANCE> 22
 4.801635e+02 4.063120e+02 3.300595e+02 2.164982e+02 4.956268e+03 5.429985e+03 9.837579e+02 1.115179e+03 2.936362e+02 3.515820e+02 3.745738e+03 4.440754e+03 4.183320e+02 3.870127e+02 6.504288e+00 1.793316e+00 2.326111e+00 1.170389e+00 2.082489e+00 5.618803e+00 6.153808e+00 6.060927e+00
<GCONST> 1.445108e+02
<MIXTURE> 9 6.250000e-02
<MEAN> 22
 1.439130e+01 1.545981e+01 9.364212e+00 8.358484e+00 7.056805e+01 8.973981e+01 1.034535e+02 1.028538e+02 7.162931e+01 7.198872e+01 1.856943e+02 1.723158e+02 1.188886e+02 1.163185e+02 6.501612e+00 4.606001e+00 6.366353e+00 5.856893e+00 5.852156e+00 5.450307e+00 3.319161e+00 3.571899e+00
<VARIANCE> 22
 4.801635e+02 4.063120e+02 3.300595e+02 2.164982e+02 4.956268e+03 5.429985e+03 9.837579e+02 1.115179e+03 2.936362e+02 3.515820e+02 3.745738e+03 4.440754e+03 4.183320e+02 3.870127e+02 6.504288e+00 1.793316e+00 2.326111e+00 1.170389e+00 2.082489e+00 5.618803e+00 6.153808e+00 6.060927e+00
<GCONST> 1.445108e+02
<MIXTURE> 10 6.250000e-02
<MEAN> 22
 5.626243e+00 7.396934e+00 2.097200e+00 2.472936e+00 4.240775e+01 6.026447e+01 9.090754e+01 8.949603e+01 6.477497e+01 6.448850e+01 1.612133e+02 1.456602e+02 1.107074e+02 1.084495e+02 5.481472e+00 4.070343e+00 5.756289e+00 5.424155e+00 5.274922e+00 4.502147e+00 2.326887e+00 2.587141e+00
<VARIANCE> 22
 4.801635e+02 4.063120e+02 3.300595e+02 2.164982e+02 4.956268e+03 5.429985e+03 9.837579e+02 1.115179e+03 2.936362e+02 3.515820e+02 3.745738e+03 4.440754e+03 4.183320e+02 3.870127e+02 6.504288e+00 1.793316e+00 2.326111e+00 1.170389e+00 2.082489e+00 5.618803e+00 6.153808e+00 6.060927e+00
<GCONST> 1.445108e+02
<MIXTURE> 11 6.250000e-02
<MEAN> 22
 5.626243e+00 7.396934e+00 2.097200e+00 2.472935e+00 4.240775e+01 6.026447e+01 9.090754e+01 8.949604e+01 6.477497e+01 6.448850e+01 1.612133e+02 1.456602e+02 1.107074e+02 1.084495e+02 5.481471e+00 4.070343e+00 5.756289e+00 5.424155e+00 5.274922e+00 4.502147e+00 2.326887e+00 2.587141e+00
<VARIANCE> 22
 4.801635e+02 4.063120e+02 3.300595e+02 2.164982e+02 4.956268e+03 5.429985e+03 9.837579e+02 1.115179e+03 2.936362e+02 3.515820e+02 3.745738e+03 4.440754e+03 4.183320e+02 3.870127e+02 6.504288e+00 1.793316e+00 2.326111e+00 1.170389e+00 2.082489e+00 5.618803e+00 6.153808e+00 6.060927e+00
<GCONST> 1.445108e+02
<MIXTURE> 12 6.250000e-02
<MEAN> 22
 -3.138807e+00 -6.659405e-01 -5.169816e+00 -3.412614e+00 1.424744e+01 3.078909e+01 7.836158e+01 7.613832e+01 5.792064e+01 5.698830e+01 1.367323e+02 1.190046e+02 1.025262e+02 1.005805e+02 4.461331e+00 3.534687e+00 5.146225e+00 4.991417e+00 4.697690e+00 3.553987e+00 1.334613e+00 1.602383e+00
<VARIANCE> 22
 4.801635e+02 4.063120e+02 3.300595e+02 2.164982e+02 4.956268e+03 5.429985e+03 9.837579e+02 1.115179e+03 2.936362e+02 3.515820e+02 3.745738e+03 4.440754e+03 4.183320e+02 3.870127e+02 6.504288e+00 1.793316e+00 2.326111e+00 1.170389e+00 2.082489e+00 5.618803e+00 6.153808e+00 6.060927e+00
<GCONST> 1.445108e+02
<STATE> 4
<NUMMIXES> 12
<MIXTURE> 1 6.250000e-02
<MEAN> 22
 2.315636e+01 2.352269e+01 1.663123e+01 1.424404e+01 9.872836e+01 1.192152e+02 1.159995e+02 1.162116e+02 7.848363e+01 7.948894e+01 2.101753e+02 1.989714e+02 1.270698e+02 1.241875e+02 7.521752e+00 5.141660e+00 6.976417e+00 6.289631e+00 6.429389e+00 6.398467e+00 4.311436e+00 4.556657e+00
<VARIANCE> 22
 4.801635e+02 4.063120e+02 3.300595e+02 2.164982e+02 4.956268e+03 5.429985e+03 9.837579e+02 1.115179e+03 2.936362e+02 3.515820e+02 3.745738e+03 4.440754e+03 4.183320e+02 3.870127e+02 6.504288e+00 1.793316e+00 2.326111e+00 1.170389e+00 2.082489e+00 5.618803e+00 6.153808e+00 6.060927e+00
<GCONST> 1.445108e+02
<MIXTURE> 2 6.250000e-02
<MEAN> 22
 1.439130e+01 1.545981e+01 9.364216e+00 8.358487e+00 7.056805e+01 8.973984e+01 1.034535e+02 1.028537e+02 7.162930e+01 7.198872e+01 1.856943e+02 1.723158e+02 1.188886e+02 1.163185e+02 6.501612e+00 4.606002e+00 6.366353e+00 5.856893e+00 5.852156e+00 5.450307e+00 3.319161e+00 3.571899e+00
<VARIANCE> 22
 4.801635e+02 4.063120e+02 3.300595e+02 2.164982e+02 4.956268e+03 5.429985e+03 9.837579e+02 1.115179e+03 2.936362e+02 3.515820e+02 3.745738e+03 4.440754e+03 4.183320e+02 3.870127e+02 6.504288e+00 1.793316e+00 2.326111e+00 1.170389e+00 2.082489e+00 5.618803e+00 6.153808e+00 6.060927e+00
<GCONST> 1.445108e+02
<MIXTURE> 3 6.250000e-02
<MEAN> 22
 1.439130e+01 1.545981e+01 9.364216e+00 8.358486e+00 7.056805e+01 8.973984e+01 1.034535e+02 1.028538e+02 7.162930e+01 7.198872e+01 1.856943e+02 1.723158e+02 1.188886e+02 1.163185e+02 6.501611e+00 4.606001e+00 6.366353e+00 5.856893e+00 5.852156e+00 5.450307e+00 3.319161e+00 3.571899e+00
<VARIANCE> 22
 4.801635e+02 4.063120e+02 3.300595e+02 2.164982e+02 4.956268e+03 5.429985e+03 9.837579e+02 1.115179e+03 2.936362e+02 3.515820e+02 3.745738e+03 4.440754e+03 4.183320e+02 3.870127e+02 6.504288e+00 1.793316e+00 2.326111e+00 1.170389e+00 2.082489e+00 5.618803e+00 6.153808e+00 6.060927e+00
<GCONST> 1.445108e+02
<MIXTURE> 4 6.250000e-02
<MEAN> 22
 5.626247e+00 7.396933e+00 2.097200e+00 2.472937e+00 4.240775e+01 6.026447e+01 9.090754e+01 8.949603e+01 6.477496e+01 6.448850e+01 1.612133e+02 1.456602e+02 1.107074e+02 1.084495e+02 5.481472e+00 4.070345e+00 5.756289e+00 5.424155e+00 5.274923e+00 4.502147e+00 2.326887e+00 2.587141e+00
<VARIANCE> 22
 4.801635e+02 4.063120e+02 3.300595e+02 2.164982e+02 4.956268e+03 5.429985e+03 9.837579e+02 1.115179e+03 2.936362e+02 3.515820e+02 3.745738e+03 4.440754e+03 4.183320e+02 3.870127e+02 6.504288e+00 1.793316e+00 2.326111e+00 1.170389e+00 2.082489e+00 5.618803e+00 6.153808e+00 6.060927e+00
<GCONST> 1.445108e+02
<MIXTURE> 5 1.250000e-01
<MEAN> 22
 1.000877e+01 1.142837e+01 5.730708e+00 5.415711e+00 5.648789e+01 7.500215e+01 9.718052e+01 9.617494e+01 6.820214e+01 6.823862e+01 1.734538e+02 1.589880e+02 1.147980e+02 1.123840e+02 5.991541e+00 4.338172e+00 6.061321e+00 5.640524e+00 5.563540e+00 4.976227e+00 2.823024e+00 3.079520e+00
<VARIANCE> 22
 4.801635e+02 4.063120e+02 3.300595e+02 2.164982e+02 4.956268e+03 5.429985e+03 9.837579e+02 1.115179e+03 2.936362e+02 3.515820e+02 3.745738e+03 4.440754e+03 4.183320e+02 3.870127e+02 6.504288e+00 1.793316e+00 2.326111e+00 1.170389e+00 2.082489e+00 5.618803e+00 6.153808e+00 6.060927e+00
<GCONST> 1.445108e+02
<MIXTURE> 6 1.250000e-01
<MEAN> 22
 1.243720e+00 3.365497e+00 -1.536308e+00 -4.698384e-01 2.832759e+01 4.552678e+01 8.463456e+01 8.281718e+01 6.134780e+01 6.073840e+01 1.489728e+02 1.323324e+02 1.066168e+02 1.045150e+02 4.971402e+00 3.802515e+00 5.451257e+00 5.207786e+00 4.986305e+00 4.028067e+00 1.830750e+00 2.094762e+00
<VARIANCE> 22
 4.801635e+02 4.063120e+02 3.300595e+02 2.164982e+02 4.956268e+03 5.429985e+03 9.837579e+02 1.115179e+03 2.936362e+02 3.515820e+02 3.745738e+03 4.440754e+03 4.183320e+02 3.870127e+02 6.504288e+00 1.793316e+00 2.326111e+00 1.170389e+00 2.082489e+00 5.618803e+00 6.153808e+00 6.060927e+00
<GCONST> 1.445108e+02
<MIXTURE> 7 1.250000e-01
<MEAN> 22
 1.243716e+00 3.365498e+00 -1.536308e+00 -4.698396e-01 2.832759e+01 4.552678e+01 8.463456e+01 8.281718e+01 6.134781e+01 6.073840e+01 1.489728e+02 1.323324e+02 1.066168e+02 1.045150e+02 4.971401e+00 3.802514e+00 5.451257e+00 5.207786e+00 4.986305e+00 4.028067e+00 1.830750e+00 2.094762e+00
<VARIANCE> 22
 4.801635e+02 4.063120e+02 3.300595e+02 2.164982e+02 4.956268e+03 5.429985e+03 9.837579e+02 1.115179e+03 2.936362e+02 3.515820e+02 3.745738e+03 4.440754e+03 4.183320e+02 3.870127e+02 6.504288e+00 1.793316e+00 2.326111e+00 1.170389e+00 2.082489e+00 5.618803e+00 6.153808e+00 6.060927e+00
<GCONST> 1.445108e+02
<MIXTURE> 8 1.250000e-01
<MEAN> 22
 -7.521334e+00 -4.697377e+00 -8.803324e+00 -6.355390e+00 1.672869e-01 1.605140e+01 7.208860e+01 6.945947e+01 5.449348e+01 5.323820e+01 1.244918e+02 1.056768e+02 9.843556e+01 9.664597e+01 3.951261e+00 3.266857e+00 4.841193e+00 4.775048e+00 4.409072e+00 3.079907e+00 8.384756e-01 1.110004e+00
<VARIANCE> 22
 4.801635e+02 4.063120e+02 3.300595e+02 2.164982e+02 4.956268e+03 5.429985e+03 9.837579e+02 1.115179e+03 2.936362e+02 3.515820e+02 3.745738e+03 4.440754e+03 4.183320e+02 3.870127e+02 6.504288e+00 1.793316e+00 2.326111e+00 1.170389e+00 2.082489e+00 5.618803e+00 6.153808e+00 6.060927e+00
<GCONST> 1.445108e+02
<MIXTURE> 9 6.250000e-02
<MEAN> 22
 1.439130e+01 1.545981e+01 9.364212e+00 8.358484e+00 7.056805e+01 8.973981e+01 1.034535e+02 1.028538e+02 7.162931e+01 7.198872e+01 1.856943e+02 1.723158e+02 1.188886e+02 1.163185e+02 6.501612e+00 4.606001e+00 6.366353e+00 5.856893e+00 5.852156e+00 5.450307e+00 3.319161e+00 3.571899e+00
<VARIANCE> 22
 4.801635e+02 4.063120e+02 3.300595e+02 2.164982e+02 4.956268e+03 5.429985e+03 9.837579e+02 1.115179e+03 2.936362e+02 3.515820e+02 3.745738e+03 4.440754e+03 4.183320e+02 3.870127e+02 6.504288e+00 1.793316e+00 2.326111e+00 1.170389e+00 2.082489e+00 5.618803e+00 6.153808e+00 6.060927e+00
<GCONST> 1.445108e+02
<MIXTURE> 10 6.250000e-02
<MEAN> 22
 5.626243e+00 7.396934e+00 2.097200e+00 2.472936e+00 4.240775e+01 6.026447e+01 9.090754e+01 8.949603e+01 6.477497e+01 6.448850e+01 1.612133e+02 1.456602e+02 1.107074e+02 1.084495e+02 5.481472e+00 4.070343e+00 5.756289e+00 5.424155e+00 5.274922e+00 4.502147e+00 2.326887e+00 2.587141e+00
<VARIANCE> 22
 4.801635e+02 4.063120e+02 3.300595e+02 2.164982e+02 4.956268e+03 5.429985e+03 9.837579e+02 1.115179e+03 2.936362e+02 3.515820e+02 3.745738e+03 4.440754e+03 4.183320e+02 3.870127e+02 6.504288e+00 1.793316e+00 2.326111e+00 1.170389e+00 2.082489e+00 5.618803e+00 6.153808e+00 6.060927e+00
<GCONST> 1.445108e+02
<MIXTURE> 11 6.250000e-02
<MEAN> 22
 5.626243e+00 7.396934e+00 2.097200e+00 2.472935e+00 4.240775e+01 6.026447e+01 9.090754e+01 8.949604e+01 6.477497e+01 6.448850e+01 1.612133e+02 1.456602e+02 1.107074e+02 1.084495e+02 5.481471e+00 4.070343e+00 5.756289e+00 5.424155e+00 5.274922e+00 4.502147e+00 2.326887e+00 2.587141e+00
<VARIANCE> 22
 4.801635e+02 4.063120e+02 3.300595e+02 2.164982e+02 4.956268e+03 5.429985e+03 9.837579e+02 1.115179e+03 2.936362e+02 3.515820e+02 3.745738e+03 4.440754e+03 4.183320e+02 3.870127e+02 6.504288e+00 1.793316e+00 2.326111e+00 1.170389e+00 2.082489e+00 5.618803e+00 6.153808e+00 6.060927e+00
<GCONST> 1.445108e+02
<MIXTURE> 12 6.250000e-02
<MEAN> 22
 -3.138807e+00 -6.659405e-01 -5.169816e+00 -3.412614e+00 1.424744e+01 3.078909e+01 7.836158e+01 7.613832e+01 5.792064e+01 5.698830e+01 1.367323e+02 1.190046e+02 1.025262e+02 1.005805e+02 4.461331e+00 3.534687e+00 5.146225e+00 4.991417e+00 4.697690e+00 3.553987e+00 1.334613e+00 1.602383e+00
<VARIANCE> 22
 4.801635e+02 4.063120e+02 3.300595e+02 2.164982e+02 4.956268e+03 5.429985e+03 9.837579e+02 1.115179e+03 2.936362e+02 3.515820e+02 3.745738e+03 4.440754e+03 4.183320e+02 3.870127e+02 6.504288e+00 1.793316e+00 2.326111e+00 1.170389e+00 2.082489e+00 5.618803e+00 6.153808e+00 6.060927e+00
<GCONST> 1.445108e+02
<TRANSP> 5
 0.000000e+00 1.000000e+00 0.000000e+00 0.000000e+00 0.000000e+00
 0.000000e+00 4.800000e-01 3.200000e-01 2.000000e-01 0.000000e+00
 0.000000e+00 0.000000e+00 6.000000e-01 4.000000e-01 0.000000e+00
 0.000000e+00 2.000000e-01 0.000000e+00 5.600000e-01 2.400000e-01
 0.000000e+00 0.000000e+00 0.000000e+00 0.000000e+00 0.000000e+00
<ENDHMM>
~h "oov"
<BEGINHMM>
<NUMSTATES> 5
<STATE> 2
<NUMMIXES> 12
<MIXTURE> 1 1.530537e-02
<MEAN> 22
 1.209980e+02 1.090452e+02 1.053683e+02 8.694118e+01 3.284142e+02 2.610424e+02 1.064732e+02 9.677185e+01 6.424877e+01 7.170855e+01 2.048522e+02 1.467300e+02 1.171712e+02 1.125579e+02 6.991001e+00 4.081303e+00 6.211073e+00 5.311699e+00 5.997841e+00 4.417041e+00 3.536564e+00 3.782308e+00
<VARIANCE> 22
 4.422011e+04 2.892800e+04 3.582772e+04 2.251081e+04 7.172097e+04 3.527929e+04 3.030624e+02 9.570671e+02 5.535145e+01 2.509268e+02 4.333686e+02 4.510623e+03 1.537330e+02 2.372586e+02 6.504288e-02 1.514686e+00 1.665198e-01 8.100236e-01 2.082489e-02 5.712508e+00 8.764527e+00 7.732274e+00
<GCONST> 1.484357e+02
<MIXTURE> 2 8.219021e-02
<MEAN> 22
 1.341551e+01 1.437480e+01 2.414875e+00 2.680649e+00 1.579739e+02 1.593960e+02 8.950450e+01 9.022353e+01 7.188464e+01 7.060374e+01 5.024969e+01 5.074833e+01 1.060402e+02 1.084121e+02 1.872598e+00 2.196248e+00 5.048661e+00 5.238246e+00 3.032745e+00 1.124426e+00 3.090900e+00 3.000135e+00
<VARIANCE> 22
 2.673961e+02 3.291360e+02 1.130633e+01 1.372642e+01 2.524652e+03 1.629234e+03 7.566915e+02 8.073931e+02 1.503322e+02 1.690131e+02 5.660227e+02 5.354869e+02 3.420822e+02 2.517469e+02 3.701684e-01 3.413495e-01 5.241751e+00 1.370543e+00 4.862064e-01 4.574222e-01 5.362367e+00 5.591754e+00
<GCONST> 1.213444e+02
<MIXTURE> 3 1.687696e-01
<MEAN> 22
 1.126385e+01 7.457356e+00 2.845054e+00 1.777774e+00 9.877667e+01 5.735590e+01 9.276421e+01 8.923804e+01 7.724628e+01 6.274589e+01 1.174176e+02 1.586099e+02 1.044472e+02 1.084061e+02 1.426639e+00 4.368232e+00 5.620856e+00 5.414297e+00 3.985339e+00 5.375671e+00 3.196382e+00 2.948024e+00
<VARIANCE> 22
 1.738017e+02 9.922374e+01 1.462971e+01 6.052415e+00 3.085440e+03 1.711427e+03 1.966610e+03 1.323063e+03 3.592249e+02 1.607272e+02 2.568129e+03 1.330149e+03 2.123271e+02 1.420327e+02 4.649604e+00 4.511847e-01 5.460254e+00 2.767526e-01 5.315462e+00 1.689456e+00 5.502469e+00 6.413373e+00
<GCONST> 1.281576e+02
<MIXTURE> 4 2.505963e-02
<MEAN> 22
 0.000000e+00 0.000000e+00 0.000000e+00 0.000000e+00 5.109982e+02 3.967704e+02 0.000000e+00 0.000000e+00 0.000000e+00 0.000000e+00 0.000000e+00 0.000000e+00 0.000000e+00 0.000000e+00 0.000000e+00 0.000000e+00 0.000000e+00 0.000000e+00 0.000000e+00 0.000000e+00 0.000000e+00 0.000000e+00
<VARIANCE> 22
 4.801635e+00 4.063120e+00 3.300595e+00 2.164982e+00 2.672985e+03 1.681254e+03 9.837578e+00 1.115179e+01 2.936362e+00 3.515820e+00 3.745738e+01 4.440754e+01 4.183320e+00 3.870127e+00 6.504288e-02 1.793316e-02 2.326111e-02 1.170389e-02 2.082489e-02 5.618803e-02 6.153808e-02 6.060927e-02
<GCONST> 5.061755e+01
<MIXTURE> 5 7.027034e-02
<MEAN> 22
 6.399253e+00 6.769347e+00 1.099195e+00 9.846374e-01 1.498715e+02 1.453712e+02 7.534730e+01 7.518999e+01 6.328179e+01 6.111438e+01 3.688674e+01 3.748811e+01 9.991124e+01 1.010312e+02 1.896517e+00 2.086513e+00 6.197388e+00 5.749907e+00 2.999736e+00 1.025270e+00 3.200074e+00 2.996953e+00
<VARIANCE> 22
 6.075359e+01 7.786767e+01 3.300595e+00 2.164982e+00 5.378253e+02 4.759914e+02 2.115160e+02 2.141167e+02 4.339567e+01 6.121711e+01 1.451726e+02 1.544755e+02 6.035936e+01 6.473521e+01 9.851661e-02 8.988822e-02 3.438803e-01 3.443129e-01 2.082489e-02 5.618803e-02 5.756662e+00 5.831632e+00
<GCONST> 9.011140e+01
<MIXTURE> 6 5.694362e-03
<MEAN> 22
 4.599406e+02 3.930161e+02 4.240815e+02 3.394059e+02 9.352208e+00 6.652811e+00 1.614936e+01 1.477814e+01 1.685596e+01 1.476415e+01 2.082545e+01 2.743714e+01 2.133772e+01 2.275910e+01 4.807412e-01 7.931120e-01 1.235965e+00 1.230342e+00 8.889684e-01 9.177721e-01 3.552465e+00 3.646480e+00
<VARIANCE> 22
 1.473356e+04 1.066353e+04 1.190319e+04 8.416313e+03 1.593537e+03 9.873926e+02 1.344107e+03 1.039526e+03 1.105742e+03 8.208072e+02 1.869601e+03 3.197513e+03 1.710439e+03 1.863800e+03 1.718432e+00 2.905567e+00 6.224345e+00 5.429511e+00 3.245725e+00 4.677099e+00 2.540417e+00 2.531675e+00
<GCONST> 1.601536e+02
<MIXTURE> 7 8.396870e-02
<MEAN> 22
 3.772910e+00 1.036110e+01 1.270210e+00 2.650985e+00 3.802744e+01 7.170295e+01 1.116158e+02 9.670441e+01 6.947293e+01 7.715752e+01 2.129429e+02 1.701127e+02 1.269052e+02 1.212874e+02 6.998421e+00 4.458982e+00 6.327414e+00 5.392316e+00 6.000194e+00 5.403439e+00 2.535939e+00 3.060033e+00
<VARIANCE> 22
 3.143710e+01 1.763013e+02 3.433457e+00 1.203168e+01 2.378726e+03 3.385753e+03 2.991489e+02 8.298406e+02 7.108150e+01 4.794613e+02 4.614319e+02 2.418015e+03 1.828203e+02 1.037764e+02 6.504288e-02 7.535238e-01 2.202153e-01 4.246466e-01 2.082489e-02 2.920198e+00 6.314883e+00 5.810432e+00
<GCONST> 1.107279e+02
<MIXTURE> 8 3.774084e-02
<MEAN> 22
 0.000000e+00 0.000000e+00 0.000000e+00 0.000000e+00 0.000000e+00 2.802597e-45 0.000000e+00 0.000000e+00 0.000000e+00 0.000000e+00 0.000000e+00 0.000000e+00 0.000000e+00 0.000000e+00 0.000000e+00 0.000000e+00 0.000000e+00 0.000000e+00 0.000000e+00 0.000000e+00 0.000000e+00 0.000000e+00
<VARIANCE> 22
 4.801635e+00 4.063120e+00 3.300595e+00 2.164982e+00 4.956268e+01 5.429985e+01 9.837578e+00 1.115179e+01 2.936362e+00 3.515820e+00 3.745738e+01 4.440754e+01 4.183320e+00 3.870127e+00 6.504288e-02 1.793316e-02 2.326111e-02 1.170389e-02 2.082489e-02 5.618803e-02 6.153808e-02 6.060927e-02
<GCONST> 4.319706e+01
<MIXTURE> 9 1.680744e-01
<MEAN> 22
 1.227024e+00 9.996636e+00 5.087582e-01 2.264756e+00 6.044984e+00 4.848427e+01 8.781245e+01 6.314877e+01 5.525493e+01 6.620506e+01 1.834608e+02 1.405751e+02 1.097258e+02 1.040059e+02 6.999504e+00 4.411059e+00 6.000000e+00 5.640512e+00 6.000000e+00 5.832610e+00 1.713525e+00 2.681360e+00
<VARIANCE> 22
 4.801635e+00 9.987123e+01 3.300595e+00 6.351980e+00 4.956268e+01 9.550255e+02 5.482288e+01 5.161479e+02 2.438579e+01 2.056035e+02 8.678959e+01 1.056716e+03 3.756649e+01 5.429397e+01 6.504288e-02 4.576323e-01 2.326111e-02 2.303693e-01 2.082489e-02 2.422850e+00 5.215100e+00 4.586779e+00
<GCONST> 8.967599e+01
<MIXTURE> 10 7.249306e-02
<MEAN> 22
 4.488904e+00 5.034894e+00 1.029567e+00 9.936836e-01 1.031085e+02 1.034620e+02 5.403614e+01 5.324203e+01 6.149146e+01 5.702394e+01 6.080735e+01 6.356402e+01 9.666338e+01 9.667857e+01 1.730036e+00 2.171212e+00 6.270279e+00 5.785430e+00 3.364298e+00 6.526502e-01 3.119687e+00 3.051249e+00
<VARIANCE> 22
 3.046494e+01 4.166249e+01 3.300595e+00 2.164982e+00 1.647361e+03 1.141318e+03 3.028001e+02 3.019806e+02 6.538914e+01 7.414364e+01 3.460545e+02 3.012642e+02 6.677503e+01 7.804527e+01 5.255620e-01 6.219361e-01 3.326648e-01 4.323198e-01 4.475547e-01 4.626971e-01 6.229500e+00 6.431309e+00
<GCONST> 1.030743e+02
<MIXTURE> 11 1.577935e-01
<MEAN> 22
 7.030341e-01 6.826163e+00 3.667084e-01 1.655832e+00 5.929451e+00 1.146695e+02 8.165054e+01 7.118092e+01 5.248468e+01 6.928189e+01 1.728211e+02 6.796335e+01 1.043179e+02 9.214896e+01 6.999982e+00 2.784346e+00 6.000000e+00 5.097554e+00 5.999817e+00 1.857373e+00 1.247410e+00 3.085237e+00
<VARIANCE> 22
 4.801635e+00 6.439144e+01 3.300595e+00 3.488460e+00 4.956268e+01 2.225119e+03 7.832082e+01 1.325211e+03 2.755427e+01 3.047285e+02 2.083532e+02 8.774028e+02 5.332436e+01 1.007862e+02 6.504288e-02 8.539026e-01 2.326111e-02 1.068634e+00 2.082489e-02 4.803323e+00 4.391722e+00 5.915542e+00
<GCONST> 9.588268e+01
<MIXTURE> 12 1.126338e-01
<MEAN> 22
 4.301797e+00 1.080207e+01 1.130508e+00 3.794629e+00 3.004184e+01 1.083677e+02 8.544527e+01 8.927737e+01 6.082716e+01 7.645312e+01 1.766431e+02 8.974455e+01 1.068935e+02 9.869622e+01 6.996334e+00 3.253582e+00 6.318297e+00 4.857670e+00 5.995287e+00 3.023746e+00 2.540802e+00 3.118909e+00
<VARIANCE> 22
 3.614544e+01 1.550617e+02 3.300595e+00 2.455003e+01 8.606531e+02 5.467978e+03 3.492529e+02 2.006828e+03 6.731422e+01 6.174680e+02 6.818030e+02 2.208229e+03 1.737868e+02 1.859325e+02 6.504288e-02 1.491204e+00 2.169836e-01 1.250773e+00 2.082489e-02 6.175943e+00 6.136595e+00 5.654583e+00
<GCONST> 1.153854e+02
<STATE> 3
<NUMMIXES> 12
<MIXTURE> 1 8.906501e-02
<MEAN> 22
 8.005919e+00 4.339461e+00 2.328208e+00 1.251231e+00 3.699489e+01 2.844165e+01 1.124430e+02 1.066029e+02 7.582478e+01 6.464820e+01 2.130829e+02 2.112766e+02 1.300828e+02 1.271861e+02 6.995390e+00 5.000186e+00 6.476963e+00 5.829130e+00 5.975980e+00 5.989590e+00 2.806498e+00 2.375586e+00
<VARIANCE> 22
 1.152685e+02 4.304873e+01 1.126207e+01 2.933265e+00 1.435533e+03 7.710616e+02 1.419560e+03 3.866797e+02 2.140620e+02 1.210444e+02 2.201670e+03 9.514890e+02 7.006542e+02 2.819971e+02 6.504288e-02 1.793316e-02 2.494721e-01 1.416622e-01 8.107337e-02 5.618803e-02 6.168689e+00 6.054575e+00
<GCONST> 1.046169e+02
<MIXTURE> 2 1.097791e-01
<MEAN> 22
 1.113362e+00 1.319631e+01 4.676948e-01 4.025317e+00 6.761718e+00 1.977170e+02 1.169971e+02 1.261942e+02 6.897028e+01 9.965137e+01 2.240306e+02 6.268019e+01 1.323823e+02 1.132211e+02 6.999997e+00 2.407528e+00 6.270525e+00 4.178067e+00 6.000001e+00 1.339850e+00 1.712901e+00 3.212255e+00
<VARIANCE> 22
 4.801635e+00 2.893328e+02 3.300595e+00 3.131283e+01 4.956268e+01 2.572447e+03 2.747189e+02 2.053555e+03 6.099252e+01 6.164870e+02 3.938201e+02 1.003252e+03 1.681605e+02 1.892238e+02 6.504288e-02 3.128128e-01 1.973614e-01 1.251873e+00 2.082489e-02 8.396270e-01 5.640375e+00 5.530212e+00
<GCONST> 1.051972e+02
<MIXTURE> 3 5.191587e-02
<MEAN> 22
 1.347385e+01 1.299709e+01 2.047435e+00 2.375686e+00 1.052027e+02 1.087980e+02 5.647260e+01 5.636192e+01 6.735760e+01 6.347192e+01 7.083874e+01 6.875670e+01 1.036492e+02 1.048329e+02 1.815346e+00 2.200874e+00 6.085777e+00 5.794111e+00 3.582247e+00 6.224063e-01 3.058104e+00 3.109183e+00
<VARIANCE> 22
 2.596920e+02 2.232779e+02 6.668305e+00 9.364208e+00 2.472906e+03 1.704879e+03 3.800932e+02 3.953045e+02 1.328277e+02 1.164238e+02 6.541006e+02 5.188245e+02 2.002057e+02 1.445964e+02 8.891633e-01 7.023626e-01 4.452012e-01 4.390519e-01 4.934991e-01 4.072433e-01 5.764967e+00 5.661852e+00
<GCONST> 1.151422e+02
<MIXTURE> 4 1.251679e-01
<MEAN> 22
 1.455185e+01 1.730954e+00 4.459394e+00 8.958240e-01 1.534458e+02 1.892202e+01 1.137561e+02 1.081617e+02 9.876142e+01 6.089424e+01 7.964492e+01 2.109458e+02 1.095394e+02 1.245285e+02 1.266957e+00 5.000062e+00 3.785958e+00 5.793465e+00 3.243416e+00 5.991130e+00 3.473622e+00 2.220117e+00
<VARIANCE> 22
 2.942792e+02 7.219420e+00 3.615742e+01 2.164982e+00 4.998788e+03 6.317526e+02 2.607998e+03 1.064782e+02 5.313345e+02 4.357220e+01 2.043694e+03 1.505430e+02 2.757154e+02 6.024994e+01 5.947600e-01 1.793316e-02 9.132142e+00 1.638910e-01 1.838064e+00 5.618803e-02 6.025852e+00 5.995069e+00
<GCONST> 1.095383e+02
<MIXTURE> 5 1.081743e-01
<MEAN> 22
 1.487586e+00 1.597021e+01 7.074414e-01 5.724975e+00 6.536582e+00 1.724314e+02 8.844917e+01 1.202174e+02 5.458714e+01 8.836693e+01 1.845258e+02 6.030037e+01 1.098383e+02 9.008669e+01 6.999418e+00 2.431147e+00 6.000081e+00 4.043028e+00 6.000000e+00 1.400762e+00 1.992267e+00 3.509342e+00
<VARIANCE> 22
 6.443083e+00 2.136284e+02 3.300595e+00 3.548419e+01 4.956268e+01 2.188144e+03 7.404259e+01 2.024552e+03 3.231569e+01 5.864852e+02 1.206730e+02 6.783641e+02 4.208712e+01 2.081917e+02 6.504288e-02 2.489748e-01 2.326111e-02 1.456551e+00 2.082489e-02 4.916275e-01 6.277267e+00 5.016602e+00
<GCONST> 9.753622e+01
<MIXTURE> 6 5.088378e-02
<MEAN> 22
 7.858528e+00 2.036747e+00 2.904016e+00 1.181904e+00 6.315590e+01 1.968792e+01 9.434297e+01 3.671742e+01 8.531590e+01 5.782632e+01 6.007071e+01 1.092931e+02 9.630559e+01 1.017477e+02 1.556855e+00 3.707301e+00 4.151417e+00 5.702267e+00 3.191113e+00 4.456859e+00 3.270745e+00 2.177909e+00
<VARIANCE> 22
 8.797229e+01 7.869602e+00 1.530544e+01 3.528557e+00 1.474969e+03 1.855626e+02 2.136428e+03 1.363742e+02 4.652991e+02 2.853849e+01 9.360956e+02 2.742028e+02 1.826438e+02 5.315892e+01 5.763618e-01 4.093869e-01 8.146579e+00 2.090828e-01 7.408511e-01 9.442858e+00 6.174555e+00 5.593896e+00
<GCONST> 1.117707e+02
<MIXTURE> 7 5.176072e-02
<MEAN> 22
 1.963807e+01 2.136362e+01 6.404358e+00 6.109910e+00 9.582361e+01 1.080936e+02 7.892264e+01 8.578472e+01 7.446590e+01 7.209642e+01 1.219204e+02 1.149012e+02 1.004248e+02 1.037585e+02 2.881759e+00 3.439110e+00 5.678188e+00 5.005749e+00 4.388695e+00 3.718662e+00 3.262271e+00 3.408817e+00
<VARIANCE> 22
 6.716475e+02 8.631245e+02 1.048890e+02 6.975231e+01 8.104606e+03 6.647792e+03 1.986741e+03 2.417773e+03 4.214112e+02 5.688066e+02 3.252352e+03 2.997486e+03 1.070822e+03 5.406327e+02 7.727432e+00 1.910258e+00 3.734804e+00 1.484163e+00 3.501450e+00 6.475623e+00 6.167481e+00 5.584795e+00
<GCONST> 1.486024e+02
<MIXTURE> 8 5.777170e-02
<MEAN> 22
 7.075062e+00 8.066598e+00 1.116945e+00 9.965454e-01 7.355045e+01 7.464714e+01 2.494993e+01 2.686313e+01 6.498027e+01 6.012606e+01 8.763502e+01 8.808416e+01 1.028509e+02 1.019168e+02 2.139824e+00 1.795075e+00 5.999998e+00 6.000000e+00 4.045558e+00 3.269011e-03 2.746922e+00 2.518405e+00
<VARIANCE> 22
 9.944864e+01 1.164382e+02 3.300595e+00 2.164982e+00 1.758573e+03 1.431577e+03 1.319879e+02 8.705541e+01 4.866574e+01 4.419692e+01 1.703434e+02 1.514126e+02 6.578497e+01 5.667552e+01 1.200892e+00 1.186785e+00 2.326111e-02 1.170389e-02 5.153345e-02 5.618803e-02 6.051200e+00 6.222476e+00
<GCONST> 9.182943e+01
<MIXTURE> 9 7.863311e-02
<MEAN> 22
 7.000262e-01 4.595059e+00 3.588446e-01 1.459830e+00 4.541913e+00 1.794641e+02 8.734382e+01 1.203301e+02 5.534940e+01 8.663049e+01 1.832099e+02 3.556710e+01 1.096821e+02 9.019186e+01 6.999851e+00 2.111383e+00 6.000250e+00 3.680133e+00 6.000000e+00 1.214221e+00 1.340275e+00 2.737095e+00
<VARIANCE> 22
 4.801635e+00 3.262436e+01 3.300595e+00 2.431925e+00 4.956268e+01 5.607079e+02 3.237434e+01 4.563330e+02 2.082916e+01 3.651078e+02 4.916921e+01 2.234366e+02 2.168294e+01 1.070869e+02 6.504288e-02 9.960333e-02 2.326111e-02 1.065796e+00 2.082489e-02 2.266586e-01 5.033910e+00 5.870399e+00
<GCONST> 8.268791e+01
<MIXTURE> 10 8.646166e-02
<MEAN> 22
 1.106965e+00 2.812005e+01 5.724910e-01 6.241777e+00 6.823923e+00 6.337952e+01 9.662212e+01 6.981715e+01 5.888446e+01 7.442849e+01 1.963982e+02 1.379324e+02 1.159858e+02 1.079229e+02 6.999609e+00 4.144268e+00 6.000736e+00 5.426525e+00 6.000000e+00 5.166064e+00 1.887280e+00 4.737163e+00
<VARIANCE> 22
 4.801635e+00 4.258748e+02 3.300595e+00 3.361768e+01 4.956268e+01 1.022898e+03 1.808277e+02 7.469568e+02 5.031926e+01 2.310138e+02 3.831541e+02 1.576578e+03 1.260596e+02 1.506153e+02 6.504288e-02 6.360313e-01 2.326111e-02 2.481554e-01 2.082489e-02 4.796507e+00 5.832372e+00 3.818888e+00
<GCONST> 1.003963e+02
<MIXTURE> 11 1.203690e-01
<MEAN> 22
 8.040279e+00 1.253695e+00 2.536429e+00 6.633462e-01 1.394034e+02 1.803049e+01 1.040262e+02 8.650490e+01 7.897422e+01 5.073257e+01 5.215495e+01 1.808275e+02 8.784343e+01 1.071855e+02 1.596228e+00 5.000005e+00 3.422843e+00 5.837787e+00 2.894017e+00 5.993948e+00 3.194354e+00 1.975934e+00
<VARIANCE> 22
 1.061674e+02 4.063120e+00 1.013051e+01 2.164982e+00 3.414146e+03 5.750409e+02 1.821381e+03 8.565710e+01 4.763852e+02 3.612971e+01 8.704898e+02 1.554630e+02 2.490925e+02 6.174043e+01 3.886531e-01 1.793316e-02 8.102774e+00 1.358981e-01 8.904672e-01 5.618803e-02 6.058299e+00 5.704146e+00
<GCONST> 1.029234e+02
<MIXTURE> 12 7.000867e-02
<MEAN> 22
 7.104587e-01 3.126878e+00 3.329195e-01 1.296805e+00 5.577884e+00 1.559589e+02 8.027525e+01 9.931525e+01 5.146901e+01 6.999989e+01 1.729504e+02 2.832379e+01 1.038978e+02 8.424624e+01 6.999969e+00 2.000000e+00 6.002015e+00 4.393141e+00 6.000000e+00 1.111745e+00 9.634494e-01 2.599849e+00
<VARIANCE> 22
 4.801635e+00 1.666137e+01 3.300595e+00 2.164982e+00 4.956268e+01 6.584892e+02 3.248312e+01 5.185060e+02 1.945291e+01 2.575425e+02 7.020783e+01 1.511025e+02 3.159103e+01 1.663912e+02 6.504288e-02 1.793316e-02 2.326111e-02 1.897673e+00 2.082489e-02 3.293391e-01 3.398445e+00 6.194852e+00
<GCONST> 8.145313e+01
<STATE> 4
<NUMMIXES> 12
<MIXTURE> 1 7.590184e-02
<MEAN> 22
 4.328027e+00 4.651864e+00 1.678079e+00 1.937964e+00 2.123426e+01 1.987365e+01 1.210248e+02 1.130607e+02 7.506922e+01 6.515878e+01 2.230552e+02 2.170093e+02 1.344000e+02 1.286758e+02 6.998225e+00 5.000869e+00 6.466612e+00 5.709073e+00 6.000960e+00 5.976469e+00 2.832911e+00 2.947174e+00
<VARIANCE> 22
 2.391842e+01 2.964685e+01 3.950570e+00 5.610349e+00 2.814921e+02 2.490853e+02 2.009892e+02 1.190473e+02 5.485501e+01 6.429085e+01 2.060485e+02 1.655379e+02 9.157285e+01 6.178089e+01 6.504288e-02 1.793316e-02 2.488779e-01 2.062840e-01 2.082489e-02 5.618803e-02 6.075228e+00 6.217033e+00
<GCONST> 8.574034e+01
<MIXTURE> 2 8.091367e-02
<MEAN> 22
 1.360475e+01 8.826657e+00 3.466753e+00 2.586890e+00 3.831613e+01 2.286042e+01 7.857456e+01 8.746587e+01 6.705571e+01 5.802264e+01 1.687649e+02 1.829114e+02 1.099308e+02 1.122827e+02 5.955538e+00 5.000045e+00 6.342335e+00 5.762899e+00 5.874249e+00 5.992106e+00 3.682783e+00 3.031199e+00
<VARIANCE> 22
 1.763083e+02 1.209796e+02 1.549026e+01 1.241810e+01 6.543939e+02 3.933111e+02 6.139001e+02 2.781548e+02 1.400052e+02 8.393778e+01 8.412031e+02 4.258872e+02 1.430737e+02 9.127976e+01 5.807809e+00 1.793316e-02 2.252287e-01 1.808864e-01 2.609142e-01 5.618803e-02 5.850051e+00 5.950243e+00
<GCONST> 1.056697e+02
<MIXTURE> 3 6.860071e-02
<MEAN> 22
 3.465595e+00 4.105597e+00 1.204780e+00 1.417936e+00 1.014702e+01 1.207636e+01 9.792084e+01 9.707752e+01 6.078419e+01 5.656897e+01 1.969052e+02 1.967036e+02 1.168076e+02 1.176881e+02 6.998030e+00 5.000001e+00 6.000056e+00 6.000000e+00 6.000000e+00 6.000000e+00 2.957205e+00 2.967181e+00
<VARIANCE> 22
 1.686398e+01 2.010363e+01 3.300595e+00 2.743905e+00 6.075548e+01 6.358124e+01 4.815057e+01 5.462083e+01 2.222974e+01 3.319509e+01 4.605216e+01 5.932924e+01 2.357676e+01 1.452377e+01 6.504288e-02 1.793316e-02 2.326111e-02 1.170389e-02 2.082489e-02 5.618803e-02 6.424236e+00 6.284597e+00
<GCONST> 6.693445e+01
<MIXTURE> 4 4.912081e-02
<MEAN> 22
 1.275286e+01 6.389575e+00 3.538181e+00 1.822670e+00 1.474078e+02 8.313046e+01 1.074464e+02 1.006335e+02 8.161089e+01 6.508792e+01 8.904568e+01 1.462237e+02 1.041262e+02 1.108267e+02 1.379024e+00 3.899190e+00 4.613958e+00 5.334575e+00 2.839081e+00 4.164223e+00 2.910990e+00 2.783332e+00
<VARIANCE> 22
 2.684450e+02 1.059038e+02 2.625827e+01 8.191694e+00 6.238866e+03 6.453772e+03 2.010923e+03 1.361690e+03 5.276522e+02 3.015829e+02 3.510045e+03 4.098422e+03 4.853083e+02 3.079456e+02 1.696351e+00 1.503411e+00 8.454329e+00 8.222156e-01 3.185322e+00 4.607583e+00 5.378193e+00 5.914260e+00
<GCONST> 1.377884e+02
<MIXTURE> 5 6.816594e-02
<MEAN> 22
 1.559510e+00 8.001027e+00 6.603268e-01 2.618833e+00 6.966483e+00 2.323158e+01 8.577030e+01 8.260432e+01 5.460737e+01 5.769326e+01 1.802334e+02 1.736407e+02 1.085661e+02 1.064626e+02 6.999436e+00 4.999946e+00 6.000084e+00 5.605211e+00 6.000000e+00 6.003700e+00 2.044592e+00 3.523292e+00
<VARIANCE> 22
 5.306055e+00 5.783197e+01 3.300595e+00 7.271686e+00 4.956268e+01 3.903359e+02 3.710475e+01 1.674604e+02 2.229240e+01 6.888013e+01 5.703407e+01 1.600025e+02 2.031090e+01 3.052601e+01 6.504288e-02 1.793316e-02 2.326111e-02 2.389230e-01 2.082489e-02 5.618803e-02 5.902017e+00 5.672879e+00
<GCONST> 7.564163e+01
<MIXTURE> 6 1.250968e-01
<MEAN> 22
 9.552066e-01 9.731908e-01 4.224606e-01 4.952939e-01 5.701970e+00 5.120872e+00 1.137025e+02 1.110611e+02 6.964196e+01 6.631044e+01 2.265470e+02 2.242116e+02 1.342528e+02 1.335637e+02 6.999999e+00 5.000000e+00 6.021186e+00 6.000000e+00 6.000000e+00 6.000000e+00 1.667689e+00 1.474129e+00
<VARIANCE> 22
 4.801635e+00 4.063120e+00 3.300595e+00 2.164982e+00 4.956268e+01 5.429985e+01 8.064668e+01 3.701389e+01 3.517293e+01 1.531659e+01 4.420224e+01 1.070964e+02 1.943958e+01 2.881118e+01 6.504288e-02 1.793316e-02 2.326111e-02 1.170389e-02 2.082489e-02 5.618803e-02 5.188488e+00 4.712666e+00
<GCONST> 6.383305e+01
<MIXTURE> 7 5.478406e-02
<MEAN> 22
 1.302470e+00 1.150501e+01 6.350075e-01 3.433892e+00 1.898145e+01 1.604088e+02 8.591669e+01 1.082224e+02 6.235183e+01 8.367235e+01 1.782184e+02 5.423346e+01 1.104349e+02 9.631830e+01 6.260557e+00 2.376624e+00 6.181947e+00 4.274356e+00 5.899437e+00 1.254472e+00 1.819677e+00 2.818090e+00
<VARIANCE> 22
 4.805508e+00 2.051886e+02 3.300595e+00 2.050196e+01 7.794053e+02 2.304750e+03 4.936240e+02 1.751271e+03 2.020415e+02 5.905317e+02 9.821703e+02 7.396990e+02 1.784747e+02 2.785692e+02 4.334847e+00 2.517000e-01 1.559144e-01 1.405241e+00 1.527192e-01 5.192328e-01 5.674840e+00 4.996719e+00
<GCONST> 1.149916e+02
<MIXTURE> 8 7.706078e-02
<MEAN> 22
 9.979160e+00 1.534797e+01 1.491278e+00 2.763980e+00 4.957278e+01 5.978032e+01 5.620892e+01 4.911161e+01 6.294830e+01 6.306519e+01 1.374654e+02 1.219227e+02 1.034025e+02 1.012037e+02 4.122634e+00 4.145553e+00 6.223423e+00 5.604383e+00 5.350751e+00 5.395740e+00 2.922069e+00 2.913007e+00
<VARIANCE> 22
 1.558946e+02 2.479729e+02 3.686882e+00 1.369110e+01 1.186710e+03 8.327244e+02 7.855721e+02 5.204286e+02 9.774300e+01 1.657770e+02 1.336859e+03 6.150024e+02 1.085416e+02 8.302758e+01 9.697105e+00 1.460371e+00 1.800207e-01 2.478455e-01 7.419685e-01 5.581108e+00 5.983875e+00 5.021542e+00
<GCONST> 1.184257e+02
<MIXTURE> 9 1.126151e-01
<MEAN> 22
 1.039413e+00 1.187227e+00 4.679950e-01 5.040331e-01 5.220235e+00 5.726095e+00 9.150652e+01 9.097250e+01 5.830714e+01 5.613972e+01 1.893453e+02 1.893883e+02 1.132290e+02 1.145032e+02 6.999970e+00 5.000000e+00 6.000505e+00 6.000000e+00 6.000000e+00 6.000000e+00 1.961743e+00 1.834312e+00
<VARIANCE> 22
 4.801635e+00 4.063120e+00 3.300595e+00 2.164982e+00 4.956268e+01 5.429985e+01 2.075204e+01 1.685228e+01 7.993443e+00 1.630531e+01 3.745738e+01 4.440754e+01 2.621979e+01 6.937777e+00 6.504288e-02 1.793316e-02 2.326111e-02 1.170389e-02 2.082489e-02 5.618803e-02 5.595780e+00 5.561431e+00
<GCONST> 5.834043e+01
<MIXTURE> 10 8.420341e-02
<MEAN> 22
 1.405613e+00 1.528334e+00 4.907553e-01 6.056939e-01 6.732920e+00 6.994452e+00 8.012572e+01 7.915546e+01 5.094108e+01 4.725843e+01 1.688729e+02 1.690451e+02 1.024560e+02 1.005776e+02 6.999841e+00 5.000021e+00 6.004790e+00 6.000000e+00 6.000000e+00 6.000000e+00 2.049795e+00 2.121659e+00
<VARIANCE> 22
 4.898313e+00 4.063120e+00 3.300595e+00 2.164982e+00 4.956268e+01 5.429985e+01 3.168213e+01 2.827097e+01 1.357639e+01 2.663978e+01 4.473121e+01 4.440754e+01 1.458108e+01 1.659403e+01 6.504288e-02 1.793316e-02 2.326111e-02 1.170389e-02 2.082489e-02 5.618803e-02 5.932153e+00 6.030371e+00
<GCONST> 6.092351e+01
<MIXTURE> 11 8.472397e-02
<MEAN> 22
 1.336018e+00 1.388437e+00 5.825135e-01 6.070974e-01 8.636099e+00 8.885785e+00 1.094300e+02 1.085001e+02 6.829809e+01 6.493944e+01 2.057214e+02 2.055689e+02 1.215133e+02 1.210884e+02 6.999944e+00 5.000001e+00 6.292830e+00 5.797043e+00 6.000028e+00 5.996054e+00 2.017865e+00 1.859736e+00
<VARIANCE> 22
 4.801635e+00 4.063120e+00 3.300595e+00 2.164982e+00 4.956268e+01 5.690623e+01 4.679145e+01 1.014434e+02 2.203775e+01 5.211253e+01 8.373087e+01 5.646243e+01 3.790212e+01 2.158456e+01 6.504288e-02 1.793316e-02 2.070777e-01 1.617666e-01 2.082489e-02 5.618803e-02 5.417941e+00 5.207380e+00
<GCONST> 7.043395e+01
<MIXTURE> 12 1.187792e-01
<MEAN> 22
 7.795691e-01 1.172419e+00 3.202676e-01 5.023195e-01 3.869843e+00 5.934066e+00 8.476617e+01 8.501980e+01 5.558266e+01 5.489020e+01 1.792342e+02 1.795906e+02 1.090402e+02 1.083383e+02 6.999905e+00 5.000000e+00 6.000978e+00 6.000000e+00 6.000000e+00 6.000000e+00 1.336640e+00 1.643984e+00
<VARIANCE> 22
 4.801635e+00 4.063120e+00 3.300595e+00 2.164982e+00 4.956268e+01 5.429985e+01 1.572311e+01 1.787385e+01 7.073936e+00 2.683905e+01 3.745738e+01 4.440754e+01 9.699520e+00 7.063259e+00 6.504288e-02 1.793316e-02 2.326111e-02 1.170389e-02 2.082489e-02 5.618803e-02 4.265142e+00 5.038878e+00
<GCONST> 5.715121e+01
<TRANSP> 5
 0.000000e+00 1.000000e+00 0.000000e+00 0.000000e+00 0.000000e+00
 0.000000e+00 7.340285e-01 2.659716e-01 0.000000e+00 0.000000e+00
 0.000000e+00 0.000000e+00 8.448415e-01 1.551585e-01 0.000000e+00
 0.000000e+00 0.000000e+00 0.000000e+00 9.079437e-01 9.205624e-02
 0.000000e+00 0.000000e+00 0.000000e+00 0.000000e+00 0.000000e+00
<ENDHMM>
