~o
<STREAMINFO> 1 22
<VECSIZE> 22<NULLD><MFCC_0><DIAGC>
~h "SIL"
<BEGINHMM>
<NUMSTATES> 5
<STATE> 2
<MEAN> 22
 5.626247e+00 7.396932e+00 2.097200e+00 2.472937e+00 4.240775e+01 6.026446e+01 9.090754e+01 8.949604e+01 6.477496e+01 6.448850e+01 1.612133e+02 1.456602e+02 1.107074e+02 1.084495e+02 5.481471e+00 4.070344e+00 5.756289e+00 5.424155e+00 5.274922e+00 4.502147e+00 2.326887e+00 2.587141e+00
<VARIANCE> 22
 4.801635e+02 4.063120e+02 3.300595e+02 2.164982e+02 4.956268e+03 5.429985e+03 9.837579e+02 1.115179e+03 2.936362e+02 3.515820e+02 3.745738e+03 4.440754e+03 4.183320e+02 3.870127e+02 6.504288e+00 1.793316e+00 2.326111e+00 1.170389e+00 2.082489e+00 5.618803e+00 6.153808e+00 6.060927e+00
<GCONST> 1.445108e+02
<STATE> 3
<MEAN> 22
 5.626247e+00 7.396932e+00 2.097200e+00 2.472937e+00 4.240775e+01 6.026446e+01 9.090754e+01 8.949604e+01 6.477496e+01 6.448850e+01 1.612133e+02 1.456602e+02 1.107074e+02 1.084495e+02 5.481471e+00 4.070344e+00 5.756289e+00 5.424155e+00 5.274922e+00 4.502147e+00 2.326887e+00 2.587141e+00
<VARIANCE> 22
 4.801635e+02 4.063120e+02 3.300595e+02 2.164982e+02 4.956268e+03 5.429985e+03 9.837579e+02 1.115179e+03 2.936362e+02 3.515820e+02 3.745738e+03 4.440754e+03 4.183320e+02 3.870127e+02 6.504288e+00 1.793316e+00 2.326111e+00 1.170389e+00 2.082489e+00 5.618803e+00 6.153808e+00 6.060927e+00
<GCONST> 1.445108e+02
<STATE> 4
<MEAN> 22
 5.626247e+00 7.396932e+00 2.097200e+00 2.472937e+00 4.240775e+01 6.026446e+01 9.090754e+01 8.949604e+01 6.477496e+01 6.448850e+01 1.612133e+02 1.456602e+02 1.107074e+02 1.084495e+02 5.481471e+00 4.070344e+00 5.756289e+00 5.424155e+00 5.274922e+00 4.502147e+00 2.326887e+00 2.587141e+00
<VARIANCE> 22
 4.801635e+02 4.063120e+02 3.300595e+02 2.164982e+02 4.956268e+03 5.429985e+03 9.837579e+02 1.115179e+03 2.936362e+02 3.515820e+02 3.745738e+03 4.440754e+03 4.183320e+02 3.870127e+02 6.504288e+00 1.793316e+00 2.326111e+00 1.170389e+00 2.082489e+00 5.618803e+00 6.153808e+00 6.060927e+00
<GCONST> 1.445108e+02
<TRANSP> 5
 0.000000e+00 1.000000e+00 0.000000e+00 0.000000e+00 0.000000e+00
 0.000000e+00 6.000000e-01 4.000000e-01 0.000000e+00 0.000000e+00
 0.000000e+00 0.000000e+00 6.000000e-01 4.000000e-01 0.000000e+00
 0.000000e+00 0.000000e+00 0.000000e+00 7.000000e-01 3.000000e-01
 0.000000e+00 0.000000e+00 0.000000e+00 0.000000e+00 0.000000e+00
<ENDHMM>
~h "oov"
<BEGINHMM>
<NUMSTATES> 5
<STATE> 2
<MEAN> 22
 1.806162e+01 1.773090e+01 1.292668e+01 1.099337e+01 8.879263e+01 1.038443e+02 7.521917e+01 7.550265e+01 5.592186e+01 5.715325e+01 1.191576e+02 9.816760e+01 8.869373e+01 8.621842e+01 3.891886e+00 2.931964e+00 4.560780e+00 4.226713e+00 4.045660e+00 2.998337e+00 2.117838e+00 2.343968e+00
<VARIANCE> 22
 5.934143e+03 4.290432e+03 4.860239e+03 3.115756e+03 2.028903e+04 1.324951e+04 2.299737e+03 2.463947e+03 1.037180e+03 1.115079e+03 6.724212e+03 5.980514e+03 2.101028e+03 1.943434e+03 9.827754e+00 3.455412e+00 7.385599e+00 5.059606e+00 5.737381e+00 7.235731e+00 6.071835e+00 5.973680e+00
<GCONST> 1.701347e+02
<STATE> 3
<MEAN> 22
 7.447852e+00 9.294532e+00 1.983842e+00 2.588387e+00 7.419093e+01 1.034686e+02 8.864323e+01 9.104401e+01 6.978048e+01 7.102756e+01 1.262643e+02 1.054379e+02 1.064250e+02 1.037328e+02 4.020050e+00 3.258363e+00 5.403785e+00 5.088656e+00 4.517182e+00 3.077684e+00 2.640789e+00 2.870673e+00
<VARIANCE> 22
 1.562926e+02 2.019668e+02 1.277550e+01 1.726226e+01 6.159040e+03 6.186974e+03 1.461624e+03 1.735402e+03 3.871827e+02 4.928877e+02 4.592693e+03 4.286834e+03 3.104864e+02 2.717889e+02 7.940992e+00 1.861135e+00 4.077539e+00 1.383563e+00 2.769974e+00 6.468572e+00 6.380507e+00 5.949390e+00
<GCONST> 1.396349e+02
<STATE> 4
<MEAN> 22
 3.224582e+00 5.178525e+00 9.798185e-01 1.476168e+00 1.910953e+01 3.075459e+01 9.389156e+01 9.010458e+01 6.285806e+01 6.150919e+01 1.858069e+02 1.738759e+02 1.155382e+02 1.135533e+02 6.493151e+00 4.660085e+00 6.088397e+00 5.746808e+00 5.842721e+00 5.482700e+00 2.169111e+00 2.450698e+00
<VARIANCE> 22
 4.614017e+01 8.145388e+01 3.825366e+00 6.182967e+00 1.246597e+03 1.998649e+03 5.274807e+02 5.895789e+02 1.321496e+02 1.486889e+02 1.444158e+03 2.395441e+03 2.107005e+02 1.936739e+02 2.855082e+00 7.071126e-01 4.383912e-01 3.013185e-01 4.735020e-01 2.575969e+00 5.942616e+00 6.061313e+00
<GCONST> 1.172244e+02
<TRANSP> 5
 0.000000e+00 1.000000e+00 0.000000e+00 0.000000e+00 0.000000e+00
 0.000000e+00 2.659027e-01 7.340973e-01 0.000000e+00 0.000000e+00
 0.000000e+00 0.000000e+00 8.607895e-01 1.392104e-01 0.000000e+00
 0.000000e+00 0.000000e+00 0.000000e+00 9.201421e-01 7.985790e-02
 0.000000e+00 0.000000e+00 0.000000e+00 0.000000e+00 0.000000e+00
<ENDHMM>
