~o
<STREAMINFO> 1 22
<VECSIZE> 22<NULLD><MFCC_0><DIAGC>
~h "SIL"
<BEGINHMM>
<NUMSTATES> 5
<STATE> 2
<MEAN> 22
 5.626247e+00 7.396932e+00 2.097200e+00 2.472937e+00 4.240775e+01 6.026446e+01 9.090754e+01 8.949604e+01 6.477496e+01 6.448850e+01 1.612133e+02 1.456602e+02 1.107074e+02 1.084495e+02 5.481471e+00 4.070344e+00 5.756289e+00 5.424155e+00 5.274922e+00 4.502147e+00 2.326887e+00 2.587141e+00
<VARIANCE> 22
 4.801635e+02 4.063120e+02 3.300595e+02 2.164982e+02 4.956268e+03 5.429985e+03 9.837579e+02 1.115179e+03 2.936362e+02 3.515820e+02 3.745738e+03 4.440754e+03 4.183320e+02 3.870127e+02 6.504288e+00 1.793316e+00 2.326111e+00 1.170389e+00 2.082489e+00 5.618803e+00 6.153808e+00 6.060927e+00
<GCONST> 1.445108e+02
<STATE> 3
<MEAN> 22
 5.626247e+00 7.396932e+00 2.097200e+00 2.472937e+00 4.240775e+01 6.026446e+01 9.090754e+01 8.949604e+01 6.477496e+01 6.448850e+01 1.612133e+02 1.456602e+02 1.107074e+02 1.084495e+02 5.481471e+00 4.070344e+00 5.756289e+00 5.424155e+00 5.274922e+00 4.502147e+00 2.326887e+00 2.587141e+00
<VARIANCE> 22
 4.801635e+02 4.063120e+02 3.300595e+02 2.164982e+02 4.956268e+03 5.429985e+03 9.837579e+02 1.115179e+03 2.936362e+02 3.515820e+02 3.745738e+03 4.440754e+03 4.183320e+02 3.870127e+02 6.504288e+00 1.793316e+00 2.326111e+00 1.170389e+00 2.082489e+00 5.618803e+00 6.153808e+00 6.060927e+00
<GCONST> 1.445108e+02
<STATE> 4
<MEAN> 22
 5.626247e+00 7.396932e+00 2.097200e+00 2.472937e+00 4.240775e+01 6.026446e+01 9.090754e+01 8.949604e+01 6.477496e+01 6.448850e+01 1.612133e+02 1.456602e+02 1.107074e+02 1.084495e+02 5.481471e+00 4.070344e+00 5.756289e+00 5.424155e+00 5.274922e+00 4.502147e+00 2.326887e+00 2.587141e+00
<VARIANCE> 22
 4.801635e+02 4.063120e+02 3.300595e+02 2.164982e+02 4.956268e+03 5.429985e+03 9.837579e+02 1.115179e+03 2.936362e+02 3.515820e+02 3.745738e+03 4.440754e+03 4.183320e+02 3.870127e+02 6.504288e+00 1.793316e+00 2.326111e+00 1.170389e+00 2.082489e+00 5.618803e+00 6.153808e+00 6.060927e+00
<GCONST> 1.445108e+02
<TRANSP> 5
 0.000000e+00 1.000000e+00 0.000000e+00 0.000000e+00 0.000000e+00
 0.000000e+00 6.000000e-01 4.000000e-01 0.000000e+00 0.000000e+00
 0.000000e+00 0.000000e+00 6.000000e-01 4.000000e-01 0.000000e+00
 0.000000e+00 0.000000e+00 0.000000e+00 7.000000e-01 3.000000e-01
 0.000000e+00 0.000000e+00 0.000000e+00 0.000000e+00 0.000000e+00
<ENDHMM>
~h "oov"
<BEGINHMM>
<NUMSTATES> 5
<STATE> 2
<MEAN> 22
 1.804543e+01 1.816069e+01 1.265947e+01 1.093550e+01 8.461981e+01 1.032347e+02 7.469756e+01 7.550421e+01 5.543169e+01 5.743760e+01 1.190380e+02 9.635854e+01 8.898541e+01 8.595648e+01 3.897023e+00 2.894294e+00 4.573712e+00 4.209935e+00 4.041962e+00 2.936498e+00 2.105287e+00 2.351480e+00
<VARIANCE> 22
 5.961385e+03 4.326875e+03 4.879347e+03 3.126753e+03 1.879810e+04 1.256897e+04 2.237096e+03 2.493333e+03 1.001378e+03 1.133486e+03 6.708225e+03 5.860809e+03 2.090286e+03 1.931536e+03 9.833591e+00 3.411045e+00 7.341198e+00 5.061146e+00 5.735149e+00 7.172746e+00 6.068344e+00 5.962392e+00
<GCONST> 1.699281e+02
<STATE> 3
<MEAN> 22
 7.838462e+00 9.976665e+00 2.127598e+00 2.790749e+00 8.185036e+01 1.102219e+02 9.103304e+01 9.275287e+01 7.050748e+01 7.264471e+01 1.233777e+02 1.029644e+02 1.060851e+02 1.034869e+02 3.933392e+00 3.163900e+00 5.193951e+00 5.018567e+00 4.400586e+00 2.885725e+00 2.679845e+00 2.929641e+00
<VARIANCE> 22
 1.733367e+02 2.229332e+02 1.621216e+01 2.068748e+01 7.324478e+03 6.727682e+03 1.614290e+03 1.921337e+03 4.162990e+02 5.545720e+02 4.727768e+03 4.084621e+03 3.140136e+02 2.781678e+02 7.681833e+00 1.848885e+00 4.753579e+00 1.540420e+00 2.850026e+00 6.259636e+00 6.397002e+00 5.935259e+00
<GCONST> 1.411371e+02
<STATE> 4
<MEAN> 22
 3.589504e+00 5.373532e+00 1.075500e+00 1.541153e+00 2.320976e+01 3.693277e+01 9.238447e+01 8.955147e+01 6.344892e+01 6.199548e+01 1.797812e+02 1.667828e+02 1.145394e+02 1.124862e+02 6.229977e+00 4.531829e+00 6.085367e+00 5.696060e+00 5.729517e+00 5.272913e+00 2.211992e+00 2.477269e+00
<VARIANCE> 22
 5.352846e+01 8.478945e+01 4.583645e+00 6.597647e+00 1.591112e+03 2.570634e+03 5.938397e+02 6.504928e+02 1.558835e+02 1.627279e+02 2.024683e+03 3.065555e+03 2.314407e+02 2.099556e+02 4.071630e+00 9.554666e-01 5.534680e-01 3.796885e-01 7.913333e-01 3.393520e+00 5.990127e+00 6.052867e+00
<GCONST> 1.213019e+02
<TRANSP> 5
 0.000000e+00 1.000000e+00 0.000000e+00 0.000000e+00 0.000000e+00
 0.000000e+00 2.624085e-01 7.375914e-01 0.000000e+00 0.000000e+00
 0.000000e+00 0.000000e+00 8.175894e-01 1.824106e-01 0.000000e+00
 0.000000e+00 0.000000e+00 0.000000e+00 9.297278e-01 7.027220e-02
 0.000000e+00 0.000000e+00 0.000000e+00 0.000000e+00 0.000000e+00
<ENDHMM>
