~o
<STREAMINFO> 1 22
<VECSIZE> 22<NULLD><MFCC_0><DIAGC>
~h "SIL"
<BEGINHMM>
<NUMSTATES> 5
<STATE> 2
<MEAN> 22
 5.626247e+00 7.396932e+00 2.097200e+00 2.472937e+00 4.240775e+01 6.026446e+01 9.090754e+01 8.949604e+01 6.477496e+01 6.448850e+01 1.612133e+02 1.456602e+02 1.107074e+02 1.084495e+02 5.481471e+00 4.070344e+00 5.756289e+00 5.424155e+00 5.274922e+00 4.502147e+00 2.326887e+00 2.587141e+00
<VARIANCE> 22
 4.801635e+02 4.063120e+02 3.300595e+02 2.164982e+02 4.956268e+03 5.429985e+03 9.837579e+02 1.115179e+03 2.936362e+02 3.515820e+02 3.745738e+03 4.440754e+03 4.183320e+02 3.870127e+02 6.504288e+00 1.793316e+00 2.326111e+00 1.170389e+00 2.082489e+00 5.618803e+00 6.153808e+00 6.060927e+00
<GCONST> 1.445108e+02
<STATE> 3
<MEAN> 22
 5.626247e+00 7.396932e+00 2.097200e+00 2.472937e+00 4.240775e+01 6.026446e+01 9.090754e+01 8.949604e+01 6.477496e+01 6.448850e+01 1.612133e+02 1.456602e+02 1.107074e+02 1.084495e+02 5.481471e+00 4.070344e+00 5.756289e+00 5.424155e+00 5.274922e+00 4.502147e+00 2.326887e+00 2.587141e+00
<VARIANCE> 22
 4.801635e+02 4.063120e+02 3.300595e+02 2.164982e+02 4.956268e+03 5.429985e+03 9.837579e+02 1.115179e+03 2.936362e+02 3.515820e+02 3.745738e+03 4.440754e+03 4.183320e+02 3.870127e+02 6.504288e+00 1.793316e+00 2.326111e+00 1.170389e+00 2.082489e+00 5.618803e+00 6.153808e+00 6.060927e+00
<GCONST> 1.445108e+02
<STATE> 4
<MEAN> 22
 5.626247e+00 7.396932e+00 2.097200e+00 2.472937e+00 4.240775e+01 6.026446e+01 9.090754e+01 8.949604e+01 6.477496e+01 6.448850e+01 1.612133e+02 1.456602e+02 1.107074e+02 1.084495e+02 5.481471e+00 4.070344e+00 5.756289e+00 5.424155e+00 5.274922e+00 4.502147e+00 2.326887e+00 2.587141e+00
<VARIANCE> 22
 4.801635e+02 4.063120e+02 3.300595e+02 2.164982e+02 4.956268e+03 5.429985e+03 9.837579e+02 1.115179e+03 2.936362e+02 3.515820e+02 3.745738e+03 4.440754e+03 4.183320e+02 3.870127e+02 6.504288e+00 1.793316e+00 2.326111e+00 1.170389e+00 2.082489e+00 5.618803e+00 6.153808e+00 6.060927e+00
<GCONST> 1.445108e+02
<TRANSP> 5
 0.000000e+00 1.000000e+00 0.000000e+00 0.000000e+00 0.000000e+00
 0.000000e+00 4.800000e-01 3.200000e-01 2.000000e-01 0.000000e+00
 0.000000e+00 0.000000e+00 6.000000e-01 4.000000e-01 0.000000e+00
 0.000000e+00 2.000000e-01 0.000000e+00 5.600000e-01 2.400000e-01
 0.000000e+00 0.000000e+00 0.000000e+00 0.000000e+00 0.000000e+00
<ENDHMM>
~h "oov"
<BEGINHMM>
<NUMSTATES> 5
<STATE> 2
<MEAN> 22
 1.755572e+01 1.640902e+01 1.174531e+01 9.775556e+00 1.049412e+02 1.044948e+02 8.530991e+01 7.979860e+01 6.272673e+01 5.943554e+01 1.207385e+02 1.076773e+02 9.155904e+01 9.087833e+01 3.770795e+00 3.113890e+00 4.425436e+00 4.407104e+00 3.998503e+00 3.214806e+00 2.274266e+00 2.401598e+00
<VARIANCE> 22
 5.041949e+03 3.658509e+03 4.091696e+03 2.625947e+03 2.215469e+04 1.401094e+04 2.911955e+03 2.447521e+03 1.282822e+03 1.069812e+03 6.571850e+03 6.193266e+03 1.971382e+03 1.804828e+03 9.390668e+00 3.348432e+00 7.564680e+00 4.601829e+00 5.373100e+00 7.263491e+00 6.240549e+00 5.986971e+00
<GCONST> 1.697080e+02
<STATE> 3
<MEAN> 22
 6.696043e+00 9.207086e+00 1.725833e+00 2.479952e+00 6.335452e+01 9.870770e+01 8.569848e+01 8.759954e+01 6.783436e+01 6.986327e+01 1.324936e+02 1.058463e+02 1.069416e+02 1.036649e+02 4.250922e+00 3.308637e+00 5.593593e+00 5.150898e+00 4.738806e+00 3.139315e+00 2.564474e+00 2.894578e+00
<VARIANCE> 22
 1.324291e+02 1.866571e+02 9.551685e+00 1.501914e+01 4.584333e+03 5.282205e+03 1.224190e+03 1.635896e+03 3.098214e+02 4.356081e+02 4.283635e+03 4.078243e+03 2.634731e+02 2.461292e+02 8.213260e+00 1.800716e+00 3.298141e+00 1.236827e+00 2.568037e+00 6.584944e+00 6.360190e+00 5.951393e+00
<GCONST> 1.371571e+02
<STATE> 4
<MEAN> 22
 3.071768e+00 4.711677e+00 9.594483e-01 1.394832e+00 1.752213e+01 2.493660e+01 9.561381e+01 9.230996e+01 6.276745e+01 6.116261e+01 1.886692e+02 1.810874e+02 1.163144e+02 1.145911e+02 6.655329e+00 4.782427e+00 6.073167e+00 5.778165e+00 5.864396e+00 5.714121e+00 2.155998e+00 2.383431e+00
<VARIANCE> 22
 4.327168e+01 7.274403e+01 3.700677e+00 5.838526e+00 1.202667e+03 1.644992e+03 4.734455e+02 5.047756e+02 1.246323e+02 1.474520e+02 1.322281e+03 1.803742e+03 2.117579e+02 1.879835e+02 1.934031e+00 4.815638e-01 4.575954e-01 2.869363e-01 4.352409e-01 1.547739e+00 5.905519e+00 6.044801e+00
<GCONST> 1.146167e+02
<TRANSP> 5
 0.000000e+00 1.000000e+00 0.000000e+00 0.000000e+00 0.000000e+00
 0.000000e+00 3.846128e-01 6.153872e-01 0.000000e+00 0.000000e+00
 0.000000e+00 0.000000e+00 8.800726e-01 1.199274e-01 0.000000e+00
 0.000000e+00 0.000000e+00 0.000000e+00 9.099458e-01 9.005421e-02
 0.000000e+00 0.000000e+00 0.000000e+00 0.000000e+00 0.000000e+00
<ENDHMM>
