~h "SIL" 
    <BEGINHMM>
    <NUMSTATES> 5
    <STATE> 2
    <MEAN> 22
     5.642761e+00 7.401076e+00 2.103785e+00 2.473219e+00 4.243679e+01 6.014129e+01 9.067326e+01 8.937661e+01 6.484192e+01 6.440701e+01 1.604715e+02 1.453732e+02 1.105030e+02 1.081728e+02 5.455398e+00 4.064945e+00 5.749793e+00 5.418339e+00 5.260333e+00 4.497854e+00 2.332470e+00 2.586510e+00
    <VARIANCE> 22
     4.801967e+02 4.073976e+02 3.305620e+02 2.171579e+02 4.932810e+03 5.399630e+03 9.965596e+02 1.121768e+03 2.939380e+02 3.532339e+02 3.789023e+03 4.425340e+03 4.237021e+02 4.029697e+02 6.556320e+00 1.793070e+00 2.348518e+00 1.180012e+00 2.100767e+00 5.619852e+00 6.159949e+00 6.062591e+00
    <GCONST> 1.446293e+02
    <STATE> 3
    <MEAN> 22
     5.642761e+00 7.401076e+00 2.103785e+00 2.473219e+00 4.243679e+01 6.014129e+01 9.067326e+01 8.937661e+01 6.484192e+01 6.440701e+01 1.604715e+02 1.453732e+02 1.105030e+02 1.081728e+02 5.455398e+00 4.064945e+00 5.749793e+00 5.418339e+00 5.260333e+00 4.497854e+00 2.332470e+00 2.586510e+00
    <VARIANCE> 22
     4.801967e+02 4.073976e+02 3.305620e+02 2.171579e+02 4.932810e+03 5.399630e+03 9.965596e+02 1.121768e+03 2.939380e+02 3.532339e+02 3.789023e+03 4.425340e+03 4.237021e+02 4.029697e+02 6.556320e+00 1.793070e+00 2.348518e+00 1.180012e+00 2.100767e+00 5.619852e+00 6.159949e+00 6.062591e+00
    <GCONST> 1.446293e+02
    <STATE> 4
    <MEAN> 22
     5.642761e+00 7.401076e+00 2.103785e+00 2.473219e+00 4.243679e+01 6.014129e+01 9.067326e+01 8.937661e+01 6.484192e+01 6.440701e+01 1.604715e+02 1.453732e+02 1.105030e+02 1.081728e+02 5.455398e+00 4.064945e+00 5.749793e+00 5.418339e+00 5.260333e+00 4.497854e+00 2.332470e+00 2.586510e+00
    <VARIANCE> 22
     4.801967e+02 4.073976e+02 3.305620e+02 2.171579e+02 4.932810e+03 5.399630e+03 9.965596e+02 1.121768e+03 2.939380e+02 3.532339e+02 3.789023e+03 4.425340e+03 4.237021e+02 4.029697e+02 6.556320e+00 1.793070e+00 2.348518e+00 1.180012e+00 2.100767e+00 5.619852e+00 6.159949e+00 6.062591e+00
    <GCONST> 1.446293e+02
    <TRANSP> 5
     0.000000e+00 1.000000e+00 0.000000e+00 0.000000e+00 0.000000e+00
     0.000000e+00 6.000000e-01 4.000000e-01 0.000000e+00 0.000000e+00
     0.000000e+00 0.000000e+00 6.000000e-01 4.000000e-01 0.000000e+00
     0.000000e+00 0.000000e+00 0.000000e+00 7.000000e-01 3.000000e-01
     0.000000e+00 0.000000e+00 0.000000e+00 0.000000e+00 0.000000e+00
    <ENDHMM>
~h "BN_2" 
    <BEGINHMM>
    <NUMSTATES> 5
    <STATE> 2
    <MEAN> 22
     5.642761e+00 7.401076e+00 2.103785e+00 2.473219e+00 4.243679e+01 6.014129e+01 9.067326e+01 8.937661e+01 6.484192e+01 6.440701e+01 1.604715e+02 1.453732e+02 1.105030e+02 1.081728e+02 5.455398e+00 4.064945e+00 5.749793e+00 5.418339e+00 5.260333e+00 4.497854e+00 2.332470e+00 2.586510e+00
    <VARIANCE> 22
     4.801967e+02 4.073976e+02 3.305620e+02 2.171579e+02 4.932810e+03 5.399630e+03 9.965596e+02 1.121768e+03 2.939380e+02 3.532339e+02 3.789023e+03 4.425340e+03 4.237021e+02 4.029697e+02 6.556320e+00 1.793070e+00 2.348518e+00 1.180012e+00 2.100767e+00 5.619852e+00 6.159949e+00 6.062591e+00
    <GCONST> 1.446293e+02
    <STATE> 3
    <MEAN> 22
     5.642761e+00 7.401076e+00 2.103785e+00 2.473219e+00 4.243679e+01 6.014129e+01 9.067326e+01 8.937661e+01 6.484192e+01 6.440701e+01 1.604715e+02 1.453732e+02 1.105030e+02 1.081728e+02 5.455398e+00 4.064945e+00 5.749793e+00 5.418339e+00 5.260333e+00 4.497854e+00 2.332470e+00 2.586510e+00
    <VARIANCE> 22
     4.801967e+02 4.073976e+02 3.305620e+02 2.171579e+02 4.932810e+03 5.399630e+03 9.965596e+02 1.121768e+03 2.939380e+02 3.532339e+02 3.789023e+03 4.425340e+03 4.237021e+02 4.029697e+02 6.556320e+00 1.793070e+00 2.348518e+00 1.180012e+00 2.100767e+00 5.619852e+00 6.159949e+00 6.062591e+00
    <GCONST> 1.446293e+02
    <STATE> 4
    <MEAN> 22
     5.642761e+00 7.401076e+00 2.103785e+00 2.473219e+00 4.243679e+01 6.014129e+01 9.067326e+01 8.937661e+01 6.484192e+01 6.440701e+01 1.604715e+02 1.453732e+02 1.105030e+02 1.081728e+02 5.455398e+00 4.064945e+00 5.749793e+00 5.418339e+00 5.260333e+00 4.497854e+00 2.332470e+00 2.586510e+00
    <VARIANCE> 22
     4.801967e+02 4.073976e+02 3.305620e+02 2.171579e+02 4.932810e+03 5.399630e+03 9.965596e+02 1.121768e+03 2.939380e+02 3.532339e+02 3.789023e+03 4.425340e+03 4.237021e+02 4.029697e+02 6.556320e+00 1.793070e+00 2.348518e+00 1.180012e+00 2.100767e+00 5.619852e+00 6.159949e+00 6.062591e+00
    <GCONST> 1.446293e+02
    <TRANSP> 5
     0.000000e+00 1.000000e+00 0.000000e+00 0.000000e+00 0.000000e+00
     0.000000e+00 6.000000e-01 4.000000e-01 0.000000e+00 0.000000e+00
     0.000000e+00 0.000000e+00 6.000000e-01 4.000000e-01 0.000000e+00
     0.000000e+00 0.000000e+00 0.000000e+00 7.000000e-01 3.000000e-01
     0.000000e+00 0.000000e+00 0.000000e+00 0.000000e+00 0.000000e+00
    <ENDHMM>
~h "BS_2" 
    <BEGINHMM>
    <NUMSTATES> 5
    <STATE> 2
    <MEAN> 22
     5.642761e+00 7.401076e+00 2.103785e+00 2.473219e+00 4.243679e+01 6.014129e+01 9.067326e+01 8.937661e+01 6.484192e+01 6.440701e+01 1.604715e+02 1.453732e+02 1.105030e+02 1.081728e+02 5.455398e+00 4.064945e+00 5.749793e+00 5.418339e+00 5.260333e+00 4.497854e+00 2.332470e+00 2.586510e+00
    <VARIANCE> 22
     4.801967e+02 4.073976e+02 3.305620e+02 2.171579e+02 4.932810e+03 5.399630e+03 9.965596e+02 1.121768e+03 2.939380e+02 3.532339e+02 3.789023e+03 4.425340e+03 4.237021e+02 4.029697e+02 6.556320e+00 1.793070e+00 2.348518e+00 1.180012e+00 2.100767e+00 5.619852e+00 6.159949e+00 6.062591e+00
    <GCONST> 1.446293e+02
    <STATE> 3
    <MEAN> 22
     5.642761e+00 7.401076e+00 2.103785e+00 2.473219e+00 4.243679e+01 6.014129e+01 9.067326e+01 8.937661e+01 6.484192e+01 6.440701e+01 1.604715e+02 1.453732e+02 1.105030e+02 1.081728e+02 5.455398e+00 4.064945e+00 5.749793e+00 5.418339e+00 5.260333e+00 4.497854e+00 2.332470e+00 2.586510e+00
    <VARIANCE> 22
     4.801967e+02 4.073976e+02 3.305620e+02 2.171579e+02 4.932810e+03 5.399630e+03 9.965596e+02 1.121768e+03 2.939380e+02 3.532339e+02 3.789023e+03 4.425340e+03 4.237021e+02 4.029697e+02 6.556320e+00 1.793070e+00 2.348518e+00 1.180012e+00 2.100767e+00 5.619852e+00 6.159949e+00 6.062591e+00
    <GCONST> 1.446293e+02
    <STATE> 4
    <MEAN> 22
     5.642761e+00 7.401076e+00 2.103785e+00 2.473219e+00 4.243679e+01 6.014129e+01 9.067326e+01 8.937661e+01 6.484192e+01 6.440701e+01 1.604715e+02 1.453732e+02 1.105030e+02 1.081728e+02 5.455398e+00 4.064945e+00 5.749793e+00 5.418339e+00 5.260333e+00 4.497854e+00 2.332470e+00 2.586510e+00
    <VARIANCE> 22
     4.801967e+02 4.073976e+02 3.305620e+02 2.171579e+02 4.932810e+03 5.399630e+03 9.965596e+02 1.121768e+03 2.939380e+02 3.532339e+02 3.789023e+03 4.425340e+03 4.237021e+02 4.029697e+02 6.556320e+00 1.793070e+00 2.348518e+00 1.180012e+00 2.100767e+00 5.619852e+00 6.159949e+00 6.062591e+00
    <GCONST> 1.446293e+02
    <TRANSP> 5
     0.000000e+00 1.000000e+00 0.000000e+00 0.000000e+00 0.000000e+00
     0.000000e+00 6.000000e-01 4.000000e-01 0.000000e+00 0.000000e+00
     0.000000e+00 0.000000e+00 6.000000e-01 4.000000e-01 0.000000e+00
     0.000000e+00 0.000000e+00 0.000000e+00 7.000000e-01 3.000000e-01
     0.000000e+00 0.000000e+00 0.000000e+00 0.000000e+00 0.000000e+00
    <ENDHMM>
~h "CF_2" 
    <BEGINHMM>
    <NUMSTATES> 5
    <STATE> 2
    <MEAN> 22
     5.642761e+00 7.401076e+00 2.103785e+00 2.473219e+00 4.243679e+01 6.014129e+01 9.067326e+01 8.937661e+01 6.484192e+01 6.440701e+01 1.604715e+02 1.453732e+02 1.105030e+02 1.081728e+02 5.455398e+00 4.064945e+00 5.749793e+00 5.418339e+00 5.260333e+00 4.497854e+00 2.332470e+00 2.586510e+00
    <VARIANCE> 22
     4.801967e+02 4.073976e+02 3.305620e+02 2.171579e+02 4.932810e+03 5.399630e+03 9.965596e+02 1.121768e+03 2.939380e+02 3.532339e+02 3.789023e+03 4.425340e+03 4.237021e+02 4.029697e+02 6.556320e+00 1.793070e+00 2.348518e+00 1.180012e+00 2.100767e+00 5.619852e+00 6.159949e+00 6.062591e+00
    <GCONST> 1.446293e+02
    <STATE> 3
    <MEAN> 22
     5.642761e+00 7.401076e+00 2.103785e+00 2.473219e+00 4.243679e+01 6.014129e+01 9.067326e+01 8.937661e+01 6.484192e+01 6.440701e+01 1.604715e+02 1.453732e+02 1.105030e+02 1.081728e+02 5.455398e+00 4.064945e+00 5.749793e+00 5.418339e+00 5.260333e+00 4.497854e+00 2.332470e+00 2.586510e+00
    <VARIANCE> 22
     4.801967e+02 4.073976e+02 3.305620e+02 2.171579e+02 4.932810e+03 5.399630e+03 9.965596e+02 1.121768e+03 2.939380e+02 3.532339e+02 3.789023e+03 4.425340e+03 4.237021e+02 4.029697e+02 6.556320e+00 1.793070e+00 2.348518e+00 1.180012e+00 2.100767e+00 5.619852e+00 6.159949e+00 6.062591e+00
    <GCONST> 1.446293e+02
    <STATE> 4
    <MEAN> 22
     5.642761e+00 7.401076e+00 2.103785e+00 2.473219e+00 4.243679e+01 6.014129e+01 9.067326e+01 8.937661e+01 6.484192e+01 6.440701e+01 1.604715e+02 1.453732e+02 1.105030e+02 1.081728e+02 5.455398e+00 4.064945e+00 5.749793e+00 5.418339e+00 5.260333e+00 4.497854e+00 2.332470e+00 2.586510e+00
    <VARIANCE> 22
     4.801967e+02 4.073976e+02 3.305620e+02 2.171579e+02 4.932810e+03 5.399630e+03 9.965596e+02 1.121768e+03 2.939380e+02 3.532339e+02 3.789023e+03 4.425340e+03 4.237021e+02 4.029697e+02 6.556320e+00 1.793070e+00 2.348518e+00 1.180012e+00 2.100767e+00 5.619852e+00 6.159949e+00 6.062591e+00
    <GCONST> 1.446293e+02
    <TRANSP> 5
     0.000000e+00 1.000000e+00 0.000000e+00 0.000000e+00 0.000000e+00
     0.000000e+00 6.000000e-01 4.000000e-01 0.000000e+00 0.000000e+00
     0.000000e+00 0.000000e+00 6.000000e-01 4.000000e-01 0.000000e+00
     0.000000e+00 0.000000e+00 0.000000e+00 7.000000e-01 3.000000e-01
     0.000000e+00 0.000000e+00 0.000000e+00 0.000000e+00 0.000000e+00
    <ENDHMM>
~h "CN_2" 
    <BEGINHMM>
    <NUMSTATES> 5
    <STATE> 2
    <MEAN> 22
     5.642761e+00 7.401076e+00 2.103785e+00 2.473219e+00 4.243679e+01 6.014129e+01 9.067326e+01 8.937661e+01 6.484192e+01 6.440701e+01 1.604715e+02 1.453732e+02 1.105030e+02 1.081728e+02 5.455398e+00 4.064945e+00 5.749793e+00 5.418339e+00 5.260333e+00 4.497854e+00 2.332470e+00 2.586510e+00
    <VARIANCE> 22
     4.801967e+02 4.073976e+02 3.305620e+02 2.171579e+02 4.932810e+03 5.399630e+03 9.965596e+02 1.121768e+03 2.939380e+02 3.532339e+02 3.789023e+03 4.425340e+03 4.237021e+02 4.029697e+02 6.556320e+00 1.793070e+00 2.348518e+00 1.180012e+00 2.100767e+00 5.619852e+00 6.159949e+00 6.062591e+00
    <GCONST> 1.446293e+02
    <STATE> 3
    <MEAN> 22
     5.642761e+00 7.401076e+00 2.103785e+00 2.473219e+00 4.243679e+01 6.014129e+01 9.067326e+01 8.937661e+01 6.484192e+01 6.440701e+01 1.604715e+02 1.453732e+02 1.105030e+02 1.081728e+02 5.455398e+00 4.064945e+00 5.749793e+00 5.418339e+00 5.260333e+00 4.497854e+00 2.332470e+00 2.586510e+00
    <VARIANCE> 22
     4.801967e+02 4.073976e+02 3.305620e+02 2.171579e+02 4.932810e+03 5.399630e+03 9.965596e+02 1.121768e+03 2.939380e+02 3.532339e+02 3.789023e+03 4.425340e+03 4.237021e+02 4.029697e+02 6.556320e+00 1.793070e+00 2.348518e+00 1.180012e+00 2.100767e+00 5.619852e+00 6.159949e+00 6.062591e+00
    <GCONST> 1.446293e+02
    <STATE> 4
    <MEAN> 22
     5.642761e+00 7.401076e+00 2.103785e+00 2.473219e+00 4.243679e+01 6.014129e+01 9.067326e+01 8.937661e+01 6.484192e+01 6.440701e+01 1.604715e+02 1.453732e+02 1.105030e+02 1.081728e+02 5.455398e+00 4.064945e+00 5.749793e+00 5.418339e+00 5.260333e+00 4.497854e+00 2.332470e+00 2.586510e+00
    <VARIANCE> 22
     4.801967e+02 4.073976e+02 3.305620e+02 2.171579e+02 4.932810e+03 5.399630e+03 9.965596e+02 1.121768e+03 2.939380e+02 3.532339e+02 3.789023e+03 4.425340e+03 4.237021e+02 4.029697e+02 6.556320e+00 1.793070e+00 2.348518e+00 1.180012e+00 2.100767e+00 5.619852e+00 6.159949e+00 6.062591e+00
    <GCONST> 1.446293e+02
    <TRANSP> 5
     0.000000e+00 1.000000e+00 0.000000e+00 0.000000e+00 0.000000e+00
     0.000000e+00 6.000000e-01 4.000000e-01 0.000000e+00 0.000000e+00
     0.000000e+00 0.000000e+00 6.000000e-01 4.000000e-01 0.000000e+00
     0.000000e+00 0.000000e+00 0.000000e+00 7.000000e-01 3.000000e-01
     0.000000e+00 0.000000e+00 0.000000e+00 0.000000e+00 0.000000e+00
    <ENDHMM>
~h "CP_2" 
    <BEGINHMM>
    <NUMSTATES> 5
    <STATE> 2
    <MEAN> 22
     5.642761e+00 7.401076e+00 2.103785e+00 2.473219e+00 4.243679e+01 6.014129e+01 9.067326e+01 8.937661e+01 6.484192e+01 6.440701e+01 1.604715e+02 1.453732e+02 1.105030e+02 1.081728e+02 5.455398e+00 4.064945e+00 5.749793e+00 5.418339e+00 5.260333e+00 4.497854e+00 2.332470e+00 2.586510e+00
    <VARIANCE> 22
     4.801967e+02 4.073976e+02 3.305620e+02 2.171579e+02 4.932810e+03 5.399630e+03 9.965596e+02 1.121768e+03 2.939380e+02 3.532339e+02 3.789023e+03 4.425340e+03 4.237021e+02 4.029697e+02 6.556320e+00 1.793070e+00 2.348518e+00 1.180012e+00 2.100767e+00 5.619852e+00 6.159949e+00 6.062591e+00
    <GCONST> 1.446293e+02
    <STATE> 3
    <MEAN> 22
     5.642761e+00 7.401076e+00 2.103785e+00 2.473219e+00 4.243679e+01 6.014129e+01 9.067326e+01 8.937661e+01 6.484192e+01 6.440701e+01 1.604715e+02 1.453732e+02 1.105030e+02 1.081728e+02 5.455398e+00 4.064945e+00 5.749793e+00 5.418339e+00 5.260333e+00 4.497854e+00 2.332470e+00 2.586510e+00
    <VARIANCE> 22
     4.801967e+02 4.073976e+02 3.305620e+02 2.171579e+02 4.932810e+03 5.399630e+03 9.965596e+02 1.121768e+03 2.939380e+02 3.532339e+02 3.789023e+03 4.425340e+03 4.237021e+02 4.029697e+02 6.556320e+00 1.793070e+00 2.348518e+00 1.180012e+00 2.100767e+00 5.619852e+00 6.159949e+00 6.062591e+00
    <GCONST> 1.446293e+02
    <STATE> 4
    <MEAN> 22
     5.642761e+00 7.401076e+00 2.103785e+00 2.473219e+00 4.243679e+01 6.014129e+01 9.067326e+01 8.937661e+01 6.484192e+01 6.440701e+01 1.604715e+02 1.453732e+02 1.105030e+02 1.081728e+02 5.455398e+00 4.064945e+00 5.749793e+00 5.418339e+00 5.260333e+00 4.497854e+00 2.332470e+00 2.586510e+00
    <VARIANCE> 22
     4.801967e+02 4.073976e+02 3.305620e+02 2.171579e+02 4.932810e+03 5.399630e+03 9.965596e+02 1.121768e+03 2.939380e+02 3.532339e+02 3.789023e+03 4.425340e+03 4.237021e+02 4.029697e+02 6.556320e+00 1.793070e+00 2.348518e+00 1.180012e+00 2.100767e+00 5.619852e+00 6.159949e+00 6.062591e+00
    <GCONST> 1.446293e+02
    <TRANSP> 5
     0.000000e+00 1.000000e+00 0.000000e+00 0.000000e+00 0.000000e+00
     0.000000e+00 6.000000e-01 4.000000e-01 0.000000e+00 0.000000e+00
     0.000000e+00 0.000000e+00 6.000000e-01 4.000000e-01 0.000000e+00
     0.000000e+00 0.000000e+00 0.000000e+00 7.000000e-01 3.000000e-01
     0.000000e+00 0.000000e+00 0.000000e+00 0.000000e+00 0.000000e+00
    <ENDHMM>
~h "CV_2" 
    <BEGINHMM>
    <NUMSTATES> 5
    <STATE> 2
    <MEAN> 22
     5.642761e+00 7.401076e+00 2.103785e+00 2.473219e+00 4.243679e+01 6.014129e+01 9.067326e+01 8.937661e+01 6.484192e+01 6.440701e+01 1.604715e+02 1.453732e+02 1.105030e+02 1.081728e+02 5.455398e+00 4.064945e+00 5.749793e+00 5.418339e+00 5.260333e+00 4.497854e+00 2.332470e+00 2.586510e+00
    <VARIANCE> 22
     4.801967e+02 4.073976e+02 3.305620e+02 2.171579e+02 4.932810e+03 5.399630e+03 9.965596e+02 1.121768e+03 2.939380e+02 3.532339e+02 3.789023e+03 4.425340e+03 4.237021e+02 4.029697e+02 6.556320e+00 1.793070e+00 2.348518e+00 1.180012e+00 2.100767e+00 5.619852e+00 6.159949e+00 6.062591e+00
    <GCONST> 1.446293e+02
    <STATE> 3
    <MEAN> 22
     5.642761e+00 7.401076e+00 2.103785e+00 2.473219e+00 4.243679e+01 6.014129e+01 9.067326e+01 8.937661e+01 6.484192e+01 6.440701e+01 1.604715e+02 1.453732e+02 1.105030e+02 1.081728e+02 5.455398e+00 4.064945e+00 5.749793e+00 5.418339e+00 5.260333e+00 4.497854e+00 2.332470e+00 2.586510e+00
    <VARIANCE> 22
     4.801967e+02 4.073976e+02 3.305620e+02 2.171579e+02 4.932810e+03 5.399630e+03 9.965596e+02 1.121768e+03 2.939380e+02 3.532339e+02 3.789023e+03 4.425340e+03 4.237021e+02 4.029697e+02 6.556320e+00 1.793070e+00 2.348518e+00 1.180012e+00 2.100767e+00 5.619852e+00 6.159949e+00 6.062591e+00
    <GCONST> 1.446293e+02
    <STATE> 4
    <MEAN> 22
     5.642761e+00 7.401076e+00 2.103785e+00 2.473219e+00 4.243679e+01 6.014129e+01 9.067326e+01 8.937661e+01 6.484192e+01 6.440701e+01 1.604715e+02 1.453732e+02 1.105030e+02 1.081728e+02 5.455398e+00 4.064945e+00 5.749793e+00 5.418339e+00 5.260333e+00 4.497854e+00 2.332470e+00 2.586510e+00
    <VARIANCE> 22
     4.801967e+02 4.073976e+02 3.305620e+02 2.171579e+02 4.932810e+03 5.399630e+03 9.965596e+02 1.121768e+03 2.939380e+02 3.532339e+02 3.789023e+03 4.425340e+03 4.237021e+02 4.029697e+02 6.556320e+00 1.793070e+00 2.348518e+00 1.180012e+00 2.100767e+00 5.619852e+00 6.159949e+00 6.062591e+00
    <GCONST> 1.446293e+02
    <TRANSP> 5
     0.000000e+00 1.000000e+00 0.000000e+00 0.000000e+00 0.000000e+00
     0.000000e+00 6.000000e-01 4.000000e-01 0.000000e+00 0.000000e+00
     0.000000e+00 0.000000e+00 6.000000e-01 4.000000e-01 0.000000e+00
     0.000000e+00 0.000000e+00 0.000000e+00 7.000000e-01 3.000000e-01
     0.000000e+00 0.000000e+00 0.000000e+00 0.000000e+00 0.000000e+00
    <ENDHMM>
~h "DC_2" 
    <BEGINHMM>
    <NUMSTATES> 5
    <STATE> 2
    <MEAN> 22
     5.642761e+00 7.401076e+00 2.103785e+00 2.473219e+00 4.243679e+01 6.014129e+01 9.067326e+01 8.937661e+01 6.484192e+01 6.440701e+01 1.604715e+02 1.453732e+02 1.105030e+02 1.081728e+02 5.455398e+00 4.064945e+00 5.749793e+00 5.418339e+00 5.260333e+00 4.497854e+00 2.332470e+00 2.586510e+00
    <VARIANCE> 22
     4.801967e+02 4.073976e+02 3.305620e+02 2.171579e+02 4.932810e+03 5.399630e+03 9.965596e+02 1.121768e+03 2.939380e+02 3.532339e+02 3.789023e+03 4.425340e+03 4.237021e+02 4.029697e+02 6.556320e+00 1.793070e+00 2.348518e+00 1.180012e+00 2.100767e+00 5.619852e+00 6.159949e+00 6.062591e+00
    <GCONST> 1.446293e+02
    <STATE> 3
    <MEAN> 22
     5.642761e+00 7.401076e+00 2.103785e+00 2.473219e+00 4.243679e+01 6.014129e+01 9.067326e+01 8.937661e+01 6.484192e+01 6.440701e+01 1.604715e+02 1.453732e+02 1.105030e+02 1.081728e+02 5.455398e+00 4.064945e+00 5.749793e+00 5.418339e+00 5.260333e+00 4.497854e+00 2.332470e+00 2.586510e+00
    <VARIANCE> 22
     4.801967e+02 4.073976e+02 3.305620e+02 2.171579e+02 4.932810e+03 5.399630e+03 9.965596e+02 1.121768e+03 2.939380e+02 3.532339e+02 3.789023e+03 4.425340e+03 4.237021e+02 4.029697e+02 6.556320e+00 1.793070e+00 2.348518e+00 1.180012e+00 2.100767e+00 5.619852e+00 6.159949e+00 6.062591e+00
    <GCONST> 1.446293e+02
    <STATE> 4
    <MEAN> 22
     5.642761e+00 7.401076e+00 2.103785e+00 2.473219e+00 4.243679e+01 6.014129e+01 9.067326e+01 8.937661e+01 6.484192e+01 6.440701e+01 1.604715e+02 1.453732e+02 1.105030e+02 1.081728e+02 5.455398e+00 4.064945e+00 5.749793e+00 5.418339e+00 5.260333e+00 4.497854e+00 2.332470e+00 2.586510e+00
    <VARIANCE> 22
     4.801967e+02 4.073976e+02 3.305620e+02 2.171579e+02 4.932810e+03 5.399630e+03 9.965596e+02 1.121768e+03 2.939380e+02 3.532339e+02 3.789023e+03 4.425340e+03 4.237021e+02 4.029697e+02 6.556320e+00 1.793070e+00 2.348518e+00 1.180012e+00 2.100767e+00 5.619852e+00 6.159949e+00 6.062591e+00
    <GCONST> 1.446293e+02
    <TRANSP> 5
     0.000000e+00 1.000000e+00 0.000000e+00 0.000000e+00 0.000000e+00
     0.000000e+00 6.000000e-01 4.000000e-01 0.000000e+00 0.000000e+00
     0.000000e+00 0.000000e+00 6.000000e-01 4.000000e-01 0.000000e+00
     0.000000e+00 0.000000e+00 0.000000e+00 7.000000e-01 3.000000e-01
     0.000000e+00 0.000000e+00 0.000000e+00 0.000000e+00 0.000000e+00
    <ENDHMM>
~h "FM_2" 
    <BEGINHMM>
    <NUMSTATES> 5
    <STATE> 2
    <MEAN> 22
     5.642761e+00 7.401076e+00 2.103785e+00 2.473219e+00 4.243679e+01 6.014129e+01 9.067326e+01 8.937661e+01 6.484192e+01 6.440701e+01 1.604715e+02 1.453732e+02 1.105030e+02 1.081728e+02 5.455398e+00 4.064945e+00 5.749793e+00 5.418339e+00 5.260333e+00 4.497854e+00 2.332470e+00 2.586510e+00
    <VARIANCE> 22
     4.801967e+02 4.073976e+02 3.305620e+02 2.171579e+02 4.932810e+03 5.399630e+03 9.965596e+02 1.121768e+03 2.939380e+02 3.532339e+02 3.789023e+03 4.425340e+03 4.237021e+02 4.029697e+02 6.556320e+00 1.793070e+00 2.348518e+00 1.180012e+00 2.100767e+00 5.619852e+00 6.159949e+00 6.062591e+00
    <GCONST> 1.446293e+02
    <STATE> 3
    <MEAN> 22
     5.642761e+00 7.401076e+00 2.103785e+00 2.473219e+00 4.243679e+01 6.014129e+01 9.067326e+01 8.937661e+01 6.484192e+01 6.440701e+01 1.604715e+02 1.453732e+02 1.105030e+02 1.081728e+02 5.455398e+00 4.064945e+00 5.749793e+00 5.418339e+00 5.260333e+00 4.497854e+00 2.332470e+00 2.586510e+00
    <VARIANCE> 22
     4.801967e+02 4.073976e+02 3.305620e+02 2.171579e+02 4.932810e+03 5.399630e+03 9.965596e+02 1.121768e+03 2.939380e+02 3.532339e+02 3.789023e+03 4.425340e+03 4.237021e+02 4.029697e+02 6.556320e+00 1.793070e+00 2.348518e+00 1.180012e+00 2.100767e+00 5.619852e+00 6.159949e+00 6.062591e+00
    <GCONST> 1.446293e+02
    <STATE> 4
    <MEAN> 22
     5.642761e+00 7.401076e+00 2.103785e+00 2.473219e+00 4.243679e+01 6.014129e+01 9.067326e+01 8.937661e+01 6.484192e+01 6.440701e+01 1.604715e+02 1.453732e+02 1.105030e+02 1.081728e+02 5.455398e+00 4.064945e+00 5.749793e+00 5.418339e+00 5.260333e+00 4.497854e+00 2.332470e+00 2.586510e+00
    <VARIANCE> 22
     4.801967e+02 4.073976e+02 3.305620e+02 2.171579e+02 4.932810e+03 5.399630e+03 9.965596e+02 1.121768e+03 2.939380e+02 3.532339e+02 3.789023e+03 4.425340e+03 4.237021e+02 4.029697e+02 6.556320e+00 1.793070e+00 2.348518e+00 1.180012e+00 2.100767e+00 5.619852e+00 6.159949e+00 6.062591e+00
    <GCONST> 1.446293e+02
    <TRANSP> 5
     0.000000e+00 1.000000e+00 0.000000e+00 0.000000e+00 0.000000e+00
     0.000000e+00 6.000000e-01 4.000000e-01 0.000000e+00 0.000000e+00
     0.000000e+00 0.000000e+00 6.000000e-01 4.000000e-01 0.000000e+00
     0.000000e+00 0.000000e+00 0.000000e+00 7.000000e-01 3.000000e-01
     0.000000e+00 0.000000e+00 0.000000e+00 0.000000e+00 0.000000e+00
    <ENDHMM>
~h "FN_2" 
    <BEGINHMM>
    <NUMSTATES> 5
    <STATE> 2
    <MEAN> 22
     5.642761e+00 7.401076e+00 2.103785e+00 2.473219e+00 4.243679e+01 6.014129e+01 9.067326e+01 8.937661e+01 6.484192e+01 6.440701e+01 1.604715e+02 1.453732e+02 1.105030e+02 1.081728e+02 5.455398e+00 4.064945e+00 5.749793e+00 5.418339e+00 5.260333e+00 4.497854e+00 2.332470e+00 2.586510e+00
    <VARIANCE> 22
     4.801967e+02 4.073976e+02 3.305620e+02 2.171579e+02 4.932810e+03 5.399630e+03 9.965596e+02 1.121768e+03 2.939380e+02 3.532339e+02 3.789023e+03 4.425340e+03 4.237021e+02 4.029697e+02 6.556320e+00 1.793070e+00 2.348518e+00 1.180012e+00 2.100767e+00 5.619852e+00 6.159949e+00 6.062591e+00
    <GCONST> 1.446293e+02
    <STATE> 3
    <MEAN> 22
     5.642761e+00 7.401076e+00 2.103785e+00 2.473219e+00 4.243679e+01 6.014129e+01 9.067326e+01 8.937661e+01 6.484192e+01 6.440701e+01 1.604715e+02 1.453732e+02 1.105030e+02 1.081728e+02 5.455398e+00 4.064945e+00 5.749793e+00 5.418339e+00 5.260333e+00 4.497854e+00 2.332470e+00 2.586510e+00
    <VARIANCE> 22
     4.801967e+02 4.073976e+02 3.305620e+02 2.171579e+02 4.932810e+03 5.399630e+03 9.965596e+02 1.121768e+03 2.939380e+02 3.532339e+02 3.789023e+03 4.425340e+03 4.237021e+02 4.029697e+02 6.556320e+00 1.793070e+00 2.348518e+00 1.180012e+00 2.100767e+00 5.619852e+00 6.159949e+00 6.062591e+00
    <GCONST> 1.446293e+02
    <STATE> 4
    <MEAN> 22
     5.642761e+00 7.401076e+00 2.103785e+00 2.473219e+00 4.243679e+01 6.014129e+01 9.067326e+01 8.937661e+01 6.484192e+01 6.440701e+01 1.604715e+02 1.453732e+02 1.105030e+02 1.081728e+02 5.455398e+00 4.064945e+00 5.749793e+00 5.418339e+00 5.260333e+00 4.497854e+00 2.332470e+00 2.586510e+00
    <VARIANCE> 22
     4.801967e+02 4.073976e+02 3.305620e+02 2.171579e+02 4.932810e+03 5.399630e+03 9.965596e+02 1.121768e+03 2.939380e+02 3.532339e+02 3.789023e+03 4.425340e+03 4.237021e+02 4.029697e+02 6.556320e+00 1.793070e+00 2.348518e+00 1.180012e+00 2.100767e+00 5.619852e+00 6.159949e+00 6.062591e+00
    <GCONST> 1.446293e+02
    <TRANSP> 5
     0.000000e+00 1.000000e+00 0.000000e+00 0.000000e+00 0.000000e+00
     0.000000e+00 6.000000e-01 4.000000e-01 0.000000e+00 0.000000e+00
     0.000000e+00 0.000000e+00 6.000000e-01 4.000000e-01 0.000000e+00
     0.000000e+00 0.000000e+00 0.000000e+00 7.000000e-01 3.000000e-01
     0.000000e+00 0.000000e+00 0.000000e+00 0.000000e+00 0.000000e+00
    <ENDHMM>
~h "FU_2" 
    <BEGINHMM>
    <NUMSTATES> 5
    <STATE> 2
    <MEAN> 22
     5.642761e+00 7.401076e+00 2.103785e+00 2.473219e+00 4.243679e+01 6.014129e+01 9.067326e+01 8.937661e+01 6.484192e+01 6.440701e+01 1.604715e+02 1.453732e+02 1.105030e+02 1.081728e+02 5.455398e+00 4.064945e+00 5.749793e+00 5.418339e+00 5.260333e+00 4.497854e+00 2.332470e+00 2.586510e+00
    <VARIANCE> 22
     4.801967e+02 4.073976e+02 3.305620e+02 2.171579e+02 4.932810e+03 5.399630e+03 9.965596e+02 1.121768e+03 2.939380e+02 3.532339e+02 3.789023e+03 4.425340e+03 4.237021e+02 4.029697e+02 6.556320e+00 1.793070e+00 2.348518e+00 1.180012e+00 2.100767e+00 5.619852e+00 6.159949e+00 6.062591e+00
    <GCONST> 1.446293e+02
    <STATE> 3
    <MEAN> 22
     5.642761e+00 7.401076e+00 2.103785e+00 2.473219e+00 4.243679e+01 6.014129e+01 9.067326e+01 8.937661e+01 6.484192e+01 6.440701e+01 1.604715e+02 1.453732e+02 1.105030e+02 1.081728e+02 5.455398e+00 4.064945e+00 5.749793e+00 5.418339e+00 5.260333e+00 4.497854e+00 2.332470e+00 2.586510e+00
    <VARIANCE> 22
     4.801967e+02 4.073976e+02 3.305620e+02 2.171579e+02 4.932810e+03 5.399630e+03 9.965596e+02 1.121768e+03 2.939380e+02 3.532339e+02 3.789023e+03 4.425340e+03 4.237021e+02 4.029697e+02 6.556320e+00 1.793070e+00 2.348518e+00 1.180012e+00 2.100767e+00 5.619852e+00 6.159949e+00 6.062591e+00
    <GCONST> 1.446293e+02
    <STATE> 4
    <MEAN> 22
     5.642761e+00 7.401076e+00 2.103785e+00 2.473219e+00 4.243679e+01 6.014129e+01 9.067326e+01 8.937661e+01 6.484192e+01 6.440701e+01 1.604715e+02 1.453732e+02 1.105030e+02 1.081728e+02 5.455398e+00 4.064945e+00 5.749793e+00 5.418339e+00 5.260333e+00 4.497854e+00 2.332470e+00 2.586510e+00
    <VARIANCE> 22
     4.801967e+02 4.073976e+02 3.305620e+02 2.171579e+02 4.932810e+03 5.399630e+03 9.965596e+02 1.121768e+03 2.939380e+02 3.532339e+02 3.789023e+03 4.425340e+03 4.237021e+02 4.029697e+02 6.556320e+00 1.793070e+00 2.348518e+00 1.180012e+00 2.100767e+00 5.619852e+00 6.159949e+00 6.062591e+00
    <GCONST> 1.446293e+02
    <TRANSP> 5
     0.000000e+00 1.000000e+00 0.000000e+00 0.000000e+00 0.000000e+00
     0.000000e+00 6.000000e-01 4.000000e-01 0.000000e+00 0.000000e+00
     0.000000e+00 0.000000e+00 6.000000e-01 4.000000e-01 0.000000e+00
     0.000000e+00 0.000000e+00 0.000000e+00 7.000000e-01 3.000000e-01
     0.000000e+00 0.000000e+00 0.000000e+00 0.000000e+00 0.000000e+00
    <ENDHMM>
~h "MC_2" 
    <BEGINHMM>
    <NUMSTATES> 5
    <STATE> 2
    <MEAN> 22
     5.642761e+00 7.401076e+00 2.103785e+00 2.473219e+00 4.243679e+01 6.014129e+01 9.067326e+01 8.937661e+01 6.484192e+01 6.440701e+01 1.604715e+02 1.453732e+02 1.105030e+02 1.081728e+02 5.455398e+00 4.064945e+00 5.749793e+00 5.418339e+00 5.260333e+00 4.497854e+00 2.332470e+00 2.586510e+00
    <VARIANCE> 22
     4.801967e+02 4.073976e+02 3.305620e+02 2.171579e+02 4.932810e+03 5.399630e+03 9.965596e+02 1.121768e+03 2.939380e+02 3.532339e+02 3.789023e+03 4.425340e+03 4.237021e+02 4.029697e+02 6.556320e+00 1.793070e+00 2.348518e+00 1.180012e+00 2.100767e+00 5.619852e+00 6.159949e+00 6.062591e+00
    <GCONST> 1.446293e+02
    <STATE> 3
    <MEAN> 22
     5.642761e+00 7.401076e+00 2.103785e+00 2.473219e+00 4.243679e+01 6.014129e+01 9.067326e+01 8.937661e+01 6.484192e+01 6.440701e+01 1.604715e+02 1.453732e+02 1.105030e+02 1.081728e+02 5.455398e+00 4.064945e+00 5.749793e+00 5.418339e+00 5.260333e+00 4.497854e+00 2.332470e+00 2.586510e+00
    <VARIANCE> 22
     4.801967e+02 4.073976e+02 3.305620e+02 2.171579e+02 4.932810e+03 5.399630e+03 9.965596e+02 1.121768e+03 2.939380e+02 3.532339e+02 3.789023e+03 4.425340e+03 4.237021e+02 4.029697e+02 6.556320e+00 1.793070e+00 2.348518e+00 1.180012e+00 2.100767e+00 5.619852e+00 6.159949e+00 6.062591e+00
    <GCONST> 1.446293e+02
    <STATE> 4
    <MEAN> 22
     5.642761e+00 7.401076e+00 2.103785e+00 2.473219e+00 4.243679e+01 6.014129e+01 9.067326e+01 8.937661e+01 6.484192e+01 6.440701e+01 1.604715e+02 1.453732e+02 1.105030e+02 1.081728e+02 5.455398e+00 4.064945e+00 5.749793e+00 5.418339e+00 5.260333e+00 4.497854e+00 2.332470e+00 2.586510e+00
    <VARIANCE> 22
     4.801967e+02 4.073976e+02 3.305620e+02 2.171579e+02 4.932810e+03 5.399630e+03 9.965596e+02 1.121768e+03 2.939380e+02 3.532339e+02 3.789023e+03 4.425340e+03 4.237021e+02 4.029697e+02 6.556320e+00 1.793070e+00 2.348518e+00 1.180012e+00 2.100767e+00 5.619852e+00 6.159949e+00 6.062591e+00
    <GCONST> 1.446293e+02
    <TRANSP> 5
     0.000000e+00 1.000000e+00 0.000000e+00 0.000000e+00 0.000000e+00
     0.000000e+00 6.000000e-01 4.000000e-01 0.000000e+00 0.000000e+00
     0.000000e+00 0.000000e+00 6.000000e-01 4.000000e-01 0.000000e+00
     0.000000e+00 0.000000e+00 0.000000e+00 7.000000e-01 3.000000e-01
     0.000000e+00 0.000000e+00 0.000000e+00 0.000000e+00 0.000000e+00
    <ENDHMM>
~h "NU_2" 
    <BEGINHMM>
    <NUMSTATES> 5
    <STATE> 2
    <MEAN> 22
     5.642761e+00 7.401076e+00 2.103785e+00 2.473219e+00 4.243679e+01 6.014129e+01 9.067326e+01 8.937661e+01 6.484192e+01 6.440701e+01 1.604715e+02 1.453732e+02 1.105030e+02 1.081728e+02 5.455398e+00 4.064945e+00 5.749793e+00 5.418339e+00 5.260333e+00 4.497854e+00 2.332470e+00 2.586510e+00
    <VARIANCE> 22
     4.801967e+02 4.073976e+02 3.305620e+02 2.171579e+02 4.932810e+03 5.399630e+03 9.965596e+02 1.121768e+03 2.939380e+02 3.532339e+02 3.789023e+03 4.425340e+03 4.237021e+02 4.029697e+02 6.556320e+00 1.793070e+00 2.348518e+00 1.180012e+00 2.100767e+00 5.619852e+00 6.159949e+00 6.062591e+00
    <GCONST> 1.446293e+02
    <STATE> 3
    <MEAN> 22
     5.642761e+00 7.401076e+00 2.103785e+00 2.473219e+00 4.243679e+01 6.014129e+01 9.067326e+01 8.937661e+01 6.484192e+01 6.440701e+01 1.604715e+02 1.453732e+02 1.105030e+02 1.081728e+02 5.455398e+00 4.064945e+00 5.749793e+00 5.418339e+00 5.260333e+00 4.497854e+00 2.332470e+00 2.586510e+00
    <VARIANCE> 22
     4.801967e+02 4.073976e+02 3.305620e+02 2.171579e+02 4.932810e+03 5.399630e+03 9.965596e+02 1.121768e+03 2.939380e+02 3.532339e+02 3.789023e+03 4.425340e+03 4.237021e+02 4.029697e+02 6.556320e+00 1.793070e+00 2.348518e+00 1.180012e+00 2.100767e+00 5.619852e+00 6.159949e+00 6.062591e+00
    <GCONST> 1.446293e+02
    <STATE> 4
    <MEAN> 22
     5.642761e+00 7.401076e+00 2.103785e+00 2.473219e+00 4.243679e+01 6.014129e+01 9.067326e+01 8.937661e+01 6.484192e+01 6.440701e+01 1.604715e+02 1.453732e+02 1.105030e+02 1.081728e+02 5.455398e+00 4.064945e+00 5.749793e+00 5.418339e+00 5.260333e+00 4.497854e+00 2.332470e+00 2.586510e+00
    <VARIANCE> 22
     4.801967e+02 4.073976e+02 3.305620e+02 2.171579e+02 4.932810e+03 5.399630e+03 9.965596e+02 1.121768e+03 2.939380e+02 3.532339e+02 3.789023e+03 4.425340e+03 4.237021e+02 4.029697e+02 6.556320e+00 1.793070e+00 2.348518e+00 1.180012e+00 2.100767e+00 5.619852e+00 6.159949e+00 6.062591e+00
    <GCONST> 1.446293e+02
    <TRANSP> 5
     0.000000e+00 1.000000e+00 0.000000e+00 0.000000e+00 0.000000e+00
     0.000000e+00 6.000000e-01 4.000000e-01 0.000000e+00 0.000000e+00
     0.000000e+00 0.000000e+00 6.000000e-01 4.000000e-01 0.000000e+00
     0.000000e+00 0.000000e+00 0.000000e+00 7.000000e-01 3.000000e-01
     0.000000e+00 0.000000e+00 0.000000e+00 0.000000e+00 0.000000e+00
    <ENDHMM>
~h "OK_2" 
    <BEGINHMM>
    <NUMSTATES> 5
    <STATE> 2
    <MEAN> 22
     5.642761e+00 7.401076e+00 2.103785e+00 2.473219e+00 4.243679e+01 6.014129e+01 9.067326e+01 8.937661e+01 6.484192e+01 6.440701e+01 1.604715e+02 1.453732e+02 1.105030e+02 1.081728e+02 5.455398e+00 4.064945e+00 5.749793e+00 5.418339e+00 5.260333e+00 4.497854e+00 2.332470e+00 2.586510e+00
    <VARIANCE> 22
     4.801967e+02 4.073976e+02 3.305620e+02 2.171579e+02 4.932810e+03 5.399630e+03 9.965596e+02 1.121768e+03 2.939380e+02 3.532339e+02 3.789023e+03 4.425340e+03 4.237021e+02 4.029697e+02 6.556320e+00 1.793070e+00 2.348518e+00 1.180012e+00 2.100767e+00 5.619852e+00 6.159949e+00 6.062591e+00
    <GCONST> 1.446293e+02
    <STATE> 3
    <MEAN> 22
     5.642761e+00 7.401076e+00 2.103785e+00 2.473219e+00 4.243679e+01 6.014129e+01 9.067326e+01 8.937661e+01 6.484192e+01 6.440701e+01 1.604715e+02 1.453732e+02 1.105030e+02 1.081728e+02 5.455398e+00 4.064945e+00 5.749793e+00 5.418339e+00 5.260333e+00 4.497854e+00 2.332470e+00 2.586510e+00
    <VARIANCE> 22
     4.801967e+02 4.073976e+02 3.305620e+02 2.171579e+02 4.932810e+03 5.399630e+03 9.965596e+02 1.121768e+03 2.939380e+02 3.532339e+02 3.789023e+03 4.425340e+03 4.237021e+02 4.029697e+02 6.556320e+00 1.793070e+00 2.348518e+00 1.180012e+00 2.100767e+00 5.619852e+00 6.159949e+00 6.062591e+00
    <GCONST> 1.446293e+02
    <STATE> 4
    <MEAN> 22
     5.642761e+00 7.401076e+00 2.103785e+00 2.473219e+00 4.243679e+01 6.014129e+01 9.067326e+01 8.937661e+01 6.484192e+01 6.440701e+01 1.604715e+02 1.453732e+02 1.105030e+02 1.081728e+02 5.455398e+00 4.064945e+00 5.749793e+00 5.418339e+00 5.260333e+00 4.497854e+00 2.332470e+00 2.586510e+00
    <VARIANCE> 22
     4.801967e+02 4.073976e+02 3.305620e+02 2.171579e+02 4.932810e+03 5.399630e+03 9.965596e+02 1.121768e+03 2.939380e+02 3.532339e+02 3.789023e+03 4.425340e+03 4.237021e+02 4.029697e+02 6.556320e+00 1.793070e+00 2.348518e+00 1.180012e+00 2.100767e+00 5.619852e+00 6.159949e+00 6.062591e+00
    <GCONST> 1.446293e+02
    <TRANSP> 5
     0.000000e+00 1.000000e+00 0.000000e+00 0.000000e+00 0.000000e+00
     0.000000e+00 6.000000e-01 4.000000e-01 0.000000e+00 0.000000e+00
     0.000000e+00 0.000000e+00 6.000000e-01 4.000000e-01 0.000000e+00
     0.000000e+00 0.000000e+00 0.000000e+00 7.000000e-01 3.000000e-01
     0.000000e+00 0.000000e+00 0.000000e+00 0.000000e+00 0.000000e+00
    <ENDHMM>
~h "PF_2" 
    <BEGINHMM>
    <NUMSTATES> 5
    <STATE> 2
    <MEAN> 22
     5.642761e+00 7.401076e+00 2.103785e+00 2.473219e+00 4.243679e+01 6.014129e+01 9.067326e+01 8.937661e+01 6.484192e+01 6.440701e+01 1.604715e+02 1.453732e+02 1.105030e+02 1.081728e+02 5.455398e+00 4.064945e+00 5.749793e+00 5.418339e+00 5.260333e+00 4.497854e+00 2.332470e+00 2.586510e+00
    <VARIANCE> 22
     4.801967e+02 4.073976e+02 3.305620e+02 2.171579e+02 4.932810e+03 5.399630e+03 9.965596e+02 1.121768e+03 2.939380e+02 3.532339e+02 3.789023e+03 4.425340e+03 4.237021e+02 4.029697e+02 6.556320e+00 1.793070e+00 2.348518e+00 1.180012e+00 2.100767e+00 5.619852e+00 6.159949e+00 6.062591e+00
    <GCONST> 1.446293e+02
    <STATE> 3
    <MEAN> 22
     5.642761e+00 7.401076e+00 2.103785e+00 2.473219e+00 4.243679e+01 6.014129e+01 9.067326e+01 8.937661e+01 6.484192e+01 6.440701e+01 1.604715e+02 1.453732e+02 1.105030e+02 1.081728e+02 5.455398e+00 4.064945e+00 5.749793e+00 5.418339e+00 5.260333e+00 4.497854e+00 2.332470e+00 2.586510e+00
    <VARIANCE> 22
     4.801967e+02 4.073976e+02 3.305620e+02 2.171579e+02 4.932810e+03 5.399630e+03 9.965596e+02 1.121768e+03 2.939380e+02 3.532339e+02 3.789023e+03 4.425340e+03 4.237021e+02 4.029697e+02 6.556320e+00 1.793070e+00 2.348518e+00 1.180012e+00 2.100767e+00 5.619852e+00 6.159949e+00 6.062591e+00
    <GCONST> 1.446293e+02
    <STATE> 4
    <MEAN> 22
     5.642761e+00 7.401076e+00 2.103785e+00 2.473219e+00 4.243679e+01 6.014129e+01 9.067326e+01 8.937661e+01 6.484192e+01 6.440701e+01 1.604715e+02 1.453732e+02 1.105030e+02 1.081728e+02 5.455398e+00 4.064945e+00 5.749793e+00 5.418339e+00 5.260333e+00 4.497854e+00 2.332470e+00 2.586510e+00
    <VARIANCE> 22
     4.801967e+02 4.073976e+02 3.305620e+02 2.171579e+02 4.932810e+03 5.399630e+03 9.965596e+02 1.121768e+03 2.939380e+02 3.532339e+02 3.789023e+03 4.425340e+03 4.237021e+02 4.029697e+02 6.556320e+00 1.793070e+00 2.348518e+00 1.180012e+00 2.100767e+00 5.619852e+00 6.159949e+00 6.062591e+00
    <GCONST> 1.446293e+02
    <TRANSP> 5
     0.000000e+00 1.000000e+00 0.000000e+00 0.000000e+00 0.000000e+00
     0.000000e+00 6.000000e-01 4.000000e-01 0.000000e+00 0.000000e+00
     0.000000e+00 0.000000e+00 6.000000e-01 4.000000e-01 0.000000e+00
     0.000000e+00 0.000000e+00 0.000000e+00 7.000000e-01 3.000000e-01
     0.000000e+00 0.000000e+00 0.000000e+00 0.000000e+00 0.000000e+00
    <ENDHMM>
~h "PR_2" 
    <BEGINHMM>
    <NUMSTATES> 5
    <STATE> 2
    <MEAN> 22
     5.642761e+00 7.401076e+00 2.103785e+00 2.473219e+00 4.243679e+01 6.014129e+01 9.067326e+01 8.937661e+01 6.484192e+01 6.440701e+01 1.604715e+02 1.453732e+02 1.105030e+02 1.081728e+02 5.455398e+00 4.064945e+00 5.749793e+00 5.418339e+00 5.260333e+00 4.497854e+00 2.332470e+00 2.586510e+00
    <VARIANCE> 22
     4.801967e+02 4.073976e+02 3.305620e+02 2.171579e+02 4.932810e+03 5.399630e+03 9.965596e+02 1.121768e+03 2.939380e+02 3.532339e+02 3.789023e+03 4.425340e+03 4.237021e+02 4.029697e+02 6.556320e+00 1.793070e+00 2.348518e+00 1.180012e+00 2.100767e+00 5.619852e+00 6.159949e+00 6.062591e+00
    <GCONST> 1.446293e+02
    <STATE> 3
    <MEAN> 22
     5.642761e+00 7.401076e+00 2.103785e+00 2.473219e+00 4.243679e+01 6.014129e+01 9.067326e+01 8.937661e+01 6.484192e+01 6.440701e+01 1.604715e+02 1.453732e+02 1.105030e+02 1.081728e+02 5.455398e+00 4.064945e+00 5.749793e+00 5.418339e+00 5.260333e+00 4.497854e+00 2.332470e+00 2.586510e+00
    <VARIANCE> 22
     4.801967e+02 4.073976e+02 3.305620e+02 2.171579e+02 4.932810e+03 5.399630e+03 9.965596e+02 1.121768e+03 2.939380e+02 3.532339e+02 3.789023e+03 4.425340e+03 4.237021e+02 4.029697e+02 6.556320e+00 1.793070e+00 2.348518e+00 1.180012e+00 2.100767e+00 5.619852e+00 6.159949e+00 6.062591e+00
    <GCONST> 1.446293e+02
    <STATE> 4
    <MEAN> 22
     5.642761e+00 7.401076e+00 2.103785e+00 2.473219e+00 4.243679e+01 6.014129e+01 9.067326e+01 8.937661e+01 6.484192e+01 6.440701e+01 1.604715e+02 1.453732e+02 1.105030e+02 1.081728e+02 5.455398e+00 4.064945e+00 5.749793e+00 5.418339e+00 5.260333e+00 4.497854e+00 2.332470e+00 2.586510e+00
    <VARIANCE> 22
     4.801967e+02 4.073976e+02 3.305620e+02 2.171579e+02 4.932810e+03 5.399630e+03 9.965596e+02 1.121768e+03 2.939380e+02 3.532339e+02 3.789023e+03 4.425340e+03 4.237021e+02 4.029697e+02 6.556320e+00 1.793070e+00 2.348518e+00 1.180012e+00 2.100767e+00 5.619852e+00 6.159949e+00 6.062591e+00
    <GCONST> 1.446293e+02
    <TRANSP> 5
     0.000000e+00 1.000000e+00 0.000000e+00 0.000000e+00 0.000000e+00
     0.000000e+00 6.000000e-01 4.000000e-01 0.000000e+00 0.000000e+00
     0.000000e+00 0.000000e+00 6.000000e-01 4.000000e-01 0.000000e+00
     0.000000e+00 0.000000e+00 0.000000e+00 7.000000e-01 3.000000e-01
     0.000000e+00 0.000000e+00 0.000000e+00 0.000000e+00 0.000000e+00
    <ENDHMM>
~h "SP_2" 
    <BEGINHMM>
    <NUMSTATES> 5
    <STATE> 2
    <MEAN> 22
     5.642761e+00 7.401076e+00 2.103785e+00 2.473219e+00 4.243679e+01 6.014129e+01 9.067326e+01 8.937661e+01 6.484192e+01 6.440701e+01 1.604715e+02 1.453732e+02 1.105030e+02 1.081728e+02 5.455398e+00 4.064945e+00 5.749793e+00 5.418339e+00 5.260333e+00 4.497854e+00 2.332470e+00 2.586510e+00
    <VARIANCE> 22
     4.801967e+02 4.073976e+02 3.305620e+02 2.171579e+02 4.932810e+03 5.399630e+03 9.965596e+02 1.121768e+03 2.939380e+02 3.532339e+02 3.789023e+03 4.425340e+03 4.237021e+02 4.029697e+02 6.556320e+00 1.793070e+00 2.348518e+00 1.180012e+00 2.100767e+00 5.619852e+00 6.159949e+00 6.062591e+00
    <GCONST> 1.446293e+02
    <STATE> 3
    <MEAN> 22
     5.642761e+00 7.401076e+00 2.103785e+00 2.473219e+00 4.243679e+01 6.014129e+01 9.067326e+01 8.937661e+01 6.484192e+01 6.440701e+01 1.604715e+02 1.453732e+02 1.105030e+02 1.081728e+02 5.455398e+00 4.064945e+00 5.749793e+00 5.418339e+00 5.260333e+00 4.497854e+00 2.332470e+00 2.586510e+00
    <VARIANCE> 22
     4.801967e+02 4.073976e+02 3.305620e+02 2.171579e+02 4.932810e+03 5.399630e+03 9.965596e+02 1.121768e+03 2.939380e+02 3.532339e+02 3.789023e+03 4.425340e+03 4.237021e+02 4.029697e+02 6.556320e+00 1.793070e+00 2.348518e+00 1.180012e+00 2.100767e+00 5.619852e+00 6.159949e+00 6.062591e+00
    <GCONST> 1.446293e+02
    <STATE> 4
    <MEAN> 22
     5.642761e+00 7.401076e+00 2.103785e+00 2.473219e+00 4.243679e+01 6.014129e+01 9.067326e+01 8.937661e+01 6.484192e+01 6.440701e+01 1.604715e+02 1.453732e+02 1.105030e+02 1.081728e+02 5.455398e+00 4.064945e+00 5.749793e+00 5.418339e+00 5.260333e+00 4.497854e+00 2.332470e+00 2.586510e+00
    <VARIANCE> 22
     4.801967e+02 4.073976e+02 3.305620e+02 2.171579e+02 4.932810e+03 5.399630e+03 9.965596e+02 1.121768e+03 2.939380e+02 3.532339e+02 3.789023e+03 4.425340e+03 4.237021e+02 4.029697e+02 6.556320e+00 1.793070e+00 2.348518e+00 1.180012e+00 2.100767e+00 5.619852e+00 6.159949e+00 6.062591e+00
    <GCONST> 1.446293e+02
    <TRANSP> 5
     0.000000e+00 1.000000e+00 0.000000e+00 0.000000e+00 0.000000e+00
     0.000000e+00 6.000000e-01 4.000000e-01 0.000000e+00 0.000000e+00
     0.000000e+00 0.000000e+00 6.000000e-01 4.000000e-01 0.000000e+00
     0.000000e+00 0.000000e+00 0.000000e+00 7.000000e-01 3.000000e-01
     0.000000e+00 0.000000e+00 0.000000e+00 0.000000e+00 0.000000e+00
    <ENDHMM>
~h "ST_2" 
    <BEGINHMM>
    <NUMSTATES> 5
    <STATE> 2
    <MEAN> 22
     5.642761e+00 7.401076e+00 2.103785e+00 2.473219e+00 4.243679e+01 6.014129e+01 9.067326e+01 8.937661e+01 6.484192e+01 6.440701e+01 1.604715e+02 1.453732e+02 1.105030e+02 1.081728e+02 5.455398e+00 4.064945e+00 5.749793e+00 5.418339e+00 5.260333e+00 4.497854e+00 2.332470e+00 2.586510e+00
    <VARIANCE> 22
     4.801967e+02 4.073976e+02 3.305620e+02 2.171579e+02 4.932810e+03 5.399630e+03 9.965596e+02 1.121768e+03 2.939380e+02 3.532339e+02 3.789023e+03 4.425340e+03 4.237021e+02 4.029697e+02 6.556320e+00 1.793070e+00 2.348518e+00 1.180012e+00 2.100767e+00 5.619852e+00 6.159949e+00 6.062591e+00
    <GCONST> 1.446293e+02
    <STATE> 3
    <MEAN> 22
     5.642761e+00 7.401076e+00 2.103785e+00 2.473219e+00 4.243679e+01 6.014129e+01 9.067326e+01 8.937661e+01 6.484192e+01 6.440701e+01 1.604715e+02 1.453732e+02 1.105030e+02 1.081728e+02 5.455398e+00 4.064945e+00 5.749793e+00 5.418339e+00 5.260333e+00 4.497854e+00 2.332470e+00 2.586510e+00
    <VARIANCE> 22
     4.801967e+02 4.073976e+02 3.305620e+02 2.171579e+02 4.932810e+03 5.399630e+03 9.965596e+02 1.121768e+03 2.939380e+02 3.532339e+02 3.789023e+03 4.425340e+03 4.237021e+02 4.029697e+02 6.556320e+00 1.793070e+00 2.348518e+00 1.180012e+00 2.100767e+00 5.619852e+00 6.159949e+00 6.062591e+00
    <GCONST> 1.446293e+02
    <STATE> 4
    <MEAN> 22
     5.642761e+00 7.401076e+00 2.103785e+00 2.473219e+00 4.243679e+01 6.014129e+01 9.067326e+01 8.937661e+01 6.484192e+01 6.440701e+01 1.604715e+02 1.453732e+02 1.105030e+02 1.081728e+02 5.455398e+00 4.064945e+00 5.749793e+00 5.418339e+00 5.260333e+00 4.497854e+00 2.332470e+00 2.586510e+00
    <VARIANCE> 22
     4.801967e+02 4.073976e+02 3.305620e+02 2.171579e+02 4.932810e+03 5.399630e+03 9.965596e+02 1.121768e+03 2.939380e+02 3.532339e+02 3.789023e+03 4.425340e+03 4.237021e+02 4.029697e+02 6.556320e+00 1.793070e+00 2.348518e+00 1.180012e+00 2.100767e+00 5.619852e+00 6.159949e+00 6.062591e+00
    <GCONST> 1.446293e+02
    <TRANSP> 5
     0.000000e+00 1.000000e+00 0.000000e+00 0.000000e+00 0.000000e+00
     0.000000e+00 6.000000e-01 4.000000e-01 0.000000e+00 0.000000e+00
     0.000000e+00 0.000000e+00 6.000000e-01 4.000000e-01 0.000000e+00
     0.000000e+00 0.000000e+00 0.000000e+00 7.000000e-01 3.000000e-01
     0.000000e+00 0.000000e+00 0.000000e+00 0.000000e+00 0.000000e+00
    <ENDHMM>
~h "TT_2" 
    <BEGINHMM>
    <NUMSTATES> 5
    <STATE> 2
    <MEAN> 22
     5.642761e+00 7.401076e+00 2.103785e+00 2.473219e+00 4.243679e+01 6.014129e+01 9.067326e+01 8.937661e+01 6.484192e+01 6.440701e+01 1.604715e+02 1.453732e+02 1.105030e+02 1.081728e+02 5.455398e+00 4.064945e+00 5.749793e+00 5.418339e+00 5.260333e+00 4.497854e+00 2.332470e+00 2.586510e+00
    <VARIANCE> 22
     4.801967e+02 4.073976e+02 3.305620e+02 2.171579e+02 4.932810e+03 5.399630e+03 9.965596e+02 1.121768e+03 2.939380e+02 3.532339e+02 3.789023e+03 4.425340e+03 4.237021e+02 4.029697e+02 6.556320e+00 1.793070e+00 2.348518e+00 1.180012e+00 2.100767e+00 5.619852e+00 6.159949e+00 6.062591e+00
    <GCONST> 1.446293e+02
    <STATE> 3
    <MEAN> 22
     5.642761e+00 7.401076e+00 2.103785e+00 2.473219e+00 4.243679e+01 6.014129e+01 9.067326e+01 8.937661e+01 6.484192e+01 6.440701e+01 1.604715e+02 1.453732e+02 1.105030e+02 1.081728e+02 5.455398e+00 4.064945e+00 5.749793e+00 5.418339e+00 5.260333e+00 4.497854e+00 2.332470e+00 2.586510e+00
    <VARIANCE> 22
     4.801967e+02 4.073976e+02 3.305620e+02 2.171579e+02 4.932810e+03 5.399630e+03 9.965596e+02 1.121768e+03 2.939380e+02 3.532339e+02 3.789023e+03 4.425340e+03 4.237021e+02 4.029697e+02 6.556320e+00 1.793070e+00 2.348518e+00 1.180012e+00 2.100767e+00 5.619852e+00 6.159949e+00 6.062591e+00
    <GCONST> 1.446293e+02
    <STATE> 4
    <MEAN> 22
     5.642761e+00 7.401076e+00 2.103785e+00 2.473219e+00 4.243679e+01 6.014129e+01 9.067326e+01 8.937661e+01 6.484192e+01 6.440701e+01 1.604715e+02 1.453732e+02 1.105030e+02 1.081728e+02 5.455398e+00 4.064945e+00 5.749793e+00 5.418339e+00 5.260333e+00 4.497854e+00 2.332470e+00 2.586510e+00
    <VARIANCE> 22
     4.801967e+02 4.073976e+02 3.305620e+02 2.171579e+02 4.932810e+03 5.399630e+03 9.965596e+02 1.121768e+03 2.939380e+02 3.532339e+02 3.789023e+03 4.425340e+03 4.237021e+02 4.029697e+02 6.556320e+00 1.793070e+00 2.348518e+00 1.180012e+00 2.100767e+00 5.619852e+00 6.159949e+00 6.062591e+00
    <GCONST> 1.446293e+02
    <TRANSP> 5
     0.000000e+00 1.000000e+00 0.000000e+00 0.000000e+00 0.000000e+00
     0.000000e+00 6.000000e-01 4.000000e-01 0.000000e+00 0.000000e+00
     0.000000e+00 0.000000e+00 6.000000e-01 4.000000e-01 0.000000e+00
     0.000000e+00 0.000000e+00 0.000000e+00 7.000000e-01 3.000000e-01
     0.000000e+00 0.000000e+00 0.000000e+00 0.000000e+00 0.000000e+00
    <ENDHMM>
~h "VA_2" 
    <BEGINHMM>
    <NUMSTATES> 5
    <STATE> 2
    <MEAN> 22
     5.642761e+00 7.401076e+00 2.103785e+00 2.473219e+00 4.243679e+01 6.014129e+01 9.067326e+01 8.937661e+01 6.484192e+01 6.440701e+01 1.604715e+02 1.453732e+02 1.105030e+02 1.081728e+02 5.455398e+00 4.064945e+00 5.749793e+00 5.418339e+00 5.260333e+00 4.497854e+00 2.332470e+00 2.586510e+00
    <VARIANCE> 22
     4.801967e+02 4.073976e+02 3.305620e+02 2.171579e+02 4.932810e+03 5.399630e+03 9.965596e+02 1.121768e+03 2.939380e+02 3.532339e+02 3.789023e+03 4.425340e+03 4.237021e+02 4.029697e+02 6.556320e+00 1.793070e+00 2.348518e+00 1.180012e+00 2.100767e+00 5.619852e+00 6.159949e+00 6.062591e+00
    <GCONST> 1.446293e+02
    <STATE> 3
    <MEAN> 22
     5.642761e+00 7.401076e+00 2.103785e+00 2.473219e+00 4.243679e+01 6.014129e+01 9.067326e+01 8.937661e+01 6.484192e+01 6.440701e+01 1.604715e+02 1.453732e+02 1.105030e+02 1.081728e+02 5.455398e+00 4.064945e+00 5.749793e+00 5.418339e+00 5.260333e+00 4.497854e+00 2.332470e+00 2.586510e+00
    <VARIANCE> 22
     4.801967e+02 4.073976e+02 3.305620e+02 2.171579e+02 4.932810e+03 5.399630e+03 9.965596e+02 1.121768e+03 2.939380e+02 3.532339e+02 3.789023e+03 4.425340e+03 4.237021e+02 4.029697e+02 6.556320e+00 1.793070e+00 2.348518e+00 1.180012e+00 2.100767e+00 5.619852e+00 6.159949e+00 6.062591e+00
    <GCONST> 1.446293e+02
    <STATE> 4
    <MEAN> 22
     5.642761e+00 7.401076e+00 2.103785e+00 2.473219e+00 4.243679e+01 6.014129e+01 9.067326e+01 8.937661e+01 6.484192e+01 6.440701e+01 1.604715e+02 1.453732e+02 1.105030e+02 1.081728e+02 5.455398e+00 4.064945e+00 5.749793e+00 5.418339e+00 5.260333e+00 4.497854e+00 2.332470e+00 2.586510e+00
    <VARIANCE> 22
     4.801967e+02 4.073976e+02 3.305620e+02 2.171579e+02 4.932810e+03 5.399630e+03 9.965596e+02 1.121768e+03 2.939380e+02 3.532339e+02 3.789023e+03 4.425340e+03 4.237021e+02 4.029697e+02 6.556320e+00 1.793070e+00 2.348518e+00 1.180012e+00 2.100767e+00 5.619852e+00 6.159949e+00 6.062591e+00
    <GCONST> 1.446293e+02
    <TRANSP> 5
     0.000000e+00 1.000000e+00 0.000000e+00 0.000000e+00 0.000000e+00
     0.000000e+00 6.000000e-01 4.000000e-01 0.000000e+00 0.000000e+00
     0.000000e+00 0.000000e+00 6.000000e-01 4.000000e-01 0.000000e+00
     0.000000e+00 0.000000e+00 0.000000e+00 7.000000e-01 3.000000e-01
     0.000000e+00 0.000000e+00 0.000000e+00 0.000000e+00 0.000000e+00
    <ENDHMM>
~h "VQ_2" 
    <BEGINHMM>
    <NUMSTATES> 5
    <STATE> 2
    <MEAN> 22
     5.642761e+00 7.401076e+00 2.103785e+00 2.473219e+00 4.243679e+01 6.014129e+01 9.067326e+01 8.937661e+01 6.484192e+01 6.440701e+01 1.604715e+02 1.453732e+02 1.105030e+02 1.081728e+02 5.455398e+00 4.064945e+00 5.749793e+00 5.418339e+00 5.260333e+00 4.497854e+00 2.332470e+00 2.586510e+00
    <VARIANCE> 22
     4.801967e+02 4.073976e+02 3.305620e+02 2.171579e+02 4.932810e+03 5.399630e+03 9.965596e+02 1.121768e+03 2.939380e+02 3.532339e+02 3.789023e+03 4.425340e+03 4.237021e+02 4.029697e+02 6.556320e+00 1.793070e+00 2.348518e+00 1.180012e+00 2.100767e+00 5.619852e+00 6.159949e+00 6.062591e+00
    <GCONST> 1.446293e+02
    <STATE> 3
    <MEAN> 22
     5.642761e+00 7.401076e+00 2.103785e+00 2.473219e+00 4.243679e+01 6.014129e+01 9.067326e+01 8.937661e+01 6.484192e+01 6.440701e+01 1.604715e+02 1.453732e+02 1.105030e+02 1.081728e+02 5.455398e+00 4.064945e+00 5.749793e+00 5.418339e+00 5.260333e+00 4.497854e+00 2.332470e+00 2.586510e+00
    <VARIANCE> 22
     4.801967e+02 4.073976e+02 3.305620e+02 2.171579e+02 4.932810e+03 5.399630e+03 9.965596e+02 1.121768e+03 2.939380e+02 3.532339e+02 3.789023e+03 4.425340e+03 4.237021e+02 4.029697e+02 6.556320e+00 1.793070e+00 2.348518e+00 1.180012e+00 2.100767e+00 5.619852e+00 6.159949e+00 6.062591e+00
    <GCONST> 1.446293e+02
    <STATE> 4
    <MEAN> 22
     5.642761e+00 7.401076e+00 2.103785e+00 2.473219e+00 4.243679e+01 6.014129e+01 9.067326e+01 8.937661e+01 6.484192e+01 6.440701e+01 1.604715e+02 1.453732e+02 1.105030e+02 1.081728e+02 5.455398e+00 4.064945e+00 5.749793e+00 5.418339e+00 5.260333e+00 4.497854e+00 2.332470e+00 2.586510e+00
    <VARIANCE> 22
     4.801967e+02 4.073976e+02 3.305620e+02 2.171579e+02 4.932810e+03 5.399630e+03 9.965596e+02 1.121768e+03 2.939380e+02 3.532339e+02 3.789023e+03 4.425340e+03 4.237021e+02 4.029697e+02 6.556320e+00 1.793070e+00 2.348518e+00 1.180012e+00 2.100767e+00 5.619852e+00 6.159949e+00 6.062591e+00
    <GCONST> 1.446293e+02
    <TRANSP> 5
     0.000000e+00 1.000000e+00 0.000000e+00 0.000000e+00 0.000000e+00
     0.000000e+00 6.000000e-01 4.000000e-01 0.000000e+00 0.000000e+00
     0.000000e+00 0.000000e+00 6.000000e-01 4.000000e-01 0.000000e+00
     0.000000e+00 0.000000e+00 0.000000e+00 7.000000e-01 3.000000e-01
     0.000000e+00 0.000000e+00 0.000000e+00 0.000000e+00 0.000000e+00
    <ENDHMM>
~h "OH_U" 
    <BEGINHMM>
    <NUMSTATES> 5
    <STATE> 2
    <MEAN> 22
     5.642761e+00 7.401076e+00 2.103785e+00 2.473219e+00 4.243679e+01 6.014129e+01 9.067326e+01 8.937661e+01 6.484192e+01 6.440701e+01 1.604715e+02 1.453732e+02 1.105030e+02 1.081728e+02 5.455398e+00 4.064945e+00 5.749793e+00 5.418339e+00 5.260333e+00 4.497854e+00 2.332470e+00 2.586510e+00
    <VARIANCE> 22
     4.801967e+02 4.073976e+02 3.305620e+02 2.171579e+02 4.932810e+03 5.399630e+03 9.965596e+02 1.121768e+03 2.939380e+02 3.532339e+02 3.789023e+03 4.425340e+03 4.237021e+02 4.029697e+02 6.556320e+00 1.793070e+00 2.348518e+00 1.180012e+00 2.100767e+00 5.619852e+00 6.159949e+00 6.062591e+00
    <GCONST> 1.446293e+02
    <STATE> 3
    <MEAN> 22
     5.642761e+00 7.401076e+00 2.103785e+00 2.473219e+00 4.243679e+01 6.014129e+01 9.067326e+01 8.937661e+01 6.484192e+01 6.440701e+01 1.604715e+02 1.453732e+02 1.105030e+02 1.081728e+02 5.455398e+00 4.064945e+00 5.749793e+00 5.418339e+00 5.260333e+00 4.497854e+00 2.332470e+00 2.586510e+00
    <VARIANCE> 22
     4.801967e+02 4.073976e+02 3.305620e+02 2.171579e+02 4.932810e+03 5.399630e+03 9.965596e+02 1.121768e+03 2.939380e+02 3.532339e+02 3.789023e+03 4.425340e+03 4.237021e+02 4.029697e+02 6.556320e+00 1.793070e+00 2.348518e+00 1.180012e+00 2.100767e+00 5.619852e+00 6.159949e+00 6.062591e+00
    <GCONST> 1.446293e+02
    <STATE> 4
    <MEAN> 22
     5.642761e+00 7.401076e+00 2.103785e+00 2.473219e+00 4.243679e+01 6.014129e+01 9.067326e+01 8.937661e+01 6.484192e+01 6.440701e+01 1.604715e+02 1.453732e+02 1.105030e+02 1.081728e+02 5.455398e+00 4.064945e+00 5.749793e+00 5.418339e+00 5.260333e+00 4.497854e+00 2.332470e+00 2.586510e+00
    <VARIANCE> 22
     4.801967e+02 4.073976e+02 3.305620e+02 2.171579e+02 4.932810e+03 5.399630e+03 9.965596e+02 1.121768e+03 2.939380e+02 3.532339e+02 3.789023e+03 4.425340e+03 4.237021e+02 4.029697e+02 6.556320e+00 1.793070e+00 2.348518e+00 1.180012e+00 2.100767e+00 5.619852e+00 6.159949e+00 6.062591e+00
    <GCONST> 1.446293e+02
    <TRANSP> 5
     0.000000e+00 1.000000e+00 0.000000e+00 0.000000e+00 0.000000e+00
     0.000000e+00 6.000000e-01 4.000000e-01 0.000000e+00 0.000000e+00
     0.000000e+00 0.000000e+00 6.000000e-01 4.000000e-01 0.000000e+00
     0.000000e+00 0.000000e+00 0.000000e+00 7.000000e-01 3.000000e-01
     0.000000e+00 0.000000e+00 0.000000e+00 0.000000e+00 0.000000e+00
    <ENDHMM>
~h "OH_D" 
    <BEGINHMM>
    <NUMSTATES> 5
    <STATE> 2
    <MEAN> 22
     5.642761e+00 7.401076e+00 2.103785e+00 2.473219e+00 4.243679e+01 6.014129e+01 9.067326e+01 8.937661e+01 6.484192e+01 6.440701e+01 1.604715e+02 1.453732e+02 1.105030e+02 1.081728e+02 5.455398e+00 4.064945e+00 5.749793e+00 5.418339e+00 5.260333e+00 4.497854e+00 2.332470e+00 2.586510e+00
    <VARIANCE> 22
     4.801967e+02 4.073976e+02 3.305620e+02 2.171579e+02 4.932810e+03 5.399630e+03 9.965596e+02 1.121768e+03 2.939380e+02 3.532339e+02 3.789023e+03 4.425340e+03 4.237021e+02 4.029697e+02 6.556320e+00 1.793070e+00 2.348518e+00 1.180012e+00 2.100767e+00 5.619852e+00 6.159949e+00 6.062591e+00
    <GCONST> 1.446293e+02
    <STATE> 3
    <MEAN> 22
     5.642761e+00 7.401076e+00 2.103785e+00 2.473219e+00 4.243679e+01 6.014129e+01 9.067326e+01 8.937661e+01 6.484192e+01 6.440701e+01 1.604715e+02 1.453732e+02 1.105030e+02 1.081728e+02 5.455398e+00 4.064945e+00 5.749793e+00 5.418339e+00 5.260333e+00 4.497854e+00 2.332470e+00 2.586510e+00
    <VARIANCE> 22
     4.801967e+02 4.073976e+02 3.305620e+02 2.171579e+02 4.932810e+03 5.399630e+03 9.965596e+02 1.121768e+03 2.939380e+02 3.532339e+02 3.789023e+03 4.425340e+03 4.237021e+02 4.029697e+02 6.556320e+00 1.793070e+00 2.348518e+00 1.180012e+00 2.100767e+00 5.619852e+00 6.159949e+00 6.062591e+00
    <GCONST> 1.446293e+02
    <STATE> 4
    <MEAN> 22
     5.642761e+00 7.401076e+00 2.103785e+00 2.473219e+00 4.243679e+01 6.014129e+01 9.067326e+01 8.937661e+01 6.484192e+01 6.440701e+01 1.604715e+02 1.453732e+02 1.105030e+02 1.081728e+02 5.455398e+00 4.064945e+00 5.749793e+00 5.418339e+00 5.260333e+00 4.497854e+00 2.332470e+00 2.586510e+00
    <VARIANCE> 22
     4.801967e+02 4.073976e+02 3.305620e+02 2.171579e+02 4.932810e+03 5.399630e+03 9.965596e+02 1.121768e+03 2.939380e+02 3.532339e+02 3.789023e+03 4.425340e+03 4.237021e+02 4.029697e+02 6.556320e+00 1.793070e+00 2.348518e+00 1.180012e+00 2.100767e+00 5.619852e+00 6.159949e+00 6.062591e+00
    <GCONST> 1.446293e+02
    <TRANSP> 5
     0.000000e+00 1.000000e+00 0.000000e+00 0.000000e+00 0.000000e+00
     0.000000e+00 6.000000e-01 4.000000e-01 0.000000e+00 0.000000e+00
     0.000000e+00 0.000000e+00 6.000000e-01 4.000000e-01 0.000000e+00
     0.000000e+00 0.000000e+00 0.000000e+00 7.000000e-01 3.000000e-01
     0.000000e+00 0.000000e+00 0.000000e+00 0.000000e+00 0.000000e+00
    <ENDHMM>
~h "TH_LU" 
    <BEGINHMM>
    <NUMSTATES> 5
    <STATE> 2
    <MEAN> 22
     5.642761e+00 7.401076e+00 2.103785e+00 2.473219e+00 4.243679e+01 6.014129e+01 9.067326e+01 8.937661e+01 6.484192e+01 6.440701e+01 1.604715e+02 1.453732e+02 1.105030e+02 1.081728e+02 5.455398e+00 4.064945e+00 5.749793e+00 5.418339e+00 5.260333e+00 4.497854e+00 2.332470e+00 2.586510e+00
    <VARIANCE> 22
     4.801967e+02 4.073976e+02 3.305620e+02 2.171579e+02 4.932810e+03 5.399630e+03 9.965596e+02 1.121768e+03 2.939380e+02 3.532339e+02 3.789023e+03 4.425340e+03 4.237021e+02 4.029697e+02 6.556320e+00 1.793070e+00 2.348518e+00 1.180012e+00 2.100767e+00 5.619852e+00 6.159949e+00 6.062591e+00
    <GCONST> 1.446293e+02
    <STATE> 3
    <MEAN> 22
     5.642761e+00 7.401076e+00 2.103785e+00 2.473219e+00 4.243679e+01 6.014129e+01 9.067326e+01 8.937661e+01 6.484192e+01 6.440701e+01 1.604715e+02 1.453732e+02 1.105030e+02 1.081728e+02 5.455398e+00 4.064945e+00 5.749793e+00 5.418339e+00 5.260333e+00 4.497854e+00 2.332470e+00 2.586510e+00
    <VARIANCE> 22
     4.801967e+02 4.073976e+02 3.305620e+02 2.171579e+02 4.932810e+03 5.399630e+03 9.965596e+02 1.121768e+03 2.939380e+02 3.532339e+02 3.789023e+03 4.425340e+03 4.237021e+02 4.029697e+02 6.556320e+00 1.793070e+00 2.348518e+00 1.180012e+00 2.100767e+00 5.619852e+00 6.159949e+00 6.062591e+00
    <GCONST> 1.446293e+02
    <STATE> 4
    <MEAN> 22
     5.642761e+00 7.401076e+00 2.103785e+00 2.473219e+00 4.243679e+01 6.014129e+01 9.067326e+01 8.937661e+01 6.484192e+01 6.440701e+01 1.604715e+02 1.453732e+02 1.105030e+02 1.081728e+02 5.455398e+00 4.064945e+00 5.749793e+00 5.418339e+00 5.260333e+00 4.497854e+00 2.332470e+00 2.586510e+00
    <VARIANCE> 22
     4.801967e+02 4.073976e+02 3.305620e+02 2.171579e+02 4.932810e+03 5.399630e+03 9.965596e+02 1.121768e+03 2.939380e+02 3.532339e+02 3.789023e+03 4.425340e+03 4.237021e+02 4.029697e+02 6.556320e+00 1.793070e+00 2.348518e+00 1.180012e+00 2.100767e+00 5.619852e+00 6.159949e+00 6.062591e+00
    <GCONST> 1.446293e+02
    <TRANSP> 5
     0.000000e+00 1.000000e+00 0.000000e+00 0.000000e+00 0.000000e+00
     0.000000e+00 6.000000e-01 4.000000e-01 0.000000e+00 0.000000e+00
     0.000000e+00 0.000000e+00 6.000000e-01 4.000000e-01 0.000000e+00
     0.000000e+00 0.000000e+00 0.000000e+00 7.000000e-01 3.000000e-01
     0.000000e+00 0.000000e+00 0.000000e+00 0.000000e+00 0.000000e+00
    <ENDHMM>
~h "TH_LD" 
    <BEGINHMM>
    <NUMSTATES> 5
    <STATE> 2
    <MEAN> 22
     5.642761e+00 7.401076e+00 2.103785e+00 2.473219e+00 4.243679e+01 6.014129e+01 9.067326e+01 8.937661e+01 6.484192e+01 6.440701e+01 1.604715e+02 1.453732e+02 1.105030e+02 1.081728e+02 5.455398e+00 4.064945e+00 5.749793e+00 5.418339e+00 5.260333e+00 4.497854e+00 2.332470e+00 2.586510e+00
    <VARIANCE> 22
     4.801967e+02 4.073976e+02 3.305620e+02 2.171579e+02 4.932810e+03 5.399630e+03 9.965596e+02 1.121768e+03 2.939380e+02 3.532339e+02 3.789023e+03 4.425340e+03 4.237021e+02 4.029697e+02 6.556320e+00 1.793070e+00 2.348518e+00 1.180012e+00 2.100767e+00 5.619852e+00 6.159949e+00 6.062591e+00
    <GCONST> 1.446293e+02
    <STATE> 3
    <MEAN> 22
     5.642761e+00 7.401076e+00 2.103785e+00 2.473219e+00 4.243679e+01 6.014129e+01 9.067326e+01 8.937661e+01 6.484192e+01 6.440701e+01 1.604715e+02 1.453732e+02 1.105030e+02 1.081728e+02 5.455398e+00 4.064945e+00 5.749793e+00 5.418339e+00 5.260333e+00 4.497854e+00 2.332470e+00 2.586510e+00
    <VARIANCE> 22
     4.801967e+02 4.073976e+02 3.305620e+02 2.171579e+02 4.932810e+03 5.399630e+03 9.965596e+02 1.121768e+03 2.939380e+02 3.532339e+02 3.789023e+03 4.425340e+03 4.237021e+02 4.029697e+02 6.556320e+00 1.793070e+00 2.348518e+00 1.180012e+00 2.100767e+00 5.619852e+00 6.159949e+00 6.062591e+00
    <GCONST> 1.446293e+02
    <STATE> 4
    <MEAN> 22
     5.642761e+00 7.401076e+00 2.103785e+00 2.473219e+00 4.243679e+01 6.014129e+01 9.067326e+01 8.937661e+01 6.484192e+01 6.440701e+01 1.604715e+02 1.453732e+02 1.105030e+02 1.081728e+02 5.455398e+00 4.064945e+00 5.749793e+00 5.418339e+00 5.260333e+00 4.497854e+00 2.332470e+00 2.586510e+00
    <VARIANCE> 22
     4.801967e+02 4.073976e+02 3.305620e+02 2.171579e+02 4.932810e+03 5.399630e+03 9.965596e+02 1.121768e+03 2.939380e+02 3.532339e+02 3.789023e+03 4.425340e+03 4.237021e+02 4.029697e+02 6.556320e+00 1.793070e+00 2.348518e+00 1.180012e+00 2.100767e+00 5.619852e+00 6.159949e+00 6.062591e+00
    <GCONST> 1.446293e+02
    <TRANSP> 5
     0.000000e+00 1.000000e+00 0.000000e+00 0.000000e+00 0.000000e+00
     0.000000e+00 6.000000e-01 4.000000e-01 0.000000e+00 0.000000e+00
     0.000000e+00 0.000000e+00 6.000000e-01 4.000000e-01 0.000000e+00
     0.000000e+00 0.000000e+00 0.000000e+00 7.000000e-01 3.000000e-01
     0.000000e+00 0.000000e+00 0.000000e+00 0.000000e+00 0.000000e+00
    <ENDHMM>
~h "TH_U" 
    <BEGINHMM>
    <NUMSTATES> 5
    <STATE> 2
    <MEAN> 22
     5.642761e+00 7.401076e+00 2.103785e+00 2.473219e+00 4.243679e+01 6.014129e+01 9.067326e+01 8.937661e+01 6.484192e+01 6.440701e+01 1.604715e+02 1.453732e+02 1.105030e+02 1.081728e+02 5.455398e+00 4.064945e+00 5.749793e+00 5.418339e+00 5.260333e+00 4.497854e+00 2.332470e+00 2.586510e+00
    <VARIANCE> 22
     4.801967e+02 4.073976e+02 3.305620e+02 2.171579e+02 4.932810e+03 5.399630e+03 9.965596e+02 1.121768e+03 2.939380e+02 3.532339e+02 3.789023e+03 4.425340e+03 4.237021e+02 4.029697e+02 6.556320e+00 1.793070e+00 2.348518e+00 1.180012e+00 2.100767e+00 5.619852e+00 6.159949e+00 6.062591e+00
    <GCONST> 1.446293e+02
    <STATE> 3
    <MEAN> 22
     5.642761e+00 7.401076e+00 2.103785e+00 2.473219e+00 4.243679e+01 6.014129e+01 9.067326e+01 8.937661e+01 6.484192e+01 6.440701e+01 1.604715e+02 1.453732e+02 1.105030e+02 1.081728e+02 5.455398e+00 4.064945e+00 5.749793e+00 5.418339e+00 5.260333e+00 4.497854e+00 2.332470e+00 2.586510e+00
    <VARIANCE> 22
     4.801967e+02 4.073976e+02 3.305620e+02 2.171579e+02 4.932810e+03 5.399630e+03 9.965596e+02 1.121768e+03 2.939380e+02 3.532339e+02 3.789023e+03 4.425340e+03 4.237021e+02 4.029697e+02 6.556320e+00 1.793070e+00 2.348518e+00 1.180012e+00 2.100767e+00 5.619852e+00 6.159949e+00 6.062591e+00
    <GCONST> 1.446293e+02
    <STATE> 4
    <MEAN> 22
     5.642761e+00 7.401076e+00 2.103785e+00 2.473219e+00 4.243679e+01 6.014129e+01 9.067326e+01 8.937661e+01 6.484192e+01 6.440701e+01 1.604715e+02 1.453732e+02 1.105030e+02 1.081728e+02 5.455398e+00 4.064945e+00 5.749793e+00 5.418339e+00 5.260333e+00 4.497854e+00 2.332470e+00 2.586510e+00
    <VARIANCE> 22
     4.801967e+02 4.073976e+02 3.305620e+02 2.171579e+02 4.932810e+03 5.399630e+03 9.965596e+02 1.121768e+03 2.939380e+02 3.532339e+02 3.789023e+03 4.425340e+03 4.237021e+02 4.029697e+02 6.556320e+00 1.793070e+00 2.348518e+00 1.180012e+00 2.100767e+00 5.619852e+00 6.159949e+00 6.062591e+00
    <GCONST> 1.446293e+02
    <TRANSP> 5
     0.000000e+00 1.000000e+00 0.000000e+00 0.000000e+00 0.000000e+00
     0.000000e+00 6.000000e-01 4.000000e-01 0.000000e+00 0.000000e+00
     0.000000e+00 0.000000e+00 6.000000e-01 4.000000e-01 0.000000e+00
     0.000000e+00 0.000000e+00 0.000000e+00 7.000000e-01 3.000000e-01
     0.000000e+00 0.000000e+00 0.000000e+00 0.000000e+00 0.000000e+00
    <ENDHMM>
~h "TH_D" 
    <BEGINHMM>
    <NUMSTATES> 5
    <STATE> 2
    <MEAN> 22
     5.642761e+00 7.401076e+00 2.103785e+00 2.473219e+00 4.243679e+01 6.014129e+01 9.067326e+01 8.937661e+01 6.484192e+01 6.440701e+01 1.604715e+02 1.453732e+02 1.105030e+02 1.081728e+02 5.455398e+00 4.064945e+00 5.749793e+00 5.418339e+00 5.260333e+00 4.497854e+00 2.332470e+00 2.586510e+00
    <VARIANCE> 22
     4.801967e+02 4.073976e+02 3.305620e+02 2.171579e+02 4.932810e+03 5.399630e+03 9.965596e+02 1.121768e+03 2.939380e+02 3.532339e+02 3.789023e+03 4.425340e+03 4.237021e+02 4.029697e+02 6.556320e+00 1.793070e+00 2.348518e+00 1.180012e+00 2.100767e+00 5.619852e+00 6.159949e+00 6.062591e+00
    <GCONST> 1.446293e+02
    <STATE> 3
    <MEAN> 22
     5.642761e+00 7.401076e+00 2.103785e+00 2.473219e+00 4.243679e+01 6.014129e+01 9.067326e+01 8.937661e+01 6.484192e+01 6.440701e+01 1.604715e+02 1.453732e+02 1.105030e+02 1.081728e+02 5.455398e+00 4.064945e+00 5.749793e+00 5.418339e+00 5.260333e+00 4.497854e+00 2.332470e+00 2.586510e+00
    <VARIANCE> 22
     4.801967e+02 4.073976e+02 3.305620e+02 2.171579e+02 4.932810e+03 5.399630e+03 9.965596e+02 1.121768e+03 2.939380e+02 3.532339e+02 3.789023e+03 4.425340e+03 4.237021e+02 4.029697e+02 6.556320e+00 1.793070e+00 2.348518e+00 1.180012e+00 2.100767e+00 5.619852e+00 6.159949e+00 6.062591e+00
    <GCONST> 1.446293e+02
    <STATE> 4
    <MEAN> 22
     5.642761e+00 7.401076e+00 2.103785e+00 2.473219e+00 4.243679e+01 6.014129e+01 9.067326e+01 8.937661e+01 6.484192e+01 6.440701e+01 1.604715e+02 1.453732e+02 1.105030e+02 1.081728e+02 5.455398e+00 4.064945e+00 5.749793e+00 5.418339e+00 5.260333e+00 4.497854e+00 2.332470e+00 2.586510e+00
    <VARIANCE> 22
     4.801967e+02 4.073976e+02 3.305620e+02 2.171579e+02 4.932810e+03 5.399630e+03 9.965596e+02 1.121768e+03 2.939380e+02 3.532339e+02 3.789023e+03 4.425340e+03 4.237021e+02 4.029697e+02 6.556320e+00 1.793070e+00 2.348518e+00 1.180012e+00 2.100767e+00 5.619852e+00 6.159949e+00 6.062591e+00
    <GCONST> 1.446293e+02
    <TRANSP> 5
     0.000000e+00 1.000000e+00 0.000000e+00 0.000000e+00 0.000000e+00
     0.000000e+00 6.000000e-01 4.000000e-01 0.000000e+00 0.000000e+00
     0.000000e+00 0.000000e+00 6.000000e-01 4.000000e-01 0.000000e+00
     0.000000e+00 0.000000e+00 0.000000e+00 7.000000e-01 3.000000e-01
     0.000000e+00 0.000000e+00 0.000000e+00 0.000000e+00 0.000000e+00
    <ENDHMM>
