~o
<STREAMINFO> 1 22
<VECSIZE> 22<NULLD><MFCC_0><DIAGC>
~h "prototype"
<BEGINHMM>
<NUMSTATES> 5
<STATE> 2
<MEAN> 22
 5.642761e+00 7.401076e+00 2.103785e+00 2.473219e+00 4.243684e+01 6.014122e+01 9.067336e+01 8.937663e+01 6.484199e+01 6.440695e+01 1.604714e+02 1.453736e+02 1.105030e+02 1.081727e+02 5.455398e+00 4.064945e+00 5.749793e+00 5.418339e+00 5.260333e+00 4.497854e+00 2.332470e+00 2.586510e+00
<VARIANCE> 22
 4.801967e+02 4.073978e+02 3.305621e+02 2.171573e+02 4.932808e+03 5.399630e+03 9.965449e+02 1.121763e+03 2.939336e+02 3.532397e+02 3.789059e+03 4.425213e+03 4.237012e+02 4.029980e+02 6.556339e+00 1.793070e+00 2.348461e+00 1.180012e+00 2.100767e+00 5.619852e+00 6.159949e+00 6.062591e+00
<GCONST> 1.446293e+02
<STATE> 3
<MEAN> 22
 5.642761e+00 7.401076e+00 2.103785e+00 2.473219e+00 4.243684e+01 6.014122e+01 9.067336e+01 8.937663e+01 6.484199e+01 6.440695e+01 1.604714e+02 1.453736e+02 1.105030e+02 1.081727e+02 5.455398e+00 4.064945e+00 5.749793e+00 5.418339e+00 5.260333e+00 4.497854e+00 2.332470e+00 2.586510e+00
<VARIANCE> 22
 4.801967e+02 4.073978e+02 3.305621e+02 2.171573e+02 4.932808e+03 5.399630e+03 9.965449e+02 1.121763e+03 2.939336e+02 3.532397e+02 3.789059e+03 4.425213e+03 4.237012e+02 4.029980e+02 6.556339e+00 1.793070e+00 2.348461e+00 1.180012e+00 2.100767e+00 5.619852e+00 6.159949e+00 6.062591e+00
<GCONST> 1.446293e+02
<STATE> 4
<MEAN> 22
 5.642761e+00 7.401076e+00 2.103785e+00 2.473219e+00 4.243684e+01 6.014122e+01 9.067336e+01 8.937663e+01 6.484199e+01 6.440695e+01 1.604714e+02 1.453736e+02 1.105030e+02 1.081727e+02 5.455398e+00 4.064945e+00 5.749793e+00 5.418339e+00 5.260333e+00 4.497854e+00 2.332470e+00 2.586510e+00
<VARIANCE> 22
 4.801967e+02 4.073978e+02 3.305621e+02 2.171573e+02 4.932808e+03 5.399630e+03 9.965449e+02 1.121763e+03 2.939336e+02 3.532397e+02 3.789059e+03 4.425213e+03 4.237012e+02 4.029980e+02 6.556339e+00 1.793070e+00 2.348461e+00 1.180012e+00 2.100767e+00 5.619852e+00 6.159949e+00 6.062591e+00
<GCONST> 1.446293e+02
<TRANSP> 5
 0.000000e+00 1.000000e+00 0.000000e+00 0.000000e+00 0.000000e+00
 0.000000e+00 6.000000e-01 4.000000e-01 0.000000e+00 0.000000e+00
 0.000000e+00 0.000000e+00 6.000000e-01 4.000000e-01 0.000000e+00
 0.000000e+00 0.000000e+00 0.000000e+00 7.000000e-01 3.000000e-01
 0.000000e+00 0.000000e+00 0.000000e+00 0.000000e+00 0.000000e+00
<ENDHMM>
