~o
<STREAMINFO> 1 22
<VECSIZE> 22<NULLD><MFCC_0><DIAGC>
~h "BN_2"
<BEGINHMM>
<NUMSTATES> 5
<STATE> 2
<MEAN> 22
 5.462699e+00 7.409758e+00 1.628798e+00 2.305084e+00 5.824360e+01 6.314636e+01 9.934271e+01 9.637639e+01 6.925678e+01 6.688705e+01 1.521888e+02 1.447216e+02 1.105564e+02 1.101920e+02 5.138122e+00 4.096223e+00 5.237802e+00 5.361700e+00 5.070283e+00 4.474264e+00 2.586833e+00 2.810089e+00
<VARIANCE> 22
 1.062706e+02 1.599534e+02 9.709902e+00 1.558020e+01 5.637231e+03 4.802388e+03 8.544863e+02 8.716639e+02 3.475492e+02 3.296532e+02 4.498867e+03 4.625813e+03 2.615512e+02 2.399213e+02 7.123963e+00 1.525366e+00 4.728531e+00 9.235818e-01 2.446522e+00 5.147732e+00 6.667434e+00 6.428156e+00
<GCONST> 1.355261e+02
<STATE> 3
<MEAN> 22
 3.612294e+00 5.633827e+00 1.077555e+00 1.611291e+00 3.144638e+01 4.946652e+01 9.304731e+01 9.206698e+01 6.369099e+01 6.409473e+01 1.736707e+02 1.533003e+02 1.128402e+02 1.106823e+02 6.055391e+00 4.288508e+00 5.869774e+00 5.505230e+00 5.595054e+00 4.840971e+00 2.225339e+00 2.560914e+00
<VARIANCE> 22
 5.538444e+01 8.493689e+01 4.621789e+00 6.886656e+00 2.583558e+03 3.806040e+03 5.830920e+02 6.850876e+02 1.774704e+02 2.322267e+02 2.628638e+03 4.168983e+03 2.331397e+02 2.183988e+02 4.620858e+00 1.354550e+00 1.663005e+00 6.912515e-01 1.217149e+00 4.520552e+00 6.076384e+00 6.168429e+00
<GCONST> 1.263256e+02
<STATE> 4
<MEAN> 22
 5.488018e+00 6.860876e+00 1.150538e+00 1.627114e+00 4.965373e+01 6.695768e+01 8.243771e+01 8.077664e+01 6.465972e+01 6.341667e+01 1.423414e+02 1.218655e+02 1.033186e+02 1.016501e+02 4.746465e+00 3.557197e+00 5.419876e+00 5.158532e+00 4.843682e+00 3.665504e+00 2.155538e+00 2.511432e+00
<VARIANCE> 22
 1.095919e+02 1.261435e+02 4.361681e+00 7.448994e+00 3.654733e+03 4.563519e+03 1.807820e+03 1.680504e+03 5.328580e+02 4.873949e+02 4.594573e+03 5.145722e+03 8.717101e+02 7.200417e+02 7.861226e+00 2.503918e+00 3.925910e+00 2.075968e+00 2.988279e+00 7.369104e+00 5.910107e+00 6.222678e+00
<GCONST> 1.395751e+02
<TRANSP> 5
 0.000000e+00 1.000000e+00 0.000000e+00 0.000000e+00 0.000000e+00
 0.000000e+00 7.879928e-01 2.120072e-01 0.000000e+00 0.000000e+00
 0.000000e+00 0.000000e+00 8.057706e-01 1.942294e-01 0.000000e+00
 0.000000e+00 0.000000e+00 0.000000e+00 8.129933e-01 1.870067e-01
 0.000000e+00 0.000000e+00 0.000000e+00 0.000000e+00 0.000000e+00
<ENDHMM>
~h "BS_2"
<BEGINHMM>
<NUMSTATES> 5
<STATE> 2
<MEAN> 22
 5.014156e+00 6.807194e+00 1.286765e+00 2.199656e+00 6.879439e+01 6.699987e+01 9.134480e+01 8.556141e+01 6.726644e+01 6.160514e+01 1.421805e+02 1.408811e+02 1.065707e+02 1.059370e+02 4.631349e+00 3.948064e+00 5.223937e+00 5.384890e+00 4.749740e+00 4.369451e+00 2.404438e+00 2.583545e+00
<VARIANCE> 22
 8.968842e+01 1.429395e+02 5.226051e+00 1.833232e+01 9.478575e+03 6.125525e+03 1.480453e+03 1.155041e+03 5.092551e+02 2.931176e+02 4.257553e+03 4.223969e+03 4.762628e+02 4.834432e+02 8.296081e+00 2.036937e+00 4.759724e+00 1.366028e+00 3.279616e+00 5.789605e+00 6.603419e+00 6.050955e+00
<GCONST> 1.389797e+02
<STATE> 3
<MEAN> 22
 7.826520e+00 9.397189e+00 2.432553e+00 2.595545e+00 4.227730e+01 6.598331e+01 8.741992e+01 8.951160e+01 6.421409e+01 6.398380e+01 1.609945e+02 1.411133e+02 1.104411e+02 1.078210e+02 5.194027e+00 4.032277e+00 6.065729e+00 5.385841e+00 5.327880e+00 4.366634e+00 2.446804e+00 2.834530e+00
<VARIANCE> 22
 2.222774e+02 2.031630e+02 2.665534e+01 1.534682e+01 3.117696e+03 4.447550e+03 7.321193e+02 9.403310e+02 1.992124e+02 2.127175e+02 2.921808e+03 4.135057e+03 2.107508e+02 2.545561e+02 7.724362e+00 1.588753e+00 1.029654e+00 8.942377e-01 2.157742e+00 5.407443e+00 6.490554e+00 5.761456e+00
<GCONST> 1.334071e+02
<STATE> 4
<MEAN> 22
 5.250512e+00 6.385493e+00 1.303102e+00 1.750355e+00 3.771454e+01 5.144490e+01 8.736007e+01 8.910694e+01 6.425796e+01 6.426968e+01 1.608718e+02 1.516667e+02 1.094313e+02 1.091090e+02 5.158834e+00 4.191208e+00 6.028511e+00 5.493712e+00 5.290848e+00 4.646377e+00 2.459349e+00 2.562074e+00
<VARIANCE> 22
 9.534269e+01 1.016912e+02 4.562140e+00 7.833196e+00 2.143872e+03 3.542570e+03 1.012764e+03 1.072778e+03 1.597935e+02 2.806823e+02 3.399033e+03 3.715830e+03 4.371312e+02 2.717880e+02 7.708127e+00 1.481514e+00 1.158680e+00 7.566547e-01 2.364079e+00 5.241277e+00 5.959626e+00 5.889739e+00
<GCONST> 1.300572e+02
<TRANSP> 5
 0.000000e+00 1.000000e+00 0.000000e+00 0.000000e+00 0.000000e+00
 0.000000e+00 7.115903e-01 2.884096e-01 0.000000e+00 0.000000e+00
 0.000000e+00 0.000000e+00 6.947089e-01 3.052912e-01 0.000000e+00
 0.000000e+00 0.000000e+00 0.000000e+00 8.375872e-01 1.624128e-01
 0.000000e+00 0.000000e+00 0.000000e+00 0.000000e+00 0.000000e+00
<ENDHMM>
~h "SP_2"
<BEGINHMM>
<NUMSTATES> 5
<STATE> 2
<MEAN> 22
 6.157098e+00 3.659555e+00 2.604902e+00 1.444735e+00 8.457317e+01 5.119611e+01 9.581843e+01 8.633701e+01 7.187502e+01 6.047656e+01 1.225176e+02 1.475468e+02 9.956685e+01 1.053696e+02 3.864918e+00 4.079407e+00 4.707331e+00 5.262908e+00 4.247559e+00 4.656251e+00 2.671625e+00 2.282363e+00
<VARIANCE> 22
 1.115602e+02 4.209707e+01 2.884799e+01 6.995932e+00 7.616225e+03 4.744361e+03 1.750913e+03 1.292097e+03 7.031282e+02 4.290252e+02 4.921010e+03 4.327032e+03 8.428207e+02 6.968629e+02 8.190128e+00 1.930500e+00 6.611443e+00 1.945592e+00 3.652523e+00 5.350660e+00 6.331135e+00 5.891581e+00
<GCONST> 1.409109e+02
<STATE> 3
<MEAN> 22
 4.704070e+00 5.024371e+00 1.157611e+00 1.425881e+00 3.794143e+01 4.528920e+01 8.542295e+01 8.623120e+01 6.481429e+01 6.223359e+01 1.582942e+02 1.540535e+02 1.098089e+02 1.086251e+02 5.183331e+00 4.296649e+00 5.978270e+00 5.550170e+00 5.341617e+00 4.996239e+00 2.457429e+00 2.425436e+00
<VARIANCE> 22
 8.895590e+01 7.121663e+01 4.363543e+00 5.333110e+00 2.593158e+03 3.577456e+03 8.612106e+02 1.016574e+03 2.248445e+02 2.486003e+02 3.078156e+03 3.313802e+03 2.681029e+02 2.551598e+02 7.597695e+00 1.330962e+00 1.544076e+00 8.307710e-01 1.697249e+00 4.447152e+00 6.483250e+00 6.190606e+00
<GCONST> 1.285387e+02
<STATE> 4
<MEAN> 22
 3.246159e+00 7.542121e+00 1.034628e+00 2.187953e+00 2.428762e+01 7.182551e+01 9.084043e+01 9.637866e+01 6.362284e+01 6.912417e+01 1.787493e+02 1.392085e+02 1.150379e+02 1.094624e+02 6.064846e+00 3.886432e+00 6.087152e+00 5.238460e+00 5.681322e+00 4.227045e+00 2.002070e+00 2.555561e+00
<VARIANCE> 22
 5.187184e+01 1.637015e+02 4.346188e+00 1.259661e+01 1.456433e+03 6.442439e+03 8.261406e+02 1.271242e+03 1.389175e+02 3.717247e+02 2.428729e+03 4.683561e+03 2.806929e+02 2.663963e+02 4.691472e+00 1.856364e+00 5.231120e-01 1.246146e+00 8.049595e-01 5.824817e+00 5.892860e+00 5.864287e+00
<GCONST> 1.285472e+02
<TRANSP> 5
 0.000000e+00 1.000000e+00 0.000000e+00 0.000000e+00 0.000000e+00
 0.000000e+00 7.262832e-01 2.737168e-01 0.000000e+00 0.000000e+00
 0.000000e+00 0.000000e+00 6.950569e-01 3.049432e-01 0.000000e+00
 0.000000e+00 0.000000e+00 0.000000e+00 8.678257e-01 1.321743e-01
 0.000000e+00 0.000000e+00 0.000000e+00 0.000000e+00 0.000000e+00
<ENDHMM>
~h "ST_2"
<BEGINHMM>
<NUMSTATES> 5
<STATE> 2
<MEAN> 22
 3.984674e+00 5.441636e+00 1.069420e+00 1.481120e+00 4.199012e+01 6.096129e+01 8.506600e+01 8.518043e+01 6.595173e+01 6.457796e+01 1.531989e+02 1.380149e+02 1.114487e+02 1.087157e+02 5.268858e+00 3.919929e+00 5.958839e+00 5.627352e+00 5.239777e+00 4.286577e+00 2.303305e+00 2.513651e+00
<VARIANCE> 22
 6.046683e+01 9.317102e+01 4.245581e+00 6.276096e+00 3.405902e+03 4.439304e+03 7.649642e+02 9.522948e+02 2.681602e+02 2.669872e+02 4.139445e+03 4.826636e+03 2.396109e+02 2.541906e+02 6.723271e+00 1.888216e+00 1.219214e+00 7.101764e-01 1.618548e+00 6.428236e+00 6.231234e+00 5.825631e+00
<GCONST> 1.297200e+02
<STATE> 3
<MEAN> 22
 4.480853e+00 7.641379e+00 1.450378e+00 2.455823e+00 6.019746e+01 9.951701e+01 8.637721e+01 9.096684e+01 6.458743e+01 7.103889e+01 1.539763e+02 1.183893e+02 1.086378e+02 1.017420e+02 5.290942e+00 3.529682e+00 5.666190e+00 5.096530e+00 5.176068e+00 3.683947e+00 2.279500e+00 2.795990e+00
<VARIANCE> 22
 7.362663e+01 1.899091e+02 9.736302e+00 1.652809e+01 1.185633e+04 1.028053e+04 1.007326e+03 1.758012e+03 3.700936e+02 5.635417e+02 4.308228e+03 4.886867e+03 4.804515e+02 5.594791e+02 6.886856e+00 2.142786e+00 2.668409e+00 2.057641e+00 2.246431e+00 6.894973e+00 6.423742e+00 5.901729e+00
<GCONST> 1.404478e+02
<STATE> 4
<MEAN> 22
 9.978903e+00 1.193814e+01 3.374952e+00 3.353591e+00 6.798418e+01 6.501102e+01 1.023470e+02 9.177876e+01 7.552812e+01 6.552890e+01 1.447619e+02 1.500785e+02 1.086581e+02 1.094535e+02 4.492979e+00 4.173469e+00 5.071973e+00 5.496068e+00 4.703744e+00 4.722389e+00 2.747981e+00 2.965720e+00
<VARIANCE> 22
 6.178635e+02 1.018350e+03 3.454717e+02 2.227113e+02 6.136590e+03 4.991569e+03 2.387786e+03 1.191195e+03 7.256870e+02 3.170313e+02 4.385229e+03 4.346430e+03 3.185618e+02 3.275256e+02 8.086517e+00 1.705511e+00 5.322268e+00 8.667459e-01 3.016333e+00 5.162622e+00 6.831652e+00 6.398510e+00
<GCONST> 1.484753e+02
<TRANSP> 5
 0.000000e+00 1.000000e+00 0.000000e+00 0.000000e+00 0.000000e+00
 0.000000e+00 8.956240e-01 1.043759e-01 0.000000e+00 0.000000e+00
 0.000000e+00 0.000000e+00 5.996349e-01 4.003651e-01 0.000000e+00
 0.000000e+00 0.000000e+00 0.000000e+00 5.636199e-01 4.363801e-01
 0.000000e+00 0.000000e+00 0.000000e+00 0.000000e+00 0.000000e+00
<ENDHMM>
~h "TH_LD"
<BEGINHMM>
<NUMSTATES> 5
<STATE> 2
<MEAN> 22
 3.547448e+00 5.341145e+00 9.814022e-01 1.523584e+00 3.004158e+01 5.613897e+01 9.040942e+01 9.125062e+01 6.347121e+01 6.499197e+01 1.718017e+02 1.492002e+02 1.123296e+02 1.090193e+02 5.813063e+00 4.163671e+00 6.058619e+00 5.450845e+00 5.500855e+00 4.605011e+00 2.354903e+00 2.623184e+00
<VARIANCE> 22
 4.673560e+01 6.744929e+01 3.305621e+00 5.663491e+00 2.082985e+03 4.249271e+03 7.278327e+02 9.740234e+02 1.547148e+02 2.807253e+02 2.412951e+03 4.055340e+03 2.699637e+02 2.722013e+02 5.707070e+00 1.559974e+00 8.196353e-01 9.338076e-01 1.729320e+00 5.217965e+00 6.221474e+00 6.229012e+00
<GCONST> 1.266427e+02
<STATE> 3
<MEAN> 22
 1.352355e+01 1.726597e+01 4.478086e+00 5.467359e+00 4.611153e+01 6.828371e+01 8.843232e+01 8.913166e+01 6.692884e+01 6.723030e+01 1.583784e+02 1.407260e+02 1.114152e+02 1.085767e+02 5.123065e+00 4.030317e+00 5.891652e+00 5.339528e+00 5.216642e+00 4.454487e+00 2.754791e+00 3.180318e+00
<VARIANCE> 22
 7.605000e+02 7.164946e+02 3.986703e+02 2.626697e+02 3.955762e+03 4.822376e+03 9.567257e+02 1.117961e+03 2.720565e+02 3.299427e+02 3.376752e+03 3.860896e+03 3.611897e+02 3.180833e+02 7.731640e+00 1.589882e+00 2.167920e+00 1.066964e+00 2.207198e+00 5.533144e+00 6.314061e+00 6.222417e+00
<GCONST> 1.448083e+02
<STATE> 4
<MEAN> 22
 4.921658e+00 6.097423e+00 1.421402e+00 1.665587e+00 5.416410e+01 6.690865e+01 9.083556e+01 8.943793e+01 6.649856e+01 6.402155e+01 1.478248e+02 1.406775e+02 1.094660e+02 1.079656e+02 4.762661e+00 3.876626e+00 5.597917e+00 5.332239e+00 4.833058e+00 4.192067e+00 2.517526e+00 2.692936e+00
<VARIANCE> 22
 6.791242e+01 9.101994e+01 5.262212e+00 6.924445e+00 6.512928e+03 5.968561e+03 1.255120e+03 1.312864e+03 3.088667e+02 3.676216e+02 4.749919e+03 4.539314e+03 5.235087e+02 4.694110e+02 8.025530e+00 2.067281e+00 3.467833e+00 1.386634e+00 3.019040e+00 6.127948e+00 6.203955e+00 6.281425e+00
<GCONST> 1.364472e+02
<TRANSP> 5
 0.000000e+00 1.000000e+00 0.000000e+00 0.000000e+00 0.000000e+00
 0.000000e+00 8.521501e-01 1.478499e-01 0.000000e+00 0.000000e+00
 0.000000e+00 0.000000e+00 3.810196e-01 6.189803e-01 0.000000e+00
 0.000000e+00 0.000000e+00 0.000000e+00 8.208329e-01 1.791671e-01
 0.000000e+00 0.000000e+00 0.000000e+00 0.000000e+00 0.000000e+00
<ENDHMM>
~h "TH_LU"
<BEGINHMM>
<NUMSTATES> 5
<STATE> 2
<MEAN> 22
 3.092740e+01 2.899845e+01 2.666775e+01 2.222127e+01 5.242035e+01 6.293660e+01 8.022771e+01 7.949731e+01 5.756008e+01 5.683203e+01 1.432486e+02 1.305890e+02 9.823065e+01 9.614712e+01 4.868183e+00 3.672071e+00 5.158587e+00 4.825128e+00 4.694477e+00 4.104302e+00 2.269224e+00 2.773263e+00
<VARIANCE> 22
 1.182241e+04 8.804314e+03 1.066799e+04 6.817933e+03 1.127283e+04 8.297151e+03 1.720625e+03 1.767482e+03 6.768013e+02 7.034595e+02 5.702733e+03 5.869014e+03 1.546000e+03 1.495783e+03 8.918715e+00 3.166519e+00 5.228605e+00 3.933811e+00 4.562806e+00 6.801225e+00 6.136065e+00 6.728313e+00
<GCONST> 1.688514e+02
<STATE> 3
<MEAN> 22
 6.406758e+00 9.786899e+00 1.950938e+00 3.125839e+00 3.925042e+01 5.963247e+01 8.924700e+01 8.814754e+01 6.411813e+01 6.437757e+01 1.644635e+02 1.461767e+02 1.113737e+02 1.083466e+02 5.659826e+00 4.147916e+00 5.844274e+00 5.439904e+00 5.383148e+00 4.655931e+00 2.442846e+00 2.732336e+00
<VARIANCE> 22
 4.321036e+02 4.248119e+02 2.222283e+02 1.523752e+02 4.495909e+03 5.236297e+03 9.294357e+02 1.047457e+03 2.559778e+02 3.383884e+02 3.323469e+03 4.044678e+03 3.864987e+02 3.902432e+02 6.095296e+00 1.652375e+00 1.787493e+00 1.032281e+00 1.780311e+00 5.201034e+00 5.887924e+00 6.119052e+00
<GCONST> 1.421860e+02
<STATE> 4
<MEAN> 22
 5.604045e+00 6.273463e+00 1.578623e+00 1.753270e+00 5.789008e+01 6.434958e+01 8.742154e+01 8.507105e+01 6.554229e+01 6.220068e+01 1.503174e+02 1.441557e+02 1.080144e+02 1.066625e+02 4.963558e+00 4.041965e+00 5.667888e+00 5.365260e+00 5.028487e+00 4.505506e+00 2.428954e+00 2.507291e+00
<VARIANCE> 22
 1.042339e+02 1.052393e+02 9.132737e+00 8.250064e+00 8.915185e+03 6.877182e+03 1.332854e+03 1.256314e+03 4.124703e+02 3.473276e+02 4.245320e+03 4.516677e+03 5.851824e+02 5.759229e+02 8.022856e+00 1.954725e+00 3.110077e+00 1.481246e+00 2.700248e+00 5.805861e+00 6.143391e+00 5.867684e+00
<GCONST> 1.383073e+02
<TRANSP> 5
 0.000000e+00 1.000000e+00 0.000000e+00 0.000000e+00 0.000000e+00
 0.000000e+00 1.306376e-01 8.693624e-01 0.000000e+00 0.000000e+00
 0.000000e+00 0.000000e+00 2.344174e-01 7.655826e-01 0.000000e+00
 0.000000e+00 0.000000e+00 0.000000e+00 9.058800e-01 9.412000e-02
 0.000000e+00 0.000000e+00 0.000000e+00 0.000000e+00 0.000000e+00
<ENDHMM>
~h "CF_2"
<BEGINHMM>
<NUMSTATES> 5
<STATE> 2
<MEAN> 22
 8.151128e+00 1.189189e+01 3.460413e+00 4.252653e+00 4.901495e+01 7.921105e+01 9.044236e+01 9.452370e+01 6.808511e+01 6.988591e+01 1.535530e+02 1.324639e+02 1.097315e+02 1.067084e+02 5.244650e+00 3.799291e+00 5.601294e+00 5.187787e+00 5.129940e+00 4.041798e+00 2.325888e+00 2.787659e+00
<VARIANCE> 22
 4.145908e+02 5.246006e+02 3.696451e+02 2.449886e+02 4.615634e+03 6.179216e+03 1.097924e+03 1.540517e+03 3.405822e+02 5.530928e+02 4.360287e+03 4.292965e+03 3.786446e+02 3.662032e+02 6.592843e+00 1.815884e+00 2.853342e+00 1.298154e+00 1.931512e+00 5.961612e+00 5.780617e+00 5.941269e+00
<GCONST> 1.461472e+02
<STATE> 3
<MEAN> 22
 2.475296e+00 6.112740e+00 8.069024e-01 1.667739e+00 2.621998e+01 8.497584e+01 8.738691e+01 9.303693e+01 6.073571e+01 6.971169e+01 1.669943e+02 1.163377e+02 1.092927e+02 1.020991e+02 6.017044e+00 3.495936e+00 5.973384e+00 4.982137e+00 5.500061e+00 3.514162e+00 1.874588e+00 2.605344e+00
<VARIANCE> 22
 2.594952e+01 1.008432e+02 3.305621e+00 7.065437e+00 2.609325e+03 6.218028e+03 8.154814e+02 1.305325e+03 1.839800e+02 5.373362e+02 2.873328e+03 5.200748e+03 3.574876e+02 4.116123e+02 4.583912e+00 2.175518e+00 1.160843e+00 1.748296e+00 1.483685e+00 6.469556e+00 5.505571e+00 6.165734e+00
<GCONST> 1.306483e+02
<STATE> 4
<MEAN> 22
 5.440828e+00 4.875565e+00 1.696130e+00 1.457677e+00 5.819977e+01 3.929417e+01 9.624660e+01 9.192860e+01 7.104317e+01 6.163617e+01 1.491661e+02 1.716633e+02 1.107758e+02 1.133465e+02 4.797321e+00 4.553785e+00 5.407704e+00 5.641770e+00 4.985962e+00 5.297163e+00 2.520219e+00 2.418437e+00
<VARIANCE> 22
 9.792876e+01 8.275801e+01 9.977513e+00 6.675139e+00 7.587005e+03 3.875566e+03 1.042076e+03 7.067250e+02 3.718738e+02 1.765266e+02 4.781253e+03 2.800911e+03 3.283650e+02 1.998609e+02 7.851645e+00 8.812128e-01 4.018460e+00 4.456991e-01 2.457064e+00 3.160799e+00 6.063393e+00 6.037630e+00
<GCONST> 1.310995e+02
<TRANSP> 5
 0.000000e+00 1.000000e+00 0.000000e+00 0.000000e+00 0.000000e+00
 0.000000e+00 4.702168e-01 5.297832e-01 0.000000e+00 0.000000e+00
 0.000000e+00 0.000000e+00 8.263154e-01 1.736847e-01 0.000000e+00
 0.000000e+00 0.000000e+00 0.000000e+00 8.670393e-01 1.329607e-01
 0.000000e+00 0.000000e+00 0.000000e+00 0.000000e+00 0.000000e+00
<ENDHMM>
~h "CN_2"
<BEGINHMM>
<NUMSTATES> 5
<STATE> 2
<MEAN> 22
 1.097579e+01 1.287352e+01 3.456832e+00 4.329977e+00 5.365276e+01 7.988670e+01 8.568468e+01 8.673701e+01 6.644808e+01 6.859758e+01 1.418426e+02 1.246722e+02 1.086865e+02 1.074710e+02 4.800398e+00 3.664419e+00 5.741700e+00 5.280362e+00 4.924732e+00 3.749421e+00 2.463172e+00 3.067871e+00
<VARIANCE> 22
 6.418276e+02 5.435617e+02 3.542118e+02 2.494835e+02 4.169222e+03 5.210254e+03 1.099647e+03 1.540620e+03 3.045522e+02 4.912386e+02 4.543411e+03 4.509695e+03 4.605307e+02 4.313356e+02 7.589000e+00 1.988725e+00 2.304250e+00 1.258240e+00 2.311530e+00 6.575040e+00 6.019493e+00 5.661244e+00
<GCONST> 1.468006e+02
<STATE> 3
<MEAN> 22
 2.900749e+00 7.430443e+00 8.402683e-01 1.971355e+00 2.611036e+01 7.014661e+01 8.686572e+01 8.862287e+01 6.035309e+01 6.641434e+01 1.682690e+02 1.291577e+02 1.104964e+02 1.055613e+02 6.065189e+00 3.789833e+00 6.013468e+00 5.334799e+00 5.561493e+00 3.992202e+00 2.158898e+00 2.781879e+00
<VARIANCE> 22
 3.513178e+01 1.301217e+02 3.609806e+00 9.262746e+00 1.960699e+03 5.036626e+03 5.523394e+02 1.116478e+03 1.191857e+02 3.352400e+02 2.603753e+03 4.688296e+03 2.087556e+02 2.800017e+02 4.244289e+00 1.964635e+00 5.595863e-01 1.168223e+00 1.142159e+00 6.303562e+00 6.014920e+00 5.998642e+00
<GCONST> 1.269528e+02
<STATE> 4
<MEAN> 22
 5.553185e+00 6.124079e+00 1.557170e+00 1.479180e+00 6.964275e+01 6.515111e+01 8.429404e+01 7.740823e+01 6.710846e+01 6.133549e+01 1.309421e+02 1.347023e+02 1.072684e+02 1.075683e+02 4.260184e+00 3.756770e+00 5.556687e+00 5.558383e+00 4.578740e+00 3.960610e+00 2.569624e+00 2.622363e+00
<VARIANCE> 22
 8.950919e+01 1.068093e+02 7.347342e+00 5.878270e+00 7.235972e+03 5.536390e+03 1.379924e+03 1.199127e+03 3.342878e+02 2.493479e+02 5.254902e+03 4.463931e+03 6.355853e+02 4.966784e+02 7.753139e+00 2.307787e+00 3.301526e+00 1.163878e+00 2.927839e+00 6.906239e+00 6.347016e+00 6.080323e+00
<GCONST> 1.370436e+02
<TRANSP> 5
 0.000000e+00 1.000000e+00 0.000000e+00 0.000000e+00 0.000000e+00
 0.000000e+00 4.942692e-01 5.057308e-01 0.000000e+00 0.000000e+00
 0.000000e+00 0.000000e+00 8.506791e-01 1.493209e-01 0.000000e+00
 0.000000e+00 0.000000e+00 0.000000e+00 8.709545e-01 1.290456e-01
 0.000000e+00 0.000000e+00 0.000000e+00 0.000000e+00 0.000000e+00
<ENDHMM>
~h "TH_D"
<BEGINHMM>
<NUMSTATES> 5
<STATE> 2
<MEAN> 22
 4.265680e+00 6.342710e+00 1.362715e+00 1.884326e+00 6.654121e+01 9.103998e+01 8.046445e+01 7.949050e+01 6.447232e+01 6.422461e+01 1.303483e+02 1.078761e+02 1.061932e+02 1.034729e+02 4.434034e+00 3.333294e+00 5.843061e+00 5.340121e+00 4.763555e+00 3.180352e+00 2.449884e+00 2.714877e+00
<VARIANCE> 22
 6.368110e+01 9.768749e+01 1.099935e+01 1.257603e+01 7.575257e+03 6.315200e+03 9.515134e+02 1.261482e+03 2.452296e+02 3.062243e+02 4.518760e+03 4.317207e+03 3.784812e+02 3.511781e+02 7.703660e+00 2.081057e+00 1.864357e+00 1.424280e+00 2.414966e+00 6.917782e+00 6.416446e+00 6.165310e+00
<GCONST> 1.358351e+02
<STATE> 3
<MEAN> 22
 4.497237e+00 7.865970e+00 1.187074e+00 1.914205e+00 3.615369e+01 6.631746e+01 8.301691e+01 8.312340e+01 6.179694e+01 6.430779e+01 1.592099e+02 1.339620e+02 1.094809e+02 1.059254e+02 5.578516e+00 3.938321e+00 6.033304e+00 5.496562e+00 5.420036e+00 4.254303e+00 2.451299e+00 3.013650e+00
<VARIANCE> 22
 7.228468e+01 1.421978e+02 6.403736e+00 9.662830e+00 2.896327e+03 4.800618e+03 7.009519e+02 1.143309e+03 1.417343e+02 3.105290e+02 2.905315e+03 3.776591e+03 2.163124e+02 2.247503e+02 6.141024e+00 1.822801e+00 6.906421e-01 9.084523e-01 1.408582e+00 6.263062e+00 6.593431e+00 6.217179e+00
<GCONST> 1.293728e+02
<STATE> 4
<MEAN> 22
 7.363816e+00 7.919088e+00 1.973809e+00 1.976811e+00 4.449401e+01 4.314610e+01 9.469338e+01 8.956418e+01 6.680039e+01 6.187099e+01 1.626741e+02 1.641003e+02 1.112026e+02 1.108454e+02 5.295463e+00 4.372307e+00 5.591364e+00 5.512409e+00 5.152323e+00 5.053938e+00 2.665603e+00 2.691815e+00
<VARIANCE> 22
 1.872573e+02 2.034485e+02 1.456353e+01 1.278466e+01 3.977192e+03 3.351085e+03 1.251487e+03 1.080977e+03 3.574413e+02 3.259492e+02 4.222912e+03 3.391658e+03 6.629165e+02 5.437443e+02 7.300922e+00 1.523167e+00 3.364480e+00 1.254526e+00 2.717521e+00 4.148435e+00 6.619806e+00 6.116443e+00
<GCONST> 1.376416e+02
<TRANSP> 5
 0.000000e+00 1.000000e+00 0.000000e+00 0.000000e+00 0.000000e+00
 0.000000e+00 7.928963e-01 2.071036e-01 0.000000e+00 0.000000e+00
 0.000000e+00 0.000000e+00 7.683537e-01 2.316463e-01 0.000000e+00
 0.000000e+00 0.000000e+00 0.000000e+00 8.545429e-01 1.454572e-01
 0.000000e+00 0.000000e+00 0.000000e+00 0.000000e+00 0.000000e+00
<ENDHMM>
~h "TH_U"
<BEGINHMM>
<NUMSTATES> 5
<STATE> 2
<MEAN> 22
 2.958868e+01 2.785160e+01 2.379774e+01 1.983356e+01 4.948752e+01 6.394576e+01 7.940590e+01 8.013397e+01 5.816981e+01 5.735017e+01 1.440648e+02 1.302776e+02 9.910046e+01 9.657197e+01 4.899438e+00 3.621451e+00 5.207760e+00 4.900353e+00 4.758217e+00 3.980069e+00 2.280277e+00 2.605686e+00
<VARIANCE> 22
 1.103496e+04 7.900072e+03 9.382819e+03 5.965389e+03 1.030603e+04 7.705789e+03 1.580592e+03 1.709107e+03 5.904597e+02 6.701279e+02 5.379047e+03 5.611095e+03 1.413885e+03 1.366024e+03 8.577498e+00 3.127928e+00 4.875325e+00 3.605809e+00 4.165765e+00 6.866160e+00 6.369865e+00 6.456480e+00
<GCONST> 1.673679e+02
<STATE> 3
<MEAN> 22
 8.044536e+00 1.148492e+01 2.409199e+00 3.303153e+00 4.476358e+01 6.781226e+01 8.729230e+01 8.863568e+01 6.398859e+01 6.531036e+01 1.598795e+02 1.411540e+02 1.107834e+02 1.074856e+02 5.419042e+00 3.955351e+00 5.800082e+00 5.384057e+00 5.287801e+00 4.365599e+00 2.345011e+00 2.644911e+00
<VARIANCE> 22
 3.642408e+02 4.307829e+02 1.739796e+02 1.290107e+02 4.681971e+03 5.605320e+03 9.314330e+02 1.270474e+03 2.602074e+02 3.938589e+02 3.609044e+03 4.184042e+03 4.346233e+02 4.282714e+02 6.775424e+00 1.977936e+00 2.096394e+00 1.293809e+00 1.937127e+00 5.911691e+00 5.867122e+00 5.806943e+00
<GCONST> 1.432440e+02
<STATE> 4
<MEAN> 22
 5.276368e+00 6.301448e+00 1.425147e+00 1.740852e+00 4.863474e+01 6.265104e+01 8.683460e+01 8.302219e+01 6.405545e+01 6.222694e+01 1.523074e+02 1.384048e+02 1.078486e+02 1.057169e+02 5.172345e+00 3.920383e+00 5.641376e+00 5.385401e+00 5.083164e+00 4.297493e+00 2.334938e+00 2.498700e+00
<VARIANCE> 22
 9.483746e+01 1.051392e+02 8.280291e+00 8.230149e+00 6.436846e+03 5.635064e+03 1.221634e+03 1.256437e+03 3.675889e+02 3.678642e+02 4.288280e+03 4.686400e+03 6.138873e+02 5.604183e+02 7.386610e+00 2.107420e+00 2.869393e+00 1.552792e+00 2.543636e+00 6.343562e+00 5.948491e+00 5.843036e+00
<GCONST> 1.374609e+02
<TRANSP> 5
 0.000000e+00 1.000000e+00 0.000000e+00 0.000000e+00 0.000000e+00
 0.000000e+00 1.152176e-01 8.847825e-01 0.000000e+00 0.000000e+00
 0.000000e+00 0.000000e+00 3.173011e-01 6.826989e-01 0.000000e+00
 0.000000e+00 0.000000e+00 0.000000e+00 9.195396e-01 8.046044e-02
 0.000000e+00 0.000000e+00 0.000000e+00 0.000000e+00 0.000000e+00
<ENDHMM>
~h "CP_2"
<BEGINHMM>
<NUMSTATES> 5
<STATE> 2
<MEAN> 22
 8.491001e+00 7.853014e+00 3.052238e+00 2.717829e+00 1.211278e+02 1.141100e+02 7.910298e+01 7.803728e+01 5.920078e+01 5.539040e+01 1.331971e+02 1.223804e+02 9.499100e+01 9.252336e+01 4.164151e+00 3.440783e+00 4.872041e+00 4.561967e+00 4.222588e+00 3.741210e+00 2.285952e+00 2.290618e+00
<VARIANCE> 22
 6.430031e+02 4.168088e+02 4.306462e+02 2.466037e+02 3.057097e+04 1.949719e+04 2.753251e+03 2.104711e+03 1.082682e+03 8.515441e+02 6.855511e+03 6.627606e+03 1.952385e+03 1.854920e+03 1.001729e+01 3.534643e+00 6.605265e+00 4.639241e+00 5.657271e+00 7.263875e+00 6.421078e+00 6.156937e+00
<GCONST> 1.611343e+02
<STATE> 3
<MEAN> 22
 7.682832e+00 9.890778e+00 2.252395e+00 3.265056e+00 3.831855e+01 7.000157e+01 8.654086e+01 9.261680e+01 6.639928e+01 6.656039e+01 1.656583e+02 1.412870e+02 1.127622e+02 1.085330e+02 5.485902e+00 4.046697e+00 6.077680e+00 5.279971e+00 5.456321e+00 4.464346e+00 2.770708e+00 2.911284e+00
<VARIANCE> 22
 1.429288e+02 2.107987e+02 1.426964e+01 2.532063e+01 3.571120e+03 5.844875e+03 9.754846e+02 1.119195e+03 2.543773e+02 3.393633e+02 3.094724e+03 4.525129e+03 3.725840e+02 4.238377e+02 7.084809e+00 1.601596e+00 1.149849e+00 1.216632e+00 1.489362e+00 5.391240e+00 6.615324e+00 6.020685e+00
<GCONST> 1.357165e+02
<STATE> 4
<MEAN> 22
 4.499764e+00 6.828961e+00 1.287586e+00 1.803339e+00 3.578972e+01 5.867641e+01 8.802782e+01 9.034779e+01 6.602045e+01 6.511578e+01 1.615638e+02 1.449980e+02 1.124181e+02 1.094996e+02 5.312671e+00 4.098944e+00 5.977117e+00 5.422318e+00 5.267540e+00 4.578779e+00 2.461621e+00 2.679760e+00
<VARIANCE> 22
 5.649939e+01 1.347617e+02 4.672679e+00 8.350841e+00 2.472420e+03 4.500622e+03 9.981038e+02 1.017834e+03 1.961308e+02 2.933719e+02 3.438093e+03 4.353812e+03 3.041988e+02 2.910081e+02 7.225114e+00 1.545438e+00 1.437749e+00 8.778377e-01 1.837292e+00 5.340802e+00 6.190093e+00 6.175108e+00
<GCONST> 1.305369e+02
<TRANSP> 5
 0.000000e+00 1.000000e+00 0.000000e+00 0.000000e+00 0.000000e+00
 0.000000e+00 4.436328e-01 5.563672e-01 0.000000e+00 0.000000e+00
 0.000000e+00 0.000000e+00 4.148337e-01 5.851663e-01 0.000000e+00
 0.000000e+00 0.000000e+00 0.000000e+00 8.976634e-01 1.023365e-01
 0.000000e+00 0.000000e+00 0.000000e+00 0.000000e+00 0.000000e+00
<ENDHMM>
~h "CV_2"
<BEGINHMM>
<NUMSTATES> 5
<STATE> 2
<MEAN> 22
 8.809602e+00 8.694102e+00 3.172498e+00 2.906582e+00 1.053558e+02 8.641121e+01 8.878898e+01 7.648814e+01 6.339743e+01 5.682533e+01 1.281082e+02 1.181897e+02 9.509210e+01 9.553130e+01 4.027216e+00 3.415234e+00 4.581923e+00 4.748223e+00 4.153677e+00 3.555803e+00 2.224765e+00 2.499278e+00
<VARIANCE> 22
 6.472754e+02 5.140269e+02 3.668117e+02 2.203269e+02 2.200579e+04 1.209020e+04 3.052225e+03 1.841553e+03 1.071389e+03 6.901965e+02 6.024201e+03 5.922623e+03 1.604471e+03 1.516316e+03 9.048520e+00 3.058073e+00 6.914083e+00 3.870692e+00 4.943291e+00 7.226144e+00 5.796828e+00 6.329663e+00
<GCONST> 1.587836e+02
<STATE> 3
<MEAN> 22
 7.485881e+00 1.065283e+01 1.918990e+00 2.972288e+00 4.919599e+01 6.949657e+01 8.646985e+01 8.403211e+01 6.425944e+01 6.370961e+01 1.507402e+02 1.302911e+02 1.098245e+02 1.068283e+02 5.126702e+00 3.851014e+00 5.886441e+00 5.406863e+00 5.164644e+00 4.022579e+00 2.461829e+00 3.010693e+00
<VARIANCE> 22
 1.619915e+02 2.180831e+02 1.303884e+01 1.832926e+01 4.729363e+03 4.820206e+03 8.382263e+02 1.018765e+03 2.216435e+02 2.754552e+02 4.035721e+03 4.262538e+03 2.912445e+02 3.069221e+02 7.219619e+00 1.652270e+00 1.928751e+00 9.046895e-01 1.924102e+00 6.126631e+00 6.086011e+00 5.861722e+00
<GCONST> 1.351399e+02
<STATE> 4
<MEAN> 22
 4.466111e+00 6.205331e+00 1.208281e+00 1.646985e+00 4.953273e+01 6.165025e+01 8.884776e+01 8.364775e+01 6.579562e+01 6.260701e+01 1.457525e+02 1.377039e+02 1.115487e+02 1.094080e+02 4.931143e+00 3.957410e+00 5.847977e+00 5.541280e+00 5.019675e+00 4.239126e+00 2.418638e+00 2.627200e+00
<VARIANCE> 22
 6.557293e+01 9.588682e+01 4.803949e+00 6.421731e+00 4.061364e+03 4.227974e+03 8.650272e+02 1.054888e+03 2.099712e+02 2.159442e+02 4.674062e+03 4.344531e+03 2.924281e+02 2.514198e+02 7.548341e+00 1.603225e+00 2.270533e+00 7.166629e-01 2.176885e+00 6.133742e+00 6.026536e+00 5.926704e+00
<GCONST> 1.308928e+02
<TRANSP> 5
 0.000000e+00 1.000000e+00 0.000000e+00 0.000000e+00 0.000000e+00
 0.000000e+00 4.697342e-01 5.302659e-01 0.000000e+00 0.000000e+00
 0.000000e+00 0.000000e+00 4.529405e-01 5.470595e-01 0.000000e+00
 0.000000e+00 0.000000e+00 0.000000e+00 8.978783e-01 1.021217e-01
 0.000000e+00 0.000000e+00 0.000000e+00 0.000000e+00 0.000000e+00
<ENDHMM>
~h "SIL"
<BEGINHMM>
<NUMSTATES> 5
<STATE> 2
<MEAN> 22
 8.445567e+01 7.187448e+01 7.690823e+01 6.192519e+01 1.936799e+02 1.559973e+02 1.657367e+01 1.586016e+01 1.209143e+01 1.121956e+01 2.838495e+01 2.661114e+01 1.926538e+01 1.901777e+01 9.844427e-01 7.411826e-01 1.007562e+00 9.741051e-01 9.266195e-01 8.432653e-01 1.063236e+00 1.062103e+00
<VARIANCE> 22
 3.542888e+04 2.530623e+04 2.938765e+04 1.906254e+04 5.909404e+04 3.661891e+04 1.555711e+03 1.329096e+03 7.790934e+02 6.450806e+02 4.338028e+03 4.011905e+03 1.784318e+03 1.746026e+03 5.553127e+00 2.867392e+00 5.155113e+00 4.588050e+00 4.365725e+00 4.167091e+00 4.752691e+00 4.677533e+00
<GCONST> 1.739136e+02
<STATE> 3
<MEAN> 22
 8.278642e+00 1.260236e+01 2.620030e+00 3.185713e+00 6.845755e+01 8.221049e+01 8.163703e+01 1.025014e+02 7.088121e+01 6.305619e+01 1.238319e+02 1.270229e+02 9.838260e+01 8.199457e+01 4.080801e+00 3.360430e+00 5.252566e+00 4.448342e+00 4.209863e+00 3.593877e+00 2.569644e+00 2.580009e+00
<VARIANCE> 22
 2.739350e+02 6.039654e+02 5.524933e+01 4.370103e+01 1.479660e+04 9.360576e+03 2.847422e+03 1.426383e+03 4.106319e+02 9.096604e+02 6.470939e+03 3.723831e+03 1.614046e+03 2.139162e+03 5.707246e+00 1.551054e+00 3.180162e+00 2.037620e+00 2.385859e+00 4.333112e+00 6.429715e+00 6.463840e+00
<GCONST> 1.491978e+02
<STATE> 4
<MEAN> 22
 4.433469e+00 6.680156e+00 1.237938e+00 1.865777e+00 3.405149e+01 5.646734e+01 9.301739e+01 9.239601e+01 6.462103e+01 6.546878e+01 1.697939e+02 1.505189e+02 1.131075e+02 1.102860e+02 5.836369e+00 4.186304e+00 5.894553e+00 5.504068e+00 5.477932e+00 4.660209e+00 2.295825e+00 2.569963e+00
<VARIANCE> 22
 8.525008e+01 1.306145e+02 6.837821e+00 1.101164e+01 3.002043e+03 4.763527e+03 7.520178e+02 9.287443e+02 2.073956e+02 3.037368e+02 2.994659e+03 4.174365e+03 2.312750e+02 2.366588e+02 5.380220e+00 1.526336e+00 1.510636e+00 8.103588e-01 1.472903e+00 5.103017e+00 6.132144e+00 6.038287e+00
<GCONST> 1.302438e+02
<TRANSP> 5
 0.000000e+00 1.000000e+00 0.000000e+00 0.000000e+00 0.000000e+00
 0.000000e+00 8.145087e-01 1.854912e-01 0.000000e+00 0.000000e+00
 0.000000e+00 0.000000e+00 8.127932e-01 1.872068e-01 0.000000e+00
 0.000000e+00 0.000000e+00 0.000000e+00 9.981041e-01 1.895886e-03
 0.000000e+00 0.000000e+00 0.000000e+00 0.000000e+00 0.000000e+00
<ENDHMM>
~h "TT_2"
<BEGINHMM>
<NUMSTATES> 5
<STATE> 2
<MEAN> 22
 7.044667e+00 1.110845e+01 2.174758e+00 3.314008e+00 5.888976e+01 9.241214e+01 9.627132e+01 9.376224e+01 6.878630e+01 7.302977e+01 1.534452e+02 1.220468e+02 1.086278e+02 1.038617e+02 5.153604e+00 3.561083e+00 5.496768e+00 5.154697e+00 5.017578e+00 3.658367e+00 2.393556e+00 2.951715e+00
<VARIANCE> 22
 1.852471e+02 2.842583e+02 1.908743e+01 3.132422e+01 7.485545e+03 7.725795e+03 1.508854e+03 2.058329e+03 5.738438e+02 6.659361e+02 3.562348e+03 4.214268e+03 2.997551e+02 3.867606e+02 7.011683e+00 1.958855e+00 3.405675e+00 1.567377e+00 2.410349e+00 6.703162e+00 6.127762e+00 6.084995e+00
<GCONST> 1.422546e+02
<STATE> 3
<MEAN> 22
 3.488360e+00 6.383917e+00 1.132747e+00 2.020755e+00 5.957846e+01 9.127568e+01 9.364423e+01 9.518596e+01 6.616425e+01 7.153761e+01 1.491135e+02 1.222769e+02 1.045257e+02 1.008297e+02 4.998042e+00 3.486110e+00 5.385067e+00 4.985337e+00 4.924364e+00 3.585144e+00 2.214341e+00 2.853601e+00
<VARIANCE> 22
 4.994270e+01 9.292393e+01 4.378074e+00 1.140175e+01 8.611254e+03 8.547365e+03 1.535041e+03 2.249591e+03 7.085032e+02 9.078024e+02 4.150314e+03 4.624016e+03 6.035259e+02 6.155782e+02 7.717558e+00 2.327307e+00 4.040299e+00 2.153015e+00 3.135754e+00 6.656129e+00 6.298574e+00 6.337630e+00
<GCONST> 1.407015e+02
<STATE> 4
<MEAN> 22
 3.549277e+00 5.004523e+00 1.194071e+00 1.594148e+00 3.713906e+01 4.561697e+01 9.526252e+01 9.418075e+01 6.869643e+01 6.568800e+01 1.711500e+02 1.677009e+02 1.153355e+02 1.139259e+02 5.508352e+00 4.401679e+00 5.954067e+00 5.618235e+00 5.431430e+00 5.048720e+00 2.224252e+00 2.432361e+00
<VARIANCE> 22
 4.437461e+01 7.359046e+01 6.102113e+00 7.427192e+00 3.490989e+03 3.707355e+03 9.046542e+02 9.165140e+02 3.674758e+02 3.112172e+02 3.362563e+03 3.599175e+03 3.200354e+02 2.854720e+02 6.732521e+00 1.205807e+00 1.501620e+00 6.274605e-01 1.542709e+00 4.216848e+00 5.849418e+00 5.898480e+00
<GCONST> 1.291693e+02
<TRANSP> 5
 0.000000e+00 1.000000e+00 0.000000e+00 0.000000e+00 0.000000e+00
 0.000000e+00 7.549329e-01 2.450671e-01 0.000000e+00 0.000000e+00
 0.000000e+00 0.000000e+00 7.247894e-01 2.752105e-01 0.000000e+00
 0.000000e+00 0.000000e+00 0.000000e+00 8.522719e-01 1.477281e-01
 0.000000e+00 0.000000e+00 0.000000e+00 0.000000e+00 0.000000e+00
<ENDHMM>
~h "DC_2"
<BEGINHMM>
<NUMSTATES> 5
<STATE> 2
<MEAN> 22
 1.133949e+01 1.335987e+01 4.227278e+00 4.991412e+00 7.049723e+01 7.836060e+01 8.488433e+01 7.981239e+01 7.060632e+01 6.456493e+01 1.371049e+02 1.279763e+02 1.053344e+02 1.049353e+02 4.396670e+00 3.602341e+00 5.506701e+00 5.488486e+00 4.821290e+00 3.703815e+00 2.510763e+00 2.533029e+00
<VARIANCE> 22
 5.959547e+02 5.329623e+02 3.083089e+02 1.983830e+02 5.003372e+03 4.318485e+03 1.521094e+03 1.255201e+03 3.862918e+02 2.805788e+02 4.245553e+03 4.230682e+03 5.179152e+02 4.175047e+02 7.823766e+00 2.331725e+00 2.993813e+00 1.114212e+00 2.232324e+00 7.474802e+00 5.655579e+00 5.009433e+00
<GCONST> 1.463223e+02
<STATE> 3
<MEAN> 22
 4.201224e+00 7.776033e+00 1.093456e+00 1.946090e+00 4.025076e+01 6.931714e+01 8.335557e+01 8.121300e+01 6.137227e+01 6.515852e+01 1.589915e+02 1.284853e+02 1.086900e+02 1.050966e+02 5.589775e+00 3.811119e+00 6.050504e+00 5.473536e+00 5.427503e+00 4.054650e+00 2.304330e+00 2.826148e+00
<VARIANCE> 22
 6.337608e+01 1.304867e+02 4.110208e+00 8.595874e+00 3.095132e+03 4.169562e+03 6.635799e+02 1.018205e+03 1.212700e+02 2.701865e+02 2.950735e+03 4.152239e+03 1.994944e+02 2.129777e+02 6.095386e+00 1.843764e+00 5.417184e-01 8.236995e-01 1.368395e+00 6.773111e+00 5.978027e+00 5.829769e+00
<GCONST> 1.275804e+02
<STATE> 4
<MEAN> 22
 5.368965e+00 4.409696e+00 1.465604e+00 1.343102e+00 6.208414e+01 5.505215e+01 9.029861e+01 8.646228e+01 6.513726e+01 5.816724e+01 1.449758e+02 1.493836e+02 1.059294e+02 1.051449e+02 4.726928e+00 4.022475e+00 5.399500e+00 5.302259e+00 4.710749e+00 4.529810e+00 2.379721e+00 2.236187e+00
<VARIANCE> 22
 1.042740e+02 6.950266e+01 7.708229e+00 6.351561e+00 8.109773e+03 5.402689e+03 1.545237e+03 1.196587e+03 5.563251e+02 3.622339e+02 5.962233e+03 5.636577e+03 1.093084e+03 9.643026e+02 8.353988e+00 2.403953e+00 4.190979e+00 2.360677e+00 3.653297e+00 5.729434e+00 6.095276e+00 5.855236e+00
<GCONST> 1.405582e+02
<TRANSP> 5
 0.000000e+00 1.000000e+00 0.000000e+00 0.000000e+00 0.000000e+00
 0.000000e+00 5.710945e-01 4.289055e-01 0.000000e+00 0.000000e+00
 0.000000e+00 0.000000e+00 8.545427e-01 1.454573e-01 0.000000e+00
 0.000000e+00 0.000000e+00 0.000000e+00 8.306746e-01 1.693253e-01
 0.000000e+00 0.000000e+00 0.000000e+00 0.000000e+00 0.000000e+00
<ENDHMM>
~h "MC_2"
<BEGINHMM>
<NUMSTATES> 5
<STATE> 2
<MEAN> 22
 6.111217e+00 5.336863e+00 2.201410e+00 2.092683e+00 7.255072e+01 7.429202e+01 9.286385e+01 9.099059e+01 6.909549e+01 6.558471e+01 1.373483e+02 1.406216e+02 1.039220e+02 1.044071e+02 4.591187e+00 3.965816e+00 5.237012e+00 5.094366e+00 4.759381e+00 4.479935e+00 2.401035e+00 2.565586e+00
<VARIANCE> 22
 1.273406e+02 7.060667e+01 2.006200e+01 1.464138e+01 1.131713e+04 9.208207e+03 1.494764e+03 1.646234e+03 5.438464e+02 6.465367e+02 5.747446e+03 4.777658e+03 8.749404e+02 7.802591e+02 8.139625e+00 2.028104e+00 4.844323e+00 2.103835e+00 2.991705e+00 5.846344e+00 6.136141e+00 6.084642e+00
<GCONST> 1.433372e+02
<STATE> 3
<MEAN> 22
 4.845056e+00 7.361537e+00 1.171148e+00 2.181374e+00 3.850641e+01 6.717995e+01 8.538762e+01 8.231779e+01 6.482302e+01 6.524334e+01 1.584436e+02 1.322262e+02 1.103874e+02 1.065074e+02 5.341098e+00 3.927997e+00 5.975612e+00 5.437180e+00 5.390708e+00 4.241390e+00 2.292673e+00 2.587793e+00
<VARIANCE> 22
 1.040642e+02 1.188439e+02 3.824640e+00 1.351043e+01 3.127323e+03 4.550398e+03 8.648920e+02 1.228808e+03 2.509113e+02 2.817821e+02 3.311677e+03 4.122006e+03 2.703044e+02 2.725690e+02 7.010081e+00 1.696230e+00 1.433290e+00 8.546169e-01 1.470151e+00 6.502056e+00 6.180315e+00 5.799762e+00
<GCONST> 1.314666e+02
<STATE> 4
<MEAN> 22
 4.177298e+00 6.396559e+00 1.071373e+00 1.477405e+00 3.846175e+01 4.633606e+01 8.886973e+01 8.353131e+01 6.426225e+01 6.143828e+01 1.595548e+02 1.506203e+02 1.115980e+02 1.100448e+02 5.460989e+00 4.236483e+00 5.846298e+00 5.664224e+00 5.359313e+00 4.706192e+00 2.414985e+00 2.514510e+00
<VARIANCE> 22
 6.916356e+01 2.070841e+02 3.664113e+00 5.685889e+00 3.127719e+03 3.082003e+03 7.022528e+02 8.017489e+02 1.864866e+02 1.456308e+02 3.512371e+03 3.672604e+03 2.186320e+02 1.913577e+02 6.572241e+00 1.355851e+00 1.858922e+00 4.019875e-01 1.629254e+00 5.317150e+00 6.242178e+00 6.046144e+00
<GCONST> 1.272714e+02
<TRANSP> 5
 0.000000e+00 1.000000e+00 0.000000e+00 0.000000e+00 0.000000e+00
 0.000000e+00 7.441875e-01 2.558125e-01 0.000000e+00 0.000000e+00
 0.000000e+00 0.000000e+00 6.980144e-01 3.019855e-01 0.000000e+00
 0.000000e+00 0.000000e+00 0.000000e+00 8.776164e-01 1.223836e-01
 0.000000e+00 0.000000e+00 0.000000e+00 0.000000e+00 0.000000e+00
<ENDHMM>
~h "VA_2"
<BEGINHMM>
<NUMSTATES> 5
<STATE> 2
<MEAN> 22
 4.921466e+00 5.489923e+00 1.400369e+00 1.598545e+00 4.453107e+01 5.297160e+01 9.119994e+01 8.539957e+01 6.825385e+01 6.384787e+01 1.542688e+02 1.475964e+02 1.098067e+02 1.091347e+02 5.104482e+00 4.092391e+00 5.700347e+00 5.549369e+00 5.131043e+00 4.493615e+00 2.321584e+00 2.452483e+00
<VARIANCE> 22
 8.242513e+01 9.055448e+01 6.804521e+00 7.833162e+00 4.295637e+03 3.981505e+03 1.190387e+03 1.016527e+03 3.643778e+02 2.490215e+02 3.994987e+03 4.348573e+03 3.589924e+02 2.968396e+02 7.303741e+00 1.703834e+00 2.702694e+00 7.923577e-01 2.102451e+00 6.053392e+00 6.140090e+00 6.113273e+00
<GCONST> 1.331024e+02
<STATE> 3
<MEAN> 22
 6.061745e+00 7.942724e+00 1.800186e+00 2.479997e+00 5.322751e+01 7.868380e+01 9.627778e+01 9.379936e+01 6.789533e+01 6.933843e+01 1.637126e+02 1.386172e+02 1.089158e+02 1.048516e+02 5.537752e+00 3.908461e+00 5.562502e+00 5.206357e+00 5.259087e+00 4.266920e+00 2.307287e+00 2.611157e+00
<VARIANCE> 22
 1.612504e+02 1.553815e+02 2.399680e+01 1.860298e+01 8.673154e+03 8.130843e+03 1.527380e+03 1.737697e+03 5.723259e+02 6.091447e+02 3.535322e+03 4.395827e+03 5.487966e+02 5.579583e+02 6.237005e+00 1.954996e+00 3.109269e+00 1.636908e+00 2.266683e+00 6.094853e+00 6.343390e+00 5.859649e+00
<GCONST> 1.418485e+02
<STATE> 4
<MEAN> 22
 6.488159e+00 1.245294e+01 2.581245e+00 3.538029e+00 7.028754e+01 1.039241e+02 9.811554e+01 1.017358e+02 7.142790e+01 7.581904e+01 1.641257e+02 1.371694e+02 1.110813e+02 1.085078e+02 5.346179e+00 3.854651e+00 5.654238e+00 5.120012e+00 5.253172e+00 4.086977e+00 2.565144e+00 2.953250e+00
<VARIANCE> 22
 4.493494e+02 8.785059e+02 2.922007e+02 1.782888e+02 1.461070e+04 1.192146e+04 1.429311e+03 2.308251e+03 4.999089e+02 8.076882e+02 3.688362e+03 3.725339e+03 5.503694e+02 2.988969e+02 6.519406e+00 1.663330e+00 2.794151e+00 1.269088e+00 2.067860e+00 5.872758e+00 6.578940e+00 6.031713e+00
<GCONST> 1.493473e+02
<TRANSP> 5
 0.000000e+00 1.000000e+00 0.000000e+00 0.000000e+00 0.000000e+00
 0.000000e+00 8.689798e-01 1.310202e-01 0.000000e+00 0.000000e+00
 0.000000e+00 0.000000e+00 5.068136e-01 4.931864e-01 0.000000e+00
 0.000000e+00 0.000000e+00 0.000000e+00 6.097089e-01 3.902912e-01
 0.000000e+00 0.000000e+00 0.000000e+00 0.000000e+00 0.000000e+00
<ENDHMM>
~h "VQ_2"
<BEGINHMM>
<NUMSTATES> 5
<STATE> 2
<MEAN> 22
 3.615272e+00 5.844286e+00 1.076195e+00 1.721880e+00 5.993450e+01 7.646184e+01 8.624821e+01 8.682333e+01 6.127468e+01 6.097812e+01 1.503568e+02 1.311822e+02 1.047565e+02 1.016886e+02 5.332600e+00 3.791159e+00 5.413514e+00 5.148246e+00 5.044244e+00 4.095292e+00 1.948952e+00 2.296527e+00
<VARIANCE> 22
 5.737528e+01 1.114256e+02 5.444573e+00 1.052618e+01 1.356247e+04 9.787319e+03 1.109386e+03 1.215351e+03 4.331693e+02 4.492187e+02 4.462422e+03 5.219196e+03 7.281222e+02 6.896450e+02 6.885346e+00 2.398006e+00 3.835355e+00 2.117929e+00 2.794980e+00 6.257720e+00 5.527425e+00 5.744764e+00
<GCONST> 1.395502e+02
<STATE> 3
<MEAN> 22
 5.323451e+00 6.188350e+00 1.552015e+00 1.704123e+00 5.148555e+01 6.131207e+01 9.134218e+01 8.866882e+01 6.557144e+01 6.297374e+01 1.470768e+02 1.383845e+02 1.073040e+02 1.062068e+02 5.156133e+00 3.989403e+00 5.367360e+00 5.436162e+00 5.020980e+00 4.352398e+00 2.395718e+00 2.494452e+00
<VARIANCE> 22
 1.428302e+02 1.134925e+02 9.713679e+00 7.613102e+00 5.255073e+03 4.963097e+03 8.913251e+02 9.605366e+02 3.064059e+02 3.075161e+02 4.350992e+03 4.538503e+03 3.602292e+02 2.894565e+02 6.846033e+00 1.827615e+00 3.973342e+00 1.015061e+00 2.251409e+00 5.820036e+00 6.070300e+00 5.887386e+00
<GCONST> 1.350440e+02
<STATE> 4
<MEAN> 22
 7.740247e+00 7.424205e+00 2.202239e+00 2.245140e+00 5.452055e+01 5.383663e+01 9.420300e+01 9.154526e+01 7.086377e+01 6.528024e+01 1.494888e+02 1.569097e+02 1.113086e+02 1.119177e+02 4.697314e+00 4.196907e+00 5.560056e+00 5.547904e+00 4.932417e+00 4.766083e+00 2.726108e+00 2.701924e+00
<VARIANCE> 22
 2.307102e+02 1.577967e+02 1.669399e+01 2.147697e+01 4.556693e+03 4.148585e+03 1.256783e+03 1.209937e+03 3.638790e+02 2.728460e+02 4.723842e+03 3.939659e+03 4.379561e+02 3.554129e+02 7.979290e+00 1.405452e+00 3.413043e+00 6.566019e-01 2.313626e+00 4.906326e+00 6.476227e+00 5.931979e+00
<GCONST> 1.373096e+02
<TRANSP> 5
 0.000000e+00 1.000000e+00 0.000000e+00 0.000000e+00 0.000000e+00
 0.000000e+00 7.163355e-01 2.836646e-01 0.000000e+00 0.000000e+00
 0.000000e+00 0.000000e+00 6.765783e-01 3.234217e-01 0.000000e+00
 0.000000e+00 0.000000e+00 0.000000e+00 8.130787e-01 1.869214e-01
 0.000000e+00 0.000000e+00 0.000000e+00 0.000000e+00 0.000000e+00
<ENDHMM>
~h "NU_2"
<BEGINHMM>
<NUMSTATES> 5
<STATE> 2
<MEAN> 22
 3.642127e+00 8.653610e+00 8.224224e-01 2.695801e+00 3.118898e+01 7.582976e+01 8.374699e+01 8.478770e+01 6.131940e+01 6.643362e+01 1.578807e+02 1.220167e+02 1.084376e+02 1.027518e+02 5.392593e+00 3.620541e+00 5.848701e+00 5.106462e+00 5.238082e+00 3.687238e+00 2.016284e+00 2.702085e+00
<VARIANCE> 22
 7.187802e+01 2.761477e+02 3.305621e+00 2.071442e+01 2.444004e+03 5.395713e+03 1.147467e+03 1.723407e+03 2.803699e+02 5.451946e+02 4.112090e+03 4.780053e+03 6.418099e+02 6.399660e+02 6.844318e+00 2.114282e+00 1.964382e+00 1.852049e+00 2.183822e+00 6.917219e+00 6.099471e+00 6.323433e+00
<GCONST> 1.374358e+02
<STATE> 3
<MEAN> 22
 3.124283e+00 4.160651e+00 8.521260e-01 1.158810e+00 2.840233e+01 5.048660e+01 8.701748e+01 8.494924e+01 6.240022e+01 6.138461e+01 1.671676e+02 1.492982e+02 1.117004e+02 1.089088e+02 5.721528e+00 4.215268e+00 6.009176e+00 5.571674e+00 5.493363e+00 4.678624e+00 2.111829e+00 2.394322e+00
<VARIANCE> 22
 4.419732e+01 5.543686e+01 3.305621e+00 3.673782e+00 2.255065e+03 3.976716e+03 7.499266e+02 1.011333e+03 1.653422e+02 2.200396e+02 2.746465e+03 3.723480e+03 2.365853e+02 2.369536e+02 6.016113e+00 1.518740e+00 1.007477e+00 6.720860e-01 1.311342e+00 5.323518e+00 6.072412e+00 6.005072e+00
<GCONST> 1.252206e+02
<STATE> 4
<MEAN> 22
 8.111866e+00 5.436312e+00 2.567337e+00 1.609685e+00 8.151355e+01 6.396661e+01 9.296335e+01 8.972031e+01 7.155997e+01 6.116557e+01 1.351763e+02 1.562164e+02 1.078354e+02 1.115278e+02 4.125003e+00 4.266076e+00 5.367279e+00 5.530448e+00 4.638608e+00 4.792381e+00 2.594154e+00 2.567281e+00
<VARIANCE> 22
 1.495621e+02 1.004544e+02 2.245623e+01 7.873018e+00 1.206340e+04 8.410085e+03 1.300551e+03 1.007213e+03 4.420000e+02 2.263734e+02 5.030042e+03 3.728488e+03 5.502517e+02 2.906566e+02 8.467609e+00 1.355082e+00 4.781771e+00 7.313610e-01 3.004106e+00 4.685511e+00 6.127510e+00 6.003722e+00
<GCONST> 1.379310e+02
<TRANSP> 5
 0.000000e+00 1.000000e+00 0.000000e+00 0.000000e+00 0.000000e+00
 0.000000e+00 7.465124e-01 2.534876e-01 0.000000e+00 0.000000e+00
 0.000000e+00 0.000000e+00 7.643209e-01 2.356791e-01 0.000000e+00
 0.000000e+00 0.000000e+00 0.000000e+00 7.517349e-01 2.482651e-01
 0.000000e+00 0.000000e+00 0.000000e+00 0.000000e+00 0.000000e+00
<ENDHMM>
~h "FM_2"
<BEGINHMM>
<NUMSTATES> 5
<STATE> 2
<MEAN> 22
 2.557962e+00 5.764019e+00 8.708576e-01 1.538809e+00 2.261542e+01 6.760526e+01 8.679559e+01 8.691111e+01 6.057541e+01 6.648634e+01 1.742044e+02 1.351152e+02 1.118604e+02 1.064234e+02 6.263496e+00 3.864811e+00 6.019035e+00 5.420772e+00 5.670776e+00 4.226963e+00 1.935559e+00 2.559904e+00
<VARIANCE> 22
 3.189975e+01 8.795897e+01 3.924363e+00 6.230695e+00 2.139374e+03 5.291450e+03 6.639391e+02 1.098407e+03 1.377915e+02 3.640172e+02 2.034090e+03 4.763792e+03 2.300416e+02 3.002609e+02 3.543821e+00 2.155706e+00 4.805696e-01 1.103709e+00 8.508053e-01 6.386570e+00 5.757688e+00 6.151116e+00
<GCONST> 1.260229e+02
<STATE> 3
<MEAN> 22
 6.015291e+00 9.759167e+00 1.586372e+00 2.718890e+00 3.114598e+01 6.314997e+01 8.655070e+01 8.623180e+01 6.296758e+01 6.654514e+01 1.680671e+02 1.423866e+02 1.118250e+02 1.085365e+02 5.730255e+00 4.047923e+00 6.036333e+00 5.463047e+00 5.529055e+00 4.595370e+00 2.314021e+00 2.728707e+00
<VARIANCE> 22
 1.318602e+02 2.125465e+02 1.229677e+01 2.294500e+01 2.829907e+03 4.979187e+03 7.494124e+02 1.152732e+03 1.699393e+02 3.381532e+02 2.594724e+03 3.805314e+03 2.575198e+02 2.586710e+02 5.932529e+00 1.665063e+00 7.539435e-01 8.373137e-01 1.291805e+00 5.488789e+00 6.258348e+00 5.733768e+00
<GCONST> 1.319872e+02
<STATE> 4
<MEAN> 22
 6.162369e+00 6.020600e+00 1.701950e+00 1.832659e+00 6.740016e+01 5.665137e+01 9.605822e+01 8.585915e+01 7.137325e+01 6.220834e+01 1.387249e+02 1.488185e+02 1.069347e+02 1.076654e+02 3.957793e+00 4.039647e+00 5.280739e+00 5.306611e+00 4.588893e+00 4.626562e+00 2.663666e+00 2.431131e+00
<VARIANCE> 22
 9.779427e+01 1.283904e+02 6.929117e+00 9.481003e+00 7.230792e+03 5.462984e+03 1.716189e+03 1.387062e+03 6.247935e+02 3.661054e+02 5.306852e+03 4.406219e+03 7.863791e+02 6.783251e+02 9.088985e+00 1.879660e+00 5.069040e+00 1.589478e+00 3.744573e+00 5.449219e+00 6.111531e+00 6.040814e+00
<GCONST> 1.402751e+02
<TRANSP> 5
 0.000000e+00 1.000000e+00 0.000000e+00 0.000000e+00 0.000000e+00
 0.000000e+00 7.992132e-01 2.007868e-01 0.000000e+00 0.000000e+00
 0.000000e+00 0.000000e+00 7.211514e-01 2.788486e-01 0.000000e+00
 0.000000e+00 0.000000e+00 0.000000e+00 7.853718e-01 2.146282e-01
 0.000000e+00 0.000000e+00 0.000000e+00 0.000000e+00 0.000000e+00
<ENDHMM>
~h "FN_2"
<BEGINHMM>
<NUMSTATES> 5
<STATE> 2
<MEAN> 22
 6.365623e+00 8.990523e+00 2.072134e+00 2.370350e+00 4.826238e+01 5.344535e+01 8.561695e+01 8.322653e+01 6.479718e+01 6.202784e+01 1.500176e+02 1.457001e+02 1.099439e+02 1.091286e+02 5.194782e+00 4.069901e+00 5.761582e+00 5.591532e+00 5.092228e+00 4.498937e+00 2.478436e+00 2.709855e+00
<VARIANCE> 22
 1.261853e+02 2.072056e+02 1.601011e+01 1.807913e+01 3.827084e+03 3.803668e+03 1.024711e+03 9.815982e+02 2.097475e+02 1.955090e+02 4.069226e+03 4.127570e+03 2.948801e+02 3.020559e+02 6.705168e+00 1.924191e+00 2.264155e+00 7.182043e-01 2.107099e+00 5.899581e+00 5.967421e+00 5.833573e+00
<GCONST> 1.343568e+02
<STATE> 3
<MEAN> 22
 4.092848e+00 7.196930e+00 1.028945e+00 2.019759e+00 3.268901e+01 5.661521e+01 8.997618e+01 8.949665e+01 6.263972e+01 6.423082e+01 1.665337e+02 1.470459e+02 1.119771e+02 1.089644e+02 5.877354e+00 4.159169e+00 5.856943e+00 5.491923e+00 5.444958e+00 4.645043e+00 2.260120e+00 2.568566e+00
<VARIANCE> 22
 9.307832e+01 1.313011e+02 3.305621e+00 1.111785e+01 2.946139e+03 4.803311e+03 7.030120e+02 1.059564e+03 1.477626e+02 2.798709e+02 3.275424e+03 4.264266e+03 2.703228e+02 3.082209e+02 5.044304e+00 1.630572e+00 1.588721e+00 9.199001e-01 1.555690e+00 5.274414e+00 5.981465e+00 5.952174e+00
<GCONST> 1.300111e+02
<STATE> 4
<MEAN> 22
 4.757223e+00 4.772582e+00 1.301442e+00 1.513613e+00 6.414043e+01 6.926579e+01 9.140517e+01 8.681308e+01 6.456873e+01 6.191974e+01 1.339808e+02 1.313475e+02 1.046844e+02 1.036644e+02 4.451735e+00 3.754100e+00 5.088982e+00 5.213624e+00 4.584719e+00 4.151251e+00 2.400983e+00 2.397766e+00
<VARIANCE> 22
 1.071908e+02 6.674243e+01 5.639038e+00 6.075260e+00 7.994205e+03 6.729112e+03 1.454823e+03 1.377578e+03 4.695595e+02 3.943353e+02 5.791323e+03 5.600069e+03 7.953147e+02 7.932656e+02 8.221583e+00 2.355722e+00 5.235806e+00 2.046504e+00 3.501438e+00 6.277840e+00 6.177287e+00 6.148433e+00
<GCONST> 1.399951e+02
<TRANSP> 5
 0.000000e+00 1.000000e+00 0.000000e+00 0.000000e+00 0.000000e+00
 0.000000e+00 7.534758e-01 2.465242e-01 0.000000e+00 0.000000e+00
 0.000000e+00 0.000000e+00 7.583768e-01 2.416232e-01 0.000000e+00
 0.000000e+00 0.000000e+00 0.000000e+00 8.243398e-01 1.756601e-01
 0.000000e+00 0.000000e+00 0.000000e+00 0.000000e+00 0.000000e+00
<ENDHMM>
~h "FU_2"
<BEGINHMM>
<NUMSTATES> 5
<STATE> 2
<MEAN> 22
 4.471266e+00 9.585276e+00 1.288689e+00 2.516604e+00 3.295417e+01 6.370588e+01 8.719965e+01 8.654060e+01 6.157052e+01 6.499982e+01 1.627030e+02 1.350550e+02 1.096727e+02 1.053967e+02 5.836356e+00 3.988816e+00 5.954777e+00 5.431219e+00 5.437455e+00 4.433008e+00 2.449303e+00 2.888075e+00
<VARIANCE> 22
 8.187614e+01 2.396165e+02 5.177047e+00 1.785613e+01 2.828236e+03 4.621149e+03 5.908389e+02 1.002875e+03 1.257702e+02 3.299256e+02 3.180461e+03 4.334007e+03 2.647540e+02 2.909286e+02 5.319261e+00 1.666960e+00 1.132413e+00 7.954210e-01 1.502425e+00 5.692106e+00 6.398974e+00 5.921163e+00
<GCONST> 1.307050e+02
<STATE> 3
<MEAN> 22
 3.538089e+00 4.247103e+00 1.081303e+00 1.509295e+00 2.843217e+01 4.912753e+01 9.200367e+01 9.214005e+01 6.329101e+01 6.170592e+01 1.712621e+02 1.561874e+02 1.131050e+02 1.104148e+02 6.004246e+00 4.308768e+00 5.999165e+00 5.580878e+00 5.541055e+00 4.921128e+00 2.252633e+00 2.519480e+00
<VARIANCE> 22
 5.035505e+01 5.165771e+01 3.911541e+00 7.491682e+00 2.477028e+03 3.973095e+03 5.400482e+02 6.604042e+02 1.378253e+02 2.045148e+02 3.179418e+03 4.424049e+03 2.842811e+02 2.596098e+02 4.769928e+00 1.404853e+00 1.057479e+00 6.248414e-01 1.273525e+00 4.373897e+00 5.896692e+00 6.186507e+00
<GCONST> 1.252785e+02
<STATE> 4
<MEAN> 22
 7.172444e+00 5.170984e+00 2.242826e+00 1.635538e+00 1.074599e+02 6.804061e+01 9.362110e+01 8.493513e+01 7.092679e+01 5.848928e+01 1.009707e+02 1.376640e+02 9.866813e+01 1.042704e+02 3.365680e+00 3.763932e+00 4.359905e+00 5.270847e+00 3.907379e+00 4.065955e+00 2.623394e+00 2.411338e+00
<VARIANCE> 22
 1.671019e+02 1.220478e+02 1.870148e+01 1.028558e+01 1.315809e+04 8.167519e+03 1.935656e+03 1.354702e+03 7.474495e+02 3.765130e+02 6.224511e+03 5.491772e+03 9.939490e+02 8.419230e+02 7.074145e+00 2.584768e+00 7.280662e+00 2.298454e+00 3.342371e+00 6.434670e+00 6.301785e+00 6.048545e+00
<GCONST> 1.448527e+02
<TRANSP> 5
 0.000000e+00 1.000000e+00 0.000000e+00 0.000000e+00 0.000000e+00
 0.000000e+00 7.710130e-01 2.289870e-01 0.000000e+00 0.000000e+00
 0.000000e+00 0.000000e+00 7.924181e-01 2.075820e-01 0.000000e+00
 0.000000e+00 0.000000e+00 0.000000e+00 7.773444e-01 2.226556e-01
 0.000000e+00 0.000000e+00 0.000000e+00 0.000000e+00 0.000000e+00
<ENDHMM>
~h "OH_D"
<BEGINHMM>
<NUMSTATES> 5
<STATE> 2
<MEAN> 22
 4.761101e+00 6.727775e+00 1.747891e+00 2.245422e+00 6.676827e+01 9.608218e+01 9.463756e+01 9.759765e+01 6.708495e+01 7.025608e+01 1.462349e+02 1.202324e+02 1.055287e+02 1.019088e+02 4.950953e+00 3.530529e+00 5.148045e+00 4.875451e+00 4.850909e+00 3.656141e+00 2.225050e+00 2.582882e+00
<VARIANCE> 22
 1.391382e+02 1.480394e+02 5.471872e+01 3.811535e+01 1.117197e+04 9.358777e+03 1.472198e+03 1.788381e+03 5.881418e+02 7.267797e+02 4.791969e+03 5.238220e+03 6.750055e+02 6.656494e+02 7.656806e+00 2.228799e+00 4.880532e+00 2.231128e+00 3.192338e+00 6.315363e+00 6.168222e+00 5.930499e+00
<GCONST> 1.461055e+02
<STATE> 3
<MEAN> 22
 6.267837e+00 1.046568e+01 1.982877e+00 3.047350e+00 4.167017e+01 6.893081e+01 9.072263e+01 8.988733e+01 6.519537e+01 6.708118e+01 1.599156e+02 1.368495e+02 1.108414e+02 1.075744e+02 5.411116e+00 3.939783e+00 5.788229e+00 5.364560e+00 5.275681e+00 4.285172e+00 2.467075e+00 2.972151e+00
<VARIANCE> 22
 1.770885e+02 3.296647e+02 3.039343e+01 3.536083e+01 3.874834e+03 5.046515e+03 8.856933e+02 1.122976e+03 2.622092e+02 3.460301e+02 3.536672e+03 4.368707e+03 2.952147e+02 3.002626e+02 6.719666e+00 1.691796e+00 2.218997e+00 9.434176e-01 1.968398e+00 5.864368e+00 6.560613e+00 6.300394e+00
<GCONST> 1.376853e+02
<STATE> 4
<MEAN> 22
 4.922475e+00 5.842002e+00 1.258710e+00 1.543175e+00 3.736885e+01 4.291776e+01 8.975401e+01 8.533900e+01 6.543275e+01 6.176534e+01 1.626159e+02 1.586787e+02 1.122854e+02 1.115260e+02 5.470241e+00 4.334239e+00 5.900044e+00 5.682352e+00 5.345306e+00 4.949191e+00 2.415847e+00 2.562545e+00
<VARIANCE> 22
 9.597729e+01 1.039497e+02 5.156743e+00 6.361540e+00 2.936458e+03 2.864038e+03 9.591277e+02 8.933851e+02 2.150966e+02 1.653239e+02 3.544920e+03 3.478499e+03 2.943416e+02 2.209637e+02 6.510307e+00 1.375608e+00 1.617131e+00 4.227617e-01 1.672997e+00 4.744756e+00 6.267560e+00 6.154078e+00
<GCONST> 1.281634e+02
<TRANSP> 5
 0.000000e+00 1.000000e+00 0.000000e+00 0.000000e+00 0.000000e+00
 0.000000e+00 7.066673e-01 2.933327e-01 0.000000e+00 0.000000e+00
 0.000000e+00 0.000000e+00 6.265107e-01 3.734893e-01 0.000000e+00
 0.000000e+00 0.000000e+00 0.000000e+00 8.818551e-01 1.181449e-01
 0.000000e+00 0.000000e+00 0.000000e+00 0.000000e+00 0.000000e+00
<ENDHMM>
~h "OH_U"
<BEGINHMM>
<NUMSTATES> 5
<STATE> 2
<MEAN> 22
 2.393042e+01 2.244994e+01 1.899511e+01 1.575497e+01 5.369295e+01 6.439302e+01 7.503662e+01 7.502316e+01 5.417889e+01 5.386467e+01 1.330713e+02 1.218203e+02 9.169272e+01 8.986267e+01 4.561439e+00 3.407463e+00 4.804159e+00 4.504439e+00 4.391047e+00 3.793783e+00 2.090573e+00 2.287814e+00
<VARIANCE> 22
 9.377958e+03 6.628789e+03 7.680976e+03 4.891846e+03 1.250217e+04 9.249394e+03 1.949850e+03 2.159730e+03 8.396898e+02 9.093876e+02 6.575882e+03 6.510026e+03 2.029580e+03 1.953054e+03 9.547416e+00 3.772123e+00 6.533199e+00 5.021584e+00 5.547620e+00 7.448415e+00 6.165580e+00 6.110989e+00
<GCONST> 1.703754e+02
<STATE> 3
<MEAN> 22
 6.747530e+00 9.697042e+00 2.332635e+00 2.984056e+00 3.868730e+01 6.239370e+01 8.991026e+01 8.978977e+01 6.436310e+01 6.571084e+01 1.632427e+02 1.439641e+02 1.112474e+02 1.081973e+02 5.564970e+00 4.057271e+00 5.827294e+00 5.391237e+00 5.345273e+00 4.473319e+00 2.279200e+00 2.688089e+00
<VARIANCE> 22
 4.770435e+02 4.477997e+02 2.737203e+02 1.823569e+02 4.165935e+03 5.448797e+03 9.241488e+02 1.206451e+03 2.530031e+02 3.920974e+02 3.453295e+03 4.232904e+03 3.778440e+02 3.718610e+02 6.320889e+00 1.730705e+00 1.996230e+00 1.136399e+00 1.846511e+00 5.664814e+00 5.952679e+00 5.992569e+00
<GCONST> 1.433746e+02
<STATE> 4
<MEAN> 22
 5.210393e+00 6.391893e+00 1.594011e+00 1.914212e+00 4.621510e+01 5.941311e+01 9.067416e+01 8.817690e+01 6.637852e+01 6.434891e+01 1.558514e+02 1.456265e+02 1.105485e+02 1.089466e+02 5.274870e+00 4.085525e+00 5.729464e+00 5.473761e+00 5.195772e+00 4.511300e+00 2.332556e+00 2.573658e+00
<VARIANCE> 22
 1.325258e+02 1.353463e+02 3.976480e+01 2.890742e+01 5.029268e+03 5.138688e+03 1.024654e+03 1.100558e+03 2.843790e+02 3.117684e+02 3.940270e+03 4.242736e+03 3.367142e+02 2.919698e+02 6.917336e+00 1.675740e+00 2.533367e+00 8.819027e-01 2.035949e+00 5.675864e+00 5.964515e+00 5.980533e+00
<GCONST> 1.370744e+02
<TRANSP> 5
 0.000000e+00 1.000000e+00 0.000000e+00 0.000000e+00 0.000000e+00
 0.000000e+00 2.018216e-01 7.981784e-01 0.000000e+00 0.000000e+00
 0.000000e+00 0.000000e+00 2.504720e-01 7.495279e-01 0.000000e+00
 0.000000e+00 0.000000e+00 0.000000e+00 9.085012e-01 9.149881e-02
 0.000000e+00 0.000000e+00 0.000000e+00 0.000000e+00 0.000000e+00
<ENDHMM>
~h "OK_2"
<BEGINHMM>
<NUMSTATES> 5
<STATE> 2
<MEAN> 22
 3.537772e+00 8.633621e+00 1.006306e+00 2.284261e+00 2.632274e+01 6.763651e+01 9.157068e+01 9.338761e+01 6.219874e+01 6.776572e+01 1.750416e+02 1.408200e+02 1.137263e+02 1.084150e+02 6.069817e+00 4.014697e+00 6.031918e+00 5.322422e+00 5.606610e+00 4.440901e+00 2.128176e+00 2.682809e+00
<VARIANCE> 22
 6.315508e+01 2.283488e+02 4.626293e+00 1.463614e+01 2.518781e+03 5.775637e+03 6.065817e+02 1.137803e+03 1.609759e+02 4.077070e+02 2.560438e+03 4.482819e+03 2.473327e+02 2.710328e+02 4.615599e+00 1.621359e+00 7.146210e-01 1.082122e+00 1.263518e+00 5.477986e+00 5.873512e+00 5.997583e+00
<GCONST> 1.298754e+02
<STATE> 3
<MEAN> 22
 3.729670e+00 5.495912e+00 1.071985e+00 1.531820e+00 3.386509e+01 7.053105e+01 8.781182e+01 9.290400e+01 6.231374e+01 6.728383e+01 1.611105e+02 1.339001e+02 1.108973e+02 1.064504e+02 5.513342e+00 3.821140e+00 5.941828e+00 5.221434e+00 5.304039e+00 4.053836e+00 2.088698e+00 2.556136e+00
<VARIANCE> 22
 5.899986e+01 7.530719e+01 5.068709e+00 5.398275e+00 3.178031e+03 6.005653e+03 7.670831e+02 1.397848e+03 2.105674e+02 4.410742e+02 3.518718e+03 5.007289e+03 3.367345e+02 3.761870e+02 6.484774e+00 1.976789e+00 1.362248e+00 1.493586e+00 2.084684e+00 6.297837e+00 5.744760e+00 6.154685e+00
<GCONST> 1.320658e+02
<STATE> 4
<MEAN> 22
 8.902555e+00 6.488805e+00 2.719832e+00 1.962356e+00 8.720696e+01 6.149266e+01 9.251434e+01 8.709875e+01 7.162543e+01 6.222147e+01 1.320818e+02 1.539582e+02 1.085144e+02 1.118969e+02 4.122435e+00 4.123112e+00 5.228997e+00 5.552298e+00 4.533142e+00 4.557823e+00 2.742229e+00 2.653879e+00
<VARIANCE> 22
 2.179857e+02 1.336448e+02 3.275481e+01 1.849584e+01 1.123681e+04 7.657001e+03 1.565937e+03 1.089779e+03 3.907421e+02 2.133256e+02 5.245868e+03 4.230280e+03 6.286821e+02 3.288644e+02 7.981595e+00 1.789559e+00 4.945269e+00 6.994345e-01 2.928486e+00 5.660398e+00 6.166498e+00 6.262251e+00
<GCONST> 1.405868e+02
<TRANSP> 5
 0.000000e+00 1.000000e+00 0.000000e+00 0.000000e+00 0.000000e+00
 0.000000e+00 7.387038e-01 2.612962e-01 0.000000e+00 0.000000e+00
 0.000000e+00 0.000000e+00 6.503806e-01 3.496195e-01 0.000000e+00
 0.000000e+00 0.000000e+00 0.000000e+00 7.594947e-01 2.405053e-01
 0.000000e+00 0.000000e+00 0.000000e+00 0.000000e+00 0.000000e+00
<ENDHMM>
~h "PF_2"
<BEGINHMM>
<NUMSTATES> 5
<STATE> 2
<MEAN> 22
 3.889612e+00 6.776557e+00 9.963139e-01 1.765381e+00 5.248402e+01 7.535811e+01 8.702679e+01 8.413914e+01 6.233608e+01 6.202613e+01 1.432631e+02 1.244358e+02 1.056763e+02 1.026124e+02 5.191454e+00 3.684407e+00 5.544946e+00 5.252401e+00 4.967489e+00 3.925599e+00 2.087508e+00 2.480340e+00
<VARIANCE> 22
 5.984693e+01 1.379625e+02 3.305621e+00 8.201667e+00 8.483477e+03 7.146650e+03 9.506405e+02 1.176440e+03 3.362104e+02 3.673158e+02 4.674563e+03 5.233417e+03 5.461414e+02 5.992192e+02 6.982457e+00 2.299675e+00 3.239934e+00 1.787425e+00 2.790801e+00 6.746665e+00 5.917876e+00 5.684150e+00
<GCONST> 1.370184e+02
<STATE> 3
<MEAN> 22
 4.758036e+00 8.102800e+00 1.267540e+00 2.262641e+00 4.467960e+01 8.648316e+01 9.312286e+01 9.651968e+01 6.491936e+01 6.964817e+01 1.535988e+02 1.242433e+02 1.090043e+02 1.038355e+02 5.425799e+00 3.675517e+00 5.525659e+00 5.068517e+00 5.158195e+00 3.916744e+00 2.319718e+00 2.825338e+00
<VARIANCE> 22
 8.169044e+01 1.849525e+02 5.402573e+00 1.151289e+01 4.511407e+03 6.749157e+03 9.275040e+02 1.481212e+03 2.920013e+02 4.687740e+02 3.848203e+03 4.753118e+03 2.918438e+02 3.885471e+02 6.455169e+00 1.917185e+00 3.331455e+00 1.586028e+00 2.271356e+00 6.112869e+00 6.288097e+00 5.795105e+00
<GCONST> 1.361456e+02
<STATE> 4
<MEAN> 22
 6.391994e+00 6.686272e+00 1.918333e+00 2.192884e+00 4.599250e+01 5.946525e+01 9.408787e+01 9.416918e+01 6.768285e+01 6.671801e+01 1.603130e+02 1.516959e+02 1.117335e+02 1.101003e+02 5.298007e+00 4.176038e+00 5.707686e+00 5.389711e+00 5.174718e+00 4.663294e+00 2.822596e+00 2.866838e+00
<VARIANCE> 22
 1.338006e+02 1.156678e+02 1.320879e+01 1.481966e+01 3.648808e+03 4.666483e+03 1.045568e+03 1.189221e+03 2.745826e+02 3.895938e+02 3.536819e+03 3.870639e+03 2.660891e+02 2.372800e+02 7.179062e+00 1.507429e+00 3.024871e+00 9.458112e-01 2.394502e+00 5.042313e+00 6.660940e+00 6.240216e+00
<GCONST> 1.347575e+02
<TRANSP> 5
 0.000000e+00 1.000000e+00 0.000000e+00 0.000000e+00 0.000000e+00
 0.000000e+00 7.615249e-01 2.384750e-01 0.000000e+00 0.000000e+00
 0.000000e+00 0.000000e+00 6.876276e-01 3.123724e-01 0.000000e+00
 0.000000e+00 0.000000e+00 0.000000e+00 8.285596e-01 1.714403e-01
 0.000000e+00 0.000000e+00 0.000000e+00 0.000000e+00 0.000000e+00
<ENDHMM>
~h "PR_2"
<BEGINHMM>
<NUMSTATES> 5
<STATE> 2
<MEAN> 22
 7.322439e+00 7.099751e+00 2.321771e+00 2.074794e+00 4.166373e+01 7.610904e+01 8.564804e+01 9.135580e+01 6.447328e+01 6.830489e+01 1.515464e+02 1.303275e+02 1.090017e+02 1.051546e+02 5.104113e+00 3.762742e+00 5.895164e+00 5.253983e+00 5.200595e+00 3.880728e+00 2.592667e+00 2.582761e+00
<VARIANCE> 22
 1.661824e+02 1.477442e+02 2.946258e+01 1.248687e+01 3.082397e+03 5.695795e+03 7.613022e+02 1.334661e+03 2.236806e+02 4.877520e+02 3.489165e+03 4.519472e+03 2.530493e+02 3.440043e+02 7.415498e+00 1.822310e+00 1.814617e+00 1.276944e+00 1.904964e+00 6.474936e+00 6.333496e+00 6.111189e+00
<GCONST> 1.361223e+02
<STATE> 3
<MEAN> 22
 3.757948e+00 7.075372e+00 1.115462e+00 1.892092e+00 3.027035e+01 6.271088e+01 8.624411e+01 8.468750e+01 6.176159e+01 6.425954e+01 1.659908e+02 1.360700e+02 1.114458e+02 1.074983e+02 5.805195e+00 3.963882e+00 6.054813e+00 5.496437e+00 5.490625e+00 4.230403e+00 2.199249e+00 2.813965e+00
<VARIANCE> 22
 5.856600e+01 1.245665e+02 4.987267e+00 8.544018e+00 2.233383e+03 4.301042e+03 6.904818e+02 9.301453e+02 1.257530e+02 2.641298e+02 2.739999e+03 4.316541e+03 1.867915e+02 2.401410e+02 5.387253e+00 1.690977e+00 6.594511e-01 7.308969e-01 1.278830e+00 6.300405e+00 6.003066e+00 6.265535e+00
<GCONST> 1.271323e+02
<STATE> 4
<MEAN> 22
 5.405364e+00 5.207433e+00 1.684464e+00 1.705860e+00 7.158652e+01 4.963138e+01 1.017112e+02 8.843894e+01 7.122829e+01 6.110070e+01 1.409206e+02 1.576985e+02 1.075458e+02 1.108848e+02 4.380399e+00 4.142291e+00 5.007869e+00 5.404120e+00 4.477258e+00 4.617249e+00 2.617383e+00 2.507592e+00
<VARIANCE> 22
 1.026303e+02 1.069882e+02 9.450138e+00 1.086164e+01 8.570483e+03 5.102594e+03 2.016218e+03 1.158467e+03 5.260735e+02 2.898069e+02 6.294470e+03 4.972059e+03 1.020563e+03 6.725660e+02 8.039869e+00 1.817834e+00 5.667943e+00 1.387883e+00 3.549098e+00 5.419865e+00 6.541723e+00 6.382713e+00
<GCONST> 1.406919e+02
<TRANSP> 5
 0.000000e+00 1.000000e+00 0.000000e+00 0.000000e+00 0.000000e+00
 0.000000e+00 7.266508e-01 2.733492e-01 0.000000e+00 0.000000e+00
 0.000000e+00 0.000000e+00 7.819043e-01 2.180957e-01 0.000000e+00
 0.000000e+00 0.000000e+00 0.000000e+00 7.669693e-01 2.330307e-01
 0.000000e+00 0.000000e+00 0.000000e+00 0.000000e+00 0.000000e+00
<ENDHMM>
