~o
<STREAMINFO> 1 22
<VECSIZE> 22<NULLD><MFCC_0><DIAGC>
~h "BN"
<BEGINHMM>
<NUMSTATES> 5
<STATE> 2
<NUMMIXES> 2
<MIXTURE> 1 4.714341e-001
<MEAN> 22
 7.086632e+000 1.757216e+001 3.795782e+000 5.279280e+000 1.838074e+001 3.556098e+001 8.600369e+001 7.306313e+001 6.035979e+001 5.931205e+001 1.833944e+002 1.598947e+002 1.133308e+002 1.091736e+002 6.878627e+000 4.764786e+000 6.090174e+000 5.751159e+000 5.849983e+000 5.932120e+000 2.216140e+000 2.163172e+000
<VARIANCE> 22
 1.609821e+003 1.252698e+003 1.267072e+003 8.027778e+002 7.925410e+002 1.079759e+003 6.422740e+002 6.468866e+002 7.894569e+001 9.792297e+001 9.784561e+002 1.626960e+003 2.155772e+002 1.916384e+002 3.454336e-001 4.338471e-001 8.544005e-002 2.149827e-001 1.368613e-001 1.288696e+000 5.649194e+000 3.191236e+000
<GCONST> 1.245036e+002
<MIXTURE> 2 5.285654e-001
<MEAN> 22
 5.572826e+000 6.998697e+000 1.495319e+000 2.743083e+000 1.623389e+002 1.822318e+002 6.992170e+001 9.244736e+001 6.824504e+001 7.394600e+001 1.119156e+002 6.448198e+001 9.052878e+001 8.867802e+001 3.010740e+000 2.343851e+000 4.796498e+000 3.697033e+000 4.079002e+000 1.931409e+000 2.143778e+000 2.396807e+000
<VARIANCE> 22
 1.063195e+002 1.391323e+002 7.638904e+000 1.599640e+001 3.820410e+004 1.744512e+004 2.386603e+003 2.759573e+003 1.117253e+003 1.378659e+003 6.070244e+003 3.369608e+003 2.055912e+003 1.552121e+003 8.922792e+000 2.050719e+000 7.214746e+000 3.314571e+000 4.155587e+000 4.525971e+000 5.818305e+000 5.957286e+000
<GCONST> 1.494770e+002
<STATE> 3
<NUMMIXES> 2
<MIXTURE> 1 4.032658e-001
<MEAN> 22
 1.536610e+000 1.791817e+001 5.457522e-001 4.815988e+000 8.708488e+000 1.603623e+002 1.015102e+002 1.094969e+002 6.324177e+001 9.058802e+001 2.048366e+002 6.209892e+001 1.221470e+002 1.104466e+002 6.998541e+000 2.591470e+000 6.136497e+000 4.334896e+000 5.998746e+000 1.721928e+000 1.765715e+000 3.470498e+000
<VARIANCE> 22
 1.063689e+001 3.584388e+002 3.300596e+000 2.859154e+001 1.587659e+002 4.259491e+003 2.976803e+002 1.536975e+003 7.051013e+001 5.249063e+002 6.048656e+002 1.438449e+003 2.102256e+002 1.583219e+002 6.504287e-002 6.565933e-001 1.184881e-001 8.026172e-001 2.082488e-002 3.255741e+000 5.674681e+000 5.582741e+000
<GCONST> 1.095509e+002
<MIXTURE> 2 5.967360e-001
<MEAN> 22
 8.475976e-001 4.892417e+000 4.046737e-001 1.551259e+000 9.409449e+000 1.716292e+002 8.524100e+001 1.179770e+002 5.520885e+001 8.773174e+001 1.787787e+002 3.168733e+001 1.089433e+002 9.536451e+001 6.924474e+000 2.058789e+000 5.978659e+000 3.675278e+000 5.958169e+000 1.107617e+000 1.304245e+000 2.647567e+000
<VARIANCE> 22
 4.801632e+000 4.331218e+001 3.300596e+000 3.458595e+000 5.977144e+002 8.879411e+002 1.092660e+002 2.041071e+002 4.204895e+001 2.664950e+002 3.817775e+002 3.536898e+002 5.228039e+001 6.868346e+001 4.105917e-001 1.194253e-001 2.232108e-001 4.914491e-001 1.222894e-001 3.203510e-001 4.680631e+000 5.952628e+000
<GCONST> 9.558598e+001
<STATE> 4
<NUMMIXES> 2
<MIXTURE> 1 4.539025e-001
<MEAN> 22
 1.337114e+001 7.905113e+000 3.449777e+000 2.245986e+000 5.240535e+001 2.459453e+001 9.167118e+001 9.499121e+001 7.131483e+001 5.943533e+001 1.565849e+002 1.934139e+002 1.149384e+002 1.167762e+002 5.042978e+000 4.996343e+000 6.008920e+000 5.809100e+000 5.220372e+000 6.009140e+000 3.451127e+000 3.135170e+000
<VARIANCE> 22
 3.010118e+002 1.660309e+002 2.951327e+001 1.049897e+001 3.517833e+003 8.002634e+002 6.598109e+002 3.438981e+002 2.835138e+002 8.472107e+001 3.951497e+003 5.422953e+002 2.604879e+002 1.251887e+002 7.977257e+000 1.793315e-002 2.110987e+000 1.544589e-001 1.776581e+000 5.618803e-002 6.144012e+000 6.754608e+000
<GCONST> 1.175844e+002
<MIXTURE> 2 5.460973e-001
<MEAN> 22
 5.300462e+000 1.706335e+000 1.968663e+000 7.135873e-001 1.552137e+002 1.909679e+001 1.221535e+002 8.244427e+001 9.072121e+001 5.845470e+001 3.660995e+001 1.740654e+002 9.904269e+001 1.140657e+002 1.995762e+000 4.599343e+000 1.138701e+000 5.821810e+000 2.917119e+000 5.456159e+000 3.006378e+000 1.891632e+000
<VARIANCE> 22
 5.609535e+001 1.565231e+001 7.246665e+000 2.164982e+000 4.401378e+003 7.604783e+002 7.066784e+002 9.137760e+002 3.431926e+002 6.616751e+001 5.212216e+002 1.946462e+003 2.092662e+002 1.719801e+002 4.976212e-001 7.391807e-001 3.478915e+000 1.807956e-001 3.485063e-001 3.604414e+000 6.262339e+000 5.613599e+000
<GCONST> 1.150411e+002
<TRANSP> 5
 0.000000e+000 1.000000e+000 0.000000e+000 0.000000e+000 0.000000e+000
 0.000000e+000 8.193153e-001 1.806847e-001 0.000000e+000 0.000000e+000
 0.000000e+000 0.000000e+000 9.524407e-001 4.755931e-002 0.000000e+000
 0.000000e+000 0.000000e+000 0.000000e+000 9.330972e-001 6.690273e-002
 0.000000e+000 0.000000e+000 0.000000e+000 0.000000e+000 0.000000e+000
<ENDHMM>
~h "BS"
<BEGINHMM>
<NUMSTATES> 5
<STATE> 2
<NUMMIXES> 2
<MIXTURE> 1 2.822928e-001
<MEAN> 22
 1.455585e+001 1.349901e+001 6.474905e+000 5.777983e+000 1.029365e+002 7.663377e+001 9.719897e+001 9.518839e+001 6.650456e+001 6.183742e+001 1.905338e+002 1.882677e+002 1.197562e+002 1.194015e+002 5.887404e+000 4.852200e+000 6.242362e+000 5.795185e+000 5.415275e+000 5.769496e+000 2.569664e+000 2.092169e+000
<VARIANCE> 22
 2.225756e+003 1.684226e+003 1.862561e+003 1.232167e+003 3.529843e+004 1.651125e+004 7.232603e+002 4.465138e+002 6.535078e+001 4.919772e+001 7.631164e+002 7.080937e+002 1.592722e+002 1.138755e+002 6.270669e+000 2.539167e-001 1.836288e-001 1.628658e-001 2.979997e+000 6.084745e-001 3.992099e+000 4.692193e+000
<GCONST> 1.346472e+002
<MIXTURE> 2 7.177071e-001
<MEAN> 22
 1.654911e+001 1.643647e+001 2.429675e+000 2.559478e+000 7.279711e+001 7.043533e+001 4.759164e+001 4.503877e+001 6.361502e+001 6.129817e+001 1.312791e+002 1.273859e+002 1.043223e+002 1.041636e+002 4.781739e+000 4.314011e+000 5.975955e+000 5.807971e+000 5.058871e+000 5.078654e+000 2.727965e+000 2.066196e+000
<VARIANCE> 22
 1.902220e+002 1.750876e+002 6.770182e+000 8.016715e+000 5.290547e+003 4.012331e+003 6.692930e+002 5.999835e+002 1.660159e+002 1.877977e+002 1.259923e+003 1.176906e+003 2.768509e+002 2.517665e+002 7.361945e+000 2.285310e+000 6.303156e-001 5.615371e-001 1.087989e+000 7.307037e+000 3.138653e+000 3.704772e+000
<GCONST> 1.266344e+002
<STATE> 3
<NUMMIXES> 2
<MIXTURE> 1 4.990800e-001
<MEAN> 22
 1.495587e+001 1.515383e+001 3.747147e+000 3.534985e+000 1.313776e+002 1.251948e+002 1.440273e+002 1.408424e+002 8.699277e+001 7.791836e+001 1.529418e+002 1.600565e+002 1.150895e+002 1.139162e+002 4.115377e-001 3.733103e+000 4.783984e+000 4.762059e+000 1.522754e+000 3.824332e+000 2.789082e+000 3.927206e+000
<VARIANCE> 22
 4.318101e+002 4.450023e+002 2.591032e+001 2.160506e+001 1.446491e+003 1.347821e+003 1.066736e+003 8.955574e+002 1.877222e+002 2.447271e+002 1.938333e+003 1.218938e+003 1.631247e+002 1.253542e+002 3.676737e-001 2.718303e-001 1.041721e+001 2.206256e-001 5.305575e+000 8.174174e-001 6.602762e+000 5.338619e+000
<GCONST> 1.260746e+002
<MIXTURE> 2 5.009195e-001
<MEAN> 22
 2.128283e+001 2.224170e+001 3.544542e+000 3.548481e+000 9.245995e+001 9.620346e+001 4.845621e+001 4.977757e+001 6.420127e+001 5.967778e+001 9.170914e+001 8.981477e+001 9.911571e+001 9.983594e+001 1.968523e+000 2.659740e+000 6.150372e+000 5.753287e+000 4.113493e+000 2.115462e+000 2.704858e+000 2.912273e+000
<VARIANCE> 22
 3.349666e+002 3.501214e+002 1.737225e+001 1.666055e+001 1.472254e+003 1.176584e+003 6.202471e+002 5.970631e+002 1.110975e+002 1.099675e+002 8.414562e+002 7.146620e+002 9.184883e+001 7.657108e+001 3.445872e+000 1.862602e+000 3.923673e-001 3.983683e-001 1.989844e+000 6.915980e+000 5.698745e+000 4.404152e+000
<GCONST> 1.223844e+002
<STATE> 4
<NUMMIXES> 2
<MIXTURE> 1 4.858280e-001
<MEAN> 22
 1.033196e+001 9.781669e+000 2.798660e+000 2.406605e+000 4.115948e+001 3.988811e+001 1.086262e+002 1.056256e+002 6.803601e+001 6.232659e+001 1.960808e+002 1.948240e+002 1.169600e+002 1.163677e+002 5.893160e+000 4.852848e+000 6.502456e+000 5.472544e+000 6.120733e+000 5.741981e+000 3.964300e+000 3.846997e+000
<VARIANCE> 22
 9.953071e+001 9.101603e+001 8.907200e+000 6.454110e+000 1.498568e+003 1.038611e+003 6.136938e+002 4.212636e+002 1.372280e+002 1.092155e+002 6.772503e+002 4.903076e+002 1.661013e+002 1.238083e+002 6.353404e+000 1.632302e-001 2.849562e-001 2.492457e-001 4.988493e-001 3.055177e-001 4.472729e+000 8.157280e+000
<GCONST> 1.116838e+002
<MIXTURE> 2 5.141717e-001
<MEAN> 22
 4.711820e+000 4.578486e+000 1.342206e+000 1.273579e+000 8.295939e+001 8.307684e+001 1.097137e+002 1.108667e+002 6.568801e+001 6.115146e+001 1.525316e+002 1.508453e+002 1.034178e+002 1.028879e+002 5.434411e-001 4.047190e+000 6.961776e+000 5.027057e+000 3.679600e+000 4.409694e+000 3.049751e+000 3.591019e+000
<VARIANCE> 22
 3.247594e+001 3.117194e+001 3.300596e+000 3.035073e+000 6.978756e+002 7.781788e+002 5.600470e+002 5.511646e+002 6.804213e+001 1.047506e+002 3.171880e+002 3.461796e+002 5.976132e+001 6.471239e+001 3.376693e+000 1.190389e-001 3.788375e-002 2.983513e-002 1.143831e+001 5.251365e-001 6.187286e+000 7.849928e+000
<GCONST> 1.022203e+002
<TRANSP> 5
 0.000000e+000 1.000000e+000 0.000000e+000 0.000000e+000 0.000000e+000
 0.000000e+000 8.114571e-001 1.885429e-001 0.000000e+000 0.000000e+000
 0.000000e+000 0.000000e+000 9.231049e-001 7.689505e-002 0.000000e+000
 0.000000e+000 0.000000e+000 0.000000e+000 9.458758e-001 5.412425e-002
 0.000000e+000 0.000000e+000 0.000000e+000 0.000000e+000 0.000000e+000
<ENDHMM>
~h "CF"
<BEGINHMM>
<NUMSTATES> 5
<STATE> 2
<NUMMIXES> 2
<MIXTURE> 1 2.592939e-001
<MEAN> 22
 2.632012e+001 8.450386e+000 1.010528e+001 4.634677e+000 8.803712e+001 2.351465e+001 9.518962e+001 9.374200e+001 8.342302e+001 6.205903e+001 1.181093e+002 1.865118e+002 1.099186e+002 1.175148e+002 3.664483e+000 4.800026e+000 5.165820e+000 5.700003e+000 4.546960e+000 5.846703e+000 4.127292e+000 2.637735e+000
<VARIANCE> 22
 1.707013e+003 1.077918e+003 1.273650e+003 7.591038e+002 5.708092e+003 8.677664e+002 1.245808e+003 7.601613e+002 5.315958e+002 1.129210e+002 5.230071e+003 1.564338e+003 3.067179e+002 1.439650e+002 7.989220e+000 3.551383e-001 5.303009e+000 2.435328e-001 2.216509e+000 1.117097e+000 5.896964e+000 5.829158e+000
<GCONST> 1.411751e+002
<MIXTURE> 2 7.407064e-001
<MEAN> 22
 5.329091e+000 5.274307e+000 2.167922e+000 1.804527e+000 1.173301e+002 7.009734e+001 9.359938e+001 7.953975e+001 8.426768e+001 6.535279e+001 7.517949e+001 1.276524e+002 9.462539e+001 1.063868e+002 2.687492e+000 3.644895e+000 3.799863e+000 5.148523e+000 3.668233e+000 3.956853e+000 2.922968e+000 2.456112e+000
<VARIANCE> 22
 5.804813e+001 8.786662e+001 8.151179e+000 8.757325e+000 9.766163e+003 6.555576e+003 2.273224e+003 1.615747e+003 7.609976e+002 4.426663e+002 3.294063e+003 4.633292e+003 5.498668e+002 4.965058e+002 4.321280e+000 2.476413e+000 6.765916e+000 1.726266e+000 1.948148e+000 7.210178e+000 6.308486e+000 5.492844e+000
<GCONST> 1.391313e+002
<STATE> 3
<NUMMIXES> 2
<MIXTURE> 1 4.688443e-001
<MEAN> 22
 2.347305e+000 2.051356e+001 8.695386e-001 5.674211e+000 1.100142e+001 1.390697e+002 1.018456e+002 1.019409e+002 6.343697e+001 9.130460e+001 2.009062e+002 8.818160e+001 1.197615e+002 1.032248e+002 6.965036e+000 3.112948e+000 6.204254e+000 4.464065e+000 5.982019e+000 2.814661e+000 2.047600e+000 3.564748e+000
<VARIANCE> 22
 2.059780e+001 4.423255e+002 3.300596e+000 4.208603e+001 2.634142e+002 7.240496e+003 4.405554e+002 2.193201e+003 9.934923e+001 6.842382e+002 8.440099e+002 3.304628e+003 2.461256e+002 2.845004e+002 1.889907e-001 1.515797e+000 2.021244e-001 2.123012e+000 5.070387e-002 6.782549e+000 6.097432e+000 5.330880e+000
<GCONST> 1.201693e+002
<MIXTURE> 2 5.311555e-001
<MEAN> 22
 8.499169e-001 5.387287e+000 4.339742e-001 2.596797e+000 6.145881e+000 1.882034e+002 8.625489e+001 1.260487e+002 5.549369e+001 9.897396e+001 1.799519e+002 2.951248e+001 1.081239e+002 8.077631e+001 6.988169e+000 2.001343e+000 6.000991e+000 2.911853e+000 5.991759e+000 9.896142e-001 1.311746e+000 2.455508e+000
<VARIANCE> 22
 4.801632e+000 6.515355e+001 3.300596e+000 1.217543e+001 6.307404e+001 6.418177e+002 1.016453e+002 2.961497e+002 3.014717e+001 3.325842e+002 1.955006e+002 1.250620e+002 5.697298e+001 1.734957e+002 6.504287e-002 1.793315e-002 2.326111e-002 1.198248e+000 2.082488e-002 5.618803e-002 4.891705e+000 5.746741e+000
<GCONST> 8.556116e+001
<STATE> 4
<NUMMIXES> 2
<MIXTURE> 1 4.834149e-001
<MEAN> 22
 8.115274e+000 6.146060e+000 2.495493e+000 2.225691e+000 2.853744e+001 2.496076e+001 8.978856e+001 9.624306e+001 6.460993e+001 6.030823e+001 1.860225e+002 1.937743e+002 1.164507e+002 1.160163e+002 6.393261e+000 5.000993e+000 6.170269e+000 5.715870e+000 5.840628e+000 5.995576e+000 3.221045e+000 3.108964e+000
<VARIANCE> 22
 1.514234e+002 6.900208e+001 1.398468e+001 7.939282e+000 8.679920e+002 6.240138e+002 6.817696e+002 3.089843e+002 1.160221e+002 9.259234e+001 1.196193e+003 4.983944e+002 1.890586e+002 1.315397e+002 3.407895e+000 1.793315e-002 1.412867e-001 2.034041e-001 2.188278e-001 5.618803e-002 6.235758e+000 6.289583e+000
<GCONST> 1.054854e+002
<MIXTURE> 2 5.165849e-001
<MEAN> 22
 9.753851e+000 1.671509e+000 3.614098e+000 8.043969e-001 1.631588e+002 2.873627e+001 1.227735e+002 9.123858e+001 9.553182e+001 5.571295e+001 3.783984e+001 1.849763e+002 8.138470e+001 1.108071e+002 1.935718e+000 4.928188e+000 2.537969e+000 5.693354e+000 3.009108e+000 5.941850e+000 2.911670e+000 1.993160e+000
<VARIANCE> 22
 1.949050e+002 1.162204e+001 2.530013e+001 2.164982e+000 3.667074e+003 1.322793e+003 1.109341e+003 3.274484e+002 4.314881e+002 7.606330e+001 4.919022e+002 5.817022e+002 4.189576e+002 1.132965e+002 3.127220e-001 1.424897e-001 4.395788e+000 2.417583e-001 2.204761e-001 3.526789e-001 5.810691e+000 5.573734e+000
<GCONST> 1.119638e+002
<TRANSP> 5
 0.000000e+000 1.000000e+000 0.000000e+000 0.000000e+000 0.000000e+000
 0.000000e+000 8.717185e-001 1.282815e-001 0.000000e+000 0.000000e+000
 0.000000e+000 0.000000e+000 9.517936e-001 4.820638e-002 0.000000e+000
 0.000000e+000 0.000000e+000 0.000000e+000 9.171875e-001 8.281249e-002
 0.000000e+000 0.000000e+000 0.000000e+000 0.000000e+000 0.000000e+000
<ENDHMM>
~h "CN"
<BEGINHMM>
<NUMSTATES> 5
<STATE> 2
<NUMMIXES> 2
<MIXTURE> 1 4.294931e-001
<MEAN> 22
 8.645275e+000 8.136541e+000 2.879489e+000 2.780298e+000 2.170711e+001 2.390742e+001 9.375163e+001 9.001750e+001 6.439300e+001 5.968290e+001 1.935033e+002 1.903129e+002 1.197485e+002 1.178589e+002 6.997929e+000 5.000000e+000 6.137275e+000 5.934566e+000 5.983378e+000 6.008016e+000 2.772769e+000 1.977644e+000
<VARIANCE> 22
 5.407617e+002 4.237681e+002 3.773079e+002 2.775375e+002 4.329156e+002 5.605753e+002 5.727143e+002 3.532151e+002 9.766083e+001 6.704060e+001 7.495264e+002 5.784989e+002 2.415463e+002 1.803626e+002 6.504287e-002 1.793315e-002 1.184302e-001 6.115155e-002 2.082488e-002 5.618803e-002 3.293051e+000 4.048890e+000
<GCONST> 1.055581e+002
<MIXTURE> 2 5.705062e-001
<MEAN> 22
 2.069329e+001 2.053369e+001 2.475425e+000 2.745122e+000 8.648055e+001 8.129218e+001 4.174551e+001 4.258332e+001 6.502737e+001 6.149252e+001 1.018043e+002 1.026831e+002 1.049264e+002 1.039731e+002 3.093970e+000 3.456005e+000 6.060208e+000 5.857173e+000 4.391403e+000 3.295435e+000 2.621386e+000 1.934173e+000
<VARIANCE> 22
 2.905633e+002 2.722090e+002 7.948766e+000 1.014191e+001 2.000095e+003 1.844740e+003 4.349735e+002 5.468270e+002 1.073850e+002 9.759202e+001 1.379158e+003 1.427819e+003 1.311997e+002 1.219084e+002 6.613885e+000 1.959648e+000 1.248626e-001 3.963205e-001 7.964829e-001 1.013738e+001 2.011948e+000 2.705793e+000
<GCONST> 1.203712e+002
<STATE> 3
<NUMMIXES> 2
<MIXTURE> 1 3.573152e-001
<MEAN> 22
 1.131693e+001 1.191298e+001 1.675521e+000 1.455844e+000 1.725732e+002 1.670205e+002 8.360841e+001 8.190118e+001 7.251040e+001 7.166194e+001 4.738092e+001 4.748570e+001 1.109092e+002 1.133229e+002 2.089253e+000 1.863682e+000 5.442421e+000 5.800536e+000 3.206217e+000 7.884174e-001 3.029189e+000 3.067125e+000
<VARIANCE> 22
 2.265093e+002 2.591132e+002 6.511714e+000 4.044004e+000 1.320750e+003 1.181487e+003 5.549359e+002 6.777057e+002 1.703744e+002 1.586490e+002 4.754074e+002 5.739886e+002 2.898149e+002 1.713728e+002 1.853377e-001 2.006741e-001 1.635488e+000 1.287994e+000 2.022771e-001 2.821800e-001 5.848632e+000 5.803173e+000
<GCONST> 1.134315e+002
<MIXTURE> 2 6.426851e-001
<MEAN> 22
 5.667521e+000 5.889844e+000 1.000890e+000 8.438710e-001 1.344960e+002 1.284089e+002 6.813753e+001 6.513751e+001 6.351752e+001 6.041188e+001 3.925289e+001 4.338678e+001 9.909901e+001 9.989410e+001 2.005021e+000 1.952548e+000 5.957594e+000 6.012652e+000 3.138748e+000 8.028035e-001 3.237069e+000 3.096403e+000
<VARIANCE> 22
 4.580223e+001 6.130401e+001 3.300596e+000 2.164982e+000 1.330456e+003 9.900151e+002 3.605998e+002 3.604998e+002 4.703899e+001 5.692498e+001 2.228782e+002 3.155171e+002 4.108935e+001 4.305170e+001 6.504287e-002 6.832819e-002 2.776480e-001 1.654160e-001 1.338699e-001 1.644345e-001 6.098403e+000 6.144923e+000
<GCONST> 9.404864e+001
<STATE> 4
<NUMMIXES> 2
<MIXTURE> 1 4.950722e-001
<MEAN> 22
 1.259411e+001 1.193768e+001 3.213758e+000 2.884605e+000 4.387694e+001 3.757806e+001 9.574884e+001 9.331911e+001 6.591569e+001 6.175986e+001 1.910814e+002 1.884590e+002 1.155051e+002 1.147856e+002 6.631458e+000 4.988613e+000 6.301229e+000 5.747287e+000 5.963064e+000 5.961167e+000 3.976256e+000 3.849396e+000
<VARIANCE> 22
 2.140879e+002 1.872870e+002 1.088392e+001 9.795807e+000 6.198252e+003 4.077899e+003 7.182381e+002 6.205846e+002 1.187918e+002 9.829043e+001 6.552570e+002 6.194854e+002 1.628916e+002 1.289814e+002 2.009826e+000 1.118419e-001 2.104847e-001 1.888503e-001 1.595670e-001 2.358166e-001 7.701909e+000 4.638868e+000
<GCONST> 1.135645e+002
<MIXTURE> 2 5.049282e-001
<MEAN> 22
 1.534191e+001 1.495302e+001 1.792087e+000 2.120564e+000 9.997518e+001 9.825873e+001 4.420969e+001 4.211646e+001 6.669495e+001 6.461498e+001 1.013914e+002 9.525320e+001 1.052831e+002 1.056426e+002 3.159052e+000 2.891550e+000 5.992258e+000 5.982726e+000 4.153983e+000 2.339182e+000 4.131526e+000 4.087687e+000
<VARIANCE> 22
 3.605260e+002 3.136477e+002 6.928459e+000 1.414402e+001 3.301795e+003 2.838409e+003 8.106117e+002 8.350090e+002 2.030706e+002 1.408096e+002 1.063131e+003 1.115379e+003 2.805639e+002 1.733419e+002 4.574168e+000 3.562206e+000 2.948950e-001 2.965195e-001 1.079499e+000 9.017849e+000 6.875194e+000 5.325519e+000
<GCONST> 1.274016e+002
<TRANSP> 5
 0.000000e+000 1.000000e+000 0.000000e+000 0.000000e+000 0.000000e+000
 0.000000e+000 8.334369e-001 1.665631e-001 0.000000e+000 0.000000e+000
 0.000000e+000 0.000000e+000 9.635613e-001 3.643875e-002 0.000000e+000
 0.000000e+000 0.000000e+000 0.000000e+000 9.212741e-001 7.872588e-002
 0.000000e+000 0.000000e+000 0.000000e+000 0.000000e+000 0.000000e+000
<ENDHMM>
~h "CP"
<BEGINHMM>
<NUMSTATES> 5
<STATE> 2
<NUMMIXES> 2
<MIXTURE> 1 8.257149e-001
<MEAN> 22
 1.397795e+001 1.170455e+001 3.889015e+000 3.335806e+000 5.443288e+001 5.403869e+001 1.053601e+002 1.058397e+002 7.521715e+001 7.042339e+001 1.838742e+002 1.876309e+002 1.249675e+002 1.209979e+002 3.961790e+000 4.598055e+000 6.670286e+000 5.484009e+000 5.410880e+000 5.518772e+000 3.234413e+000 3.173720e+000
<VARIANCE> 22
 6.505321e+002 3.990328e+002 3.923987e+002 2.256535e+002 1.634606e+003 1.510703e+003 1.145059e+003 1.229612e+003 1.686363e+002 1.841822e+002 2.126978e+003 1.245678e+003 3.954389e+002 2.186284e+002 1.150685e+001 3.411345e-001 2.611974e-001 2.498323e-001 3.832132e+000 9.634314e-001 5.290537e+000 5.312940e+000
<GCONST> 1.329498e+002
<MIXTURE> 2 1.742842e-001
<MEAN> 22
 5.754027e+000 3.978191e+000 9.442374e-001 9.569409e-001 3.347052e+002 2.439509e+002 5.799382e+001 4.786087e+001 3.282462e+001 3.007974e+001 4.459788e+001 6.068261e+001 4.740388e+001 4.928836e+001 7.836297e-001 1.538416e+000 9.868065e-001 2.362819e+000 1.005311e+000 1.548858e+000 1.381727e+000 1.407923e+000
<VARIANCE> 22
 2.158422e+002 7.491312e+001 3.997249e+000 4.557497e+000 2.914840e+004 2.009804e+004 5.082708e+003 3.907125e+003 1.522011e+003 1.237687e+003 4.067170e+003 5.853962e+003 2.990813e+003 3.066005e+003 1.779400e+000 3.652868e+000 4.452484e+000 7.197170e+000 2.229283e+000 5.074866e+000 5.115522e+000 5.143002e+000
<GCONST> 1.485199e+002
<STATE> 3
<NUMMIXES> 2
<MIXTURE> 1 4.472105e-001
<MEAN> 22
 1.179111e+001 1.204905e+001 3.052958e+000 3.148072e+000 5.265656e+001 4.807555e+001 7.796301e+001 8.280168e+001 7.066235e+001 6.707271e+001 1.601344e+002 1.635411e+002 1.117232e+002 1.118254e+002 4.070065e+000 4.511887e+000 6.577837e+000 5.298240e+000 5.961246e+000 5.757529e+000 3.821182e+000 3.711607e+000
<VARIANCE> 22
 1.141364e+002 1.131420e+002 1.329108e+001 1.256209e+001 1.095446e+003 7.000454e+002 3.357808e+002 4.200553e+002 1.672635e+002 1.525248e+002 6.040129e+002 5.976096e+002 1.243243e+002 1.248118e+002 1.184812e+001 2.783367e-001 2.982904e-001 2.315289e-001 3.332577e-001 4.310788e-001 5.188886e+000 4.923747e+000
<GCONST> 1.128379e+002
<MIXTURE> 2 5.527883e-001
<MEAN> 22
 8.202172e+000 8.716745e+000 1.866443e+000 1.882486e+000 5.881309e+001 5.246875e+001 5.502643e+001 5.704956e+001 6.589184e+001 6.278135e+001 1.194825e+002 1.202482e+002 1.000714e+002 9.953983e+001 1.221458e+000 3.964467e+000 6.647046e+000 5.345588e+000 5.399958e+000 5.167766e+000 3.176179e+000 2.975238e+000
<VARIANCE> 22
 6.700892e+001 7.064165e+001 6.147495e+000 6.352582e+000 4.957296e+002 6.581929e+002 2.503666e+002 3.343549e+002 9.465525e+001 1.295247e+002 3.330645e+002 3.733122e+002 6.065195e+001 6.791458e+001 5.891506e+000 6.067575e-001 2.305929e-001 2.261569e-001 1.558447e+000 4.552623e+000 5.151814e+000 5.083111e+000
<GCONST> 1.096045e+002
<STATE> 4
<NUMMIXES> 2
<MIXTURE> 1 4.842611e-001
<MEAN> 22
 9.030354e+000 8.040879e+000 2.586460e+000 2.643905e+000 3.626394e+001 3.195826e+001 1.022695e+002 1.025293e+002 6.997290e+001 6.509711e+001 1.993075e+002 2.001838e+002 1.231971e+002 1.227432e+002 6.997950e+000 4.997400e+000 6.329309e+000 5.568986e+000 6.014356e+000 5.931792e+000 3.874440e+000 3.623296e+000
<VARIANCE> 22
 7.486542e+001 6.889117e+001 7.314430e+000 7.707818e+000 1.164329e+003 6.634894e+002 3.811104e+002 2.185718e+002 9.709130e+001 7.902447e+001 4.002339e+002 3.098492e+002 1.239067e+002 7.892030e+001 6.504287e-002 1.793315e-002 2.208672e-001 2.452408e-001 3.941368e-002 8.582132e-002 5.800548e+000 5.902244e+000
<GCONST> 9.593736e+001
<MIXTURE> 2 5.157373e-001
<MEAN> 22
 5.702928e+000 5.841843e+000 1.284305e+000 1.341745e+000 3.344224e+001 3.064489e+001 7.350452e+001 7.461424e+001 5.990417e+001 5.744357e+001 1.604474e+002 1.618445e+002 1.052693e+002 1.049919e+002 6.491250e+000 4.884882e+000 6.293629e+000 5.611059e+000 5.970513e+000 5.953475e+000 3.680173e+000 3.471436e+000
<VARIANCE> 22
 3.050392e+001 2.896785e+001 3.300596e+000 2.164982e+000 6.235903e+002 4.140662e+002 1.474749e+002 1.739165e+002 6.703036e+001 9.659094e+001 2.649432e+002 2.742198e+002 5.940871e+001 6.422554e+001 3.186387e+000 1.382469e-001 2.575195e-001 2.582575e-001 1.105487e-001 1.727845e-001 5.356454e+000 5.576643e+000
<GCONST> 9.592212e+001
<TRANSP> 5
 0.000000e+000 1.000000e+000 0.000000e+000 0.000000e+000 0.000000e+000
 0.000000e+000 7.457302e-001 2.542699e-001 0.000000e+000 0.000000e+000
 0.000000e+000 0.000000e+000 9.380010e-001 6.199901e-002 0.000000e+000
 0.000000e+000 0.000000e+000 0.000000e+000 9.338026e-001 6.619743e-002
 0.000000e+000 0.000000e+000 0.000000e+000 0.000000e+000 0.000000e+000
<ENDHMM>
~h "CV"
<BEGINHMM>
<NUMSTATES> 5
<STATE> 2
<NUMMIXES> 2
<MIXTURE> 1 4.344149e-001
<MEAN> 22
 9.378946e+000 1.033969e+001 3.177176e+000 3.162464e+000 2.161210e+001 2.314628e+001 9.066017e+001 8.580968e+001 6.303108e+001 5.863965e+001 1.876751e+002 1.828294e+002 1.163024e+002 1.154902e+002 6.984645e+000 4.958878e+000 6.158269e+000 5.886829e+000 5.977624e+000 6.003038e+000 2.758519e+000 2.331081e+000
<VARIANCE> 22
 5.299857e+002 4.788269e+002 4.941400e+002 3.087581e+002 4.046944e+002 4.388944e+002 5.367480e+002 4.571826e+002 8.375092e+001 5.967393e+001 7.208352e+002 7.233629e+002 1.816702e+002 1.424716e+002 6.504287e-002 6.470916e-002 1.332197e-001 1.022963e-001 3.586185e-002 1.047904e-001 3.337223e+000 4.237654e+000
<GCONST> 1.084523e+002
<MIXTURE> 2 5.655855e-001
<MEAN> 22
 1.792278e+001 1.718285e+001 3.254746e+000 2.968384e+000 1.005863e+002 9.510707e+001 6.360991e+001 6.373204e+001 6.759151e+001 5.925063e+001 9.969975e+001 1.100425e+002 1.069571e+002 1.062205e+002 2.312945e+000 3.506646e+000 5.913762e+000 5.430819e+000 4.153478e+000 3.474664e+000 2.698604e+000 2.639542e+000
<VARIANCE> 22
 4.304635e+002 3.630554e+002 1.509698e+001 1.228362e+001 8.943916e+003 6.102823e+003 9.913448e+002 9.776476e+002 2.519393e+002 1.303619e+002 2.697527e+003 2.497052e+003 3.718662e+002 3.308433e+002 6.368806e+000 1.512033e+000 2.970809e+000 8.012608e-001 2.008378e+000 7.448005e+000 4.077104e+000 4.053749e+000
<GCONST> 1.357000e+002
<STATE> 3
<NUMMIXES> 2
<MIXTURE> 1 3.972718e-001
<MEAN> 22
 1.126124e+001 1.106234e+001 2.960154e+000 3.301965e+000 1.622328e+002 1.572222e+002 9.559619e+001 9.496013e+001 7.227724e+001 6.903765e+001 5.189868e+001 5.659073e+001 1.134907e+002 1.135942e+002 1.595262e+000 2.472395e+000 4.767384e+000 4.822978e+000 2.709709e+000 1.483847e+000 3.461273e+000 3.397958e+000
<VARIANCE> 22
 2.184544e+002 2.091305e+002 1.720350e+001 2.268837e+001 2.003120e+003 1.706485e+003 6.712517e+002 7.787177e+002 1.340139e+002 1.042402e+002 6.316698e+002 5.921891e+002 2.775818e+002 1.825271e+002 3.813679e-001 3.432799e-001 9.677141e+000 6.725416e-001 4.630773e-001 6.088414e-001 5.593447e+000 5.626644e+000
<GCONST> 1.205740e+002
<MIXTURE> 2 6.027290e-001
<MEAN> 22
 5.943543e+000 6.304375e+000 1.205621e+000 1.286810e+000 1.198225e+002 1.199222e+002 6.769845e+001 6.789148e+001 6.060974e+001 5.756816e+001 5.385892e+001 5.397781e+001 9.854783e+001 9.935260e+001 1.389289e+000 2.526350e+000 6.791454e+000 5.242677e+000 2.946889e+000 1.146004e+000 3.510769e+000 3.357668e+000
<VARIANCE> 22
 5.377967e+001 5.391315e+001 3.300596e+000 2.460218e+000 1.232160e+003 9.109043e+002 2.712979e+002 3.178543e+002 3.135056e+001 4.469361e+001 2.284505e+002 2.483271e+002 6.020399e+001 6.202473e+001 3.053233e-001 3.427595e-001 2.203861e-001 3.251352e-001 2.965182e-001 3.374371e-001 5.600867e+000 6.030320e+000
<GCONST> 9.853679e+001
<STATE> 4
<NUMMIXES> 2
<MIXTURE> 1 5.687587e-001
<MEAN> 22
 1.097108e+001 9.742358e+000 3.172287e+000 2.676018e+000 2.599867e+001 2.394888e+001 9.611316e+001 9.469970e+001 6.518536e+001 5.920254e+001 1.926951e+002 1.927398e+002 1.168671e+002 1.158162e+002 6.883569e+000 4.987160e+000 6.244088e+000 5.800164e+000 5.999295e+000 5.970402e+000 4.166007e+000 3.985376e+000
<VARIANCE> 22
 1.319426e+002 1.195995e+002 1.309325e+001 8.205446e+000 7.231288e+002 5.301639e+002 4.479732e+002 2.874076e+002 9.884355e+001 6.966975e+001 6.149797e+002 4.868480e+002 1.665613e+002 1.256166e+002 6.446574e-001 1.882014e-002 2.090580e-001 1.625369e-001 8.322792e-002 5.618803e-002 6.753458e+000 5.134948e+000
<GCONST> 1.011816e+002
<MIXTURE> 2 4.312412e-001
<MEAN> 22
 1.585094e+001 1.662309e+001 2.475260e+000 2.794421e+000 6.514346e+001 5.669248e+001 4.070655e+001 4.702446e+001 6.460461e+001 5.856250e+001 1.114350e+002 1.220846e+002 1.028654e+002 1.025652e+002 2.905999e+000 3.929801e+000 6.095360e+000 5.814509e+000 4.699041e+000 4.428031e+000 4.534360e+000 4.415131e+000
<VARIANCE> 22
 2.530865e+002 2.438381e+002 1.031249e+001 1.261216e+001 1.164339e+003 1.047289e+003 3.885499e+002 6.098779e+002 9.107347e+001 7.494109e+001 9.230256e+002 1.175471e+003 1.170990e+002 9.684280e+001 8.068688e+000 1.829047e+000 9.615342e-002 1.589992e-001 8.049589e-001 8.816680e+000 5.666737e+000 5.196812e+000
<GCONST> 1.186361e+002
<TRANSP> 5
 0.000000e+000 1.000000e+000 0.000000e+000 0.000000e+000 0.000000e+000
 0.000000e+000 8.425620e-001 1.574380e-001 0.000000e+000 0.000000e+000
 0.000000e+000 0.000000e+000 9.516834e-001 4.831661e-002 0.000000e+000
 0.000000e+000 0.000000e+000 0.000000e+000 9.059634e-001 9.403659e-002
 0.000000e+000 0.000000e+000 0.000000e+000 0.000000e+000 0.000000e+000
<ENDHMM>
~h "DC"
<BEGINHMM>
<NUMSTATES> 5
<STATE> 2
<NUMMIXES> 2
<MIXTURE> 1 4.406552e-001
<MEAN> 22
 1.039096e+001 9.817101e+000 3.978158e+000 3.392334e+000 4.319700e+001 4.070732e+001 8.933248e+001 8.608634e+001 6.383645e+001 5.979046e+001 1.876930e+002 1.848183e+002 1.180775e+002 1.171342e+002 6.958978e+000 4.981079e+000 6.182146e+000 5.851122e+000 5.938285e+000 6.021062e+000 2.511604e+000 2.133343e+000
<VARIANCE> 22
 9.023450e+002 6.477047e+002 8.140022e+002 5.001133e+002 1.023066e+004 6.391438e+003 7.228582e+002 4.873215e+002 9.974978e+001 6.274021e+001 8.902045e+002 7.573137e+002 2.328656e+002 1.768301e+002 2.102517e-001 4.096768e-002 1.489685e-001 1.267120e-001 1.086830e-001 1.305743e-001 3.154544e+000 3.507285e+000
<GCONST> 1.196093e+002
<MIXTURE> 2 5.593442e-001
<MEAN> 22
 1.361928e+001 1.323804e+001 2.650927e+000 2.910675e+000 1.093290e+002 1.002289e+002 4.459802e+001 4.602467e+001 6.538666e+001 6.124191e+001 1.104459e+002 1.144168e+002 1.054022e+002 1.029596e+002 2.057084e+000 3.516594e+000 6.045954e+000 5.548021e+000 4.509587e+000 4.448655e+000 2.552883e+000 2.007880e+000
<VARIANCE> 22
 1.544970e+002 1.410700e+002 1.109518e+001 1.656610e+001 1.125230e+004 7.721153e+003 6.821282e+002 7.238143e+002 3.046728e+002 2.239829e+002 1.223921e+003 1.364219e+003 6.766509e+002 5.525985e+002 7.141117e+000 2.232479e+000 1.527882e+000 1.269954e+000 2.051983e+000 8.958504e+000 2.956209e+000 3.269446e+000
<GCONST> 1.339289e+002
<STATE> 3
<NUMMIXES> 2
<MIXTURE> 1 4.069729e-001
<MEAN> 22
 1.584857e+001 1.757653e+001 3.450539e+000 3.770958e+000 1.426864e+002 1.390239e+002 6.970380e+001 7.106090e+001 7.113390e+001 6.853660e+001 6.163395e+001 6.183247e+001 1.007974e+002 1.015399e+002 1.993776e+000 2.290557e+000 5.819794e+000 5.644895e+000 3.443623e+000 1.095773e+000 2.848135e+000 2.770710e+000
<VARIANCE> 22
 3.135193e+002 3.926296e+002 3.421427e+001 3.582421e+001 2.261664e+003 1.634189e+003 6.721296e+002 6.938289e+002 9.442899e+001 1.292263e+002 7.257631e+002 7.904434e+002 2.476051e+002 2.344334e+002 6.653643e-001 5.982291e-001 8.554369e-001 7.281442e-001 4.108755e-001 2.071377e+000 5.420866e+000 5.511024e+000
<GCONST> 1.229201e+002
<MIXTURE> 2 5.930270e-001
<MEAN> 22
 8.530649e+000 8.654170e+000 1.068662e+000 1.144251e+000 1.085209e+002 1.066281e+002 3.328281e+001 3.575729e+001 6.200557e+001 5.934960e+001 7.814848e+001 7.920081e+001 9.818327e+001 9.875661e+001 1.912604e+000 2.016540e+000 6.031584e+000 6.012792e+000 3.943689e+000 7.997965e-002 2.719368e+000 2.462884e+000
<VARIANCE> 22
 1.287922e+002 1.169152e+002 3.300596e+000 2.164982e+000 6.152065e+002 5.848398e+002 1.441695e+002 1.614590e+002 6.313623e+001 9.405756e+001 2.169041e+002 2.001875e+002 7.745234e+001 8.970776e+001 6.823347e-001 8.999953e-001 4.846647e-002 1.531037e-001 1.253874e-001 7.358060e-002 5.551798e+000 5.809355e+000
<GCONST> 9.647887e+001
<STATE> 4
<NUMMIXES> 2
<MIXTURE> 1 5.897927e-001
<MEAN> 22
 1.016658e+001 9.392843e+000 3.286038e+000 2.898280e+000 2.256241e+001 2.194949e+001 9.665011e+001 9.449780e+001 6.451215e+001 5.996504e+001 1.917801e+002 1.913445e+002 1.150483e+002 1.150759e+002 6.996674e+000 5.001505e+000 6.310695e+000 5.718795e+000 6.007853e+000 5.995511e+000 4.074442e+000 3.899958e+000
<VARIANCE> 22
 1.010378e+002 9.499297e+001 9.783030e+000 7.866092e+000 3.677766e+002 3.704515e+002 3.601504e+002 3.092138e+002 9.350597e+001 7.873864e+001 4.707121e+002 4.310498e+002 1.453103e+002 1.188506e+002 6.504287e-002 1.793315e-002 2.141651e-001 2.021317e-001 2.082488e-002 5.618803e-002 7.173524e+000 4.430357e+000
<GCONST> 9.508449e+001
<MIXTURE> 2 4.102074e-001
<MEAN> 22
 1.818487e+001 1.810446e+001 2.385858e+000 2.372775e+000 6.987745e+001 6.037794e+001 4.134342e+001 4.388243e+001 6.528686e+001 6.058108e+001 1.249776e+002 1.297542e+002 1.023989e+002 1.026612e+002 3.828755e+000 4.523846e+000 6.110318e+000 5.819692e+000 4.986910e+000 6.070515e+000 4.419162e+000 4.348537e+000
<VARIANCE> 22
 3.216404e+002 3.325619e+002 1.061799e+001 1.140007e+001 1.347368e+003 1.021555e+003 4.643316e+002 4.185807e+002 1.162493e+002 1.194197e+002 7.110280e+002 7.391418e+002 1.211736e+002 1.069801e+002 9.166385e+000 1.302768e+000 1.683040e-001 1.830423e-001 6.783468e-001 3.445226e+000 7.182396e+000 4.260406e+000
<GCONST> 1.185725e+002
<TRANSP> 5
 0.000000e+000 1.000000e+000 0.000000e+000 0.000000e+000 0.000000e+000
 0.000000e+000 8.676182e-001 1.323818e-001 0.000000e+000 0.000000e+000
 0.000000e+000 0.000000e+000 9.568882e-001 4.311182e-002 0.000000e+000
 0.000000e+000 0.000000e+000 0.000000e+000 9.010661e-001 9.893396e-002
 0.000000e+000 0.000000e+000 0.000000e+000 0.000000e+000 0.000000e+000
<ENDHMM>
~h "FM"
<BEGINHMM>
<NUMSTATES> 5
<STATE> 2
<NUMMIXES> 2
<MIXTURE> 1 1.078469e-001
<MEAN> 22
 1.914419e+001 1.364879e+001 1.174223e+001 6.837405e+000 4.547725e+001 1.703843e+001 1.064395e+002 1.054765e+002 8.577451e+001 6.492963e+001 1.966883e+002 2.040306e+002 1.251767e+002 1.247669e+002 6.085314e+000 4.936809e+000 6.686307e+000 5.847559e+000 5.909237e+000 6.010289e+000 4.067670e+000 2.474772e+000
<VARIANCE> 22
 2.606442e+003 2.658587e+003 2.120807e+003 1.391699e+003 2.082628e+003 9.640029e+002 7.988092e+002 3.932492e+002 3.932048e+002 1.466037e+002 1.205910e+003 8.988211e+002 2.902323e+002 1.421403e+002 5.401460e+000 8.008541e-002 2.152892e-001 1.392853e-001 1.534875e-001 1.485441e-001 7.491334e+000 5.888543e+000
<GCONST> 1.293988e+002
<MIXTURE> 2 8.921533e-001
<MEAN> 22
 6.591360e+000 1.851491e+000 1.583231e+000 7.135385e-001 6.299226e+001 1.416372e+001 5.806110e+001 8.892822e+001 9.358587e+001 5.828279e+001 1.312959e+002 1.843166e+002 1.107087e+002 1.146700e+002 1.729889e+000 4.827372e+000 6.499195e+000 5.857769e+000 5.201747e+000 6.022544e+000 2.920605e+000 1.928512e+000
<VARIANCE> 22
 5.472932e+001 1.031756e+001 4.342604e+000 2.164982e+000 8.662902e+002 3.647986e+002 4.857822e+002 6.800349e+002 5.141039e+002 1.139833e+002 7.409155e+002 1.314694e+003 1.946391e+002 1.736487e+002 8.470888e+000 2.285136e-001 3.395798e-001 1.494218e-001 4.018734e-001 5.372487e-001 6.164394e+000 5.651135e+000
<GCONST> 1.092750e+002
<STATE> 3
<NUMMIXES> 2
<MIXTURE> 1 4.258009e-001
<MEAN> 22
 2.328495e+000 9.041758e+000 8.771367e-001 3.210433e+000 1.523024e+001 5.213238e+001 1.066080e+002 8.282494e+001 6.462171e+001 9.138327e+001 2.082295e+002 1.643965e+002 1.226996e+002 1.175170e+002 6.992970e+000 4.504632e+000 6.141028e+000 5.285439e+000 5.993075e+000 6.290101e+000 2.225359e+000 3.297938e+000
<VARIANCE> 22
 1.716900e+001 7.952360e+001 3.300596e+000 1.739561e+001 6.418381e+002 1.049517e+003 4.011138e+002 4.933289e+002 8.064815e+001 6.032743e+002 7.004469e+002 9.476668e+002 2.960005e+002 1.476081e+002 6.504287e-002 2.799708e-001 1.562648e-001 2.290626e-001 3.773984e-002 3.105602e-001 6.291120e+000 5.617288e+000
<GCONST> 1.039846e+002
<MIXTURE> 2 5.741991e-001
<MEAN> 22
 8.151379e-001 5.999145e+000 3.663193e-001 1.225983e+000 6.051984e+000 6.152320e+001 8.825099e+001 5.115188e+001 5.327607e+001 8.214736e+001 1.828142e+002 1.204958e+002 1.099465e+002 9.880145e+001 6.962583e+000 4.062565e+000 6.003111e+000 5.404266e+000 5.994219e+000 6.309351e+000 1.373959e+000 3.130924e+000
<VARIANCE> 22
 4.801632e+000 3.849731e+001 3.300596e+000 2.164982e+000 4.981609e+001 2.782087e+002 7.356711e+001 2.839419e+002 3.825486e+001 1.474199e+002 1.549965e+002 3.810142e+002 4.346418e+001 5.096325e+001 2.437525e-001 2.696807e-001 2.326111e-002 2.408326e-001 2.082488e-002 2.270624e+000 4.976247e+000 5.836371e+000
<GCONST> 8.684035e+001
<STATE> 4
<NUMMIXES> 2
<MIXTURE> 1 8.423332e-001
<MEAN> 22
 6.188147e+000 7.071677e+000 1.605415e+000 2.173575e+000 4.517590e+001 4.511754e+001 6.393810e+001 6.433752e+001 7.503764e+001 6.925968e+001 1.451825e+002 1.348125e+002 1.057508e+002 1.047187e+002 3.927018e+000 4.078296e+000 6.349928e+000 5.455971e+000 5.424887e+000 5.256310e+000 2.740947e+000 2.818567e+000
<VARIANCE> 22
 8.910365e+001 1.002381e+002 7.031184e+000 1.279169e+001 2.803139e+003 2.301059e+003 8.304608e+002 1.017961e+003 4.171052e+002 2.581254e+002 1.256463e+003 1.704820e+003 2.014035e+002 1.870357e+002 1.079317e+001 1.151328e+000 2.398972e-001 2.795926e-001 5.099269e-001 5.427824e+000 5.907779e+000 6.322437e+000
<GCONST> 1.245139e+002
<MIXTURE> 2 1.576668e-001
<MEAN> 22
 5.010040e-001 1.395683e+000 3.389061e-001 3.888647e-001 3.375150e+002 2.619559e+002 2.366021e+001 2.033709e+001 3.204272e+001 3.268426e+001 6.286106e+001 5.883847e+001 5.180961e+001 5.112714e+001 1.982372e+000 9.365031e-001 2.833000e+000 2.843067e+000 2.168436e+000 1.042358e+000 5.133362e-001 1.093786e+000
<VARIANCE> 22
 4.801632e+000 1.282010e+001 3.300596e+000 2.164982e+000 4.772275e+004 2.440611e+004 1.803396e+003 8.936075e+002 1.103657e+003 1.226713e+003 5.302525e+003 4.192972e+003 2.832941e+003 2.764877e+003 6.585832e+000 2.694389e+000 9.464946e+000 8.564221e+000 5.591588e+000 5.357801e+000 2.041300e+000 4.133277e+000
<GCONST> 1.414014e+002
<TRANSP> 5
 0.000000e+000 1.000000e+000 0.000000e+000 0.000000e+000 0.000000e+000
 0.000000e+000 8.975160e-001 1.024840e-001 0.000000e+000 0.000000e+000
 0.000000e+000 0.000000e+000 9.552431e-001 4.475696e-002 0.000000e+000
 0.000000e+000 0.000000e+000 0.000000e+000 8.208262e-001 1.791738e-001
 0.000000e+000 0.000000e+000 0.000000e+000 0.000000e+000 0.000000e+000
<ENDHMM>
~h "FN"
<BEGINHMM>
<NUMSTATES> 5
<STATE> 2
<NUMMIXES> 2
<MIXTURE> 1 2.106070e-001
<MEAN> 22
 3.462820e+001 1.858240e+001 1.589720e+001 9.608784e+000 1.741526e+002 8.445855e+001 1.146379e+002 1.022547e+002 8.080576e+001 6.406396e+001 1.334694e+002 1.913960e+002 1.159892e+002 1.229638e+002 3.789300e+000 4.728287e+000 4.683194e+000 5.721879e+000 4.354658e+000 5.583028e+000 3.952691e+000 2.595288e+000
<VARIANCE> 22
 4.811067e+003 3.477396e+003 4.014946e+003 2.370724e+003 2.748790e+004 2.040172e+004 1.793115e+003 5.842665e+002 3.312806e+002 8.708576e+001 7.010730e+003 2.544216e+003 5.291328e+002 1.811355e+002 7.828030e+000 5.779483e-001 7.073606e+000 2.966888e-001 3.235298e+000 1.930907e+000 6.313575e+000 6.680608e+000
<GCONST> 1.534036e+002
<MIXTURE> 2 7.893930e-001
<MEAN> 22
 5.194762e+000 7.427266e+000 1.267218e+000 1.914979e+000 1.247688e+002 1.077084e+002 8.853348e+001 8.958919e+001 6.853307e+001 6.165605e+001 1.146387e+002 1.101168e+002 9.759163e+001 1.011288e+002 3.781285e+000 3.358232e+000 4.421678e+000 4.834374e+000 4.384739e+000 3.374117e+000 2.575766e+000 2.455076e+000
<VARIANCE> 22
 6.430540e+001 1.244720e+002 3.300596e+000 8.539228e+000 2.128896e+004 1.347190e+004 1.822530e+003 1.405392e+003 5.595524e+002 3.982450e+002 6.089813e+003 6.645471e+003 1.271933e+003 8.885721e+002 7.622117e+000 2.770376e+000 7.114151e+000 2.847288e+000 3.133285e+000 6.718675e+000 6.254605e+000 5.589535e+000
<GCONST> 1.434180e+002
<STATE> 3
<NUMMIXES> 2
<MIXTURE> 1 5.242919e-001
<MEAN> 22
 2.021580e+000 1.658482e+001 7.388833e-001 3.738380e+000 1.019482e+001 1.018209e+002 9.975794e+001 8.963130e+001 6.158699e+001 7.002746e+001 2.005592e+002 1.104496e+002 1.186377e+002 1.098819e+002 6.996084e+000 3.620179e+000 6.136250e+000 5.131397e+000 5.999068e+000 3.819152e+000 2.102529e+000 3.714326e+000
<VARIANCE> 22
 1.278271e+001 3.017980e+002 3.300596e+000 2.356104e+001 1.897395e+002 5.781026e+003 2.645607e+002 1.356040e+003 6.161313e+001 2.085728e+002 4.679251e+002 4.382676e+003 1.509533e+002 1.560846e+002 6.504287e-002 1.770116e+000 1.176830e-001 1.083197e+000 2.082488e-002 6.541880e+000 6.235426e+000 5.309699e+000
<GCONST> 1.110904e+002
<MIXTURE> 2 4.757084e-001
<MEAN> 22
 9.108684e-001 9.313215e+000 4.524714e-001 2.355790e+000 8.187604e+000 1.581733e+002 8.420454e+001 9.929810e+001 5.480308e+001 6.355488e+001 1.775814e+002 3.139215e+001 1.068213e+002 9.084689e+001 6.909624e+000 2.145176e+000 6.001996e+000 4.398612e+000 5.947912e+000 1.243242e+000 1.259323e+000 3.241366e+000
<VARIANCE> 22
 4.801632e+000 1.118804e+002 3.300596e+000 8.022058e+000 5.164918e+002 1.436934e+003 1.000411e+002 6.747937e+002 3.172746e+001 7.210905e+001 4.230398e+002 7.032417e+002 5.733662e+001 1.500520e+002 4.288858e-001 1.964767e-001 3.517536e-002 1.566370e+000 1.384502e-001 5.254773e-001 4.409955e+000 5.565280e+000
<GCONST> 9.923904e+001
<STATE> 4
<NUMMIXES> 2
<MIXTURE> 1 7.084053e-001
<MEAN> 22
 1.090694e+001 2.854313e+000 2.886374e+000 1.093740e+000 1.085320e+002 1.991782e+001 1.027535e+002 9.907178e+001 7.368515e+001 5.795335e+001 1.040563e+002 1.998674e+002 1.073231e+002 1.189251e+002 3.529361e+000 4.998849e+000 4.632748e+000 5.818210e+000 4.114532e+000 5.990379e+000 3.550049e+000 2.174161e+000
<VARIANCE> 22
 1.659249e+002 3.419559e+001 1.375666e+001 3.077438e+000 5.842501e+003 7.938492e+002 1.225828e+003 2.409034e+002 2.005812e+002 7.203465e+001 6.548715e+003 4.093414e+002 4.009950e+002 1.246927e+002 6.874650e+000 1.793315e-002 6.945462e+000 1.487423e-001 2.759466e+000 5.618803e-002 6.192444e+000 6.121307e+000
<GCONST> 1.156782e+002
<MIXTURE> 2 2.915943e-001
<MEAN> 22
 6.769609e+000 4.662300e+000 1.904192e+000 1.255253e+000 6.006668e+001 3.385394e+001 6.097379e+001 4.141488e+001 6.608488e+001 5.564143e+001 7.025890e+001 1.087360e+002 9.669243e+001 1.007087e+002 2.489630e+000 3.299106e+000 5.287179e+000 5.772746e+000 3.649454e+000 3.274392e+000 2.858529e+000 2.306068e+000
<VARIANCE> 22
 1.198437e+002 7.503891e+001 9.773435e+000 4.699593e+000 2.141257e+003 1.082643e+003 1.541455e+003 4.473607e+002 9.624835e+001 5.278179e+001 1.875529e+003 1.019403e+003 1.743348e+002 5.823894e+001 3.110613e+000 2.559865e+000 4.384495e+000 3.289901e-001 7.987680e-001 1.023813e+001 6.311079e+000 5.959400e+000
<GCONST> 1.218569e+002
<TRANSP> 5
 0.000000e+000 1.000000e+000 0.000000e+000 0.000000e+000 0.000000e+000
 0.000000e+000 7.637731e-001 2.362268e-001 0.000000e+000 0.000000e+000
 0.000000e+000 0.000000e+000 9.549779e-001 4.502210e-002 0.000000e+000
 0.000000e+000 0.000000e+000 0.000000e+000 9.163637e-001 8.363630e-002
 0.000000e+000 0.000000e+000 0.000000e+000 0.000000e+000 0.000000e+000
<ENDHMM>
~h "FU"
<BEGINHMM>
<NUMSTATES> 5
<STATE> 2
<NUMMIXES> 2
<MIXTURE> 1 6.368052e-001
<MEAN> 22
 1.238286e+001 1.970992e+000 2.832643e+000 9.041383e-001 1.254246e+002 1.469283e+001 1.008894e+002 9.764667e+001 6.883603e+001 5.658838e+001 7.848060e+001 1.973913e+002 1.055623e+002 1.169639e+002 3.222219e+000 4.998469e+000 3.931483e+000 5.868518e+000 3.785210e+000 5.996925e+000 3.347410e+000 1.836155e+000
<VARIANCE> 22
 2.972646e+002 1.338071e+001 1.770860e+001 3.030979e+000 6.489225e+003 4.530202e+002 1.141712e+003 1.799188e+002 1.608932e+002 4.959190e+001 5.358147e+003 3.098545e+002 2.099461e+002 1.095422e+002 5.558996e+000 1.793315e-002 7.851480e+000 1.148039e-001 2.076429e+000 5.618803e-002 6.321221e+000 5.289291e+000
<GCONST> 1.121332e+002
<MIXTURE> 2 3.631949e-001
<MEAN> 22
 4.717649e+000 4.335740e+000 1.852806e+000 1.178350e+000 1.057999e+002 4.258289e+001 9.823457e+001 7.294724e+001 5.786103e+001 5.340588e+001 4.366168e+001 1.494489e+002 9.093586e+001 1.011323e+002 2.362516e+000 4.405857e+000 3.432408e+000 5.656233e+000 3.047077e+000 5.216437e+000 2.872521e+000 2.570292e+000
<VARIANCE> 22
 6.613621e+001 7.290266e+001 6.202656e+000 3.754583e+000 4.389827e+003 2.247237e+003 9.079550e+002 5.917062e+002 1.568666e+002 8.226231e+001 2.423900e+003 1.948197e+003 2.157930e+002 8.813781e+001 2.149749e+000 1.157722e+000 7.305037e+000 3.875265e-001 1.271287e+000 3.905765e+000 6.035553e+000 5.782277e+000
<GCONST> 1.231545e+002
<STATE> 3
<NUMMIXES> 2
<MIXTURE> 1 3.961672e-001
<MEAN> 22
 2.019303e+000 1.770865e+001 7.339710e-001 3.382609e+000 7.881472e+000 1.548015e+002 1.037829e+002 9.697500e+001 6.285964e+001 7.069508e+001 2.067642e+002 5.909064e+001 1.221616e+002 1.068768e+002 6.996472e+000 2.598087e+000 6.154064e+000 4.649583e+000 5.998607e+000 1.981845e+000 1.979761e+000 3.060111e+000
<VARIANCE> 22
 1.932792e+001 3.455076e+002 3.300596e+000 1.526870e+001 1.210521e+002 4.833096e+003 3.765900e+002 1.668218e+003 8.337930e+001 1.813119e+002 7.514878e+002 2.268977e+003 2.621698e+002 1.750964e+002 6.504287e-002 9.806968e-001 1.310676e-001 1.656598e+000 2.082488e-002 3.888656e+000 6.124030e+000 5.633940e+000
<GCONST> 1.112450e+002
<MIXTURE> 2 6.038329e-001
<MEAN> 22
 9.663922e-001 4.076956e+000 5.145854e-001 1.323596e+000 7.629144e+000 1.622372e+002 8.222292e+001 1.028318e+002 5.237953e+001 5.775254e+001 1.742072e+002 2.046565e+001 1.042300e+002 8.939657e+001 6.930970e+000 2.034811e+000 6.014682e+000 4.174168e+000 5.959392e+000 1.303372e+000 1.382974e+000 2.647822e+000
<VARIANCE> 22
 4.801632e+000 3.910355e+001 3.300596e+000 2.660262e+000 4.375599e+002 7.608338e+002 8.394870e+001 2.336556e+002 3.437445e+001 9.311471e+001 3.095152e+002 3.283087e+002 5.859610e+001 6.935457e+001 3.624040e-001 8.931278e-002 6.532934e-002 2.212166e+000 1.122783e-001 4.116278e-001 4.873848e+000 6.671264e+000
<GCONST> 9.339301e+001
<STATE> 4
<NUMMIXES> 2
<MIXTURE> 1 7.384983e-001
<MEAN> 22
 4.017937e+000 1.485570e+001 1.618792e+000 3.526653e+000 1.537424e+001 3.088242e+001 9.487430e+001 8.030115e+001 5.953376e+001 5.919401e+001 1.921218e+002 1.757828e+002 1.151438e+002 1.102120e+002 6.973888e+000 4.992553e+000 6.108837e+000 5.840555e+000 5.964464e+000 6.160494e+000 2.765133e+000 3.967399e+000
<VARIANCE> 22
 1.977824e+002 4.133639e+002 1.339494e+002 9.369917e+001 2.759800e+002 6.106210e+002 3.438770e+002 6.220864e+002 7.035930e+001 1.144930e+002 5.722655e+002 9.461932e+002 1.692881e+002 1.817481e+002 6.504287e-002 1.849646e-001 9.699087e-002 1.340201e-001 3.427316e-002 1.600366e-001 6.632205e+000 5.171040e+000
<GCONST> 1.075870e+002
<MIXTURE> 2 2.615018e-001
<MEAN> 22
 5.738733e+000 6.640071e+000 1.334484e+000 2.794884e+000 2.360071e+002 1.947179e+002 5.736420e+001 6.095023e+001 5.081109e+001 5.096083e+001 1.006203e+002 8.108847e+001 7.981485e+001 7.302821e+001 3.063514e+000 2.512717e+000 4.338094e+000 3.883383e+000 3.689169e+000 2.687691e+000 2.078616e+000 2.062279e+000
<VARIANCE> 22
 1.660601e+002 2.155352e+002 9.118582e+000 5.703004e+001 4.509096e+004 2.392588e+004 2.263224e+003 2.594297e+003 1.002825e+003 1.133866e+003 7.145013e+003 5.536903e+003 2.558331e+003 2.363146e+003 8.266356e+000 4.129292e+000 7.293591e+000 5.991231e+000 5.622827e+000 7.806751e+000 6.719958e+000 6.274459e+000
<GCONST> 1.554406e+002
<TRANSP> 5
 0.000000e+000 1.000000e+000 0.000000e+000 0.000000e+000 0.000000e+000
 0.000000e+000 9.268736e-001 7.312648e-002 0.000000e+000 0.000000e+000
 0.000000e+000 0.000000e+000 9.435588e-001 5.644128e-002 0.000000e+000
 0.000000e+000 0.000000e+000 0.000000e+000 8.514750e-001 1.485250e-001
 0.000000e+000 0.000000e+000 0.000000e+000 0.000000e+000 0.000000e+000
<ENDHMM>
~h "MC"
<BEGINHMM>
<NUMSTATES> 5
<STATE> 2
<NUMMIXES> 2
<MIXTURE> 1 1.150584e-001
<MEAN> 22
 1.706197e+001 3.087102e+001 1.155927e+001 8.773556e+000 1.380488e+002 1.567264e+002 1.169855e+002 7.195588e+001 8.039685e+001 7.577396e+001 2.014618e+002 1.315070e+002 1.375535e+002 1.241084e+002 5.501505e+000 3.480752e+000 6.447191e+000 5.823552e+000 5.348403e+000 3.144036e+000 2.328455e+000 2.914845e+000
<VARIANCE> 22
 2.842303e+003 4.230498e+003 2.538642e+003 1.496219e+003 4.244725e+004 2.042867e+004 1.890312e+003 1.208192e+003 2.730110e+002 1.616978e+002 7.278551e+003 3.927434e+003 1.068341e+003 3.332493e+002 5.848160e+000 1.646669e+000 4.281337e-001 2.178865e-001 1.124815e+000 8.571118e+000 6.281254e+000 5.291331e+000
<GCONST> 1.534168e+002
<MIXTURE> 2 8.849421e-001
<MEAN> 22
 6.748753e+000 7.294587e+000 1.940942e+000 2.278704e+000 6.825600e+001 5.826071e+001 6.369020e+001 6.931164e+001 7.534673e+001 6.791496e+001 1.232947e+002 1.305510e+002 1.055282e+002 1.070058e+002 3.665400e+000 3.798176e+000 6.259455e+000 5.703024e+000 4.906213e+000 4.097097e+000 2.893520e+000 2.737658e+000
<VARIANCE> 22
 7.629443e+001 7.666009e+001 6.648427e+000 8.964010e+000 2.490741e+003 2.163916e+003 6.741923e+002 1.063725e+003 3.730615e+002 2.806407e+002 2.481557e+003 3.479213e+003 2.094354e+002 2.144960e+002 8.527687e+000 1.683986e+000 3.672707e-001 2.737283e-001 1.261504e+000 8.176723e+000 6.002233e+000 5.684757e+000
<GCONST> 1.266514e+002
<STATE> 3
<NUMMIXES> 2
<MIXTURE> 1 4.233622e-001
<MEAN> 22
 2.462668e+000 1.319750e+001 8.149803e-001 3.972906e+000 1.060733e+001 9.217480e+001 1.026897e+002 7.331741e+001 6.308534e+001 8.297231e+001 2.037988e+002 1.154754e+002 1.209063e+002 1.106069e+002 6.985020e+000 3.658764e+000 6.129260e+000 5.494731e+000 5.990077e+000 3.400073e+000 2.238198e+000 3.392136e+000
<VARIANCE> 22
 1.693512e+001 1.412097e+002 3.300596e+000 1.974933e+001 2.885317e+002 4.115380e+003 3.307091e+002 1.125455e+003 6.647029e+001 6.424775e+002 5.708575e+002 3.179891e+003 1.747191e+002 1.383271e+002 6.504287e-002 1.506925e+000 1.228600e-001 4.717293e-001 2.244539e-002 8.692052e+000 6.110135e+000 5.218291e+000
<GCONST> 1.110284e+002
<MIXTURE> 2 5.766368e-001
<MEAN> 22
 9.229302e-001 7.186782e+000 5.418216e-001 2.073310e+000 5.877305e+000 1.080787e+002 8.575497e+001 5.068980e+001 5.229611e+001 7.712819e+001 1.789165e+002 6.854787e+001 1.070704e+002 9.136740e+001 6.984912e+000 2.677267e+000 6.000706e+000 5.735676e+000 5.996462e+000 1.693650e+000 1.575329e+000 3.121047e+000
<VARIANCE> 22
 4.801632e+000 4.452596e+001 3.300596e+000 4.743779e+000 4.956259e+001 8.346416e+002 7.219391e+001 4.265438e+002 4.330383e+001 2.425510e+002 1.426644e+002 7.774312e+002 4.619463e+001 1.617912e+002 9.132140e-002 7.336596e-001 2.326111e-002 2.402954e-001 2.082488e-002 7.171613e+000 5.394944e+000 5.061607e+000
<GCONST> 9.282542e+001
<STATE> 4
<NUMMIXES> 2
<MIXTURE> 1 5.441955e-001
<MEAN> 22
 9.967925e+000 4.214114e+000 3.216341e+000 1.605259e+000 6.956461e+001 1.883932e+001 7.169535e+001 9.844806e+001 7.988290e+001 5.866268e+001 1.400366e+002 1.985198e+002 1.155193e+002 1.179825e+002 3.882148e+000 4.966204e+000 6.316529e+000 5.802730e+000 5.018479e+000 5.996788e+000 3.252794e+000 2.922307e+000
<VARIANCE> 22
 1.029295e+002 5.144305e+001 1.666729e+001 7.283427e+000 3.477031e+003 9.084763e+002 9.707675e+002 3.926256e+002 4.666300e+002 7.030828e+001 3.096282e+003 6.704034e+002 2.142177e+002 1.222649e+002 9.342319e+000 4.891454e-002 2.260539e-001 1.583561e-001 1.169652e+000 1.338450e-001 5.953756e+000 6.309133e+000
<GCONST> 1.143996e+002
<MIXTURE> 2 4.558034e-001
<MEAN> 22
 6.040195e+000 2.484844e+000 1.551911e+000 8.033205e-001 8.352070e+001 3.068242e+001 4.678057e+001 5.778392e+001 6.526213e+001 5.376853e+001 6.742999e+001 1.369075e+002 9.255070e+001 1.002299e+002 1.655984e+000 3.998655e+000 5.940835e+000 5.641770e+000 3.628907e+000 4.876559e+000 3.093204e+000 2.197887e+000
<VARIANCE> 22
 3.858500e+001 2.494457e+001 3.333914e+000 2.164982e+000 5.070381e+003 3.122275e+003 5.855284e+002 9.360796e+002 2.477199e+002 1.206900e+002 8.665656e+002 2.190208e+003 2.875162e+002 3.029768e+002 1.067603e+000 2.058440e+000 1.015088e+000 8.785577e-001 7.864392e-001 6.919244e+000 6.145197e+000 5.799425e+000
<GCONST> 1.211482e+002
<TRANSP> 5
 0.000000e+000 1.000000e+000 0.000000e+000 0.000000e+000 0.000000e+000
 0.000000e+000 8.490868e-001 1.509133e-001 0.000000e+000 0.000000e+000
 0.000000e+000 0.000000e+000 9.609334e-001 3.906662e-002 0.000000e+000
 0.000000e+000 0.000000e+000 0.000000e+000 9.031661e-001 9.683391e-002
 0.000000e+000 0.000000e+000 0.000000e+000 0.000000e+000 0.000000e+000
<ENDHMM>
~h "NU"
<BEGINHMM>
<NUMSTATES> 5
<STATE> 2
<NUMMIXES> 2
<MIXTURE> 1 8.049935e-001
<MEAN> 22
 8.130329e+000 1.136517e+001 2.984959e+000 2.776391e+000 9.971363e+001 8.783772e+001 9.401385e+001 8.142616e+001 7.195663e+001 6.331050e+001 1.626782e+002 1.468034e+002 1.134087e+002 1.155708e+002 4.879830e+000 4.109931e+000 5.895018e+000 5.603387e+000 5.103571e+000 4.235179e+000 2.644133e+000 2.564602e+000
<VARIANCE> 22
 6.212368e+002 1.116002e+003 4.407172e+002 2.788942e+002 2.117598e+004 1.302127e+004 1.474746e+003 9.902051e+002 2.294056e+002 1.190197e+002 4.367242e+003 3.590933e+003 9.196859e+002 2.546461e+002 7.939538e+000 1.283275e+000 2.497870e+000 3.621527e-001 2.246279e+000 6.135163e+000 6.095668e+000 5.251331e+000
<GCONST> 1.466880e+002
<MIXTURE> 2 1.950064e-001
<MEAN> 22
 3.684880e-013 -3.382534e-013 8.481556e-015 -1.121663e-013 5.315967e+002 4.080164e+002 -2.701832e-007 -9.549008e-007 -5.960464e-008 2.888250e-007 -5.896690e-007 -5.135688e-008 -1.042591e-006 9.201927e-007 -3.755951e-008 -1.548372e-008 1.431094e-008 7.605322e-012 -2.940373e-008 1.297719e-008 1.742964e-012 1.066925e-012
<VARIANCE> 22
 4.801632e+000 4.063125e+000 3.300596e+000 2.164982e+000 3.309100e+003 2.711529e+003 9.838196e+000 1.115232e+001 2.936353e+000 3.516743e+000 3.745900e+001 4.440890e+001 4.184655e+000 3.870682e+000 6.504287e-002 1.793315e-002 2.326111e-002 1.170389e-002 2.082488e-002 5.618803e-002 6.153807e-002 6.060927e-002
<GCONST> 5.130990e+001
<STATE> 3
<NUMMIXES> 2
<MIXTURE> 1 5.235525e-001
<MEAN> 22
 1.869476e+000 1.294234e+001 6.399767e-001 3.262113e+000 1.009861e+001 8.357955e+001 1.002759e+002 7.677364e+001 6.152995e+001 6.710063e+001 2.007350e+002 1.206244e+002 1.191760e+002 1.110895e+002 6.998477e+000 3.857870e+000 6.143623e+000 5.408854e+000 5.998485e+000 4.050933e+000 1.889406e+000 3.447633e+000
<VARIANCE> 22
 1.358010e+001 1.826615e+002 3.300596e+000 1.527289e+001 1.686089e+002 3.696390e+003 2.919985e+002 9.313192e+002 6.403354e+001 1.596095e+002 5.404266e+002 2.910981e+003 1.957975e+002 1.645994e+002 6.504287e-002 1.170569e+000 1.229971e-001 4.360459e-001 2.082488e-002 6.313836e+000 5.883425e+000 5.225202e+000
<GCONST> 1.078030e+002
<MIXTURE> 2 4.764467e-001
<MEAN> 22
 7.801646e-001 3.863558e+000 3.831320e-001 1.476230e+000 1.007004e+001 1.091116e+002 8.350063e+001 6.513290e+001 5.467155e+001 6.051434e+001 1.761289e+002 6.939796e+001 1.064900e+002 9.746088e+001 6.905860e+000 2.805215e+000 6.017479e+000 5.189911e+000 5.927670e+000 1.426370e+000 1.205096e+000 2.926707e+000
<VARIANCE> 22
 4.801632e+000 2.582465e+001 3.300596e+000 3.659081e+000 6.527311e+002 9.094471e+002 1.587390e+002 4.306409e+002 3.696999e+001 6.553532e+001 3.884589e+002 6.352603e+002 6.147926e+001 9.876885e+001 4.932882e-001 2.886050e-001 5.282400e-002 3.248484e-001 1.587576e-001 1.887253e+000 4.421259e+000 5.988478e+000
<GCONST> 9.714830e+001
<STATE> 4
<NUMMIXES> 2
<MIXTURE> 1 5.679515e-001
<MEAN> 22
 8.624275e+000 4.171104e+000 2.540287e+000 1.371506e+000 7.639133e+001 1.433576e+001 8.156432e+001 9.732220e+001 7.039279e+001 5.627831e+001 1.342407e+002 1.966237e+002 1.135962e+002 1.168816e+002 3.829613e+000 5.000407e+000 6.526644e+000 5.904332e+000 4.607166e+000 5.995437e+000 3.305119e+000 2.581766e+000
<VARIANCE> 22
 1.048016e+002 4.832387e+001 1.015558e+001 4.176325e+000 3.024276e+003 2.349991e+002 7.181937e+002 2.775935e+002 2.345030e+002 6.155403e+001 3.714052e+003 4.540580e+002 2.324561e+002 1.261039e+002 9.200742e+000 1.793315e-002 2.533914e-001 8.651485e-002 2.690741e+000 5.618803e-002 6.223976e+000 6.459414e+000
<GCONST> 1.087716e+002
<MIXTURE> 2 4.320488e-001
<MEAN> 22
 4.502533e+000 4.729821e+000 1.310987e+000 1.611003e+000 6.430720e+001 6.452573e+001 6.083029e+001 5.657901e+001 6.800796e+001 5.649048e+001 8.533027e+001 9.929291e+001 1.015514e+002 9.997429e+001 1.672888e+000 3.115913e+000 5.900178e+000 5.466822e+000 3.686367e+000 2.711184e+000 2.643908e+000 2.587269e+000
<VARIANCE> 22
 5.053650e+001 5.634653e+001 3.517756e+000 7.575396e+000 2.782572e+003 2.872420e+003 1.288276e+003 1.022578e+003 1.517385e+002 5.763477e+001 1.786196e+003 1.547396e+003 1.193962e+002 1.333053e+002 2.389204e+000 1.434995e+000 3.668654e+000 3.750646e-001 1.618141e+000 7.203246e+000 6.209842e+000 6.054844e+000
<GCONST> 1.228731e+002
<TRANSP> 5
 0.000000e+000 1.000000e+000 0.000000e+000 0.000000e+000 0.000000e+000
 0.000000e+000 7.030767e-001 2.969233e-001 0.000000e+000 0.000000e+000
 0.000000e+000 0.000000e+000 9.509025e-001 4.909749e-002 0.000000e+000
 0.000000e+000 0.000000e+000 0.000000e+000 9.138106e-001 8.618939e-002
 0.000000e+000 0.000000e+000 0.000000e+000 0.000000e+000 0.000000e+000
<ENDHMM>
~h "OK"
<BEGINHMM>
<NUMSTATES> 5
<STATE> 2
<NUMMIXES> 2
<MIXTURE> 1 4.747309e-001
<MEAN> 22
 1.805605e+001 3.580037e+000 5.412023e+000 1.862000e+000 1.056816e+002 1.392707e+001 9.950271e+001 1.011792e+002 7.946415e+001 5.665467e+001 1.101750e+002 2.056514e+002 1.174756e+002 1.214300e+002 3.058555e+000 4.991105e+000 5.530921e+000 5.938870e+000 4.055491e+000 5.994715e+000 3.622465e+000 2.232189e+000
<VARIANCE> 22
 6.791136e+002 3.299049e+002 3.813110e+002 2.230812e+002 4.964982e+003 2.792762e+002 8.867167e+002 1.836517e+002 2.313660e+002 4.786164e+001 4.964683e+003 2.979421e+002 2.188481e+002 9.763766e+001 7.807827e+000 2.067714e-002 6.319951e+000 5.739237e-002 2.845384e+000 5.618803e-002 5.952774e+000 6.066100e+000
<GCONST> 1.226514e+002
<MIXTURE> 2 5.252683e-001
<MEAN> 22
 9.300645e+000 4.117769e+000 2.324529e+000 1.217320e+000 1.011189e+002 4.153912e+001 9.719591e+001 7.065643e+001 7.284322e+001 5.442133e+001 6.754279e+001 1.464311e+002 9.876530e+001 1.072419e+002 2.116802e+000 4.211380e+000 3.723161e+000 5.704101e+000 3.144437e+000 4.936864e+000 3.275652e+000 2.320787e+000
<VARIANCE> 22
 1.599488e+002 7.254679e+001 8.470909e+000 4.706501e+000 4.273294e+003 2.742248e+003 1.381986e+003 9.179733e+002 1.980558e+002 9.794093e+001 2.365601e+003 2.668933e+003 2.270769e+002 1.302404e+002 3.365045e+000 1.233436e+000 9.708264e+000 3.616599e-001 1.870116e+000 5.497658e+000 6.115638e+000 5.849496e+000
<GCONST> 1.282206e+002
<STATE> 3
<NUMMIXES> 2
<MIXTURE> 1 5.437269e-001
<MEAN> 22
 2.647331e+000 1.499705e+001 9.899515e-001 3.398084e+000 1.277971e+001 7.728535e+001 1.005674e+002 9.298049e+001 6.174015e+001 6.960538e+001 2.022691e+002 1.431996e+002 1.200578e+002 1.146776e+002 6.998209e+000 4.168833e+000 6.093292e+000 5.345000e+000 5.999946e+000 4.681233e+000 2.334105e+000 3.521860e+000
<VARIANCE> 22
 2.298864e+001 3.362434e+002 3.660604e+000 1.701227e+001 2.307359e+002 5.250250e+003 2.566641e+002 9.288628e+002 6.497460e+001 2.964301e+002 4.543489e+002 3.669699e+003 1.664716e+002 1.378340e+002 6.504287e-002 1.147629e+000 8.458866e-002 6.071523e-001 2.082488e-002 4.743306e+000 6.436640e+000 5.651514e+000
<GCONST> 1.098553e+002
<MIXTURE> 2 4.562729e-001
<MEAN> 22
 1.015769e+000 7.993531e+000 5.886452e-001 2.343482e+000 7.958542e+000 1.421142e+002 8.461913e+001 9.512475e+001 5.253525e+001 6.807162e+001 1.811667e+002 4.863784e+001 1.087304e+002 9.712700e+001 6.948648e+000 2.487853e+000 6.013047e+000 4.557998e+000 5.981091e+000 1.528002e+000 1.620455e+000 3.222964e+000
<VARIANCE> 22
 4.801632e+000 1.081576e+002 3.300596e+000 8.601476e+000 3.654223e+002 1.255530e+003 9.056004e+001 5.700553e+002 3.712289e+001 8.521448e+001 2.071246e+002 4.057549e+002 5.347057e+001 8.382456e+001 2.930224e-001 2.950191e-001 4.198214e-002 4.535244e-001 5.442502e-002 5.895023e-001 5.500095e+000 5.848519e+000
<GCONST> 9.534843e+001
<STATE> 4
<NUMMIXES> 2
<MIXTURE> 1 7.342421e-001
<MEAN> 22
 6.898703e+000 7.667901e+000 2.025995e+000 2.069896e+000 5.041480e+001 3.235713e+001 8.091042e+001 7.953786e+001 6.297926e+001 5.639402e+001 1.560420e+002 1.695192e+002 1.063531e+002 1.091523e+002 5.432253e+000 4.853932e+000 6.209245e+000 5.827019e+000 5.319579e+000 5.868224e+000 2.739234e+000 3.188427e+000
<VARIANCE> 22
 1.122414e+002 1.420425e+002 1.590866e+001 1.037950e+001 2.475681e+003 1.361506e+003 8.378101e+002 5.476323e+002 1.137733e+002 1.013425e+002 2.913570e+003 1.411357e+003 3.953401e+002 1.639491e+002 6.566583e+000 4.623268e-001 6.039329e-001 1.715293e-001 1.773794e+000 1.478115e+000 5.982215e+000 6.544622e+000
<GCONST> 1.224198e+002
<MIXTURE> 2 2.657576e-001
<MEAN> 22
 1.816512e+000 2.037660e+000 7.829242e-001 5.937119e-001 2.070024e+002 1.765770e+002 4.932485e+001 4.130421e+001 4.806356e+001 4.173143e+001 6.999570e+001 6.417300e+001 6.662112e+001 6.941595e+001 1.760359e+000 1.729667e+000 2.897673e+000 3.630262e+000 2.630488e+000 1.608171e+000 1.487357e+000 1.617855e+000
<VARIANCE> 22
 1.570933e+001 1.696303e+001 3.300596e+000 2.164982e+000 4.744223e+004 2.688117e+004 3.263040e+003 1.703036e+003 1.244205e+003 9.721498e+002 6.330508e+003 3.503838e+003 3.054207e+003 2.585771e+003 4.219157e+000 2.999948e+000 9.492847e+000 6.979768e+000 4.872392e+000 5.873388e+000 4.829199e+000 4.923367e+000
<GCONST> 1.445392e+002
<TRANSP> 5
 0.000000e+000 1.000000e+000 0.000000e+000 0.000000e+000 0.000000e+000
 0.000000e+000 8.938560e-001 1.061440e-001 0.000000e+000 0.000000e+000
 0.000000e+000 0.000000e+000 9.417874e-001 5.821258e-002 0.000000e+000
 0.000000e+000 0.000000e+000 0.000000e+000 7.545511e-001 2.454488e-001
 0.000000e+000 0.000000e+000 0.000000e+000 0.000000e+000 0.000000e+000
<ENDHMM>
~h "PF"
<BEGINHMM>
<NUMSTATES> 5
<STATE> 2
<NUMMIXES> 2
<MIXTURE> 1 2.336565e-001
<MEAN> 22
 1.755920e+001 2.362477e+001 1.196623e+001 1.135857e+001 2.410432e+002 2.062897e+002 1.031962e+002 9.784559e+001 6.532261e+001 6.920801e+001 1.982909e+002 1.639311e+002 1.158905e+002 1.157553e+002 6.731062e+000 4.469177e+000 6.121989e+000 5.435350e+000 5.846117e+000 5.135034e+000 2.910453e+000 2.792345e+000
<VARIANCE> 22
 4.369865e+003 3.638726e+003 3.686385e+003 2.419437e+003 6.746680e+004 3.692429e+004 6.591860e+002 1.005423e+003 6.551148e+001 1.911377e+002 1.879046e+003 3.932634e+003 3.723326e+002 2.710408e+002 1.222133e+000 1.201706e+000 5.321992e-001 7.325811e-001 4.318168e-001 3.822090e+000 6.597430e+000 6.208659e+000
<GCONST> 1.484880e+002
<MIXTURE> 2 7.663441e-001
<MEAN> 22
 6.201236e+000 7.985862e+000 1.514443e+000 2.329605e+000 9.074856e+001 1.454367e+002 8.179292e+001 1.143108e+002 7.078211e+001 7.389721e+001 1.333982e+002 9.031661e+001 9.996368e+001 9.393922e+001 3.714381e+000 2.896879e+000 5.368666e+000 4.280605e+000 4.837302e+000 2.675773e+000 2.431267e+000 2.706648e+000
<VARIANCE> 22
 1.061027e+002 1.220053e+002 8.701550e+000 8.846004e+000 1.591788e+004 1.011812e+004 1.805327e+003 3.038609e+003 5.655971e+002 7.773770e+002 4.716446e+003 4.339866e+003 1.059738e+003 6.537532e+002 9.480982e+000 1.927707e+000 4.828916e+000 2.493214e+000 2.743840e+000 4.816621e+000 6.222096e+000 4.984956e+000
<GCONST> 1.433467e+002
<STATE> 3
<NUMMIXES> 2
<MIXTURE> 1 5.383291e-001
<MEAN> 22
 2.106638e+000 2.003848e+001 8.564461e-001 4.783886e+000 1.023634e+001 1.042635e+002 9.826096e+001 1.055496e+002 6.074087e+001 7.498698e+001 1.989604e+002 1.256411e+002 1.183713e+002 1.083984e+002 6.997324e+000 3.745359e+000 6.076631e+000 4.901999e+000 5.999344e+000 3.966806e+000 2.242768e+000 3.739619e+000
<VARIANCE> 22
 1.201297e+001 3.836652e+002 3.300596e+000 2.729516e+001 1.395417e+002 6.843995e+003 2.455007e+002 1.573878e+003 4.996294e+001 3.961672e+002 4.326974e+002 3.810558e+003 1.421189e+002 1.607952e+002 6.504287e-002 1.432145e+000 7.076023e-002 1.082332e+000 2.082488e-002 5.039706e+000 6.295255e+000 5.205740e+000
<GCONST> 1.105419e+002
<MIXTURE> 2 4.616699e-001
<MEAN> 22
 1.026232e+000 7.384001e+000 5.367084e-001 2.963096e+000 1.127600e+001 1.828459e+002 8.714078e+001 1.336528e+002 5.547777e+001 8.302948e+001 1.792783e+002 5.288218e+001 1.085080e+002 8.671201e+001 6.891490e+000 2.416737e+000 6.023997e+000 3.486574e+000 5.938601e+000 1.706939e+000 1.497725e+000 3.203838e+000
<VARIANCE> 22
 4.801632e+000 7.225583e+001 3.300596e+000 1.185886e+001 8.954568e+002 1.458143e+003 1.580135e+002 5.622422e+002 5.568299e+001 2.040201e+002 5.206638e+002 9.281335e+002 5.208695e+001 1.431729e+002 5.603140e-001 3.440128e-001 3.375625e-001 5.845180e-001 1.829737e-001 5.809589e-001 5.394819e+000 4.343548e+000
<GCONST> 1.044130e+002
<STATE> 4
<NUMMIXES> 2
<MIXTURE> 1 7.661152e-001
<MEAN> 22
 1.165747e+001 2.495627e+000 3.465989e+000 1.030520e+000 1.295269e+002 2.149804e+001 1.295773e+002 9.983683e+001 8.272462e+001 5.721967e+001 1.167684e+002 1.995239e+002 1.053311e+002 1.184803e+002 3.093279e+000 5.000565e+000 3.350239e+000 5.815194e+000 3.572256e+000 5.998610e+000 3.353774e+000 2.443558e+000
<VARIANCE> 22
 2.211299e+002 2.630539e+001 2.298313e+001 3.613744e+000 6.999089e+003 8.887178e+002 1.692958e+003 1.930019e+002 4.410967e+002 6.864642e+001 4.685444e+003 3.652587e+002 3.960488e+002 1.203872e+002 7.234354e+000 1.793315e-002 8.473083e+000 1.506498e-001 3.903819e+000 5.618803e-002 6.888688e+000 6.333776e+000
<GCONST> 1.177654e+002
<MIXTURE> 2 2.338847e-001
<MEAN> 22
 7.124501e+000 4.456560e+000 2.731075e+000 1.580259e+000 6.912041e+001 2.747411e+001 8.539260e+001 4.360850e+001 7.900538e+001 5.593080e+001 7.829806e+001 1.127667e+002 9.583169e+001 1.015935e+002 2.170311e+000 3.430152e+000 3.824271e+000 5.634778e+000 3.351068e+000 3.419895e+000 2.820588e+000 2.385817e+000
<VARIANCE> 22
 1.368748e+002 7.372286e+001 2.196962e+001 6.800998e+000 2.454144e+003 7.693251e+002 3.510005e+003 5.617927e+002 3.547516e+002 6.413336e+001 1.359328e+003 6.930108e+002 2.332718e+002 5.582833e+001 2.745859e+000 2.029522e+000 7.163001e+000 2.938434e-001 1.311196e+000 9.590727e+000 6.551513e+000 5.777728e+000
<GCONST> 1.254952e+002
<TRANSP> 5
 0.000000e+000 1.000000e+000 0.000000e+000 0.000000e+000 0.000000e+000
 0.000000e+000 6.662415e-001 3.337584e-001 0.000000e+000 0.000000e+000
 0.000000e+000 0.000000e+000 9.546639e-001 4.533612e-002 0.000000e+000
 0.000000e+000 0.000000e+000 0.000000e+000 9.173777e-001 8.262230e-002
 0.000000e+000 0.000000e+000 0.000000e+000 0.000000e+000 0.000000e+000
<ENDHMM>
~h "PR"
<BEGINHMM>
<NUMSTATES> 5
<STATE> 2
<NUMMIXES> 2
<MIXTURE> 1 7.224669e-001
<MEAN> 22
 1.028849e+001 1.313412e+001 4.910982e+000 5.507067e+000 3.270042e+001 6.912620e+001 8.711814e+001 9.404051e+001 7.275597e+001 6.604998e+001 1.697286e+002 1.404471e+002 1.119668e+002 1.091685e+002 4.847016e+000 4.044950e+000 6.380214e+000 5.257626e+000 5.604475e+000 4.426490e+000 2.479952e+000 2.989980e+000
<VARIANCE> 22
 1.496437e+003 1.193214e+003 1.143478e+003 7.487520e+002 1.311741e+003 3.879501e+003 1.248027e+003 1.022892e+003 3.352611e+002 2.053953e+002 3.141436e+003 2.647712e+003 7.485446e+002 4.349829e+002 9.405044e+000 1.048076e+000 4.013395e-001 6.299163e-001 1.130508e+000 3.865881e+000 6.152297e+000 5.837682e+000
<GCONST> 1.437273e+002
<MIXTURE> 2 2.775337e-001
<MEAN> 22
 2.755832e+000 2.720750e+000 9.981925e-001 9.095838e-001 2.984752e+002 2.289382e+002 5.528556e+001 5.457991e+001 4.034863e+001 3.683295e+001 6.941161e+001 7.972448e+001 5.502300e+001 5.714709e+001 1.733319e+000 2.168647e+000 2.376478e+000 2.885240e+000 2.257050e+000 2.299713e+000 1.337269e+000 1.471404e+000
<VARIANCE> 22
 3.783144e+001 2.811531e+001 3.996071e+000 3.956764e+000 3.908510e+004 2.561924e+004 3.187657e+003 3.479411e+003 1.401637e+003 1.219387e+003 5.848062e+003 6.796113e+003 2.735049e+003 2.859594e+003 7.160823e+000 4.649518e+000 9.245590e+000 7.155058e+000 6.472379e+000 7.432548e+000 4.236370e+000 5.038193e+000
<GCONST> 1.494631e+002
<STATE> 3
<NUMMIXES> 2
<MIXTURE> 1 5.225666e-001
<MEAN> 22
 1.621207e+000 1.231595e+001 6.895773e-001 3.887370e+000 1.169844e+001 8.493488e+001 1.022309e+002 8.882571e+001 6.266428e+001 7.009998e+001 2.026506e+002 1.273769e+002 1.199082e+002 1.116085e+002 6.999383e+000 3.828001e+000 6.125233e+000 5.165637e+000 5.999626e+000 3.935239e+000 2.049206e+000 3.672107e+000
<VARIANCE> 22
 8.354299e+000 1.817106e+002 3.300596e+000 2.261124e+001 3.621991e+002 2.983485e+003 2.408163e+002 8.206560e+002 5.673443e+001 1.706791e+002 4.174675e+002 2.074857e+003 1.540593e+002 1.516798e+002 6.504287e-002 8.086225e-001 1.095487e-001 3.658255e-001 2.082488e-002 4.475392e+000 6.285310e+000 5.968696e+000
<GCONST> 1.061570e+002
<MIXTURE> 2 4.774328e-001
<MEAN> 22
 8.671489e-001 6.477807e+000 4.117824e-001 2.396772e+000 8.414527e+000 1.071120e+002 8.245013e+001 8.249629e+001 5.414212e+001 5.812378e+001 1.724998e+002 8.223780e+001 1.050130e+002 9.371289e+001 6.856820e+000 3.165922e+000 6.045779e+000 4.951118e+000 5.933669e+000 2.799145e+000 1.309744e+000 3.510699e+000
<VARIANCE> 22
 4.801632e+000 6.152391e+001 3.300596e+000 9.726285e+000 3.627773e+002 1.259971e+003 9.673798e+001 4.859377e+002 4.060350e+001 7.397627e+001 3.213499e+002 1.111255e+003 5.271770e+001 1.085426e+002 8.249846e-001 4.733206e-001 6.709487e-002 2.826317e-001 2.314158e-001 2.741006e+000 4.721975e+000 6.758502e+000
<GCONST> 1.009290e+002
<STATE> 4
<NUMMIXES> 2
<MIXTURE> 1 7.009266e-001
<MEAN> 22
 8.871742e+000 2.818846e+000 2.595613e+000 1.192108e+000 6.908652e+001 1.581692e+001 8.437688e+001 9.636292e+001 6.975874e+001 5.585183e+001 1.292509e+002 1.955565e+002 1.100061e+002 1.159636e+002 3.349197e+000 5.000317e+000 6.588244e+000 5.845802e+000 4.315214e+000 5.997210e+000 3.542633e+000 2.339378e+000
<VARIANCE> 22
 1.196815e+002 2.724734e+001 1.133062e+001 3.725036e+000 2.622537e+003 2.735956e+002 6.131790e+002 1.909275e+002 2.173958e+002 6.214420e+001 3.546974e+003 3.343935e+002 2.245268e+002 1.006313e+002 9.232978e+000 1.793315e-002 2.428308e-001 1.304241e-001 3.694969e+000 5.618803e-002 5.898616e+000 6.126424e+000
<GCONST> 1.077071e+002
<MIXTURE> 2 2.990741e-001
<MEAN> 22
 9.425086e+000 3.491804e+000 2.390388e+000 9.473740e-001 5.915628e+001 2.939057e+001 7.844768e+001 5.340967e+001 7.432903e+001 5.811587e+001 8.858624e+001 1.276298e+002 1.020679e+002 1.001890e+002 1.688787e+000 3.799146e+000 5.297663e+000 5.653631e+000 3.104251e+000 4.640946e+000 2.693451e+000 2.274681e+000
<VARIANCE> 22
 1.671084e+002 3.986361e+001 1.198230e+001 2.866912e+000 2.078153e+003 9.136075e+002 1.724658e+003 1.000052e+003 1.724196e+002 6.121169e+001 8.669542e+002 1.244674e+003 1.258799e+002 8.694836e+001 3.507487e+000 1.232298e+000 7.119080e+000 2.769679e-001 2.246858e+000 7.253246e+000 5.787846e+000 6.117284e+000
<GCONST> 1.225484e+002
<TRANSP> 5
 0.000000e+000 1.000000e+000 0.000000e+000 0.000000e+000 0.000000e+000
 0.000000e+000 6.729659e-001 3.270341e-001 0.000000e+000 0.000000e+000
 0.000000e+000 0.000000e+000 9.498369e-001 5.016314e-002 0.000000e+000
 0.000000e+000 0.000000e+000 0.000000e+000 9.161614e-001 8.383856e-002
 0.000000e+000 0.000000e+000 0.000000e+000 0.000000e+000 0.000000e+000
<ENDHMM>
~h "SP"
<BEGINHMM>
<NUMSTATES> 5
<STATE> 2
<NUMMIXES> 2
<MIXTURE> 1 5.968186e-001
<MEAN> 22
 1.365299e+001 1.888911e+001 8.244405e+000 9.212885e+000 4.070949e+001 1.138864e+002 1.021872e+002 1.137214e+002 7.203946e+001 8.452864e+001 1.841840e+002 1.201800e+002 1.205716e+002 1.116691e+002 5.867971e+000 3.600738e+000 6.047639e+000 4.694065e+000 5.605236e+000 3.585731e+000 2.416892e+000 2.639948e+000
<VARIANCE> 22
 3.659231e+003 2.457543e+003 2.989796e+003 1.796052e+003 3.173403e+003 1.096531e+004 1.618910e+003 2.103842e+003 3.400825e+002 1.276785e+003 4.123961e+003 4.017917e+003 6.696190e+002 2.923551e+002 5.520141e+000 1.689388e+000 1.818724e+000 1.585602e+000 9.748014e-001 5.845826e+000 5.968206e+000 4.420766e+000
<GCONST> 1.544415e+002
<MIXTURE> 2 4.031810e-001
<MEAN> 22
 1.504558e+000 1.875224e+000 6.266405e-001 9.932132e-001 2.467603e+002 2.354209e+002 4.311710e+001 7.331203e+001 5.167797e+001 5.462938e+001 6.594173e+001 4.661692e+001 5.753596e+001 5.673563e+001 3.757145e-001 1.653798e+000 3.646579e+000 2.253325e+000 3.131762e+000 1.163225e+000 1.333526e+000 1.668470e+000
<VARIANCE> 22
 1.585325e+001 1.263645e+001 3.300596e+000 3.387249e+000 5.768401e+004 2.151667e+004 1.900306e+003 4.405431e+003 1.967551e+003 2.301291e+003 3.693035e+003 2.467842e+003 2.302255e+003 2.294146e+003 1.187020e+000 2.414682e+000 1.110241e+001 4.184744e+000 7.649607e+000 2.870553e+000 4.512984e+000 5.694712e+000
<GCONST> 1.430852e+002
<STATE> 3
<NUMMIXES> 2
<MIXTURE> 1 4.988016e-001
<MEAN> 22
 1.607964e+000 1.877588e+001 6.149559e-001 5.047847e+000 9.143587e+000 1.349829e+002 1.022273e+002 1.143334e+002 6.358269e+001 8.275602e+001 2.016077e+002 1.029978e+002 1.198868e+002 1.054980e+002 6.998839e+000 3.314470e+000 6.161268e+000 4.424448e+000 5.999372e+000 3.255522e+000 2.002106e+000 3.620437e+000
<VARIANCE> 22
 8.645419e+000 3.862709e+002 3.300596e+000 3.628049e+001 1.205231e+002 8.089116e+003 3.444513e+002 1.895962e+003 7.973360e+001 6.090270e+002 5.716863e+002 3.095578e+003 1.868116e+002 1.903445e+002 6.504287e-002 1.428632e+000 1.352605e-001 1.266202e+000 2.082488e-002 5.009153e+000 6.166944e+000 5.558959e+000
<GCONST> 1.133014e+002
<MIXTURE> 2 5.011975e-001
<MEAN> 22
 1.038962e+000 4.916444e+000 4.418003e-001 2.564007e+000 1.062487e+001 1.810358e+002 8.626499e+001 1.326564e+002 5.671223e+001 8.576734e+001 1.750696e+002 4.634315e+001 1.057087e+002 8.493591e+001 6.878300e+000 2.129493e+000 5.994426e+000 3.244710e+000 5.942389e+000 1.515960e+000 1.338789e+000 2.561752e+000
<VARIANCE> 22
 6.594275e+000 4.584309e+001 3.300596e+000 1.411253e+001 7.392733e+002 1.337530e+003 1.752518e+002 3.511390e+002 6.152995e+001 3.390565e+002 4.245775e+002 5.052711e+002 5.429674e+001 1.227168e+002 6.540281e-001 2.000925e-001 3.874373e-001 3.402047e-001 2.374339e-001 5.741560e-001 4.758129e+000 5.927582e+000
<GCONST> 1.031305e+002
<STATE> 4
<NUMMIXES> 2
<MIXTURE> 1 6.001014e-001
<MEAN> 22
 1.432256e+001 3.221300e+000 4.534848e+000 1.142699e+000 1.246306e+002 1.755876e+001 1.197806e+002 1.001119e+002 8.837786e+001 5.843449e+001 1.122471e+002 1.991555e+002 1.026459e+002 1.184403e+002 3.296753e+000 4.995002e+000 3.815831e+000 5.833902e+000 4.094326e+000 5.992951e+000 3.514776e+000 2.300088e+000
<VARIANCE> 22
 3.583286e+002 5.637920e+001 5.944527e+001 5.278918e+000 8.214041e+003 7.690838e+002 1.582226e+003 2.065414e+002 6.354917e+002 5.137028e+001 4.251974e+003 3.372281e+002 3.678676e+002 9.189751e+001 7.209390e+000 1.793315e-002 8.234470e+000 1.385073e-001 3.201725e+000 5.618803e-002 6.193762e+000 6.449931e+000
<GCONST> 1.195073e+002
<MIXTURE> 2 3.998988e-001
<MEAN> 22
 5.968785e+000 1.880570e+000 2.373363e+000 9.211897e-001 1.261705e+002 1.922739e+001 1.202437e+002 6.024489e+001 9.220847e+001 5.645036e+001 6.256699e+001 1.367265e+002 8.680333e+001 1.039406e+002 2.066940e+000 4.023296e+000 2.398239e+000 5.721725e+000 3.017633e+000 4.119605e+000 2.939643e+000 1.861288e+000
<VARIANCE> 22
 8.712762e+001 1.993065e+001 1.426179e+001 3.125971e+000 4.962516e+003 7.311133e+002 2.348011e+003 7.696792e+002 4.508174e+002 5.941019e+001 9.727374e+002 1.770928e+003 2.717272e+002 8.428271e+001 1.401131e+000 1.535155e+000 5.532399e+000 2.660241e-001 8.174319e-001 8.215930e+000 6.479947e+000 5.605903e+000
<GCONST> 1.224451e+002
<TRANSP> 5
 0.000000e+000 1.000000e+000 0.000000e+000 0.000000e+000 0.000000e+000
 0.000000e+000 6.400747e-001 3.599253e-001 0.000000e+000 0.000000e+000
 0.000000e+000 0.000000e+000 9.575114e-001 4.248851e-002 0.000000e+000
 0.000000e+000 0.000000e+000 0.000000e+000 9.261384e-001 7.386160e-002
 0.000000e+000 0.000000e+000 0.000000e+000 0.000000e+000 0.000000e+000
<ENDHMM>
~h "ST"
<BEGINHMM>
<NUMSTATES> 5
<STATE> 2
<NUMMIXES> 2
<MIXTURE> 1 1.921493e-001
<MEAN> 22
 1.574595e+001 2.146227e+001 9.289344e+000 7.270639e+000 1.481918e+002 1.621550e+002 1.210219e+002 9.398645e+001 7.801778e+001 7.728126e+001 2.149986e+002 1.418212e+002 1.326230e+002 1.239509e+002 6.214926e+000 3.668527e+000 6.568230e+000 5.835749e+000 5.698551e+000 3.718133e+000 2.586172e+000 2.882609e+000
<VARIANCE> 22
 2.471913e+003 2.545859e+003 2.167959e+003 1.306120e+003 4.594952e+004 2.328010e+004 1.717478e+003 8.298802e+002 2.530574e+002 2.733624e+002 4.903631e+003 5.804459e+003 1.108481e+003 3.332344e+002 3.720058e+000 2.435164e+000 3.222198e-001 4.592132e-001 5.565977e-001 7.407382e+000 6.980450e+000 5.988051e+000
<GCONST> 1.524757e+002
<MIXTURE> 2 8.078495e-001
<MEAN> 22
 4.904486e+000 6.956814e+000 1.144985e+000 1.907898e+000 7.200141e+001 8.008252e+001 7.305316e+001 7.428873e+001 6.869804e+001 7.032159e+001 1.314707e+002 1.065699e+002 1.038960e+002 1.057636e+002 4.130622e+000 3.275015e+000 6.017404e+000 5.553714e+000 4.768968e+000 2.964002e+000 2.775074e+000 2.674600e+000
<VARIANCE> 22
 5.786203e+001 9.976188e+001 3.300596e+000 6.792345e+000 9.583292e+003 5.878876e+003 9.099097e+002 1.049252e+003 3.678670e+002 4.879479e+002 3.232944e+003 4.571175e+003 6.204647e+002 5.221064e+002 8.684457e+000 2.352179e+000 1.815226e+000 1.196983e+000 2.828849e+000 7.832924e+000 6.422009e+000 5.940027e+000
<GCONST> 1.356476e+002
<STATE> 3
<NUMMIXES> 2
<MIXTURE> 1 5.001093e-001
<MEAN> 22
 1.988856e+000 1.463652e+001 7.553091e-001 3.250791e+000 1.231105e+001 9.925643e+001 1.003187e+002 7.463445e+001 6.231844e+001 8.023889e+001 2.015413e+002 1.024824e+002 1.195420e+002 1.123755e+002 6.996705e+000 3.403344e+000 6.132442e+000 5.692004e+000 5.998096e+000 3.306667e+000 1.890507e+000 3.272037e+000
<VARIANCE> 22
 1.365309e+001 2.132094e+002 3.300596e+000 1.446176e+001 4.588562e+002 4.157277e+003 2.565752e+002 7.440231e+002 5.888076e+001 4.664668e+002 4.836755e+002 4.040681e+003 1.669490e+002 1.263053e+002 6.504287e-002 1.966472e+000 1.246775e-001 4.726240e-001 2.082488e-002 8.394497e+000 5.705216e+000 5.508935e+000
<GCONST> 1.103744e+002
<MIXTURE> 2 4.998917e-001
<MEAN> 22
 7.085712e-001 7.128392e+000 3.072831e-001 1.194604e+000 6.922353e+000 1.266266e+002 8.451835e+001 6.158458e+001 5.503177e+001 7.912511e+001 1.795866e+002 5.077545e+001 1.089128e+002 9.877168e+001 6.940111e+000 2.085840e+000 6.003432e+000 5.981224e+000 5.977940e+000 4.056796e-001 1.179648e+000 2.743182e+000
<VARIANCE> 22
 4.801632e+000 7.945078e+001 3.300596e+000 2.164982e+000 1.721493e+002 7.617023e+002 7.776717e+001 4.059885e+002 2.933496e+001 1.660935e+002 2.395153e+002 4.903293e+002 3.962720e+001 5.293726e+001 3.304135e-001 1.648313e-001 2.326111e-002 2.272423e-001 4.456567e-002 5.867034e-001 4.345468e+000 5.943832e+000
<GCONST> 8.975602e+001
<STATE> 4
<NUMMIXES> 2
<MIXTURE> 1 6.327613e-001
<MEAN> 22
 1.135289e+001 3.105277e+000 2.643716e+000 1.130293e+000 8.924444e+001 1.748730e+001 8.031422e+001 1.017392e+002 8.388049e+001 5.912281e+001 1.176609e+002 2.038001e+002 1.162302e+002 1.212693e+002 3.760356e+000 4.999293e+000 6.239812e+000 5.910731e+000 4.637699e+000 5.997825e+000 3.380768e+000 2.322853e+000
<VARIANCE> 22
 1.564126e+002 3.782745e+001 1.152427e+001 4.713991e+000 4.351101e+003 6.413942e+002 7.461954e+002 1.878300e+002 4.380991e+002 4.492033e+001 4.973000e+003 3.251900e+002 1.921158e+002 1.017962e+002 7.422873e+000 1.793315e-002 3.206091e-001 8.130054e-002 1.611042e+000 5.618803e-002 6.112016e+000 6.126440e+000
<GCONST> 1.094278e+002
<MIXTURE> 2 3.672388e-001
<MEAN> 22
 7.218564e+000 2.362326e+000 1.397808e+000 9.855324e-001 9.155520e+001 2.499075e+001 7.070390e+001 6.823489e+001 7.786711e+001 5.490438e+001 5.288082e+001 1.557245e+002 9.637125e+001 1.061903e+002 1.981557e+000 4.619195e+000 5.625663e+000 5.819125e+000 3.545563e+000 5.799212e+000 2.745414e+000 1.890324e+000
<VARIANCE> 22
 8.117058e+001 2.758541e+001 3.300596e+000 4.134778e+000 3.664935e+003 9.989150e+002 7.824683e+002 8.017766e+002 2.432829e+002 5.959381e+001 1.581273e+003 1.475379e+003 1.105997e+002 8.798540e+001 1.605042e+000 4.769766e-001 2.764363e+000 1.907932e-001 6.989099e-001 2.455735e+000 5.689173e+000 5.619631e+000
<GCONST> 1.157488e+002
<TRANSP> 5
 0.000000e+000 1.000000e+000 0.000000e+000 0.000000e+000 0.000000e+000
 0.000000e+000 7.684200e-001 2.315801e-001 0.000000e+000 0.000000e+000
 0.000000e+000 0.000000e+000 9.563383e-001 4.366174e-002 0.000000e+000
 0.000000e+000 0.000000e+000 0.000000e+000 9.161249e-001 8.387511e-002
 0.000000e+000 0.000000e+000 0.000000e+000 0.000000e+000 0.000000e+000
<ENDHMM>
~h "TT"
<BEGINHMM>
<NUMSTATES> 5
<STATE> 2
<NUMMIXES> 2
<MIXTURE> 1 2.866541e-001
<MEAN> 22
 3.086557e+001 1.076457e+001 1.487147e+001 7.303487e+000 1.826718e+002 1.296304e+001 1.553456e+002 1.171768e+002 1.151842e+002 6.903040e+001 1.205860e+002 2.163092e+002 1.196286e+002 1.266732e+002 2.168275e+000 4.980607e+000 2.550317e+000 5.837727e+000 3.324660e+000 5.961545e+000 3.751321e+000 2.875174e+000
<VARIANCE> 22
 4.295374e+003 3.042335e+003 3.337212e+003 2.195890e+003 6.754411e+003 3.938634e+002 1.439570e+003 1.566490e+002 6.265269e+002 8.820512e+001 3.480667e+003 3.175694e+002 2.733069e+002 9.046677e+001 4.750950e+000 2.382598e-002 8.305957e+000 1.407496e-001 3.020966e+000 6.614607e-002 5.093103e+000 6.445581e+000
<GCONST> 1.345559e+002
<MIXTURE> 2 7.133452e-001
<MEAN> 22
 6.893618e+000 1.167623e+001 2.322657e+000 3.912573e+000 4.535176e+001 1.100807e+002 7.501062e+001 1.120944e+002 6.760038e+001 8.663258e+001 1.577828e+002 1.272996e+002 1.063967e+002 1.063874e+002 5.153655e+000 3.625481e+000 6.208232e+000 4.660241e+000 5.588468e+000 3.616597e+000 2.884047e+000 2.827668e+000
<VARIANCE> 22
 8.907831e+001 2.136743e+002 1.834163e+001 3.111139e+001 2.634129e+003 7.947215e+003 1.148613e+003 2.770031e+003 1.869465e+002 1.180570e+003 1.918282e+003 2.330628e+003 2.466819e+002 1.799049e+002 8.219761e+000 1.671808e+000 4.257264e-001 1.765724e+000 7.055275e-001 5.877930e+000 7.095298e+000 5.083569e+000
<GCONST> 1.341249e+002
<STATE> 3
<NUMMIXES> 2
<MIXTURE> 1 5.299819e-001
<MEAN> 22
 2.034400e+000 2.339023e+001 8.304566e-001 7.013761e+000 1.050190e+001 1.280778e+002 1.032116e+002 1.297405e+002 6.358454e+001 9.364776e+001 2.032132e+002 1.388047e+002 1.213306e+002 1.112779e+002 6.996825e+000 3.706373e+000 6.149312e+000 4.554223e+000 5.998829e+000 3.884827e+000 2.195739e+000 3.822625e+000
<VARIANCE> 22
 1.148222e+001 4.853168e+002 3.300596e+000 6.565681e+001 1.561381e+002 1.016258e+004 4.645398e+002 2.651246e+003 1.283083e+002 1.359568e+003 7.221673e+002 2.346745e+003 2.329033e+002 2.317065e+002 6.504287e-002 1.155522e+000 1.270151e-001 1.181676e+000 2.082488e-002 4.155300e+000 6.044402e+000 5.079185e+000
<GCONST> 1.165394e+002
<MIXTURE> 2 4.700169e-001
<MEAN> 22
 1.437620e+000 9.784286e+000 6.489960e-001 4.098593e+000 1.113400e+001 2.152497e+002 8.817604e+001 1.685321e+002 5.532463e+001 1.195194e+002 1.806782e+002 8.337125e+001 1.088822e+002 8.761393e+001 6.924008e+000 2.391022e+000 6.011093e+000 3.130671e+000 5.966306e+000 1.647885e+000 1.703316e+000 3.533317e+000
<VARIANCE> 22
 8.822578e+000 9.311301e+001 3.300596e+000 2.699651e+001 5.815839e+002 1.240295e+003 1.471211e+002 6.133233e+002 7.895420e+001 4.112708e+002 2.718265e+002 5.238389e+002 5.618484e+001 1.895949e+002 4.166916e-001 2.942844e-001 2.419857e-001 2.243627e-001 1.248241e-001 4.436333e-001 5.355337e+000 5.778657e+000
<GCONST> 1.035879e+002
<STATE> 4
<NUMMIXES> 2
<MIXTURE> 1 7.983291e-001
<MEAN> 22
 1.510569e+001 2.527247e+000 5.082947e+000 1.137391e+000 1.499943e+002 2.286150e+001 1.432441e+002 9.758855e+001 1.004753e+002 5.620557e+001 1.201253e+002 1.949166e+002 1.023644e+002 1.159641e+002 2.660790e+000 5.000014e+000 3.077681e+000 5.846652e+000 3.464130e+000 5.990431e+000 3.426692e+000 2.341151e+000
<VARIANCE> 22
 3.535330e+002 2.099282e+001 5.745651e+001 4.074335e+000 8.714629e+003 8.000302e+002 2.323902e+003 2.317755e+002 1.054625e+003 5.636267e+001 2.822054e+003 4.005339e+002 3.730276e+002 1.337682e+002 6.384258e+000 1.793315e-002 8.198629e+000 1.298332e-001 3.601578e+000 5.618803e-002 5.634387e+000 6.301057e+000
<GCONST> 1.193710e+002
<MIXTURE> 2 2.016719e-001
<MEAN> 22
 1.048503e+001 5.202155e+000 4.208443e+000 1.877662e+000 1.361193e+002 6.781791e+001 8.968394e+001 3.122717e+001 8.818499e+001 5.150958e+001 8.516772e+001 9.591875e+001 8.498849e+001 8.985131e+001 1.822859e+000 2.924987e+000 3.504321e+000 5.166979e+000 3.207909e+000 2.494815e+000 2.812089e+000 1.965007e+000
<VARIANCE> 22
 2.636906e+002 1.097173e+002 4.558520e+001 1.717574e+001 1.963421e+004 1.530199e+004 5.486126e+003 6.554385e+002 2.279937e+003 4.167295e+002 1.894535e+003 1.927211e+003 1.178495e+003 1.162673e+003 3.294792e+000 3.083464e+000 7.461375e+000 3.787143e+000 2.668411e+000 1.034840e+001 6.327260e+000 5.499656e+000
<GCONST> 1.475181e+002
<TRANSP> 5
 0.000000e+000 1.000000e+000 0.000000e+000 0.000000e+000 0.000000e+000
 0.000000e+000 7.415465e-001 2.584535e-001 0.000000e+000 0.000000e+000
 0.000000e+000 0.000000e+000 9.532998e-001 4.670027e-002 0.000000e+000
 0.000000e+000 0.000000e+000 0.000000e+000 9.316584e-001 6.834167e-002
 0.000000e+000 0.000000e+000 0.000000e+000 0.000000e+000 0.000000e+000
<ENDHMM>
~h "VA"
<BEGINHMM>
<NUMSTATES> 5
<STATE> 2
<NUMMIXES> 2
<MIXTURE> 1 4.848679e-001
<MEAN> 22
 1.912714e+001 1.625140e+001 8.745666e+000 6.318674e+000 8.797900e+001 5.976518e+001 1.122553e+002 9.525160e+001 8.629426e+001 6.858266e+001 1.454264e+002 1.642779e+002 1.088349e+002 1.114258e+002 4.048505e+000 4.391804e+000 4.871528e+000 5.444818e+000 4.568856e+000 5.115887e+000 2.934130e+000 2.577390e+000
<VARIANCE> 22
 1.934208e+003 1.584306e+003 1.266868e+003 7.699829e+002 9.347791e+003 4.662311e+003 3.382439e+003 1.122983e+003 9.748777e+002 4.509889e+002 5.062721e+003 3.024113e+003 5.979017e+002 3.264025e+002 8.720942e+000 9.903084e-001 6.514526e+000 6.597410e-001 3.302785e+000 3.632876e+000 5.757393e+000 5.113308e+000
<GCONST> 1.531002e+002
<MIXTURE> 2 5.151311e-001
<MEAN> 22
 4.849636e+000 8.628855e+000 2.492837e+000 3.257995e+000 1.830877e+002 2.388463e+002 7.417809e+001 1.178652e+002 6.335697e+001 8.734930e+001 1.099756e+002 6.715678e+001 7.993396e+001 7.497894e+001 3.039978e+000 2.020311e+000 4.429566e+000 3.137272e+000 3.986593e+000 1.345096e+000 2.404036e+000 2.671834e+000
<VARIANCE> 22
 6.826386e+001 1.092142e+002 1.888489e+001 1.716214e+001 3.955705e+004 1.025151e+004 3.208726e+003 6.060892e+003 1.343059e+003 2.497572e+003 6.123320e+003 2.413042e+003 2.281807e+003 1.566642e+003 8.970944e+000 1.302319e+000 7.203023e+000 3.264127e+000 4.924795e+000 1.637289e+000 6.092303e+000 5.466242e+000
<GCONST> 1.495672e+002
<STATE> 3
<NUMMIXES> 2
<MIXTURE> 1 5.930102e-001
<MEAN> 22
 2.482691e+000 2.046119e+001 1.194856e+000 7.132763e+000 8.866573e+000 1.054540e+002 9.653594e+001 1.020915e+002 5.905251e+001 8.741727e+001 1.961574e+002 1.246313e+002 1.169464e+002 1.041233e+002 6.995590e+000 3.759881e+000 6.058870e+000 4.966531e+000 5.999501e+000 4.093159e+000 2.236528e+000 3.664543e+000
<VARIANCE> 22
 1.794792e+001 3.726135e+002 7.753767e+000 5.152545e+001 8.618695e+001 7.278333e+003 2.872752e+002 2.149591e+003 7.392816e+001 9.093065e+002 5.370308e+002 3.178728e+003 1.755771e+002 2.693945e+002 6.504287e-002 1.317014e+000 5.540300e-002 1.113817e+000 2.082488e-002 6.083483e+000 6.152655e+000 5.051676e+000
<GCONST> 1.142724e+002
<MIXTURE> 2 4.069895e-001
<MEAN> 22
 2.038899e+000 8.191823e+000 9.648168e-001 3.562977e+000 1.510098e+001 2.011790e+002 8.433463e+001 1.524838e+002 5.404876e+001 1.063631e+002 1.752931e+002 7.235349e+001 1.069221e+002 7.296528e+001 6.819396e+000 2.316324e+000 6.036802e+000 3.420769e+000 5.905463e+000 1.642090e+000 2.061788e+000 3.321917e+000
<VARIANCE> 22
 1.310764e+001 8.071663e+001 3.300596e+000 1.574891e+001 9.720557e+002 3.233836e+003 2.580615e+002 1.912798e+003 1.238035e+002 4.356871e+002 6.472427e+002 1.334864e+003 1.013891e+002 2.519310e+002 9.533240e-001 3.672316e-001 3.472299e-001 1.190186e+000 2.212747e-001 9.422520e-001 6.071329e+000 5.797219e+000
<GCONST> 1.141916e+002
<STATE> 4
<NUMMIXES> 2
<MIXTURE> 1 7.475531e-001
<MEAN> 22
 1.485332e+001 3.261908e+000 5.264431e+000 1.457392e+000 1.372125e+002 1.764696e+001 1.342242e+002 9.853833e+001 9.920381e+001 5.641503e+001 1.254949e+002 1.965717e+002 9.840532e+001 1.162577e+002 3.176362e+000 4.998858e+000 3.764395e+000 5.845232e+000 3.840544e+000 5.988839e+000 3.364253e+000 2.519555e+000
<VARIANCE> 22
 3.007496e+002 5.467821e+001 4.289626e+001 6.949904e+000 8.807296e+003 6.212330e+002 2.853119e+003 2.212659e+002 9.097485e+002 8.888512e+001 4.419826e+003 3.574148e+002 5.090869e+002 1.213398e+002 7.301432e+000 1.793315e-002 8.656476e+000 1.308150e-001 3.770272e+000 5.618803e-002 6.011253e+000 6.370519e+000
<GCONST> 1.214983e+002
<MIXTURE> 2 2.524472e-001
<MEAN> 22
 6.839078e+000 4.204413e+000 2.998605e+000 2.161479e+000 8.429217e+001 3.369891e+001 1.005250e+002 4.634760e+001 8.841357e+001 5.463577e+001 6.764850e+001 1.060106e+002 9.002207e+001 1.018242e+002 1.988896e+000 3.109878e+000 3.481055e+000 5.557717e+000 3.165813e+000 2.811503e+000 2.964097e+000 2.417399e+000
<VARIANCE> 22
 9.486347e+001 6.427168e+001 2.265001e+001 1.397999e+001 3.122081e+003 9.414017e+002 3.987505e+003 4.795731e+002 3.623748e+002 9.946786e+001 7.053901e+002 8.074175e+002 4.264846e+002 7.443015e+001 5.209241e-001 1.537230e+000 6.789796e+000 2.896467e-001 6.377684e-001 8.199049e+000 6.268033e+000 5.925874e+000
<GCONST> 1.240978e+002
<TRANSP> 5
 0.000000e+000 1.000000e+000 0.000000e+000 0.000000e+000 0.000000e+000
 0.000000e+000 7.334284e-001 2.665716e-001 0.000000e+000 0.000000e+000
 0.000000e+000 0.000000e+000 9.446168e-001 5.538318e-002 0.000000e+000
 0.000000e+000 0.000000e+000 0.000000e+000 9.198027e-001 8.019736e-002
 0.000000e+000 0.000000e+000 0.000000e+000 0.000000e+000 0.000000e+000
<ENDHMM>
~h "VQ"
<BEGINHMM>
<NUMSTATES> 5
<STATE> 2
<NUMMIXES> 2
<MIXTURE> 1 5.133924e-002
<MEAN> 22
 7.652134e+001 6.137153e+001 5.129603e+001 3.715289e+001 8.110751e+001 5.132213e+001 1.088787e+002 9.380495e+001 7.923039e+001 6.255256e+001 1.405292e+002 1.602226e+002 1.078971e+002 1.126198e+002 3.891563e+000 4.394519e+000 4.800148e+000 5.511551e+000 4.556063e+000 5.007776e+000 3.851659e+000 3.490045e+000
<VARIANCE> 22
 1.725706e+004 1.350113e+004 1.466771e+004 9.515882e+003 5.897399e+003 4.382135e+003 1.761379e+003 8.080696e+002 3.784069e+002 1.120966e+002 6.416526e+003 4.128818e+003 9.936693e+002 4.173999e+002 8.455932e+000 1.116910e+000 7.523416e+000 7.256644e-001 3.424168e+000 3.733513e+000 6.516515e+000 5.689263e+000
<GCONST> 1.604771e+002
<MIXTURE> 2 9.486606e-001
<MEAN> 22
 1.067224e+001 4.520212e+000 3.792714e+000 1.858017e+000 1.023580e+002 3.954551e+001 1.019716e+002 7.881526e+001 7.849034e+001 5.646795e+001 8.833640e+001 1.509778e+002 9.619123e+001 1.084719e+002 2.555628e+000 4.212093e+000 3.628612e+000 5.519838e+000 3.476222e+000 4.826737e+000 3.513890e+000 2.585006e+000
<VARIANCE> 22
 1.581770e+002 5.371818e+001 2.377004e+001 9.551322e+000 6.264702e+003 2.454869e+003 2.096432e+003 9.882367e+002 3.913530e+002 1.008157e+002 3.415116e+003 3.053277e+003 4.338098e+002 1.944631e+002 5.218347e+000 1.307811e+000 8.966087e+000 4.671080e-001 2.818389e+000 4.860931e+000 5.959374e+000 5.777422e+000
<GCONST> 1.335931e+002
<STATE> 3
<NUMMIXES> 2
<MIXTURE> 1 5.177585e-001
<MEAN> 22
 2.867422e+000 1.837539e+001 9.134610e-001 5.500501e+000 9.563087e+000 1.019729e+002 9.975072e+001 9.827885e+001 6.056853e+001 7.199490e+001 2.012495e+002 1.227144e+002 1.202183e+002 1.058592e+002 6.996025e+000 3.787510e+000 6.135828e+000 5.022369e+000 5.998548e+000 4.145274e+000 2.270619e+000 3.739943e+000
<VARIANCE> 22
 2.423601e+001 3.331667e+002 3.300596e+000 6.264748e+001 1.321597e+002 7.730746e+003 3.957407e+002 1.980089e+003 8.113187e+001 3.779829e+002 7.168081e+002 3.340616e+003 2.374019e+002 2.536243e+002 6.504287e-002 1.375497e+000 1.173760e-001 1.122792e+000 2.082488e-002 5.285062e+000 6.252185e+000 5.064137e+000
<GCONST> 1.150032e+002
<MIXTURE> 2 4.822410e-001
<MEAN> 22
 1.122877e+000 7.120736e+000 7.130609e-001 3.275483e+000 1.002643e+001 1.599897e+002 8.268412e+001 1.118729e+002 5.224873e+001 7.327097e+001 1.776214e+002 4.637698e+001 1.066670e+002 8.161927e+001 6.939466e+000 2.414691e+000 6.038024e+000 4.159291e+000 5.960078e+000 1.738654e+000 1.656529e+000 3.517015e+000
<VARIANCE> 22
 4.801632e+000 6.082454e+001 3.300596e+000 1.632907e+001 6.141221e+002 1.476280e+003 1.599377e+002 7.575869e+002 5.387472e+001 1.955368e+002 3.800000e+002 4.202957e+002 7.794557e+001 2.419016e+002 3.210008e-001 2.877986e-001 1.053528e-001 7.143807e-001 1.132973e-001 3.804539e-001 5.360535e+000 6.082242e+000
<GCONST> 1.019795e+002
<STATE> 4
<NUMMIXES> 2
<MIXTURE> 1 8.634591e-001
<MEAN> 22
 1.072436e+001 3.159065e+000 3.931941e+000 1.296793e+000 1.007747e+002 2.118928e+001 1.055961e+002 9.360496e+001 7.497339e+001 5.342518e+001 1.028948e+002 1.915466e+002 9.911485e+001 1.134917e+002 3.062233e+000 4.996262e+000 4.211269e+000 5.864971e+000 3.777382e+000 5.982684e+000 3.505150e+000 2.484969e+000
<VARIANCE> 22
 1.784545e+002 3.700449e+001 3.013580e+001 5.416379e+000 5.067747e+003 7.822725e+002 1.042857e+003 2.086109e+002 4.105217e+002 6.882433e+001 4.545333e+003 3.498163e+002 3.958277e+002 1.268658e+002 7.350434e+000 1.793315e-002 8.953742e+000 1.167976e-001 3.496983e+000 5.618803e-002 5.842914e+000 6.227490e+000
<GCONST> 1.171447e+002
<MIXTURE> 2 1.365412e-001
<MEAN> 22
 2.203615e+000 3.437688e+000 1.214399e+000 1.157693e+000 3.082383e+002 2.440167e+002 3.018381e+001 3.194256e+001 3.714296e+001 3.555397e+001 6.260079e+001 4.697861e+001 5.882997e+001 5.652510e+001 1.921432e+000 1.043441e+000 3.183811e+000 3.034686e+000 2.321074e+000 4.595832e-001 1.038686e+000 1.630423e+000
<VARIANCE> 22
 4.836084e+001 5.125486e+001 7.649429e+000 9.395658e+000 6.335739e+004 3.030299e+004 1.986187e+003 1.942573e+003 1.076547e+003 1.011943e+003 4.347221e+003 1.927858e+003 2.730397e+003 2.490951e+003 5.201705e+000 1.596409e+000 9.273465e+000 7.470822e+000 5.088614e+000 8.879698e-001 3.767653e+000 5.644890e+000
<GCONST> 1.455605e+002
<TRANSP> 5
 0.000000e+000 1.000000e+000 0.000000e+000 0.000000e+000 0.000000e+000
 0.000000e+000 8.493395e-001 1.506605e-001 0.000000e+000 0.000000e+000
 0.000000e+000 0.000000e+000 9.460978e-001 5.390216e-002 0.000000e+000
 0.000000e+000 0.000000e+000 0.000000e+000 8.807541e-001 1.192459e-001
 0.000000e+000 0.000000e+000 0.000000e+000 0.000000e+000 0.000000e+000
<ENDHMM>
~h "SIL"
<BEGINHMM>
<NUMSTATES> 5
<STATE> 2
<NUMMIXES> 2
<MIXTURE> 1 1.769683e-001
<MEAN> 22
 4.456273e+002 3.780399e+002 4.040587e+002 3.242773e+002 9.240113e+000 1.837140e+001 4.507587e+001 4.736464e+001 3.157848e+001 3.317904e+001 8.708940e+001 7.939904e+001 5.583220e+001 5.442357e+001 3.045050e+000 2.123831e+000 2.947646e+000 2.730914e+000 2.757980e+000 2.431231e+000 4.451220e+000 4.539831e+000
<VARIANCE> 22
 2.448714e+004 1.571169e+004 2.039500e+004 1.314794e+004 3.538589e+003 5.014333e+003 2.494301e+003 3.120501e+003 1.120851e+003 1.526808e+003 8.982431e+003 7.942645e+003 3.368889e+003 3.193973e+003 1.140486e+001 5.525998e+000 9.376374e+000 8.158731e+000 8.358817e+000 8.280311e+000 4.574395e+000 4.304807e+000
<GCONST> 1.764928e+002
<MIXTURE> 2 8.230315e-001
<MEAN> 22
 -7.198742e-016 -9.889501e-016 -8.733467e-014 -2.233864e-014 3.661410e+001 2.963480e+001 2.458150e-018 1.437094e-019 -3.725248e-019 -9.664693e-022 4.058461e-019 -1.204584e-019 9.268002e-019 -3.363231e-019 -2.522946e-020 1.540011e-020 -3.018633e-020 -3.658632e-021 -2.920271e-020 -9.524364e-020 4.713647e-017 -1.619868e-016
<VARIANCE> 22
 4.801632e+000 4.063125e+000 3.300596e+000 2.164982e+000 1.817515e+004 1.195246e+004 9.838196e+000 1.115232e+001 2.936353e+000 3.516743e+000 3.745900e+001 4.440890e+001 4.184655e+000 3.870682e+000 6.504287e-002 1.793315e-002 2.326111e-002 1.170389e-002 2.082488e-002 5.618803e-002 6.153807e-002 6.060927e-002
<GCONST> 5.449670e+001
<STATE> 3
<NUMMIXES> 2
<MIXTURE> 1 7.699617e-001
<MEAN> 22
 1.883303e+000 2.131915e+000 7.397139e-001 8.402936e-001 1.024741e+001 1.120394e+001 1.028357e+002 9.922488e+001 6.497151e+001 5.995092e+001 2.001508e+002 1.978945e+002 1.198433e+002 1.182078e+002 6.999256e+000 5.000064e+000 6.174301e+000 5.895650e+000 6.002827e+000 5.997080e+000 2.073036e+000 2.088842e+000
<VARIANCE> 22
 1.085924e+001 1.061239e+001 3.300596e+000 2.164982e+000 1.627247e+002 1.590023e+002 4.267096e+002 2.479485e+002 1.142437e+002 8.008529e+001 6.919277e+002 4.791307e+002 2.517751e+002 1.521306e+002 6.504287e-002 1.793315e-002 1.439774e-001 9.348115e-002 2.082488e-002 5.618803e-002 5.663242e+000 5.656545e+000
<GCONST> 8.691756e+001
<MIXTURE> 2 2.300485e-001
<MEAN> 22
 9.208280e+000 1.152758e+001 2.272880e+000 2.851547e+000 5.879683e+001 6.611826e+001 7.747760e+001 7.643035e+001 6.971755e+001 6.426967e+001 1.333493e+002 1.323606e+002 1.057570e+002 1.070375e+002 4.083231e+000 3.939928e+000 5.819496e+000 5.487549e+000 4.854889e+000 4.314924e+000 2.485554e+000 2.471595e+000
<VARIANCE> 22
 1.969051e+002 2.277441e+002 1.564390e+001 1.672743e+001 3.039579e+003 2.946904e+003 1.356189e+003 1.305310e+003 2.856366e+002 2.136826e+002 3.171166e+003 3.316675e+003 3.104992e+002 1.754090e+002 8.740365e+000 1.811599e+000 2.535268e+000 5.394624e-001 2.226456e+000 6.647228e+000 5.154894e+000 4.707952e+000
<GCONST> 1.341582e+002
<STATE> 4
<NUMMIXES> 2
<MIXTURE> 1 5.047039e-001
<MEAN> 22
 9.019215e-001 1.277164e+000 4.291835e-001 6.211730e-001 5.006181e+000 5.688179e+000 1.032910e+002 1.032273e+002 6.422496e+001 6.259437e+001 2.108663e+002 2.106562e+002 1.251290e+002 1.258561e+002 6.999976e+000 5.000000e+000 6.017628e+000 5.966244e+000 6.000123e+000 5.999901e+000 1.679661e+000 1.671471e+000
<VARIANCE> 22
 4.801632e+000 4.560123e+000 3.300596e+000 2.164982e+000 4.956259e+001 5.429972e+001 9.759567e+001 1.118173e+002 2.990889e+001 3.727467e+001 2.831796e+002 3.291696e+002 8.497764e+001 9.325422e+001 6.504287e-002 1.793315e-002 2.326111e-002 3.263012e-002 2.082488e-002 5.618803e-002 5.194737e+000 5.134194e+000
<GCONST> 7.271402e+001
<MIXTURE> 2 4.952815e-001
<MEAN> 22
 1.162524e+000 2.507748e+000 4.070832e-001 8.411443e-001 5.418808e+000 1.001472e+001 8.339292e+001 8.215519e+001 5.401234e+001 5.331685e+001 1.766240e+002 1.739234e+002 1.075231e+002 1.062217e+002 6.968147e+000 4.954390e+000 6.005780e+000 5.935766e+000 5.990746e+000 5.945512e+000 1.672979e+000 2.007025e+000
<VARIANCE> 22
 8.275443e+000 3.123205e+001 3.300596e+000 2.981567e+000 1.090175e+002 3.502048e+002 4.955008e+001 9.009323e+001 2.373691e+001 6.004792e+001 1.342964e+002 3.080035e+002 3.305389e+001 3.963038e+001 1.970491e-001 1.014771e-001 2.326111e-002 6.675633e-002 2.290173e-002 3.618056e-001 5.261479e+000 5.887948e+000
<GCONST> 8.055874e+001
<TRANSP> 5
 0.000000e+000 1.000000e+000 0.000000e+000 0.000000e+000 0.000000e+000
 0.000000e+000 9.094760e-001 9.052397e-002 0.000000e+000 0.000000e+000
 0.000000e+000 0.000000e+000 9.965737e-001 3.426220e-003 0.000000e+000
 0.000000e+000 0.000000e+000 0.000000e+000 9.952918e-001 4.708239e-003
 0.000000e+000 0.000000e+000 0.000000e+000 0.000000e+000 0.000000e+000
<ENDHMM>
