~o
<STREAMINFO> 1 22
<VECSIZE> 22<NULLD><MFCC_0><DIAGC>
~h "SIL"
<BEGINHMM>
<NUMSTATES> 5
<STATE> 2
<NUMMIXES> 10
<MIXTURE> 1 6.250000e-02
<MEAN> 22
 2.315636e+01 2.352269e+01 1.663123e+01 1.424404e+01 9.872836e+01 1.192152e+02 1.159995e+02 1.162116e+02 7.848363e+01 7.948894e+01 2.101753e+02 1.989714e+02 1.270698e+02 1.241875e+02 7.521752e+00 5.141660e+00 6.976417e+00 6.289631e+00 6.429389e+00 6.398467e+00 4.311436e+00 4.556657e+00
<VARIANCE> 22
 4.801635e+02 4.063120e+02 3.300595e+02 2.164982e+02 4.956268e+03 5.429985e+03 9.837579e+02 1.115179e+03 2.936362e+02 3.515820e+02 3.745738e+03 4.440754e+03 4.183320e+02 3.870127e+02 6.504288e+00 1.793316e+00 2.326111e+00 1.170389e+00 2.082489e+00 5.618803e+00 6.153808e+00 6.060927e+00
<GCONST> 1.445108e+02
<MIXTURE> 2 6.250000e-02
<MEAN> 22
 1.439130e+01 1.545981e+01 9.364216e+00 8.358487e+00 7.056805e+01 8.973984e+01 1.034535e+02 1.028537e+02 7.162930e+01 7.198872e+01 1.856943e+02 1.723158e+02 1.188886e+02 1.163185e+02 6.501612e+00 4.606002e+00 6.366353e+00 5.856893e+00 5.852156e+00 5.450307e+00 3.319161e+00 3.571899e+00
<VARIANCE> 22
 4.801635e+02 4.063120e+02 3.300595e+02 2.164982e+02 4.956268e+03 5.429985e+03 9.837579e+02 1.115179e+03 2.936362e+02 3.515820e+02 3.745738e+03 4.440754e+03 4.183320e+02 3.870127e+02 6.504288e+00 1.793316e+00 2.326111e+00 1.170389e+00 2.082489e+00 5.618803e+00 6.153808e+00 6.060927e+00
<GCONST> 1.445108e+02
<MIXTURE> 3 1.250000e-01
<MEAN> 22
 1.000877e+01 1.142837e+01 5.730708e+00 5.415711e+00 5.648790e+01 7.500215e+01 9.718052e+01 9.617490e+01 6.820213e+01 6.823861e+01 1.734538e+02 1.589880e+02 1.147980e+02 1.123840e+02 5.991541e+00 4.338172e+00 6.061321e+00 5.640524e+00 5.563539e+00 4.976227e+00 2.823024e+00 3.079520e+00
<VARIANCE> 22
 4.801635e+02 4.063120e+02 3.300595e+02 2.164982e+02 4.956268e+03 5.429985e+03 9.837579e+02 1.115179e+03 2.936362e+02 3.515820e+02 3.745738e+03 4.440754e+03 4.183320e+02 3.870127e+02 6.504288e+00 1.793316e+00 2.326111e+00 1.170389e+00 2.082489e+00 5.618803e+00 6.153808e+00 6.060927e+00
<GCONST> 1.445108e+02
<MIXTURE> 4 1.250000e-01
<MEAN> 22
 1.243720e+00 3.365496e+00 -1.536308e+00 -4.698386e-01 2.832759e+01 4.552678e+01 8.463456e+01 8.281718e+01 6.134780e+01 6.073840e+01 1.489728e+02 1.323324e+02 1.066168e+02 1.045150e+02 4.971401e+00 3.802516e+00 5.451257e+00 5.207786e+00 4.986306e+00 4.028067e+00 1.830750e+00 2.094762e+00
<VARIANCE> 22
 4.801635e+02 4.063120e+02 3.300595e+02 2.164982e+02 4.956268e+03 5.429985e+03 9.837579e+02 1.115179e+03 2.936362e+02 3.515820e+02 3.745738e+03 4.440754e+03 4.183320e+02 3.870127e+02 6.504288e+00 1.793316e+00 2.326111e+00 1.170389e+00 2.082489e+00 5.618803e+00 6.153808e+00 6.060927e+00
<GCONST> 1.445108e+02
<MIXTURE> 5 1.250000e-01
<MEAN> 22
 1.000877e+01 1.142837e+01 5.730708e+00 5.415711e+00 5.648789e+01 7.500215e+01 9.718052e+01 9.617494e+01 6.820214e+01 6.823862e+01 1.734538e+02 1.589880e+02 1.147980e+02 1.123840e+02 5.991541e+00 4.338172e+00 6.061321e+00 5.640524e+00 5.563540e+00 4.976227e+00 2.823024e+00 3.079520e+00
<VARIANCE> 22
 4.801635e+02 4.063120e+02 3.300595e+02 2.164982e+02 4.956268e+03 5.429985e+03 9.837579e+02 1.115179e+03 2.936362e+02 3.515820e+02 3.745738e+03 4.440754e+03 4.183320e+02 3.870127e+02 6.504288e+00 1.793316e+00 2.326111e+00 1.170389e+00 2.082489e+00 5.618803e+00 6.153808e+00 6.060927e+00
<GCONST> 1.445108e+02
<MIXTURE> 6 1.250000e-01
<MEAN> 22
 1.243720e+00 3.365497e+00 -1.536308e+00 -4.698384e-01 2.832759e+01 4.552678e+01 8.463456e+01 8.281718e+01 6.134780e+01 6.073840e+01 1.489728e+02 1.323324e+02 1.066168e+02 1.045150e+02 4.971402e+00 3.802515e+00 5.451257e+00 5.207786e+00 4.986305e+00 4.028067e+00 1.830750e+00 2.094762e+00
<VARIANCE> 22
 4.801635e+02 4.063120e+02 3.300595e+02 2.164982e+02 4.956268e+03 5.429985e+03 9.837579e+02 1.115179e+03 2.936362e+02 3.515820e+02 3.745738e+03 4.440754e+03 4.183320e+02 3.870127e+02 6.504288e+00 1.793316e+00 2.326111e+00 1.170389e+00 2.082489e+00 5.618803e+00 6.153808e+00 6.060927e+00
<GCONST> 1.445108e+02
<MIXTURE> 7 1.250000e-01
<MEAN> 22
 1.243716e+00 3.365498e+00 -1.536308e+00 -4.698396e-01 2.832759e+01 4.552678e+01 8.463456e+01 8.281718e+01 6.134781e+01 6.073840e+01 1.489728e+02 1.323324e+02 1.066168e+02 1.045150e+02 4.971401e+00 3.802514e+00 5.451257e+00 5.207786e+00 4.986305e+00 4.028067e+00 1.830750e+00 2.094762e+00
<VARIANCE> 22
 4.801635e+02 4.063120e+02 3.300595e+02 2.164982e+02 4.956268e+03 5.429985e+03 9.837579e+02 1.115179e+03 2.936362e+02 3.515820e+02 3.745738e+03 4.440754e+03 4.183320e+02 3.870127e+02 6.504288e+00 1.793316e+00 2.326111e+00 1.170389e+00 2.082489e+00 5.618803e+00 6.153808e+00 6.060927e+00
<GCONST> 1.445108e+02
<MIXTURE> 8 1.250000e-01
<MEAN> 22
 -7.521334e+00 -4.697377e+00 -8.803324e+00 -6.355390e+00 1.672869e-01 1.605140e+01 7.208860e+01 6.945947e+01 5.449348e+01 5.323820e+01 1.244918e+02 1.056768e+02 9.843556e+01 9.664597e+01 3.951261e+00 3.266857e+00 4.841193e+00 4.775048e+00 4.409072e+00 3.079907e+00 8.384756e-01 1.110004e+00
<VARIANCE> 22
 4.801635e+02 4.063120e+02 3.300595e+02 2.164982e+02 4.956268e+03 5.429985e+03 9.837579e+02 1.115179e+03 2.936362e+02 3.515820e+02 3.745738e+03 4.440754e+03 4.183320e+02 3.870127e+02 6.504288e+00 1.793316e+00 2.326111e+00 1.170389e+00 2.082489e+00 5.618803e+00 6.153808e+00 6.060927e+00
<GCONST> 1.445108e+02
<MIXTURE> 9 6.250000e-02
<MEAN> 22
 1.439130e+01 1.545981e+01 9.364212e+00 8.358484e+00 7.056805e+01 8.973981e+01 1.034535e+02 1.028538e+02 7.162931e+01 7.198872e+01 1.856943e+02 1.723158e+02 1.188886e+02 1.163185e+02 6.501612e+00 4.606001e+00 6.366353e+00 5.856893e+00 5.852156e+00 5.450307e+00 3.319161e+00 3.571899e+00
<VARIANCE> 22
 4.801635e+02 4.063120e+02 3.300595e+02 2.164982e+02 4.956268e+03 5.429985e+03 9.837579e+02 1.115179e+03 2.936362e+02 3.515820e+02 3.745738e+03 4.440754e+03 4.183320e+02 3.870127e+02 6.504288e+00 1.793316e+00 2.326111e+00 1.170389e+00 2.082489e+00 5.618803e+00 6.153808e+00 6.060927e+00
<GCONST> 1.445108e+02
<MIXTURE> 10 6.250000e-02
<MEAN> 22
 5.626243e+00 7.396934e+00 2.097200e+00 2.472936e+00 4.240775e+01 6.026447e+01 9.090754e+01 8.949603e+01 6.477497e+01 6.448850e+01 1.612133e+02 1.456602e+02 1.107074e+02 1.084495e+02 5.481472e+00 4.070343e+00 5.756289e+00 5.424155e+00 5.274922e+00 4.502147e+00 2.326887e+00 2.587141e+00
<VARIANCE> 22
 4.801635e+02 4.063120e+02 3.300595e+02 2.164982e+02 4.956268e+03 5.429985e+03 9.837579e+02 1.115179e+03 2.936362e+02 3.515820e+02 3.745738e+03 4.440754e+03 4.183320e+02 3.870127e+02 6.504288e+00 1.793316e+00 2.326111e+00 1.170389e+00 2.082489e+00 5.618803e+00 6.153808e+00 6.060927e+00
<GCONST> 1.445108e+02
<STATE> 3
<NUMMIXES> 10
<MIXTURE> 1 6.250000e-02
<MEAN> 22
 2.315636e+01 2.352269e+01 1.663123e+01 1.424404e+01 9.872836e+01 1.192152e+02 1.159995e+02 1.162116e+02 7.848363e+01 7.948894e+01 2.101753e+02 1.989714e+02 1.270698e+02 1.241875e+02 7.521752e+00 5.141660e+00 6.976417e+00 6.289631e+00 6.429389e+00 6.398467e+00 4.311436e+00 4.556657e+00
<VARIANCE> 22
 4.801635e+02 4.063120e+02 3.300595e+02 2.164982e+02 4.956268e+03 5.429985e+03 9.837579e+02 1.115179e+03 2.936362e+02 3.515820e+02 3.745738e+03 4.440754e+03 4.183320e+02 3.870127e+02 6.504288e+00 1.793316e+00 2.326111e+00 1.170389e+00 2.082489e+00 5.618803e+00 6.153808e+00 6.060927e+00
<GCONST> 1.445108e+02
<MIXTURE> 2 6.250000e-02
<MEAN> 22
 1.439130e+01 1.545981e+01 9.364216e+00 8.358487e+00 7.056805e+01 8.973984e+01 1.034535e+02 1.028537e+02 7.162930e+01 7.198872e+01 1.856943e+02 1.723158e+02 1.188886e+02 1.163185e+02 6.501612e+00 4.606002e+00 6.366353e+00 5.856893e+00 5.852156e+00 5.450307e+00 3.319161e+00 3.571899e+00
<VARIANCE> 22
 4.801635e+02 4.063120e+02 3.300595e+02 2.164982e+02 4.956268e+03 5.429985e+03 9.837579e+02 1.115179e+03 2.936362e+02 3.515820e+02 3.745738e+03 4.440754e+03 4.183320e+02 3.870127e+02 6.504288e+00 1.793316e+00 2.326111e+00 1.170389e+00 2.082489e+00 5.618803e+00 6.153808e+00 6.060927e+00
<GCONST> 1.445108e+02
<MIXTURE> 3 1.250000e-01
<MEAN> 22
 1.000877e+01 1.142837e+01 5.730708e+00 5.415711e+00 5.648790e+01 7.500215e+01 9.718052e+01 9.617490e+01 6.820213e+01 6.823861e+01 1.734538e+02 1.589880e+02 1.147980e+02 1.123840e+02 5.991541e+00 4.338172e+00 6.061321e+00 5.640524e+00 5.563539e+00 4.976227e+00 2.823024e+00 3.079520e+00
<VARIANCE> 22
 4.801635e+02 4.063120e+02 3.300595e+02 2.164982e+02 4.956268e+03 5.429985e+03 9.837579e+02 1.115179e+03 2.936362e+02 3.515820e+02 3.745738e+03 4.440754e+03 4.183320e+02 3.870127e+02 6.504288e+00 1.793316e+00 2.326111e+00 1.170389e+00 2.082489e+00 5.618803e+00 6.153808e+00 6.060927e+00
<GCONST> 1.445108e+02
<MIXTURE> 4 1.250000e-01
<MEAN> 22
 1.243720e+00 3.365496e+00 -1.536308e+00 -4.698386e-01 2.832759e+01 4.552678e+01 8.463456e+01 8.281718e+01 6.134780e+01 6.073840e+01 1.489728e+02 1.323324e+02 1.066168e+02 1.045150e+02 4.971401e+00 3.802516e+00 5.451257e+00 5.207786e+00 4.986306e+00 4.028067e+00 1.830750e+00 2.094762e+00
<VARIANCE> 22
 4.801635e+02 4.063120e+02 3.300595e+02 2.164982e+02 4.956268e+03 5.429985e+03 9.837579e+02 1.115179e+03 2.936362e+02 3.515820e+02 3.745738e+03 4.440754e+03 4.183320e+02 3.870127e+02 6.504288e+00 1.793316e+00 2.326111e+00 1.170389e+00 2.082489e+00 5.618803e+00 6.153808e+00 6.060927e+00
<GCONST> 1.445108e+02
<MIXTURE> 5 1.250000e-01
<MEAN> 22
 1.000877e+01 1.142837e+01 5.730708e+00 5.415711e+00 5.648789e+01 7.500215e+01 9.718052e+01 9.617494e+01 6.820214e+01 6.823862e+01 1.734538e+02 1.589880e+02 1.147980e+02 1.123840e+02 5.991541e+00 4.338172e+00 6.061321e+00 5.640524e+00 5.563540e+00 4.976227e+00 2.823024e+00 3.079520e+00
<VARIANCE> 22
 4.801635e+02 4.063120e+02 3.300595e+02 2.164982e+02 4.956268e+03 5.429985e+03 9.837579e+02 1.115179e+03 2.936362e+02 3.515820e+02 3.745738e+03 4.440754e+03 4.183320e+02 3.870127e+02 6.504288e+00 1.793316e+00 2.326111e+00 1.170389e+00 2.082489e+00 5.618803e+00 6.153808e+00 6.060927e+00
<GCONST> 1.445108e+02
<MIXTURE> 6 1.250000e-01
<MEAN> 22
 1.243720e+00 3.365497e+00 -1.536308e+00 -4.698384e-01 2.832759e+01 4.552678e+01 8.463456e+01 8.281718e+01 6.134780e+01 6.073840e+01 1.489728e+02 1.323324e+02 1.066168e+02 1.045150e+02 4.971402e+00 3.802515e+00 5.451257e+00 5.207786e+00 4.986305e+00 4.028067e+00 1.830750e+00 2.094762e+00
<VARIANCE> 22
 4.801635e+02 4.063120e+02 3.300595e+02 2.164982e+02 4.956268e+03 5.429985e+03 9.837579e+02 1.115179e+03 2.936362e+02 3.515820e+02 3.745738e+03 4.440754e+03 4.183320e+02 3.870127e+02 6.504288e+00 1.793316e+00 2.326111e+00 1.170389e+00 2.082489e+00 5.618803e+00 6.153808e+00 6.060927e+00
<GCONST> 1.445108e+02
<MIXTURE> 7 1.250000e-01
<MEAN> 22
 1.243716e+00 3.365498e+00 -1.536308e+00 -4.698396e-01 2.832759e+01 4.552678e+01 8.463456e+01 8.281718e+01 6.134781e+01 6.073840e+01 1.489728e+02 1.323324e+02 1.066168e+02 1.045150e+02 4.971401e+00 3.802514e+00 5.451257e+00 5.207786e+00 4.986305e+00 4.028067e+00 1.830750e+00 2.094762e+00
<VARIANCE> 22
 4.801635e+02 4.063120e+02 3.300595e+02 2.164982e+02 4.956268e+03 5.429985e+03 9.837579e+02 1.115179e+03 2.936362e+02 3.515820e+02 3.745738e+03 4.440754e+03 4.183320e+02 3.870127e+02 6.504288e+00 1.793316e+00 2.326111e+00 1.170389e+00 2.082489e+00 5.618803e+00 6.153808e+00 6.060927e+00
<GCONST> 1.445108e+02
<MIXTURE> 8 1.250000e-01
<MEAN> 22
 -7.521334e+00 -4.697377e+00 -8.803324e+00 -6.355390e+00 1.672869e-01 1.605140e+01 7.208860e+01 6.945947e+01 5.449348e+01 5.323820e+01 1.244918e+02 1.056768e+02 9.843556e+01 9.664597e+01 3.951261e+00 3.266857e+00 4.841193e+00 4.775048e+00 4.409072e+00 3.079907e+00 8.384756e-01 1.110004e+00
<VARIANCE> 22
 4.801635e+02 4.063120e+02 3.300595e+02 2.164982e+02 4.956268e+03 5.429985e+03 9.837579e+02 1.115179e+03 2.936362e+02 3.515820e+02 3.745738e+03 4.440754e+03 4.183320e+02 3.870127e+02 6.504288e+00 1.793316e+00 2.326111e+00 1.170389e+00 2.082489e+00 5.618803e+00 6.153808e+00 6.060927e+00
<GCONST> 1.445108e+02
<MIXTURE> 9 6.250000e-02
<MEAN> 22
 1.439130e+01 1.545981e+01 9.364212e+00 8.358484e+00 7.056805e+01 8.973981e+01 1.034535e+02 1.028538e+02 7.162931e+01 7.198872e+01 1.856943e+02 1.723158e+02 1.188886e+02 1.163185e+02 6.501612e+00 4.606001e+00 6.366353e+00 5.856893e+00 5.852156e+00 5.450307e+00 3.319161e+00 3.571899e+00
<VARIANCE> 22
 4.801635e+02 4.063120e+02 3.300595e+02 2.164982e+02 4.956268e+03 5.429985e+03 9.837579e+02 1.115179e+03 2.936362e+02 3.515820e+02 3.745738e+03 4.440754e+03 4.183320e+02 3.870127e+02 6.504288e+00 1.793316e+00 2.326111e+00 1.170389e+00 2.082489e+00 5.618803e+00 6.153808e+00 6.060927e+00
<GCONST> 1.445108e+02
<MIXTURE> 10 6.250000e-02
<MEAN> 22
 5.626243e+00 7.396934e+00 2.097200e+00 2.472936e+00 4.240775e+01 6.026447e+01 9.090754e+01 8.949603e+01 6.477497e+01 6.448850e+01 1.612133e+02 1.456602e+02 1.107074e+02 1.084495e+02 5.481472e+00 4.070343e+00 5.756289e+00 5.424155e+00 5.274922e+00 4.502147e+00 2.326887e+00 2.587141e+00
<VARIANCE> 22
 4.801635e+02 4.063120e+02 3.300595e+02 2.164982e+02 4.956268e+03 5.429985e+03 9.837579e+02 1.115179e+03 2.936362e+02 3.515820e+02 3.745738e+03 4.440754e+03 4.183320e+02 3.870127e+02 6.504288e+00 1.793316e+00 2.326111e+00 1.170389e+00 2.082489e+00 5.618803e+00 6.153808e+00 6.060927e+00
<GCONST> 1.445108e+02
<STATE> 4
<NUMMIXES> 10
<MIXTURE> 1 6.250000e-02
<MEAN> 22
 2.315636e+01 2.352269e+01 1.663123e+01 1.424404e+01 9.872836e+01 1.192152e+02 1.159995e+02 1.162116e+02 7.848363e+01 7.948894e+01 2.101753e+02 1.989714e+02 1.270698e+02 1.241875e+02 7.521752e+00 5.141660e+00 6.976417e+00 6.289631e+00 6.429389e+00 6.398467e+00 4.311436e+00 4.556657e+00
<VARIANCE> 22
 4.801635e+02 4.063120e+02 3.300595e+02 2.164982e+02 4.956268e+03 5.429985e+03 9.837579e+02 1.115179e+03 2.936362e+02 3.515820e+02 3.745738e+03 4.440754e+03 4.183320e+02 3.870127e+02 6.504288e+00 1.793316e+00 2.326111e+00 1.170389e+00 2.082489e+00 5.618803e+00 6.153808e+00 6.060927e+00
<GCONST> 1.445108e+02
<MIXTURE> 2 6.250000e-02
<MEAN> 22
 1.439130e+01 1.545981e+01 9.364216e+00 8.358487e+00 7.056805e+01 8.973984e+01 1.034535e+02 1.028537e+02 7.162930e+01 7.198872e+01 1.856943e+02 1.723158e+02 1.188886e+02 1.163185e+02 6.501612e+00 4.606002e+00 6.366353e+00 5.856893e+00 5.852156e+00 5.450307e+00 3.319161e+00 3.571899e+00
<VARIANCE> 22
 4.801635e+02 4.063120e+02 3.300595e+02 2.164982e+02 4.956268e+03 5.429985e+03 9.837579e+02 1.115179e+03 2.936362e+02 3.515820e+02 3.745738e+03 4.440754e+03 4.183320e+02 3.870127e+02 6.504288e+00 1.793316e+00 2.326111e+00 1.170389e+00 2.082489e+00 5.618803e+00 6.153808e+00 6.060927e+00
<GCONST> 1.445108e+02
<MIXTURE> 3 1.250000e-01
<MEAN> 22
 1.000877e+01 1.142837e+01 5.730708e+00 5.415711e+00 5.648790e+01 7.500215e+01 9.718052e+01 9.617490e+01 6.820213e+01 6.823861e+01 1.734538e+02 1.589880e+02 1.147980e+02 1.123840e+02 5.991541e+00 4.338172e+00 6.061321e+00 5.640524e+00 5.563539e+00 4.976227e+00 2.823024e+00 3.079520e+00
<VARIANCE> 22
 4.801635e+02 4.063120e+02 3.300595e+02 2.164982e+02 4.956268e+03 5.429985e+03 9.837579e+02 1.115179e+03 2.936362e+02 3.515820e+02 3.745738e+03 4.440754e+03 4.183320e+02 3.870127e+02 6.504288e+00 1.793316e+00 2.326111e+00 1.170389e+00 2.082489e+00 5.618803e+00 6.153808e+00 6.060927e+00
<GCONST> 1.445108e+02
<MIXTURE> 4 1.250000e-01
<MEAN> 22
 1.243720e+00 3.365496e+00 -1.536308e+00 -4.698386e-01 2.832759e+01 4.552678e+01 8.463456e+01 8.281718e+01 6.134780e+01 6.073840e+01 1.489728e+02 1.323324e+02 1.066168e+02 1.045150e+02 4.971401e+00 3.802516e+00 5.451257e+00 5.207786e+00 4.986306e+00 4.028067e+00 1.830750e+00 2.094762e+00
<VARIANCE> 22
 4.801635e+02 4.063120e+02 3.300595e+02 2.164982e+02 4.956268e+03 5.429985e+03 9.837579e+02 1.115179e+03 2.936362e+02 3.515820e+02 3.745738e+03 4.440754e+03 4.183320e+02 3.870127e+02 6.504288e+00 1.793316e+00 2.326111e+00 1.170389e+00 2.082489e+00 5.618803e+00 6.153808e+00 6.060927e+00
<GCONST> 1.445108e+02
<MIXTURE> 5 1.250000e-01
<MEAN> 22
 1.000877e+01 1.142837e+01 5.730708e+00 5.415711e+00 5.648789e+01 7.500215e+01 9.718052e+01 9.617494e+01 6.820214e+01 6.823862e+01 1.734538e+02 1.589880e+02 1.147980e+02 1.123840e+02 5.991541e+00 4.338172e+00 6.061321e+00 5.640524e+00 5.563540e+00 4.976227e+00 2.823024e+00 3.079520e+00
<VARIANCE> 22
 4.801635e+02 4.063120e+02 3.300595e+02 2.164982e+02 4.956268e+03 5.429985e+03 9.837579e+02 1.115179e+03 2.936362e+02 3.515820e+02 3.745738e+03 4.440754e+03 4.183320e+02 3.870127e+02 6.504288e+00 1.793316e+00 2.326111e+00 1.170389e+00 2.082489e+00 5.618803e+00 6.153808e+00 6.060927e+00
<GCONST> 1.445108e+02
<MIXTURE> 6 1.250000e-01
<MEAN> 22
 1.243720e+00 3.365497e+00 -1.536308e+00 -4.698384e-01 2.832759e+01 4.552678e+01 8.463456e+01 8.281718e+01 6.134780e+01 6.073840e+01 1.489728e+02 1.323324e+02 1.066168e+02 1.045150e+02 4.971402e+00 3.802515e+00 5.451257e+00 5.207786e+00 4.986305e+00 4.028067e+00 1.830750e+00 2.094762e+00
<VARIANCE> 22
 4.801635e+02 4.063120e+02 3.300595e+02 2.164982e+02 4.956268e+03 5.429985e+03 9.837579e+02 1.115179e+03 2.936362e+02 3.515820e+02 3.745738e+03 4.440754e+03 4.183320e+02 3.870127e+02 6.504288e+00 1.793316e+00 2.326111e+00 1.170389e+00 2.082489e+00 5.618803e+00 6.153808e+00 6.060927e+00
<GCONST> 1.445108e+02
<MIXTURE> 7 1.250000e-01
<MEAN> 22
 1.243716e+00 3.365498e+00 -1.536308e+00 -4.698396e-01 2.832759e+01 4.552678e+01 8.463456e+01 8.281718e+01 6.134781e+01 6.073840e+01 1.489728e+02 1.323324e+02 1.066168e+02 1.045150e+02 4.971401e+00 3.802514e+00 5.451257e+00 5.207786e+00 4.986305e+00 4.028067e+00 1.830750e+00 2.094762e+00
<VARIANCE> 22
 4.801635e+02 4.063120e+02 3.300595e+02 2.164982e+02 4.956268e+03 5.429985e+03 9.837579e+02 1.115179e+03 2.936362e+02 3.515820e+02 3.745738e+03 4.440754e+03 4.183320e+02 3.870127e+02 6.504288e+00 1.793316e+00 2.326111e+00 1.170389e+00 2.082489e+00 5.618803e+00 6.153808e+00 6.060927e+00
<GCONST> 1.445108e+02
<MIXTURE> 8 1.250000e-01
<MEAN> 22
 -7.521334e+00 -4.697377e+00 -8.803324e+00 -6.355390e+00 1.672869e-01 1.605140e+01 7.208860e+01 6.945947e+01 5.449348e+01 5.323820e+01 1.244918e+02 1.056768e+02 9.843556e+01 9.664597e+01 3.951261e+00 3.266857e+00 4.841193e+00 4.775048e+00 4.409072e+00 3.079907e+00 8.384756e-01 1.110004e+00
<VARIANCE> 22
 4.801635e+02 4.063120e+02 3.300595e+02 2.164982e+02 4.956268e+03 5.429985e+03 9.837579e+02 1.115179e+03 2.936362e+02 3.515820e+02 3.745738e+03 4.440754e+03 4.183320e+02 3.870127e+02 6.504288e+00 1.793316e+00 2.326111e+00 1.170389e+00 2.082489e+00 5.618803e+00 6.153808e+00 6.060927e+00
<GCONST> 1.445108e+02
<MIXTURE> 9 6.250000e-02
<MEAN> 22
 1.439130e+01 1.545981e+01 9.364212e+00 8.358484e+00 7.056805e+01 8.973981e+01 1.034535e+02 1.028538e+02 7.162931e+01 7.198872e+01 1.856943e+02 1.723158e+02 1.188886e+02 1.163185e+02 6.501612e+00 4.606001e+00 6.366353e+00 5.856893e+00 5.852156e+00 5.450307e+00 3.319161e+00 3.571899e+00
<VARIANCE> 22
 4.801635e+02 4.063120e+02 3.300595e+02 2.164982e+02 4.956268e+03 5.429985e+03 9.837579e+02 1.115179e+03 2.936362e+02 3.515820e+02 3.745738e+03 4.440754e+03 4.183320e+02 3.870127e+02 6.504288e+00 1.793316e+00 2.326111e+00 1.170389e+00 2.082489e+00 5.618803e+00 6.153808e+00 6.060927e+00
<GCONST> 1.445108e+02
<MIXTURE> 10 6.250000e-02
<MEAN> 22
 5.626243e+00 7.396934e+00 2.097200e+00 2.472936e+00 4.240775e+01 6.026447e+01 9.090754e+01 8.949603e+01 6.477497e+01 6.448850e+01 1.612133e+02 1.456602e+02 1.107074e+02 1.084495e+02 5.481472e+00 4.070343e+00 5.756289e+00 5.424155e+00 5.274922e+00 4.502147e+00 2.326887e+00 2.587141e+00
<VARIANCE> 22
 4.801635e+02 4.063120e+02 3.300595e+02 2.164982e+02 4.956268e+03 5.429985e+03 9.837579e+02 1.115179e+03 2.936362e+02 3.515820e+02 3.745738e+03 4.440754e+03 4.183320e+02 3.870127e+02 6.504288e+00 1.793316e+00 2.326111e+00 1.170389e+00 2.082489e+00 5.618803e+00 6.153808e+00 6.060927e+00
<GCONST> 1.445108e+02
<TRANSP> 5
 0.000000e+00 1.000000e+00 0.000000e+00 0.000000e+00 0.000000e+00
 0.000000e+00 4.800000e-01 3.200000e-01 2.000000e-01 0.000000e+00
 0.000000e+00 0.000000e+00 6.000000e-01 4.000000e-01 0.000000e+00
 0.000000e+00 2.000000e-01 0.000000e+00 5.600000e-01 2.400000e-01
 0.000000e+00 0.000000e+00 0.000000e+00 0.000000e+00 0.000000e+00
<ENDHMM>
~h "oov"
<BEGINHMM>
<NUMSTATES> 5
<STATE> 2
<NUMMIXES> 10
<MIXTURE> 1 2.179603e-02
<MEAN> 22
 1.067473e+02 9.788436e+01 9.215845e+01 7.585825e+01 3.055260e+02 2.370252e+02 1.100772e+02 9.614048e+01 6.639468e+01 6.919552e+01 2.091398e+02 1.653480e+02 1.210723e+02 1.175704e+02 6.994294e+00 4.395103e+00 6.278286e+00 5.528051e+00 6.000001e+00 4.926975e+00 3.433794e+00 3.708420e+00
<VARIANCE> 22
 4.015653e+04 2.681298e+04 3.253234e+04 2.063365e+04 7.239214e+04 3.883904e+04 2.741204e+02 6.999654e+02 6.922986e+01 1.492477e+02 3.698738e+02 3.683299e+03 1.680079e+02 1.499308e+02 6.504288e-02 1.115400e+00 2.008429e-01 4.523125e-01 2.082489e-02 4.576449e+00 8.483828e+00 7.643890e+00
<GCONST> 1.457780e+02
<MIXTURE> 2 1.401860e-01
<MEAN> 22
 1.491626e+01 1.506472e+01 2.095017e+00 2.202747e+00 1.544116e+02 1.519355e+02 7.825727e+01 7.721920e+01 7.182997e+01 6.967876e+01 5.528406e+01 5.577092e+01 1.085634e+02 1.102882e+02 1.922321e+00 2.114743e+00 5.488391e+00 5.601737e+00 3.212543e+00 8.796659e-01 3.151924e+00 3.107802e+00
<VARIANCE> 22
 2.850974e+02 2.948724e+02 6.763517e+00 6.821645e+00 2.141028e+03 1.574611e+03 7.549944e+02 8.205035e+02 1.273340e+02 1.196740e+02 6.030189e+02 5.958699e+02 2.752860e+02 1.971884e+02 4.060005e-01 3.976639e-01 3.200450e+00 7.822984e-01 3.653066e-01 4.124590e-01 5.378139e+00 5.640124e+00
<GCONST> 1.179111e+02
<MIXTURE> 3 1.670179e-01
<MEAN> 22
 1.243868e+01 1.068078e+01 3.548541e+00 3.335085e+00 1.154177e+02 9.399673e+01 1.015424e+02 1.014114e+02 8.222389e+01 7.238972e+01 1.154648e+02 1.400875e+02 1.090494e+02 1.107441e+02 2.295551e+00 3.871494e+00 4.884570e+00 5.146324e+00 3.846408e+00 4.303487e+00 3.056030e+00 2.770690e+00
<VARIANCE> 22
 2.551601e+02 2.749715e+02 2.508647e+01 3.002081e+01 7.806632e+03 8.718633e+03 2.500493e+03 2.209156e+03 4.483071e+02 6.614266e+02 5.242670e+03 3.419023e+03 6.777552e+02 2.944369e+02 6.146186e+00 1.513625e+00 7.378335e+00 1.241755e+00 3.559446e+00 5.169864e+00 5.851157e+00 5.740076e+00
<GCONST> 1.441540e+02
<MIXTURE> 4 3.441646e-02
<MEAN> 22
 3.441691e-15 -7.285839e-16 -4.787837e-16 1.385003e-14 5.027428e+02 3.903586e+02 3.681951e-16 3.003153e-14 2.990663e-15 9.540979e-16 -2.838008e-15 2.742251e-14 -9.540979e-16 -4.982126e-15 9.003215e-16 3.816392e-16 -2.022037e-17 2.359224e-15 -1.374226e-17 8.673617e-16 -1.869165e-16 -1.422473e-16
<VARIANCE> 22
 4.801635e+00 4.063120e+00 3.300595e+00 2.164982e+00 6.779312e+03 4.156410e+03 9.837578e+00 1.115179e+01 2.936362e+00 3.515820e+00 3.745738e+01 4.440754e+01 4.183320e+00 3.870127e+00 6.504288e-02 1.793316e-02 2.326111e-02 1.170389e-02 2.082489e-02 5.618803e-02 6.153808e-02 6.060927e-02
<GCONST> 5.245333e+01
<MIXTURE> 5 8.712180e-02
<MEAN> 22
 6.320266e+00 6.722259e+00 1.410753e+00 1.258957e+00 1.342036e+02 1.310771e+02 7.053001e+01 7.014332e+01 6.308584e+01 6.000520e+01 5.072633e+01 5.230325e+01 9.887923e+01 9.952570e+01 1.922796e+00 2.249311e+00 6.366323e+00 5.859895e+00 3.208920e+00 1.020213e+00 3.643722e+00 3.533270e+00
<VARIANCE> 22
 3.738083e+01 4.487004e+01 3.300595e+00 2.164982e+00 1.478775e+03 1.034615e+03 3.456036e+02 3.537229e+02 4.917646e+01 6.246018e+01 3.316555e+02 3.380200e+02 5.589565e+01 6.497904e+01 2.812791e-01 3.207672e-01 5.105088e-01 5.002486e-01 2.361445e-01 2.910893e-01 5.954959e+00 6.111902e+00
<GCONST> 1.007806e+02
<MIXTURE> 6 1.147297e-02
<MEAN> 22
 3.392830e+02 2.990530e+02 3.048352e+02 2.440893e+02 4.036400e+01 4.291447e+01 3.750466e+01 4.197963e+01 3.597477e+01 3.357440e+01 4.730473e+01 5.026626e+01 4.692739e+01 4.716431e+01 1.311659e+00 1.473115e+00 2.582581e+00 2.432336e+00 1.924695e+00 1.519383e+00 3.501482e+00 3.620227e+00
<VARIANCE> 22
 4.651784e+04 2.974806e+04 4.262827e+04 2.750494e+04 4.331393e+03 5.224633e+03 2.306435e+03 2.840616e+03 1.617907e+03 1.472214e+03 3.631438e+03 4.462659e+03 2.785827e+03 2.735595e+03 4.487566e+00 3.543322e+00 9.242956e+00 7.236154e+00 5.176373e+00 5.676870e+00 3.869277e+00 3.562583e+00
<GCONST> 1.750979e+02
<MIXTURE> 7 2.002168e-01
<MEAN> 22
 4.471142e+00 9.974329e+00 1.327358e+00 2.814950e+00 3.188470e+01 9.213850e+01 8.891988e+01 9.305586e+01 6.076112e+01 7.238081e+01 1.851098e+02 1.355762e+02 1.122255e+02 1.064158e+02 7.033854e+00 4.191910e+00 6.141025e+00 5.438333e+00 6.004986e+00 4.804060e+00 2.658255e+00 3.090450e+00
<VARIANCE> 22
 2.874491e+01 9.573541e+01 3.300595e+00 8.497519e+00 1.167719e+03 4.895489e+03 3.244029e+02 1.141488e+03 6.214266e+01 3.981037e+02 5.431360e+02 3.768270e+03 1.293370e+02 1.976511e+02 6.504288e-02 1.665812e+00 7.792060e-02 1.073307e+00 3.402449e-02 5.897325e+00 5.539598e+00 5.201078e+00
<GCONST> 1.119159e+02
<MIXTURE> 8 5.043652e-02
<MEAN> 22
 -2.331468e-15 8.760354e-17 -2.428613e-17 3.122502e-15 1.077652e-03 1.558304e-03 1.665335e-14 -3.760880e-15 5.689893e-16 1.651457e-14 6.417089e-14 3.352874e-14 6.036838e-15 8.382184e-15 2.567391e-16 -9.757820e-17 1.951564e-16 -5.967449e-16 -5.238865e-16 -1.002670e-15 -8.760354e-17 6.921547e-16
<VARIANCE> 22
 4.801635e+00 4.063120e+00 3.300595e+00 2.164982e+00 4.956268e+01 5.429985e+01 9.837578e+00 1.115179e+01 2.936362e+00 3.515820e+00 3.745738e+01 4.440754e+01 4.183320e+00 3.870127e+00 6.504288e-02 1.793316e-02 2.326111e-02 1.170389e-02 2.082489e-02 5.618803e-02 6.153808e-02 6.060927e-02
<GCONST> 4.319706e+01
<MIXTURE> 9 2.002168e-01
<MEAN> 22
 2.326570e+00 6.060550e+00 6.006568e-01 1.648930e+00 1.821594e+01 6.415139e+01 8.171541e+01 7.954150e+01 5.760790e+01 6.439979e+01 1.757876e+02 1.110218e+02 1.076765e+02 1.007922e+02 6.931840e+00 3.675644e+00 6.029367e+00 5.023931e+00 5.931203e+00 3.832684e+00 1.716801e+00 2.178216e+00
<VARIANCE> 22
 2.874491e+01 9.573541e+01 3.300595e+00 8.497519e+00 1.167719e+03 4.895489e+03 3.244029e+02 1.141488e+03 6.214266e+01 3.981037e+02 5.431360e+02 3.768270e+03 1.293370e+02 1.976511e+02 6.504288e-02 1.665812e+00 7.792060e-02 1.073307e+00 3.402449e-02 5.897325e+00 5.539598e+00 5.201078e+00
<GCONST> 1.119159e+02
<MIXTURE> 10 8.712180e-02
<MEAN> 22
 3.874671e+00 4.042855e+00 6.840512e-01 6.704016e-01 1.188216e+02 1.182109e+02 6.309384e+01 6.262031e+01 6.028080e+01 5.684393e+01 4.344177e+01 4.494913e+01 9.588869e+01 9.630132e+01 1.710654e+00 2.022765e+00 6.080523e+00 5.576982e+00 3.014541e+00 8.044025e-01 2.667610e+00 2.544380e+00
<VARIANCE> 22
 3.738083e+01 4.487004e+01 3.300595e+00 2.164982e+00 1.478775e+03 1.034615e+03 3.456036e+02 3.537229e+02 4.917646e+01 6.246018e+01 3.316555e+02 3.380200e+02 5.589565e+01 6.497904e+01 2.812791e-01 3.207672e-01 5.105088e-01 5.002486e-01 2.361445e-01 2.910893e-01 5.954959e+00 6.111902e+00
<GCONST> 1.007806e+02
<STATE> 3
<NUMMIXES> 10
<MIXTURE> 1 3.501656e-02
<MEAN> 22
 1.016900e+01 6.158959e+00 2.793430e+00 1.629639e+00 4.042891e+01 2.531735e+01 1.381967e+02 1.185186e+02 8.696236e+01 7.194182e+01 2.418553e+02 2.312431e+02 1.490015e+02 1.395084e+02 6.188703e+00 4.953383e+00 6.786394e+00 5.792843e+00 6.031291e+00 5.941290e+00 2.495834e+00 2.447076e+00
<VARIANCE> 22
 2.740803e+02 1.187293e+02 2.216869e+01 6.355127e+00 2.048985e+03 7.661403e+02 1.509178e+03 4.545450e+02 1.675010e+02 1.590662e+02 2.811841e+03 1.044902e+03 6.361687e+02 2.584619e+02 4.910354e+00 6.738740e-02 1.679901e-01 1.642493e-01 2.742498e-01 1.369933e-01 6.346655e+00 6.301835e+00
<GCONST> 1.162814e+02
<MIXTURE> 2 1.196593e-01
<MEAN> 22
 1.826218e+00 2.261745e+01 9.864413e-01 6.523222e+00 1.034204e+01 1.447492e+02 1.075673e+02 1.100625e+02 6.467673e+01 9.202122e+01 2.106157e+02 1.127816e+02 1.245055e+02 1.117587e+02 7.050523e+00 3.545668e+00 6.220789e+00 4.970432e+00 6.028862e+00 3.836244e+00 2.462509e+00 4.140784e+00
<VARIANCE> 22
 4.999004e+00 3.822320e+02 3.300595e+00 4.040803e+01 8.436008e+01 6.362885e+03 2.485926e+02 2.127185e+03 6.104193e+01 6.059336e+02 4.456052e+02 3.022272e+03 1.695848e+02 2.124805e+02 6.504288e-02 1.354729e+00 1.271429e-01 1.266447e+00 2.082489e-02 6.376439e+00 6.065822e+00 5.383501e+00
<GCONST> 1.115888e+02
<MIXTURE> 3 4.390194e-02
<MEAN> 22
 1.251705e+01 1.223825e+01 1.579480e+00 1.894843e+00 8.239417e+01 9.604568e+01 5.276333e+01 5.323360e+01 6.748222e+01 6.381369e+01 8.478811e+01 7.089052e+01 1.017368e+02 1.024147e+02 2.167024e+00 2.331652e+00 6.217920e+00 5.647750e+00 4.010143e+00 5.587184e-01 3.223353e+00 3.088875e+00
<VARIANCE> 22
 1.565760e+02 1.924345e+02 3.344334e+00 4.781159e+00 2.272740e+03 2.146075e+03 5.845934e+02 6.889812e+02 1.375319e+02 1.536439e+02 1.368865e+03 5.806788e+02 1.053930e+02 9.878387e+01 3.713094e+00 6.941559e-01 3.266921e-01 4.777104e-01 1.108578e+00 4.370915e-01 5.920687e+00 5.959333e+00
<GCONST> 1.165481e+02
<MIXTURE> 4 1.913000e-01
<MEAN> 22
 1.229227e+01 1.578323e+00 3.779253e+00 8.029987e-01 1.504048e+02 1.890148e+01 1.109805e+02 1.002772e+02 9.228902e+01 5.717881e+01 6.882440e+01 2.002774e+02 1.013093e+02 1.185007e+02 1.386971e+00 5.000000e+00 3.572503e+00 5.822876e+00 3.099255e+00 5.995839e+00 3.368777e+00 2.121519e+00
<VARIANCE> 22
 2.281761e+02 6.373049e+00 2.660568e+01 2.164982e+00 4.520177e+03 6.671123e+02 2.365432e+03 1.688405e+02 5.638392e+02 5.538402e+01 1.582685e+03 2.803605e+02 3.350143e+02 9.758611e+01 5.416327e-01 1.793316e-02 8.782413e+00 1.457705e-01 1.455970e+00 5.618803e-02 6.058381e+00 5.877322e+00
<GCONST> 1.100148e+02
<MIXTURE> 5 1.542089e-01
<MEAN> 22
 1.257776e+00 1.020607e+01 7.765439e-01 3.035199e+00 6.788762e+00 1.556299e+02 8.614299e+01 1.044810e+02 5.431017e+01 8.213337e+01 1.810010e+02 6.219406e+01 1.084846e+02 9.272432e+01 7.050771e+00 2.622066e+00 6.030533e+00 4.695853e+00 6.028862e+00 2.127472e+00 1.780309e+00 3.617765e+00
<VARIANCE> 22
 4.801635e+00 9.633974e+01 3.300595e+00 8.935671e+00 4.956268e+01 2.388885e+03 5.169928e+01 1.658149e+03 2.647354e+01 4.216630e+02 1.030452e+02 1.026293e+03 3.785008e+01 1.490737e+02 6.504288e-02 4.840994e-01 2.326111e-02 1.584908e+00 2.082489e-02 3.258001e+00 4.824453e+00 5.820669e+00
<GCONST> 9.640833e+01
<MIXTURE> 6 7.345931e-02
<MEAN> 22
 6.427516e+00 1.658218e+00 2.252485e+00 8.425073e-01 9.872633e+01 2.060270e+01 9.975099e+01 5.908968e+01 7.858339e+01 5.285912e+01 5.137726e+01 1.412097e+02 8.889447e+01 1.008966e+02 1.673367e+00 4.404345e+00 3.588367e+00 5.716782e+00 2.912487e+00 5.551114e+00 3.222144e+00 2.126969e+00
<VARIANCE> 22
 6.129850e+01 5.223335e+00 7.388732e+00 2.164982e+00 2.859945e+03 3.809246e+02 1.903815e+03 5.507601e+02 5.284470e+02 6.373096e+01 7.995692e+02 9.934551e+02 2.480399e+02 5.067847e+01 3.582553e-01 5.368342e-01 8.023600e+00 2.030039e-01 6.534799e-01 3.692576e+00 6.073900e+00 5.683314e+00
<GCONST> 1.134493e+02
<MIXTURE> 7 5.488936e-02
<MEAN> 22
 1.629412e+01 1.387551e+01 5.588682e+00 4.535081e+00 9.049869e+01 8.917894e+01 7.845781e+01 7.521603e+01 7.387699e+01 6.639275e+01 1.121988e+02 1.160154e+02 9.717395e+01 1.028814e+02 2.586163e+00 3.599395e+00 5.516946e+00 5.208882e+00 4.047975e+00 4.003852e+00 3.071157e+00 3.225144e+00
<VARIANCE> 22
 3.887162e+02 2.822350e+02 6.859693e+01 3.210770e+01 6.315921e+03 5.288831e+03 2.177189e+03 1.911102e+03 4.300855e+02 3.987331e+02 2.964291e+03 2.191649e+03 9.314074e+02 3.876336e+02 6.926779e+00 1.609560e+00 4.425624e+00 1.158978e+00 3.796353e+00 6.602513e+00 5.929098e+00 5.579434e+00
<GCONST> 1.436042e+02
<MIXTURE> 8 5.368705e-02
<MEAN> 22
 3.187191e+00 4.852362e+00 1.003092e+00 8.314261e-01 6.949609e+01 7.033649e+01 2.966841e+01 2.946110e+01 6.512663e+01 5.952570e+01 8.298311e+01 8.597122e+01 1.024295e+02 1.013660e+02 2.026872e+00 1.864142e+00 6.040012e+00 5.982422e+00 3.926606e+00 3.701589e-02 2.612843e+00 2.376059e+00
<VARIANCE> 22
 1.700222e+01 5.035207e+01 3.300595e+00 2.164982e+00 1.862451e+03 1.553062e+03 2.493191e+02 1.121695e+02 4.917107e+01 4.307249e+01 2.452824e+02 1.742674e+02 6.408757e+01 5.392894e+01 8.738970e-01 1.114618e+00 5.406233e-02 4.120591e-02 1.307091e-01 5.618803e-02 6.285296e+00 6.111607e+00
<GCONST> 9.333916e+01
<MIXTURE> 9 1.542089e-01
<MEAN> 22
 3.812709e-01 6.279955e+00 4.984230e-02 1.839495e+00 3.972732e+00 1.360795e+02 8.326691e+01 8.819285e+01 5.225207e+01 7.391959e+01 1.769406e+02 4.937974e+01 1.060238e+02 8.784048e+01 6.948757e+00 2.343758e+00 5.969527e+00 4.192281e+00 5.971138e+00 1.405474e+00 9.017233e-01 2.652723e+00
<VARIANCE> 22
 4.801635e+00 9.633974e+01 3.300595e+00 8.935671e+00 4.956268e+01 2.388885e+03 5.169928e+01 1.658149e+03 2.647354e+01 4.216630e+02 1.030452e+02 1.026293e+03 3.785008e+01 1.490737e+02 6.504288e-02 4.840994e-01 2.326111e-02 1.584908e+00 2.082489e-02 3.258001e+00 4.824453e+00 5.820669e+00
<GCONST> 9.640833e+01
<MIXTURE> 10 1.196593e-01
<MEAN> 22
 9.318799e-01 1.479715e+01 2.597397e-01 3.980530e+00 6.668128e+00 1.128422e+02 1.012605e+02 9.161392e+01 6.155156e+01 8.217494e+01 2.021719e+02 9.079156e+01 1.192965e+02 1.059281e+02 6.948509e+00 3.080096e+00 6.078161e+00 4.520286e+00 5.971138e+00 2.826180e+00 1.477353e+00 3.212689e+00
<VARIANCE> 22
 4.999004e+00 3.822320e+02 3.300595e+00 4.040803e+01 8.436008e+01 6.362885e+03 2.485926e+02 2.127185e+03 6.104193e+01 6.059336e+02 4.456052e+02 3.022272e+03 1.695848e+02 2.124805e+02 6.504288e-02 1.354729e+00 1.271429e-01 1.266447e+00 2.082489e-02 6.376439e+00 6.065822e+00 5.383501e+00
<GCONST> 1.115888e+02
<STATE> 4
<NUMMIXES> 10
<MIXTURE> 1 1.242168e-01
<MEAN> 22
 3.478992e+00 3.357228e+00 1.291954e+00 1.370804e+00 1.630432e+01 1.371129e+01 1.195264e+02 1.135395e+02 7.368169e+01 6.599451e+01 2.261022e+02 2.217362e+02 1.357111e+02 1.319650e+02 6.998621e+00 5.000024e+00 6.290861e+00 5.855462e+00 6.000225e+00 5.991255e+00 2.556676e+00 2.501417e+00
<VARIANCE> 22
 2.253473e+01 2.120909e+01 3.350475e+00 3.549034e+00 3.380228e+02 1.999483e+02 1.857713e+02 8.551151e+01 6.040673e+01 4.292923e+01 1.545043e+02 1.567713e+02 5.987074e+01 5.388502e+01 6.504288e-02 1.793316e-02 2.062454e-01 1.236530e-01 2.082489e-02 5.618803e-02 6.170952e+00 6.175839e+00
<GCONST> 8.237466e+01
<MIXTURE> 2 7.478541e-02
<MEAN> 22
 1.556729e+01 1.167571e+01 4.087729e+00 3.324296e+00 4.467226e+01 3.199528e+01 8.942977e+01 9.559201e+01 7.237901e+01 6.332367e+01 1.784778e+02 1.892796e+02 1.163081e+02 1.170462e+02 5.548742e+00 4.885587e+00 6.454156e+00 5.618023e+00 5.924067e+00 5.908802e+00 3.778435e+00 3.371485e+00
<VARIANCE> 22
 2.472952e+02 2.192826e+02 2.350746e+01 1.800427e+01 1.133019e+03 7.649232e+02 7.435095e+02 3.805085e+02 1.881309e+02 1.279560e+02 1.050912e+03 5.409911e+02 1.706999e+02 9.371069e+01 7.663255e+00 1.179550e-01 2.696283e-01 2.368756e-01 4.004465e-01 1.770328e-01 5.794519e+00 6.194021e+00
<GCONST> 1.147092e+02
<MIXTURE> 3 1.069766e-01
<MEAN> 22
 2.407223e+00 3.643820e+00 1.058830e+00 1.289689e+00 7.930055e+00 9.680683e+00 9.283557e+01 9.221588e+01 5.892967e+01 5.747564e+01 1.907263e+02 1.902282e+02 1.143932e+02 1.148162e+02 7.049916e+00 5.026783e+00 6.030781e+00 5.999829e+00 6.028862e+00 6.047358e+00 2.702545e+00 2.794975e+00
<VARIANCE> 22
 8.358120e+00 1.729578e+01 3.300595e+00 2.208204e+00 4.956268e+01 5.429985e+01 3.846283e+01 4.616269e+01 1.293629e+01 2.443382e+01 4.129872e+01 5.627731e+01 2.343694e+01 1.492838e+01 6.504288e-02 1.793316e-02 2.326111e-02 3.726477e-02 2.082489e-02 5.618803e-02 6.002180e+00 6.131071e+00
<GCONST> 6.518795e+01
<MIXTURE> 4 6.078815e-02
<MEAN> 22
 7.211283e+00 5.413011e+00 1.998753e+00 1.586314e+00 1.035513e+02 1.103421e+02 1.074406e+02 1.141855e+02 7.833416e+01 7.607364e+01 1.290205e+02 1.295655e+02 1.091698e+02 1.084733e+02 2.463864e+00 3.599811e+00 5.288377e+00 4.826699e+00 3.732721e+00 3.676723e+00 2.645845e+00 2.917645e+00
<VARIANCE> 22
 1.331362e+02 6.557852e+01 1.027641e+01 4.493086e+00 6.951751e+03 6.959433e+03 1.366732e+03 1.531660e+03 4.311127e+02 6.104771e+02 4.480333e+03 4.015790e+03 3.782526e+02 3.002847e+02 7.895169e+00 1.408802e+00 6.524591e+00 1.290199e+00 5.473253e+00 4.536233e+00 5.855548e+00 6.251822e+00
<GCONST> 1.377671e+02
<MIXTURE> 5 1.003866e-01
<MEAN> 22
 1.560735e+00 2.400533e+00 7.955199e-01 1.025538e+00 7.109909e+00 1.249037e+01 8.340430e+01 8.314966e+01 5.415382e+01 5.298352e+01 1.751871e+02 1.749688e+02 1.063825e+02 1.051635e+02 7.050539e+00 5.026783e+00 6.035066e+00 5.979835e+00 6.028862e+00 6.047095e+00 2.156163e+00 2.586750e+00
<VARIANCE> 22
 4.801635e+00 6.712797e+00 3.300595e+00 2.164982e+00 4.956268e+01 1.672694e+02 2.941522e+01 4.481193e+01 1.652678e+01 4.609048e+01 5.060510e+01 5.942677e+01 1.929440e+01 2.227946e+01 6.504288e-02 1.793316e-02 2.326111e-02 6.659645e-02 2.082489e-02 5.618803e-02 5.257030e+00 5.863631e+00
<GCONST> 6.624127e+01
<MIXTURE> 6 1.846104e-01
<MEAN> 22
 1.284332e+00 1.276173e+00 5.840584e-01 5.930291e-01 8.911497e+00 1.149097e+01 1.092767e+02 1.074866e+02 6.801611e+01 6.439665e+01 2.117853e+02 2.105159e+02 1.250431e+02 1.247125e+02 6.999612e+00 5.000000e+00 6.177475e+00 5.871787e+00 6.000512e+00 5.996015e+00 1.889046e+00 1.703599e+00
<VARIANCE> 22
 4.801635e+00 4.063120e+00 3.300595e+00 2.164982e+00 7.750953e+01 2.800646e+02 6.225285e+01 7.894463e+01 2.982534e+01 4.037251e+01 1.704265e+02 1.648528e+02 7.060674e+01 5.793004e+01 6.504288e-02 1.793316e-02 1.459579e-01 1.117733e-01 2.082489e-02 5.618803e-02 5.420499e+00 5.098258e+00
<GCONST> 7.520821e+01
<MIXTURE> 7 4.784028e-02
<MEAN> 22
 3.255368e+00 5.262399e+00 7.432471e-01 1.073398e+00 5.439243e+01 9.829827e+01 6.282261e+01 6.706899e+01 6.074961e+01 6.257196e+01 1.249935e+02 8.161692e+01 1.004936e+02 9.547401e+01 4.066241e+00 3.032851e+00 6.229365e+00 5.255941e+00 4.967969e+00 2.858935e+00 2.110327e+00 2.484377e+00
<VARIANCE> 22
 2.598343e+01 4.594942e+01 3.300595e+00 2.164982e+00 2.523538e+03 3.064483e+03 7.339938e+02 1.168043e+03 1.110275e+02 1.696780e+02 2.382415e+03 2.065815e+03 1.199873e+02 1.505891e+02 8.520921e+00 2.011743e+00 2.537731e-01 1.089998e+00 1.776446e+00 7.191202e+00 5.517381e+00 5.645378e+00
<GCONST> 1.216048e+02
<MIXTURE> 8 9.302571e-02
<MEAN> 22
 1.081647e+01 1.781565e+01 1.922938e+00 3.857862e+00 3.918532e+01 6.133646e+01 6.363283e+01 5.931078e+01 6.074583e+01 6.227578e+01 1.477166e+02 1.226979e+02 1.033887e+02 1.009622e+02 5.018841e+00 4.198524e+00 6.198940e+00 5.541437e+00 5.566422e+00 5.090507e+00 2.955958e+00 3.017596e+00
<VARIANCE> 22
 1.878431e+02 2.546486e+02 7.809382e+00 2.119239e+01 1.121071e+03 1.816926e+03 6.314050e+02 6.718478e+02 8.912373e+01 1.808031e+02 1.102573e+03 1.288870e+03 8.825677e+01 7.995008e+01 8.689222e+00 1.203360e+00 1.690714e-01 3.734962e-01 6.123843e-01 5.440333e+00 6.137999e+00 4.751418e+00
<GCONST> 1.206800e+02
<MIXTURE> 9 1.069766e-01
<MEAN> 22
 1.250807e+00 1.980292e+00 3.321284e-01 6.952878e-01 5.114025e+00 6.733146e+00 9.035483e+01 8.949815e+01 5.749099e+01 5.549842e+01 1.881557e+02 1.872274e+02 1.124568e+02 1.132708e+02 6.947902e+00 4.973217e+00 5.969775e+00 5.922613e+00 5.971138e+00 5.952542e+00 1.722571e+00 1.804535e+00
<VARIANCE> 22
 8.358120e+00 1.729578e+01 3.300595e+00 2.208204e+00 4.956268e+01 5.429985e+01 3.846283e+01 4.616269e+01 1.293629e+01 2.443382e+01 4.129872e+01 5.627731e+01 2.343694e+01 1.492838e+01 6.504288e-02 1.793316e-02 2.326111e-02 3.726477e-02 2.082489e-02 5.618803e-02 6.002180e+00 6.131071e+00
<GCONST> 6.518795e+01
<MIXTURE> 10 1.003866e-01
<MEAN> 22
 6.842293e-01 1.364171e+00 6.881830e-02 4.369824e-01 4.293879e+00 7.317065e+00 8.123486e+01 8.047198e+01 5.252769e+01 5.026792e+01 1.723417e+02 1.718852e+02 1.046255e+02 1.032755e+02 6.948525e+00 4.973217e+00 5.974060e+00 5.876610e+00 5.971138e+00 5.952279e+00 1.239035e+00 1.618152e+00
<VARIANCE> 22
 4.801635e+00 6.712797e+00 3.300595e+00 2.164982e+00 4.956268e+01 1.672694e+02 2.941522e+01 4.481193e+01 1.652678e+01 4.609048e+01 5.060510e+01 5.942677e+01 1.929440e+01 2.227946e+01 6.504288e-02 1.793316e-02 2.326111e-02 6.659645e-02 2.082489e-02 5.618803e-02 5.257030e+00 5.863631e+00
<GCONST> 6.624127e+01
<TRANSP> 5
 0.000000e+00 1.000000e+00 0.000000e+00 0.000000e+00 0.000000e+00
 0.000000e+00 6.406284e-01 3.593716e-01 0.000000e+00 0.000000e+00
 0.000000e+00 0.000000e+00 8.564306e-01 1.435694e-01 0.000000e+00
 0.000000e+00 0.000000e+00 0.000000e+00 9.116595e-01 8.834052e-02
 0.000000e+00 0.000000e+00 0.000000e+00 0.000000e+00 0.000000e+00
<ENDHMM>
