~o
<STREAMINFO> 1 39
<VECSIZE> 39<NULLD><MFCC_D_A_C_K_0><DIAGC>
~s "silst"
<NUMMIXES> 2
<MIXTURE> 1 2.900481e-01
<MEAN> 39
 -1.360528e+01 -8.877761e+00 -1.090744e+01 -1.399026e+01 -9.996664e+00 -1.703808e+01 -1.037275e+01 -9.107893e+00 -4.467735e+00 -3.657891e+00 -4.359020e+00 -1.149667e+00 6.429113e+01 -3.738438e-02 2.252810e-02 3.088018e-02 2.278265e-02 1.364336e-01 1.323816e-01 2.075966e-01 2.324887e-01 2.597942e-01 2.250936e-01 2.608024e-01 1.671292e-01 6.203920e-02 2.361636e-02 4.310727e-03 1.552552e-02 3.571875e-02 1.056156e-02 1.752763e-02 3.459644e-03 4.321441e-03 1.163665e-03 1.400845e-02 -1.397185e-03 4.181568e-03 -1.202229e-02
<VARIANCE> 39
 4.346131e+01 3.379087e+01 4.611744e+01 4.153043e+01 6.007051e+01 5.623085e+01 5.754755e+01 6.157688e+01 5.735387e+01 5.002418e+01 5.211041e+01 4.159453e+01 5.322435e+01 1.421367e+00 1.342902e+00 1.830838e+00 2.188094e+00 2.741496e+00 2.880599e+00 3.207323e+00 3.529493e+00 3.360188e+00 3.197566e+00 3.035954e+00 2.598603e+00 1.272973e+00 2.122539e-01 2.160643e-01 3.007444e-01 3.776580e-01 4.780017e-01 5.220927e-01 5.906051e-01 6.586130e-01 6.365213e-01 6.098028e-01 5.795659e-01 5.044690e-01 1.660713e-01
<GCONST> 1.220898e+02
<MIXTURE> 2 7.085134e-01
<MEAN> 39
 -1.372582e+01 -9.011153e+00 -1.151008e+01 -1.073091e+01 -1.044335e+01 -1.705006e+01 -1.277379e+01 -1.227482e+01 -7.818517e+00 -4.734497e+00 -8.118321e+00 -2.723269e+00 5.754704e+01 2.837207e-03 -5.463362e-03 -7.985190e-03 4.301086e-03 -5.320240e-02 -5.433710e-02 -9.879228e-02 -1.095253e-01 -1.171339e-01 -9.442757e-02 -1.176134e-01 -7.511456e-02 -4.659357e-02 -7.429043e-03 -7.310566e-04 -3.204595e-03 -1.936511e-02 -2.303284e-03 -7.009557e-03 4.690979e-03 7.556010e-03 8.410364e-03 -9.355582e-04 9.913675e-03 1.899909e-03 1.565522e-02
<VARIANCE> 39
 6.329601e+00 5.612098e+00 8.035511e+00 1.107320e+01 1.310137e+01 1.520044e+01 1.832584e+01 2.104276e+01 2.331825e+01 2.005743e+01 2.005007e+01 1.733851e+01 4.083965e+00 2.307886e-01 3.681338e-01 5.815097e-01 8.127494e-01 1.052154e+00 1.296417e+00 1.554244e+00 1.803070e+00 1.928128e+00 1.872418e+00 1.748059e+00 1.611337e+00 9.244787e-02 4.174782e-02 7.178818e-02 1.146069e-01 1.629063e-01 2.120687e-01 2.633629e-01 3.178052e-01 3.713047e-01 3.997473e-01 3.886931e-01 3.629354e-01 3.330171e-01 1.499011e-02
<GCONST> 7.946645e+01
~h "sp"
<BEGINHMM>
<NUMSTATES> 3
<STATE> 2
~s "silst"
<TRANSP> 3
 0.000000e+00 3.563659e-01 6.436340e-01
 0.000000e+00 9.912833e-01 8.716644e-03
 0.000000e+00 0.000000e+00 0.000000e+00
<ENDHMM>
~h "oov"
<BEGINHMM>
<NUMSTATES> 3
<STATE> 2
<NUMMIXES> 2
<MIXTURE> 1 4.809665e-01
<MEAN> 39
 -1.162735e+01 -9.179035e+00 -9.502882e+00 -1.596909e+01 -9.698730e+00 -1.744257e+01 -9.116122e+00 -6.471196e+00 -2.073085e+00 -2.692703e+00 -1.829203e+00 -9.183720e-01 7.127818e+01 5.767835e-03 -1.191906e-01 1.300020e-01 -2.696660e-01 1.527413e-01 1.649173e-01 4.731842e-01 6.810780e-01 6.142747e-01 3.667923e-01 5.647500e-01 3.246222e-01 6.453087e-01 2.627273e-02 -9.129968e-03 -2.866207e-02 1.847601e-02 1.731700e-02 5.461737e-02 4.209185e-02 1.210624e-02 1.517779e-02 4.219274e-02 1.034328e-02 2.369660e-02 -1.994547e-02
<VARIANCE> 39
 7.423412e+01 7.109148e+01 8.030978e+01 7.006326e+01 1.081829e+02 1.050006e+02 9.206187e+01 9.135943e+01 8.000716e+01 7.520019e+01 7.522853e+01 6.413718e+01 5.550105e+01 3.685550e+00 3.190136e+00 3.795128e+00 4.118492e+00 5.502040e+00 5.247319e+00 5.270872e+00 5.661015e+00 5.053427e+00 4.728445e+00 4.522260e+00 3.798090e+00 2.950812e+00 4.918085e-01 4.584683e-01 5.529186e-01 6.672862e-01 8.552535e-01 8.761355e-01 9.024943e-01 1.019770e+00 9.242375e-01 8.477999e-01 8.190408e-01 6.888703e-01 4.264857e-01
<GCONST> 1.430039e+02
<MIXTURE> 2 5.171710e-01
<MEAN> 39
 -1.016840e+01 -9.514091e+00 -1.026539e+01 -1.598653e+01 -9.950037e+00 -1.691041e+01 -8.806679e+00 -6.371418e+00 -2.347923e+00 -2.369333e+00 -2.082564e+00 -8.381850e-01 7.086813e+01 7.003011e-02 7.661030e-02 -1.633002e-01 1.491182e-01 -1.641355e-01 -1.561379e-01 -3.571706e-01 -5.466638e-01 -5.074051e-01 -3.336886e-01 -4.682478e-01 -2.657686e-01 -4.338859e-01 -3.773538e-02 4.022405e-03 8.423958e-03 1.631700e-02 -2.796556e-02 -4.923856e-02 -7.707428e-02 -6.927003e-02 -7.003272e-02 -6.788218e-02 -6.811714e-02 -4.363510e-02 -6.166784e-02
<VARIANCE> 39
 6.921168e+01 6.146478e+01 8.678366e+01 6.484877e+01 1.081274e+02 1.036423e+02 9.048685e+01 9.559014e+01 8.356593e+01 7.615244e+01 7.764175e+01 6.473600e+01 4.607373e+01 1.794167e+00 1.765398e+00 2.381923e+00 2.807988e+00 3.498272e+00 3.858976e+00 3.909884e+00 4.368734e+00 3.949804e+00 3.793165e+00 3.490520e+00 3.065501e+00 1.531978e+00 2.695797e-01 2.705829e-01 3.864052e-01 4.619777e-01 5.972322e-01 6.639974e-01 7.117292e-01 8.247042e-01 7.592829e-01 7.096694e-01 6.685481e-01 5.819737e-01 1.939381e-01
<GCONST> 1.331651e+02
<TRANSP> 3
 0.000000e+00 1.000000e+00 0.000000e+00
 0.000000e+00 9.816533e-01 1.834666e-02
 0.000000e+00 0.000000e+00 0.000000e+00
<ENDHMM>
~h "sil"
<BEGINHMM>
<NUMSTATES> 3
<STATE> 2
~s "silst"
<TRANSP> 3
 0.000000e+00 1.000000e+00 0.000000e+00
 0.000000e+00 9.989852e-01 1.014804e-03
 0.000000e+00 0.000000e+00 0.000000e+00
<ENDHMM>
~h "noise"
<BEGINHMM>
<NUMSTATES> 3
<STATE> 2
~s "silst"
<TRANSP> 3
 0.000000e+00 1.000000e+00 0.000000e+00
 0.000000e+00 9.828838e-01 1.711618e-02
 0.000000e+00 0.000000e+00 0.000000e+00
<ENDHMM>
