~o
<STREAMINFO> 1 39
<VECSIZE> 39<NULLD><MFCC_D_A_C_K_0><DIAGC>
~s "silst"
<NUMMIXES> 12
<MIXTURE> 1 2.062202e-02
<MEAN> 39
 -1.602349e+01 -8.090480e+00 -8.897963e+00 -1.409399e+01 -7.714774e+00 -1.720214e+01 -9.032121e+00 -8.089226e+00 -2.885292e+00 -3.606090e+00 -3.475366e+00 -8.865702e-01 6.726693e+01 -5.377553e-01 -2.971445e-01 7.460206e-02 -6.431416e-01 4.865089e-01 2.435854e-02 7.333796e-01 6.812882e-01 7.460080e-01 -6.081404e-02 6.527456e-01 2.005992e-01 1.823504e+00 1.496434e-01 -6.465179e-02 -1.305785e-01 8.022054e-02 -6.598634e-02 9.905594e-02 -6.272946e-03 -6.907942e-02 -1.266178e-01 -2.615114e-02 -1.195360e-01 -4.624619e-02 -2.076440e-01
<VARIANCE> 39
 5.995645e+01 4.318443e+01 5.667661e+01 5.066290e+01 7.190257e+01 6.299741e+01 6.602649e+01 6.481455e+01 5.766435e+01 5.599491e+01 5.243633e+01 3.936310e+01 6.791371e+01 4.970592e+00 3.701771e+00 4.829045e+00 4.762448e+00 6.538220e+00 5.574134e+00 6.174241e+00 6.100155e+00 5.472821e+00 5.219061e+00 4.967031e+00 3.868107e+00 4.414645e+00 7.017902e-01 5.222676e-01 6.710837e-01 7.553504e-01 9.311398e-01 8.781620e-01 1.003672e+00 1.053562e+00 9.423118e-01 8.611826e-01 8.524074e-01 6.599741e-01 9.317265e-01
<GCONST> 1.425909e+02
<MIXTURE> 2 5.143446e-02
<MEAN> 39
 -1.495640e+01 -9.965902e+00 -1.305605e+01 -1.288611e+01 -1.151460e+01 -1.731258e+01 -1.208352e+01 -1.137551e+01 -7.026657e+00 -5.044095e+00 -7.871455e+00 -2.588808e+00 5.735255e+01 -1.098069e-02 -3.292341e-02 -1.151088e-02 9.602924e-02 2.483150e-01 4.916399e-01 6.952190e-01 8.731738e-01 9.447675e-01 9.087602e-01 7.245734e-01 4.725947e-01 -3.437047e-02 6.219141e-02 1.176811e-01 1.688603e-01 1.839804e-01 1.514638e-01 7.805220e-02 4.004721e-02 4.567256e-02 9.927643e-02 1.536232e-01 1.502349e-01 1.006838e-01 4.503541e-02
<VARIANCE> 39
 6.157655e+00 5.725600e+00 7.503426e+00 9.972388e+00 1.425260e+01 1.561673e+01 1.670110e+01 1.685337e+01 1.761945e+01 1.536144e+01 1.704737e+01 1.725174e+01 4.369665e+00 2.056647e-01 3.296181e-01 5.258689e-01 7.768780e-01 1.026651e+00 1.271973e+00 1.431277e+00 1.566205e+00 1.649163e+00 1.631275e+00 1.617150e+00 1.589960e+00 7.537592e-02 3.980234e-02 6.728931e-02 1.013788e-01 1.462366e-01 2.140877e-01 2.695183e-01 3.036903e-01 3.279853e-01 3.294303e-01 3.186758e-01 3.299889e-01 3.311119e-01 1.468033e-02
<GCONST> 7.621390e+01
<MIXTURE> 3 1.088175e-01
<MEAN> 39
 -1.275269e+01 -8.521332e+00 -1.035476e+01 -8.702939e+00 -9.637917e+00 -1.674482e+01 -1.370348e+01 -1.365621e+01 -9.274922e+00 -5.150783e+00 -9.215026e+00 -3.297994e+00 5.708104e+01 -2.325599e-02 -9.199649e-03 3.895085e-02 1.107898e-01 2.238508e-01 3.344514e-01 4.241130e-01 5.174948e-01 5.998006e-01 6.389694e-01 5.373511e-01 3.349326e-01 -1.625151e-02 -5.395263e-02 -6.809077e-02 -1.360956e-01 -1.974293e-01 -1.210721e-01 -5.465452e-02 5.317888e-02 1.021482e-01 9.197541e-02 3.546058e-02 4.277587e-02 9.899141e-03 7.971942e-03
<VARIANCE> 39
 2.235934e+00 3.246697e+00 4.313326e+00 6.145183e+00 9.792404e+00 1.260185e+01 1.302496e+01 1.273442e+01 1.366129e+01 1.421311e+01 1.407742e+01 1.435837e+01 1.090396e+00 1.865871e-01 3.238315e-01 5.123068e-01 7.506461e-01 9.879431e-01 1.204421e+00 1.389742e+00 1.569367e+00 1.632288e+00 1.588325e+00 1.537158e+00 1.521564e+00 5.853242e-02 3.305539e-02 5.551038e-02 8.373468e-02 1.254869e-01 1.898667e-01 2.422272e-01 2.697035e-01 2.827925e-01 2.950418e-01 3.042575e-01 3.122105e-01 3.147168e-01 1.134534e-02
<GCONST> 6.796465e+01
<MIXTURE> 4 9.033846e-02
<MEAN> 39
 -1.518617e+01 -7.640809e+00 -1.079715e+01 -1.187829e+01 -9.969339e+00 -1.845350e+01 -1.315286e+01 -1.291959e+01 -7.615456e+00 -5.859899e+00 -6.904824e+00 -2.754203e+00 5.996126e+01 -2.141274e-01 5.521846e-02 1.692905e-02 -1.484375e-01 2.085177e-01 7.991915e-02 2.918498e-01 3.170872e-01 4.025209e-01 2.067923e-01 3.797759e-01 1.418233e-01 1.894391e-01 3.989850e-03 -5.580469e-02 -3.041447e-02 -8.946257e-03 6.464059e-02 1.319489e-01 2.006302e-01 1.968751e-01 1.540142e-01 1.002057e-01 9.150542e-02 6.668181e-02 5.299568e-02
<VARIANCE> 39
 1.571808e+01 1.201831e+01 1.606547e+01 1.765307e+01 2.289924e+01 2.276898e+01 2.493482e+01 2.658489e+01 2.922552e+01 2.868973e+01 2.610565e+01 2.315541e+01 7.190812e+00 9.885284e-01 8.806776e-01 1.217600e+00 1.551732e+00 1.901260e+00 2.038887e+00 2.279070e+00 2.422778e+00 2.461584e+00 2.540701e+00 2.301586e+00 2.055688e+00 5.213580e-01 1.735419e-01 1.594068e-01 2.301672e-01 3.020476e-01 3.669251e-01 3.938569e-01 4.400624e-01 4.911888e-01 5.137808e-01 5.228145e-01 4.883347e-01 4.258350e-01 1.072288e-01
<GCONST> 1.018877e+02
<MIXTURE> 5 9.576945e-02
<MEAN> 39
 -1.285168e+01 -9.128563e+00 -1.153909e+01 -1.019609e+01 -1.102619e+01 -1.755533e+01 -1.383179e+01 -1.292410e+01 -8.414680e+00 -4.462300e+00 -9.046751e+00 -3.271999e+00 5.693544e+01 2.091063e-01 3.378218e-01 3.997780e-01 3.438293e-01 1.609189e-01 -5.001700e-02 -2.863590e-01 -4.294475e-01 -4.641476e-01 -3.765226e-01 -2.361269e-01 -6.039929e-02 7.169516e-02 -8.689653e-03 3.396641e-02 5.187286e-02 4.715472e-02 9.574638e-02 7.571951e-02 7.263204e-02 2.747234e-02 3.818359e-03 -1.465757e-02 4.892056e-02 4.393086e-02 2.428492e-02
<VARIANCE> 39
 1.923380e+00 3.147192e+00 4.505908e+00 6.463142e+00 9.602229e+00 1.212379e+01 1.220168e+01 1.215125e+01 1.307995e+01 1.380005e+01 1.347889e+01 1.383083e+01 9.137210e-01 1.580976e-01 2.869026e-01 4.749338e-01 7.132330e-01 9.591585e-01 1.168674e+00 1.314170e+00 1.458976e+00 1.501517e+00 1.490650e+00 1.499426e+00 1.524949e+00 4.815012e-02 2.963700e-02 5.546243e-02 8.662236e-02 1.284172e-01 1.837267e-01 2.357217e-01 2.593883e-01 2.755076e-01 2.894152e-01 3.009474e-01 3.020532e-01 3.049391e-01 9.440452e-03
<GCONST> 6.595206e+01
<MIXTURE> 6 1.030572e-01
<MEAN> 39
 -1.481444e+01 -1.021096e+01 -1.292225e+01 -1.201992e+01 -1.076516e+01 -1.547374e+01 -9.889400e+00 -8.306804e+00 -3.320626e+00 -8.538273e-01 -4.911035e+00 -5.505930e-01 5.673826e+01 7.458390e-02 1.279592e-01 1.737224e-01 2.076966e-01 1.970306e-01 1.890181e-01 1.671951e-01 1.845295e-01 2.081135e-01 2.438711e-01 2.273055e-01 1.624595e-01 9.150220e-03 5.031485e-02 1.019904e-01 1.027472e-01 4.992304e-02 -1.928346e-02 -1.553168e-01 -2.779089e-01 -4.008775e-01 -4.728131e-01 -4.667459e-01 -3.380504e-01 -1.989295e-01 3.699487e-02
<VARIANCE> 39
 5.661476e+00 4.880639e+00 7.119771e+00 1.096478e+01 1.277076e+01 1.421501e+01 1.698693e+01 1.685554e+01 1.787962e+01 1.459315e+01 1.707192e+01 1.690698e+01 3.467082e+00 1.789812e-01 3.149862e-01 5.026010e-01 7.313658e-01 9.891541e-01 1.251394e+00 1.453940e+00 1.665753e+00 1.746506e+00 1.711794e+00 1.650242e+00 1.585799e+00 6.024939e-02 3.603961e-02 6.614524e-02 1.050577e-01 1.529852e-01 2.016949e-01 2.531384e-01 2.984458e-01 3.222895e-01 3.299769e-01 3.165118e-01 3.248203e-01 3.233536e-01 1.129501e-02
<GCONST> 7.467233e+01
<MIXTURE> 7 1.271884e-01
<MEAN> 39
 -1.644294e+01 -8.685262e+00 -1.122536e+01 -1.279097e+01 -8.899161e+00 -1.670248e+01 -1.022382e+01 -9.839004e+00 -5.025704e+00 -4.799838e+00 -4.885709e+00 -1.097047e+00 6.056755e+01 1.143771e-01 2.879842e-02 4.840881e-02 1.521522e-01 -1.442300e-01 -1.716147e-01 -3.916034e-01 -4.679919e-01 -5.170431e-01 -3.852299e-01 -4.315536e-01 -2.174751e-01 -1.804490e-01 3.024624e-02 -2.534991e-02 -2.644577e-02 -1.697298e-02 -7.794720e-02 -4.615042e-02 -7.513464e-02 -5.138058e-02 -2.559962e-02 2.612635e-02 -6.008123e-02 -4.106827e-02 -1.225598e-02
<VARIANCE> 39
 1.622821e+01 1.292695e+01 1.630426e+01 1.666023e+01 2.430322e+01 2.440897e+01 2.625788e+01 2.981319e+01 3.231126e+01 2.712019e+01 2.600988e+01 2.371069e+01 7.384479e+00 3.792458e-01 4.911554e-01 7.571021e-01 9.968502e-01 1.321708e+00 1.548555e+00 1.785972e+00 1.957130e+00 2.033106e+00 2.005682e+00 1.890306e+00 1.761333e+00 1.969953e-01 5.497268e-02 8.345900e-02 1.321187e-01 1.864794e-01 2.490069e-01 3.020319e-01 3.529407e-01 3.916167e-01 4.144342e-01 4.051401e-01 3.925132e-01 3.623953e-01 2.282736e-02
<GCONST> 9.069657e+01
<MIXTURE> 8 3.826984e-02
<MEAN> 39
 -1.559674e+01 -9.987445e+00 -1.054262e+01 -1.531163e+01 -6.781402e+00 -1.481230e+01 -6.371197e+00 -6.149498e+00 -1.907130e+00 -3.273051e+00 -2.276940e+00 -4.133027e-01 6.904635e+01 1.395655e-01 1.021885e-01 -1.301216e-01 1.994571e-01 -4.137735e-02 -2.923284e-02 -1.758666e-01 -3.162011e-01 -2.818596e-01 -9.387694e-02 -2.185719e-01 -8.384467e-02 -4.810933e-01 6.782931e-02 5.179049e-02 4.727818e-02 1.250838e-01 -1.352606e-01 -1.300775e-01 -2.479461e-01 -2.129167e-01 -1.821793e-01 -6.999074e-02 -1.659195e-01 -7.023470e-02 -2.021047e-01
<VARIANCE> 39
 6.974665e+01 5.501610e+01 7.042963e+01 5.928614e+01 9.844400e+01 7.490812e+01 7.344245e+01 7.180593e+01 6.697118e+01 6.560631e+01 5.708945e+01 4.856316e+01 4.538962e+01 9.006115e-01 1.193552e+00 1.670257e+00 2.046751e+00 2.575489e+00 2.777036e+00 3.239048e+00 3.407366e+00 3.254435e+00 3.061257e+00 2.861778e+00 2.550769e+00 1.031237e+00 2.075485e-01 2.369436e-01 3.555253e-01 4.381503e-01 5.386518e-01 5.697320e-01 6.515753e-01 6.906822e-01 6.787704e-01 6.586902e-01 5.994815e-01 5.340066e-01 1.493286e-01
<GCONST> 1.251642e+02
<MIXTURE> 9 1.287691e-01
<MEAN> 39
 -1.259387e+01 -7.998090e+00 -1.004546e+01 -9.040510e+00 -1.022085e+01 -1.780090e+01 -1.514175e+01 -1.592780e+01 -1.202977e+01 -7.952953e+00 -1.092579e+01 -4.195727e+00 5.736950e+01 -5.693502e-02 -1.267787e-01 -1.546552e-01 -1.342829e-01 -1.334240e-01 -3.969182e-02 1.395410e-02 5.218555e-02 4.201953e-02 1.556094e-02 -7.132384e-02 -6.807885e-02 -5.554356e-02 -9.345223e-02 -1.358467e-01 -1.748044e-01 -1.636403e-01 -3.702230e-02 8.977371e-02 2.680458e-01 4.274219e-01 4.959857e-01 4.277827e-01 3.110136e-01 1.410873e-01 -1.310032e-02
<VARIANCE> 39
 2.990710e+00 4.132043e+00 5.822179e+00 8.171288e+00 1.109550e+01 1.378212e+01 1.482809e+01 1.477500e+01 1.533374e+01 1.527221e+01 1.541482e+01 1.523092e+01 1.309873e+00 1.932880e-01 3.362171e-01 5.352511e-01 7.643076e-01 9.842624e-01 1.217613e+00 1.443511e+00 1.650165e+00 1.772575e+00 1.700894e+00 1.596358e+00 1.518185e+00 6.172252e-02 3.611003e-02 6.470657e-02 1.022204e-01 1.532829e-01 2.078818e-01 2.587582e-01 2.981248e-01 3.157054e-01 3.199043e-01 3.216444e-01 3.333358e-01 3.267356e-01 1.140907e-02
<GCONST> 7.181758e+01
<MIXTURE> 10 8.702036e-02
<MEAN> 39
 -1.394470e+01 -9.780446e+00 -1.234603e+01 -1.099563e+01 -1.044848e+01 -1.565443e+01 -1.064249e+01 -9.383330e+00 -4.952920e+00 -1.962013e+00 -6.393630e+00 -1.581843e+00 5.672551e+01 -9.074070e-02 -1.781788e-01 -2.469307e-01 -2.808439e-01 -3.217328e-01 -2.885312e-01 -2.882388e-01 -2.929949e-01 -3.410989e-01 -3.572362e-01 -3.573661e-01 -2.409047e-01 -7.201773e-02 2.512007e-02 6.782577e-02 7.085642e-02 1.798195e-02 -3.469954e-02 -1.617197e-01 -2.699026e-01 -3.551696e-01 -3.636834e-01 -3.374846e-01 -2.293913e-01 -1.332165e-01 2.988139e-02
<VARIANCE> 39
 3.770200e+00 3.886133e+00 5.787724e+00 9.093415e+00 1.142327e+01 1.265675e+01 1.328499e+01 1.321641e+01 1.413560e+01 1.348080e+01 1.492711e+01 1.531034e+01 1.991624e+00 1.635403e-01 2.925486e-01 4.648749e-01 6.957020e-01 9.391686e-01 1.201275e+00 1.414490e+00 1.618237e+00 1.719287e+00 1.683135e+00 1.619895e+00 1.564648e+00 5.265618e-02 3.217464e-02 6.093881e-02 9.851092e-02 1.475960e-01 1.995395e-01 2.409230e-01 2.658464e-01 2.915348e-01 3.028701e-01 3.009203e-01 3.154795e-01 3.165223e-01 9.992522e-03
<GCONST> 7.030323e+01
<MIXTURE> 11 7.803917e-02
<MEAN> 39
 -1.287041e+01 -9.215661e+00 -1.160229e+01 -1.023902e+01 -1.103884e+01 -1.770198e+01 -1.412593e+01 -1.345154e+01 -9.055865e+00 -4.885363e+00 -9.517493e+00 -3.604304e+00 5.688733e+01 5.091107e-02 7.281599e-02 5.686298e-02 -3.747334e-02 -2.424898e-01 -4.455715e-01 -6.772454e-01 -8.330235e-01 -9.096512e-01 -8.555980e-01 -7.265096e-01 -4.449870e-01 -4.549526e-03 -2.843278e-02 4.094144e-03 1.548808e-02 1.072261e-02 5.484325e-02 5.293795e-02 6.537351e-02 3.280439e-02 4.373888e-03 -2.709206e-02 3.201697e-02 3.270263e-02 9.910385e-03
<VARIANCE> 39
 1.955440e+00 3.228187e+00 4.676977e+00 6.821067e+00 9.881021e+00 1.232872e+01 1.251189e+01 1.231901e+01 1.332677e+01 1.390151e+01 1.374706e+01 1.394460e+01 8.933324e-01 1.571998e-01 2.907996e-01 4.764245e-01 7.105138e-01 9.612269e-01 1.160044e+00 1.333697e+00 1.469271e+00 1.545067e+00 1.534980e+00 1.512193e+00 1.499552e+00 4.784997e-02 2.972609e-02 5.716311e-02 8.992945e-02 1.357970e-01 1.917610e-01 2.397456e-01 2.622854e-01 2.774935e-01 2.889726e-01 3.022608e-01 3.059301e-01 3.093268e-01 9.053417e-03
<GCONST> 6.646024e+01
<MIXTURE> 12 7.079703e-02
<MEAN> 39
 -1.447442e+01 -9.962367e+00 -1.322519e+01 -1.277310e+01 -1.191853e+01 -1.789394e+01 -1.295180e+01 -1.235744e+01 -8.162816e+00 -5.681653e+00 -8.876293e+00 -3.310710e+00 5.708207e+01 -1.559826e-01 -3.045683e-01 -3.614057e-01 -2.922544e-01 -1.969840e-01 4.208457e-02 2.208342e-01 3.711165e-01 4.088840e-01 3.598961e-01 1.681798e-01 3.823397e-02 -1.142676e-01 5.618661e-02 1.187979e-01 1.946092e-01 2.209767e-01 1.743675e-01 9.324410e-02 2.277799e-02 1.232496e-02 5.139768e-02 1.113848e-01 1.106775e-01 8.255549e-02 3.281126e-02
<VARIANCE> 39
 4.781294e+00 5.140405e+00 6.585195e+00 8.938553e+00 1.281392e+01 1.469317e+01 1.561408e+01 1.534970e+01 1.566122e+01 1.425491e+01 1.602350e+01 1.624022e+01 3.142183e+00 1.948231e-01 3.160965e-01 5.054499e-01 7.519096e-01 9.908621e-01 1.212834e+00 1.385862e+00 1.531357e+00 1.583254e+00 1.587246e+00 1.575709e+00 1.555468e+00 6.737915e-02 3.799811e-02 6.650369e-02 9.864138e-02 1.449693e-01 2.104650e-01 2.666770e-01 3.013777e-01 3.179319e-01 3.237567e-01 3.118845e-01 3.295116e-01 3.306949e-01 1.282017e-02
<GCONST> 7.376819e+01
~h "sp"
<BEGINHMM>
<NUMSTATES> 3
<STATE> 2
~s "silst"
<TRANSP> 3
 0.000000e+00 5.488112e-01 4.511889e-01
 0.000000e+00 9.865889e-01 1.341110e-02
 0.000000e+00 0.000000e+00 0.000000e+00
<ENDHMM>
~h "oov"
<BEGINHMM>
<NUMSTATES> 3
<STATE> 2
<NUMMIXES> 12
<MIXTURE> 1 7.673872e-02
<MEAN> 39
 -1.624125e+01 -4.726947e+00 -9.594899e+00 -1.244917e+01 -6.495245e+00 -1.832323e+01 -8.299087e+00 -6.598005e+00 -9.167544e-01 -2.540519e+00 -1.198192e+00 -4.979007e-01 6.746106e+01 4.882128e-01 -2.702918e-01 4.014880e-01 -1.038402e+00 -3.812043e-01 -5.225893e-01 3.367516e-01 1.292722e+00 1.236662e+00 5.059009e-01 1.072214e+00 3.944330e-01 1.919624e+00 4.064991e-01 -3.666992e-01 -6.474227e-02 -3.193084e-01 -3.850887e-01 7.845690e-03 -1.422322e-01 -7.419177e-02 -1.861413e-01 -9.421590e-02 -1.844398e-01 -1.014574e-01 2.678525e-01
<VARIANCE> 39
 6.691358e+01 5.021759e+01 4.696004e+01 3.718751e+01 6.897861e+01 6.213269e+01 5.968555e+01 4.731101e+01 4.761400e+01 5.020148e+01 4.047189e+01 3.327992e+01 2.124544e+01 8.334874e+00 5.035910e+00 6.516732e+00 5.868289e+00 9.676773e+00 8.069883e+00 7.747002e+00 7.508773e+00 6.528145e+00 6.560427e+00 5.933370e+00 5.072647e+00 3.055024e+00 6.418349e-01 4.956007e-01 5.666942e-01 5.884556e-01 8.481837e-01 9.206750e-01 8.942528e-01 8.751463e-01 8.009043e-01 8.214277e-01 7.888868e-01 6.675277e-01 3.355218e-01
<GCONST> 1.408045e+02
<MIXTURE> 2 1.146887e-01
<MEAN> 39
 -1.572145e+01 -5.903646e+00 -1.005738e+01 -1.513727e+01 -6.728421e+00 -1.414615e+01 -7.569079e+00 -7.954468e+00 -2.232729e+00 -3.666516e+00 -3.326450e-01 -4.256024e-01 7.011086e+01 -4.395339e-02 -4.585111e-02 -1.018093e-02 6.753699e-02 9.224239e-02 1.620507e-01 1.302459e-01 2.434057e-01 2.058108e-01 1.099807e-01 2.588932e-02 -5.297609e-03 -1.768863e-01 7.498561e-02 -6.688129e-02 -1.386247e-02 1.005689e-03 -9.337202e-02 -8.298682e-02 -3.946166e-02 -1.378820e-02 -1.087884e-02 2.940116e-02 -6.357646e-02 -2.557278e-02 -3.656311e-02
<VARIANCE> 39
 1.131155e+02 8.214914e+01 8.426559e+01 8.582268e+01 1.091914e+02 8.442036e+01 8.978632e+01 7.884644e+01 7.294827e+01 6.914055e+01 7.119308e+01 5.273986e+01 3.554855e+01 3.774130e-01 6.712767e-01 9.456076e-01 1.262858e+00 1.671063e+00 1.961539e+00 2.186136e+00 2.236373e+00 2.251755e+00 2.238907e+00 2.117596e+00 1.927981e+00 2.550054e-01 8.520336e-02 1.212859e-01 1.696974e-01 2.506065e-01 3.101799e-01 3.664657e-01 4.194053e-01 4.364451e-01 4.386778e-01 4.384996e-01 4.147764e-01 3.740473e-01 2.845323e-02
<GCONST> 1.125848e+02
<MIXTURE> 3 8.398262e-02
<MEAN> 39
 -3.305573e+00 -8.930277e+00 -1.450887e+01 -1.900104e+01 -1.092704e+01 -1.589527e+01 -1.193029e+01 -1.132462e+01 -3.891790e+00 1.028291e+00 -2.408531e+00 -5.109227e-01 7.057374e+01 5.403210e-02 3.186924e-01 -5.144137e-02 2.948279e-01 -9.571766e-02 1.878512e-01 -4.098273e-02 -3.356653e-01 -5.492608e-02 3.803061e-01 6.074326e-02 1.857213e-01 -6.106319e-01 -3.592153e-01 -1.124664e-01 2.741351e-01 1.213141e-01 1.099797e-01 -3.297398e-02 1.089661e-01 4.282843e-01 1.432335e-01 -2.154241e-01 4.548293e-02 1.984018e-02 2.593604e-02
<VARIANCE> 39
 1.517125e+01 3.642069e+01 5.363480e+01 6.066614e+01 6.625116e+01 8.460787e+01 7.554551e+01 7.814985e+01 9.073406e+01 9.031385e+01 9.675227e+01 8.777003e+01 2.007659e+01 8.837049e-01 1.606834e+00 1.970063e+00 3.054474e+00 2.884286e+00 4.116341e+00 4.005592e+00 4.955604e+00 4.547628e+00 4.102003e+00 4.160017e+00 3.533953e+00 1.367044e+00 1.391116e-01 2.131284e-01 3.052983e-01 5.459150e-01 5.041671e-01 6.386163e-01 6.799049e-01 7.742149e-01 8.514696e-01 8.241744e-01 7.983221e-01 7.171204e-01 1.484908e-01
<GCONST> 1.280820e+02
<MIXTURE> 4 7.125019e-02
<MEAN> 39
 -6.285792e+00 -1.475937e+01 -9.392913e+00 -1.926391e+01 -1.225410e+01 -1.767347e+01 -1.037498e+01 -1.686056e+00 6.455210e-01 -1.621012e+00 -9.907253e-01 -1.162627e+00 7.655556e+01 2.428684e-01 -9.549867e-01 -1.751434e-01 -4.614929e-01 3.417110e-01 7.162480e-01 8.847427e-01 1.074297e+00 4.027279e-01 1.118724e-01 1.921226e-01 1.871881e-01 9.050328e-01 -3.239657e-01 4.240046e-01 -2.951633e-02 3.627587e-01 2.636943e-01 8.010855e-02 1.169835e-01 -4.455867e-01 -2.621086e-01 1.541057e-02 -4.382609e-02 5.984113e-02 -4.491274e-01
<VARIANCE> 39
 2.105005e+01 4.434061e+01 8.884338e+01 7.068475e+01 1.153640e+02 1.445697e+02 1.230783e+02 9.542841e+01 9.654093e+01 9.278526e+01 1.019789e+02 9.385416e+01 3.476952e+01 2.175221e+00 3.362082e+00 4.207791e+00 4.822680e+00 5.783042e+00 6.344845e+00 6.228223e+00 7.046613e+00 6.233298e+00 5.656846e+00 5.169999e+00 4.827553e+00 2.871031e+00 3.360435e-01 4.127105e-01 6.357545e-01 7.587975e-01 9.354528e-01 1.101522e+00 1.168222e+00 1.154448e+00 1.118952e+00 1.031488e+00 1.008021e+00 8.940563e-01 3.154658e-01
<GCONST> 1.448988e+02
<MIXTURE> 5 9.443112e-02
<MEAN> 39
 -7.049611e+00 -1.711522e+01 -8.403237e+00 -1.947465e+01 -1.172175e+01 -1.581261e+01 -6.270247e+00 2.516768e-01 -1.481392e+00 -3.311088e+00 -2.137275e+00 -1.683278e+00 7.751814e+01 7.739102e-02 2.512256e-01 -8.584485e-02 2.291330e-01 -2.950513e-02 -2.758202e-02 1.407554e-02 -1.985476e-01 -1.270845e-01 9.163002e-02 3.798869e-03 1.380630e-01 -4.066512e-01 1.108153e-02 2.650349e-01 -5.446262e-02 1.740856e-01 -9.219334e-03 -9.574749e-02 -1.823873e-01 -2.829078e-01 4.831992e-03 8.646374e-02 -8.482037e-03 3.554887e-02 -2.398607e-01
<VARIANCE> 39
 1.989151e+01 3.515702e+01 9.997959e+01 6.710729e+01 1.536873e+02 1.456504e+02 1.316930e+02 1.011519e+02 1.004265e+02 8.532797e+01 9.320296e+01 9.925059e+01 3.054955e+01 4.665134e-01 1.060770e+00 1.627458e+00 1.742601e+00 2.566861e+00 2.761815e+00 3.362814e+00 3.339448e+00 3.291774e+00 3.004188e+00 2.830169e+00 2.610526e+00 5.541778e-01 7.607372e-02 1.555642e-01 2.563515e-01 2.966593e-01 4.334481e-01 4.979019e-01 5.986603e-01 6.026266e-01 6.046078e-01 5.501783e-01 5.298210e-01 4.962672e-01 7.900204e-02
<GCONST> 1.220358e+02
<MIXTURE> 6 1.257668e-01
<MEAN> 39
 -9.155198e+00 -8.863542e+00 -1.427706e+01 -1.477616e+01 -1.130965e+01 -1.582307e+01 -1.009675e+01 -8.134379e+00 -3.659025e+00 -2.127654e+00 -5.455801e+00 -8.094075e-01 6.308072e+01 -6.503801e-01 1.258440e-01 2.441715e-01 5.258337e-01 1.316885e-01 -3.616937e-02 -4.121245e-01 -6.746750e-01 -7.145230e-01 -4.986378e-01 -5.187130e-01 -2.791700e-01 -8.030736e-01 -2.278125e-02 -1.470103e-02 1.579643e-01 9.423793e-03 3.628401e-03 -1.264846e-01 -9.655258e-02 -3.850158e-02 -6.012297e-02 -5.055348e-02 9.196749e-02 3.185961e-05 1.616282e-01
<VARIANCE> 39
 1.904574e+01 1.720172e+01 3.163489e+01 2.626039e+01 3.986708e+01 4.761618e+01 3.876494e+01 4.510347e+01 4.963787e+01 4.543162e+01 4.614510e+01 3.550850e+01 1.034230e+01 6.889773e-01 8.548065e-01 1.449878e+00 1.572264e+00 2.118811e+00 2.616081e+00 2.759045e+00 3.122748e+00 3.090328e+00 3.030096e+00 2.815947e+00 2.520925e+00 4.941002e-01 8.789896e-02 1.135100e-01 1.750683e-01 2.300339e-01 2.986823e-01 3.686548e-01 4.143293e-01 4.694163e-01 4.976286e-01 5.020426e-01 4.709984e-01 4.199267e-01 4.915760e-02
<GCONST> 1.066344e+02
<MIXTURE> 7 1.003382e-01
<MEAN> 39
 -1.658424e+01 -3.778874e+00 -5.754219e+00 -1.644219e+01 -1.009103e+01 -2.063443e+01 -8.155759e+00 -9.062668e+00 -1.932109e+00 -2.515835e+00 4.268756e-01 6.926225e-01 7.297488e+01 2.614701e-01 2.037397e-01 4.725858e-02 -7.364149e-02 -5.476977e-01 -4.738849e-01 -1.903239e-01 -3.087139e-01 -7.557242e-02 -4.875888e-02 2.678504e-02 -1.717525e-02 3.334185e-01 2.638808e-01 -2.375636e-01 -2.043573e-01 1.103557e-01 6.143329e-03 2.202024e-01 -5.879380e-02 1.321179e-01 -4.057980e-02 -3.971726e-02 -2.156005e-01 -1.430184e-01 -1.943980e-01
<VARIANCE> 39
 7.205231e+01 5.736866e+01 1.098376e+02 8.000819e+01 1.361579e+02 1.140940e+02 9.524873e+01 8.417484e+01 8.192909e+01 8.954171e+01 6.619977e+01 5.712003e+01 3.118129e+01 5.681161e+00 3.555624e+00 4.139937e+00 4.691232e+00 6.794888e+00 6.049905e+00 6.100389e+00 5.484950e+00 5.068472e+00 5.171391e+00 4.709279e+00 3.941303e+00 1.687979e+00 7.471508e-01 4.916488e-01 7.765623e-01 7.647951e-01 1.319933e+00 1.243592e+00 1.143510e+00 1.083612e+00 1.044871e+00 1.070615e+00 8.699332e-01 7.499525e-01 2.684178e-01
<GCONST> 1.457704e+02
<MIXTURE> 8 5.677177e-02
<MEAN> 39
 -1.309354e+01 -7.133633e+00 -1.113781e+01 -1.118419e+01 -1.000859e+01 -1.770700e+01 -1.253174e+01 -1.197718e+01 -6.778371e+00 -4.708664e+00 -6.612152e+00 -2.282147e+00 6.120546e+01 -1.219491e-01 2.096021e-01 4.930937e-01 -4.599261e-01 3.622667e-01 2.982548e-02 5.580301e-01 1.103568e+00 1.094384e+00 7.337733e-01 1.285153e+00 6.317892e-01 1.020070e+00 1.505236e-01 -1.053855e-01 4.841159e-02 -4.504583e-01 4.005766e-03 -3.862271e-02 2.860702e-01 5.419376e-01 4.916265e-01 2.816529e-01 4.289582e-01 2.167988e-01 6.920333e-01
<VARIANCE> 39
 2.512528e+01 1.537407e+01 1.970162e+01 1.830920e+01 2.466434e+01 2.713370e+01 2.753765e+01 2.872791e+01 3.153260e+01 3.220649e+01 3.045720e+01 2.572115e+01 1.247606e+01 3.965402e+00 2.101599e+00 3.363624e+00 3.166193e+00 4.516078e+00 4.014081e+00 4.143117e+00 4.449972e+00 4.157008e+00 4.265141e+00 3.749032e+00 3.196839e+00 1.492257e+00 4.824277e-01 4.109154e-01 5.564337e-01 5.232494e-01 7.741271e-01 7.353191e-01 7.268509e-01 7.948672e-01 7.559687e-01 7.684221e-01 7.172822e-01 6.266565e-01 2.726907e-01
<GCONST> 1.222624e+02
<MIXTURE> 9 5.697845e-02
<MEAN> 39
 -1.137024e+01 -1.399757e+01 -1.573917e+01 -1.467511e+01 -2.400911e+00 -1.051668e+01 -3.898088e+00 -2.690784e+00 1.282957e+00 -3.899055e+00 -3.140202e+00 -2.298969e+00 7.400430e+01 2.695733e-02 4.175000e-01 -2.787933e-01 3.190929e-01 -2.831627e-01 -4.327316e-01 -6.533670e-01 -1.035506e+00 -7.233073e-01 -3.497575e-01 -6.090161e-01 -9.735355e-02 -9.637065e-01 4.772075e-02 1.141979e-01 1.678056e-01 -1.144786e-01 -3.814358e-01 -3.529508e-01 -4.266244e-01 -3.844199e-01 -2.846434e-01 -2.933109e-02 -6.312987e-02 1.584652e-02 -1.437715e-01
<VARIANCE> 39
 7.718758e+01 6.332467e+01 6.745373e+01 5.806590e+01 9.684003e+01 1.068561e+02 8.664948e+01 7.474847e+01 6.959427e+01 6.557101e+01 6.694913e+01 6.354479e+01 4.295608e+01 9.560760e-01 1.458488e+00 1.594618e+00 1.963426e+00 2.857945e+00 3.163323e+00 3.385031e+00 3.523570e+00 3.341954e+00 3.229152e+00 3.057093e+00 2.689343e+00 9.554005e-01 1.731286e-01 2.139281e-01 2.816234e-01 3.359302e-01 4.431513e-01 5.508786e-01 5.938988e-01 6.320310e-01 6.184083e-01 5.889233e-01 5.518254e-01 5.046277e-01 9.230466e-02
<GCONST> 1.248863e+02
<MIXTURE> 10 8.128699e-02
<MEAN> 39
 -7.626664e+00 -6.595752e+00 -3.721638e+00 -1.349464e+01 -1.797973e+01 -2.337912e+01 -1.321573e+01 -1.101175e+01 -7.407815e+00 -1.338837e+00 -1.347728e+00 1.260444e+00 6.788776e+01 -1.356213e-01 2.165119e-01 -4.386485e-01 3.410563e-01 3.808321e-01 3.822013e-01 -1.544878e-01 -4.871368e-01 -2.098123e-01 -8.715315e-02 -4.063032e-01 -1.465884e-01 -7.819929e-01 -1.740454e-01 -1.708982e-01 -2.318135e-01 -1.305837e-01 2.391504e-01 2.793014e-01 2.124609e-01 2.703407e-01 1.861578e-01 -1.051320e-01 -1.147000e-01 -1.388471e-01 1.690316e-02
<VARIANCE> 39
 1.653921e+01 2.598465e+01 5.883750e+01 5.201031e+01 5.779198e+01 6.566656e+01 6.434474e+01 8.570240e+01 8.048565e+01 7.226657e+01 7.180915e+01 5.877483e+01 2.121436e+01 6.786542e-01 1.049444e+00 2.329904e+00 2.258307e+00 2.551079e+00 2.756413e+00 3.236135e+00 3.824922e+00 3.649161e+00 3.482455e+00 3.291160e+00 2.921759e+00 1.022654e+00 9.599689e-02 1.360072e-01 2.562265e-01 3.249559e-01 3.859174e-01 4.308697e-01 5.133877e-01 6.057688e-01 6.614350e-01 6.326596e-01 6.006120e-01 5.497083e-01 6.904956e-02
<GCONST> 1.188710e+02
<MIXTURE> 11 7.224775e-02
<MEAN> 39
 -6.304423e+00 -1.399977e+01 -8.968834e+00 -1.912535e+01 -1.238255e+01 -1.875897e+01 -1.028368e+01 -7.308483e-01 1.008807e-01 -1.826957e+00 -1.258367e+00 -9.475501e-01 7.554254e+01 3.194669e-01 -7.345703e-01 -4.323944e-01 -4.128512e-01 1.387976e-01 2.724927e-01 3.062160e-01 2.776790e-01 -3.575277e-01 -5.108318e-01 -4.723531e-01 -4.205930e-01 5.357854e-01 -3.295746e-01 4.167831e-01 -7.411393e-02 4.070292e-01 2.171094e-01 7.441720e-02 1.017210e-02 -6.820020e-01 -3.561893e-01 -6.283694e-02 -1.392811e-01 -1.893919e-02 -5.071850e-01
<VARIANCE> 39
 1.896345e+01 3.870165e+01 9.651168e+01 6.477700e+01 1.132157e+02 1.300275e+02 1.202958e+02 9.453844e+01 9.724792e+01 9.486424e+01 1.047401e+02 9.211462e+01 3.572392e+01 1.969435e+00 3.379222e+00 3.940814e+00 4.689938e+00 5.108571e+00 5.690685e+00 5.756523e+00 7.106616e+00 5.934450e+00 5.492694e+00 4.999084e+00 4.547616e+00 3.245492e+00 3.179202e-01 3.752602e-01 6.868492e-01 7.063506e-01 9.270792e-01 1.088293e+00 1.158576e+00 1.098243e+00 1.115107e+00 1.079601e+00 1.035056e+00 8.999392e-01 2.662823e-01
<GCONST> 1.437027e+02
<MIXTURE> 12 6.395163e-02
<MEAN> 39
 -1.336186e+01 -6.061810e+00 -1.102076e+01 -1.068402e+01 -1.032874e+01 -1.846705e+01 -1.336674e+01 -1.330367e+01 -7.494368e+00 -5.727474e+00 -6.776543e+00 -2.641258e+00 6.159853e+01 1.207735e-01 -3.030457e-03 1.057702e-01 -1.791729e-01 -2.008832e-01 -2.611814e-01 -4.022592e-01 -1.009364e-01 -1.788204e-01 -1.767196e-01 -8.752514e-02 -2.167559e-01 1.447760e-01 1.036138e-01 -8.474955e-02 1.838383e-02 -3.260632e-01 -1.913343e-02 3.523799e-02 2.525371e-01 4.651677e-01 3.431620e-01 2.317537e-01 2.957206e-01 1.600127e-01 3.688503e-01
<VARIANCE> 39
 2.880288e+01 1.718757e+01 2.126174e+01 1.917888e+01 2.506969e+01 2.739833e+01 2.824324e+01 2.944572e+01 3.247185e+01 3.052408e+01 3.096428e+01 2.511181e+01 1.078456e+01 2.783314e+00 1.571860e+00 2.269869e+00 2.446450e+00 3.095143e+00 2.967602e+00 3.352823e+00 3.751070e+00 3.457600e+00 3.391457e+00 3.194292e+00 2.682485e+00 1.093858e+00 3.076439e-01 2.528646e-01 3.717307e-01 3.673182e-01 5.227194e-01 5.414782e-01 5.616930e-01 6.257328e-01 6.282116e-01 6.185493e-01 5.764217e-01 5.080247e-01 1.444718e-01
<GCONST> 1.147600e+02
<TRANSP> 3
 0.000000e+00 1.000000e+00 0.000000e+00
 0.000000e+00 9.881569e-01 1.184310e-02
 0.000000e+00 0.000000e+00 0.000000e+00
<ENDHMM>
~h "sil"
<BEGINHMM>
<NUMSTATES> 3
<STATE> 2
~s "silst"
<TRANSP> 3
 0.000000e+00 1.000000e+00 0.000000e+00
 0.000000e+00 9.958512e-01 4.148863e-03
 0.000000e+00 0.000000e+00 0.000000e+00
<ENDHMM>
~h "noise"
<BEGINHMM>
<NUMSTATES> 3
<STATE> 2
~s "silst"
<TRANSP> 3
 0.000000e+00 1.000000e+00 0.000000e+00
 0.000000e+00 9.875765e-01 1.242352e-02
 0.000000e+00 0.000000e+00 0.000000e+00
<ENDHMM>
