~o
<STREAMINFO> 1 22
<VECSIZE> 22<NULLD><MFCC_0><DIAGC>
~h "SIL"
<BEGINHMM>
<NUMSTATES> 5
<STATE> 2
<NUMMIXES> 10
<MIXTURE> 1 6.250000e-02
<MEAN> 22
 2.315636e+01 2.352269e+01 1.663123e+01 1.424404e+01 9.872836e+01 1.192152e+02 1.159995e+02 1.162116e+02 7.848363e+01 7.948894e+01 2.101753e+02 1.989714e+02 1.270698e+02 1.241875e+02 7.521752e+00 5.141660e+00 6.976417e+00 6.289631e+00 6.429389e+00 6.398467e+00 4.311436e+00 4.556657e+00
<VARIANCE> 22
 4.801635e+02 4.063120e+02 3.300595e+02 2.164982e+02 4.956268e+03 5.429985e+03 9.837579e+02 1.115179e+03 2.936362e+02 3.515820e+02 3.745738e+03 4.440754e+03 4.183320e+02 3.870127e+02 6.504288e+00 1.793316e+00 2.326111e+00 1.170389e+00 2.082489e+00 5.618803e+00 6.153808e+00 6.060927e+00
<GCONST> 1.445108e+02
<MIXTURE> 2 6.250000e-02
<MEAN> 22
 1.439130e+01 1.545981e+01 9.364216e+00 8.358487e+00 7.056805e+01 8.973984e+01 1.034535e+02 1.028537e+02 7.162930e+01 7.198872e+01 1.856943e+02 1.723158e+02 1.188886e+02 1.163185e+02 6.501612e+00 4.606002e+00 6.366353e+00 5.856893e+00 5.852156e+00 5.450307e+00 3.319161e+00 3.571899e+00
<VARIANCE> 22
 4.801635e+02 4.063120e+02 3.300595e+02 2.164982e+02 4.956268e+03 5.429985e+03 9.837579e+02 1.115179e+03 2.936362e+02 3.515820e+02 3.745738e+03 4.440754e+03 4.183320e+02 3.870127e+02 6.504288e+00 1.793316e+00 2.326111e+00 1.170389e+00 2.082489e+00 5.618803e+00 6.153808e+00 6.060927e+00
<GCONST> 1.445108e+02
<MIXTURE> 3 1.250000e-01
<MEAN> 22
 1.000877e+01 1.142837e+01 5.730708e+00 5.415711e+00 5.648790e+01 7.500215e+01 9.718052e+01 9.617490e+01 6.820213e+01 6.823861e+01 1.734538e+02 1.589880e+02 1.147980e+02 1.123840e+02 5.991541e+00 4.338172e+00 6.061321e+00 5.640524e+00 5.563539e+00 4.976227e+00 2.823024e+00 3.079520e+00
<VARIANCE> 22
 4.801635e+02 4.063120e+02 3.300595e+02 2.164982e+02 4.956268e+03 5.429985e+03 9.837579e+02 1.115179e+03 2.936362e+02 3.515820e+02 3.745738e+03 4.440754e+03 4.183320e+02 3.870127e+02 6.504288e+00 1.793316e+00 2.326111e+00 1.170389e+00 2.082489e+00 5.618803e+00 6.153808e+00 6.060927e+00
<GCONST> 1.445108e+02
<MIXTURE> 4 1.250000e-01
<MEAN> 22
 1.243720e+00 3.365496e+00 -1.536308e+00 -4.698386e-01 2.832759e+01 4.552678e+01 8.463456e+01 8.281718e+01 6.134780e+01 6.073840e+01 1.489728e+02 1.323324e+02 1.066168e+02 1.045150e+02 4.971401e+00 3.802516e+00 5.451257e+00 5.207786e+00 4.986306e+00 4.028067e+00 1.830750e+00 2.094762e+00
<VARIANCE> 22
 4.801635e+02 4.063120e+02 3.300595e+02 2.164982e+02 4.956268e+03 5.429985e+03 9.837579e+02 1.115179e+03 2.936362e+02 3.515820e+02 3.745738e+03 4.440754e+03 4.183320e+02 3.870127e+02 6.504288e+00 1.793316e+00 2.326111e+00 1.170389e+00 2.082489e+00 5.618803e+00 6.153808e+00 6.060927e+00
<GCONST> 1.445108e+02
<MIXTURE> 5 1.250000e-01
<MEAN> 22
 1.000877e+01 1.142837e+01 5.730708e+00 5.415711e+00 5.648789e+01 7.500215e+01 9.718052e+01 9.617494e+01 6.820214e+01 6.823862e+01 1.734538e+02 1.589880e+02 1.147980e+02 1.123840e+02 5.991541e+00 4.338172e+00 6.061321e+00 5.640524e+00 5.563540e+00 4.976227e+00 2.823024e+00 3.079520e+00
<VARIANCE> 22
 4.801635e+02 4.063120e+02 3.300595e+02 2.164982e+02 4.956268e+03 5.429985e+03 9.837579e+02 1.115179e+03 2.936362e+02 3.515820e+02 3.745738e+03 4.440754e+03 4.183320e+02 3.870127e+02 6.504288e+00 1.793316e+00 2.326111e+00 1.170389e+00 2.082489e+00 5.618803e+00 6.153808e+00 6.060927e+00
<GCONST> 1.445108e+02
<MIXTURE> 6 1.250000e-01
<MEAN> 22
 1.243720e+00 3.365497e+00 -1.536308e+00 -4.698384e-01 2.832759e+01 4.552678e+01 8.463456e+01 8.281718e+01 6.134780e+01 6.073840e+01 1.489728e+02 1.323324e+02 1.066168e+02 1.045150e+02 4.971402e+00 3.802515e+00 5.451257e+00 5.207786e+00 4.986305e+00 4.028067e+00 1.830750e+00 2.094762e+00
<VARIANCE> 22
 4.801635e+02 4.063120e+02 3.300595e+02 2.164982e+02 4.956268e+03 5.429985e+03 9.837579e+02 1.115179e+03 2.936362e+02 3.515820e+02 3.745738e+03 4.440754e+03 4.183320e+02 3.870127e+02 6.504288e+00 1.793316e+00 2.326111e+00 1.170389e+00 2.082489e+00 5.618803e+00 6.153808e+00 6.060927e+00
<GCONST> 1.445108e+02
<MIXTURE> 7 1.250000e-01
<MEAN> 22
 1.243716e+00 3.365498e+00 -1.536308e+00 -4.698396e-01 2.832759e+01 4.552678e+01 8.463456e+01 8.281718e+01 6.134781e+01 6.073840e+01 1.489728e+02 1.323324e+02 1.066168e+02 1.045150e+02 4.971401e+00 3.802514e+00 5.451257e+00 5.207786e+00 4.986305e+00 4.028067e+00 1.830750e+00 2.094762e+00
<VARIANCE> 22
 4.801635e+02 4.063120e+02 3.300595e+02 2.164982e+02 4.956268e+03 5.429985e+03 9.837579e+02 1.115179e+03 2.936362e+02 3.515820e+02 3.745738e+03 4.440754e+03 4.183320e+02 3.870127e+02 6.504288e+00 1.793316e+00 2.326111e+00 1.170389e+00 2.082489e+00 5.618803e+00 6.153808e+00 6.060927e+00
<GCONST> 1.445108e+02
<MIXTURE> 8 1.250000e-01
<MEAN> 22
 -7.521334e+00 -4.697377e+00 -8.803324e+00 -6.355390e+00 1.672869e-01 1.605140e+01 7.208860e+01 6.945947e+01 5.449348e+01 5.323820e+01 1.244918e+02 1.056768e+02 9.843556e+01 9.664597e+01 3.951261e+00 3.266857e+00 4.841193e+00 4.775048e+00 4.409072e+00 3.079907e+00 8.384756e-01 1.110004e+00
<VARIANCE> 22
 4.801635e+02 4.063120e+02 3.300595e+02 2.164982e+02 4.956268e+03 5.429985e+03 9.837579e+02 1.115179e+03 2.936362e+02 3.515820e+02 3.745738e+03 4.440754e+03 4.183320e+02 3.870127e+02 6.504288e+00 1.793316e+00 2.326111e+00 1.170389e+00 2.082489e+00 5.618803e+00 6.153808e+00 6.060927e+00
<GCONST> 1.445108e+02
<MIXTURE> 9 6.250000e-02
<MEAN> 22
 1.439130e+01 1.545981e+01 9.364212e+00 8.358484e+00 7.056805e+01 8.973981e+01 1.034535e+02 1.028538e+02 7.162931e+01 7.198872e+01 1.856943e+02 1.723158e+02 1.188886e+02 1.163185e+02 6.501612e+00 4.606001e+00 6.366353e+00 5.856893e+00 5.852156e+00 5.450307e+00 3.319161e+00 3.571899e+00
<VARIANCE> 22
 4.801635e+02 4.063120e+02 3.300595e+02 2.164982e+02 4.956268e+03 5.429985e+03 9.837579e+02 1.115179e+03 2.936362e+02 3.515820e+02 3.745738e+03 4.440754e+03 4.183320e+02 3.870127e+02 6.504288e+00 1.793316e+00 2.326111e+00 1.170389e+00 2.082489e+00 5.618803e+00 6.153808e+00 6.060927e+00
<GCONST> 1.445108e+02
<MIXTURE> 10 6.250000e-02
<MEAN> 22
 5.626243e+00 7.396934e+00 2.097200e+00 2.472936e+00 4.240775e+01 6.026447e+01 9.090754e+01 8.949603e+01 6.477497e+01 6.448850e+01 1.612133e+02 1.456602e+02 1.107074e+02 1.084495e+02 5.481472e+00 4.070343e+00 5.756289e+00 5.424155e+00 5.274922e+00 4.502147e+00 2.326887e+00 2.587141e+00
<VARIANCE> 22
 4.801635e+02 4.063120e+02 3.300595e+02 2.164982e+02 4.956268e+03 5.429985e+03 9.837579e+02 1.115179e+03 2.936362e+02 3.515820e+02 3.745738e+03 4.440754e+03 4.183320e+02 3.870127e+02 6.504288e+00 1.793316e+00 2.326111e+00 1.170389e+00 2.082489e+00 5.618803e+00 6.153808e+00 6.060927e+00
<GCONST> 1.445108e+02
<STATE> 3
<NUMMIXES> 10
<MIXTURE> 1 6.250000e-02
<MEAN> 22
 2.315636e+01 2.352269e+01 1.663123e+01 1.424404e+01 9.872836e+01 1.192152e+02 1.159995e+02 1.162116e+02 7.848363e+01 7.948894e+01 2.101753e+02 1.989714e+02 1.270698e+02 1.241875e+02 7.521752e+00 5.141660e+00 6.976417e+00 6.289631e+00 6.429389e+00 6.398467e+00 4.311436e+00 4.556657e+00
<VARIANCE> 22
 4.801635e+02 4.063120e+02 3.300595e+02 2.164982e+02 4.956268e+03 5.429985e+03 9.837579e+02 1.115179e+03 2.936362e+02 3.515820e+02 3.745738e+03 4.440754e+03 4.183320e+02 3.870127e+02 6.504288e+00 1.793316e+00 2.326111e+00 1.170389e+00 2.082489e+00 5.618803e+00 6.153808e+00 6.060927e+00
<GCONST> 1.445108e+02
<MIXTURE> 2 6.250000e-02
<MEAN> 22
 1.439130e+01 1.545981e+01 9.364216e+00 8.358487e+00 7.056805e+01 8.973984e+01 1.034535e+02 1.028537e+02 7.162930e+01 7.198872e+01 1.856943e+02 1.723158e+02 1.188886e+02 1.163185e+02 6.501612e+00 4.606002e+00 6.366353e+00 5.856893e+00 5.852156e+00 5.450307e+00 3.319161e+00 3.571899e+00
<VARIANCE> 22
 4.801635e+02 4.063120e+02 3.300595e+02 2.164982e+02 4.956268e+03 5.429985e+03 9.837579e+02 1.115179e+03 2.936362e+02 3.515820e+02 3.745738e+03 4.440754e+03 4.183320e+02 3.870127e+02 6.504288e+00 1.793316e+00 2.326111e+00 1.170389e+00 2.082489e+00 5.618803e+00 6.153808e+00 6.060927e+00
<GCONST> 1.445108e+02
<MIXTURE> 3 1.250000e-01
<MEAN> 22
 1.000877e+01 1.142837e+01 5.730708e+00 5.415711e+00 5.648790e+01 7.500215e+01 9.718052e+01 9.617490e+01 6.820213e+01 6.823861e+01 1.734538e+02 1.589880e+02 1.147980e+02 1.123840e+02 5.991541e+00 4.338172e+00 6.061321e+00 5.640524e+00 5.563539e+00 4.976227e+00 2.823024e+00 3.079520e+00
<VARIANCE> 22
 4.801635e+02 4.063120e+02 3.300595e+02 2.164982e+02 4.956268e+03 5.429985e+03 9.837579e+02 1.115179e+03 2.936362e+02 3.515820e+02 3.745738e+03 4.440754e+03 4.183320e+02 3.870127e+02 6.504288e+00 1.793316e+00 2.326111e+00 1.170389e+00 2.082489e+00 5.618803e+00 6.153808e+00 6.060927e+00
<GCONST> 1.445108e+02
<MIXTURE> 4 1.250000e-01
<MEAN> 22
 1.243720e+00 3.365496e+00 -1.536308e+00 -4.698386e-01 2.832759e+01 4.552678e+01 8.463456e+01 8.281718e+01 6.134780e+01 6.073840e+01 1.489728e+02 1.323324e+02 1.066168e+02 1.045150e+02 4.971401e+00 3.802516e+00 5.451257e+00 5.207786e+00 4.986306e+00 4.028067e+00 1.830750e+00 2.094762e+00
<VARIANCE> 22
 4.801635e+02 4.063120e+02 3.300595e+02 2.164982e+02 4.956268e+03 5.429985e+03 9.837579e+02 1.115179e+03 2.936362e+02 3.515820e+02 3.745738e+03 4.440754e+03 4.183320e+02 3.870127e+02 6.504288e+00 1.793316e+00 2.326111e+00 1.170389e+00 2.082489e+00 5.618803e+00 6.153808e+00 6.060927e+00
<GCONST> 1.445108e+02
<MIXTURE> 5 1.250000e-01
<MEAN> 22
 1.000877e+01 1.142837e+01 5.730708e+00 5.415711e+00 5.648789e+01 7.500215e+01 9.718052e+01 9.617494e+01 6.820214e+01 6.823862e+01 1.734538e+02 1.589880e+02 1.147980e+02 1.123840e+02 5.991541e+00 4.338172e+00 6.061321e+00 5.640524e+00 5.563540e+00 4.976227e+00 2.823024e+00 3.079520e+00
<VARIANCE> 22
 4.801635e+02 4.063120e+02 3.300595e+02 2.164982e+02 4.956268e+03 5.429985e+03 9.837579e+02 1.115179e+03 2.936362e+02 3.515820e+02 3.745738e+03 4.440754e+03 4.183320e+02 3.870127e+02 6.504288e+00 1.793316e+00 2.326111e+00 1.170389e+00 2.082489e+00 5.618803e+00 6.153808e+00 6.060927e+00
<GCONST> 1.445108e+02
<MIXTURE> 6 1.250000e-01
<MEAN> 22
 1.243720e+00 3.365497e+00 -1.536308e+00 -4.698384e-01 2.832759e+01 4.552678e+01 8.463456e+01 8.281718e+01 6.134780e+01 6.073840e+01 1.489728e+02 1.323324e+02 1.066168e+02 1.045150e+02 4.971402e+00 3.802515e+00 5.451257e+00 5.207786e+00 4.986305e+00 4.028067e+00 1.830750e+00 2.094762e+00
<VARIANCE> 22
 4.801635e+02 4.063120e+02 3.300595e+02 2.164982e+02 4.956268e+03 5.429985e+03 9.837579e+02 1.115179e+03 2.936362e+02 3.515820e+02 3.745738e+03 4.440754e+03 4.183320e+02 3.870127e+02 6.504288e+00 1.793316e+00 2.326111e+00 1.170389e+00 2.082489e+00 5.618803e+00 6.153808e+00 6.060927e+00
<GCONST> 1.445108e+02
<MIXTURE> 7 1.250000e-01
<MEAN> 22
 1.243716e+00 3.365498e+00 -1.536308e+00 -4.698396e-01 2.832759e+01 4.552678e+01 8.463456e+01 8.281718e+01 6.134781e+01 6.073840e+01 1.489728e+02 1.323324e+02 1.066168e+02 1.045150e+02 4.971401e+00 3.802514e+00 5.451257e+00 5.207786e+00 4.986305e+00 4.028067e+00 1.830750e+00 2.094762e+00
<VARIANCE> 22
 4.801635e+02 4.063120e+02 3.300595e+02 2.164982e+02 4.956268e+03 5.429985e+03 9.837579e+02 1.115179e+03 2.936362e+02 3.515820e+02 3.745738e+03 4.440754e+03 4.183320e+02 3.870127e+02 6.504288e+00 1.793316e+00 2.326111e+00 1.170389e+00 2.082489e+00 5.618803e+00 6.153808e+00 6.060927e+00
<GCONST> 1.445108e+02
<MIXTURE> 8 1.250000e-01
<MEAN> 22
 -7.521334e+00 -4.697377e+00 -8.803324e+00 -6.355390e+00 1.672869e-01 1.605140e+01 7.208860e+01 6.945947e+01 5.449348e+01 5.323820e+01 1.244918e+02 1.056768e+02 9.843556e+01 9.664597e+01 3.951261e+00 3.266857e+00 4.841193e+00 4.775048e+00 4.409072e+00 3.079907e+00 8.384756e-01 1.110004e+00
<VARIANCE> 22
 4.801635e+02 4.063120e+02 3.300595e+02 2.164982e+02 4.956268e+03 5.429985e+03 9.837579e+02 1.115179e+03 2.936362e+02 3.515820e+02 3.745738e+03 4.440754e+03 4.183320e+02 3.870127e+02 6.504288e+00 1.793316e+00 2.326111e+00 1.170389e+00 2.082489e+00 5.618803e+00 6.153808e+00 6.060927e+00
<GCONST> 1.445108e+02
<MIXTURE> 9 6.250000e-02
<MEAN> 22
 1.439130e+01 1.545981e+01 9.364212e+00 8.358484e+00 7.056805e+01 8.973981e+01 1.034535e+02 1.028538e+02 7.162931e+01 7.198872e+01 1.856943e+02 1.723158e+02 1.188886e+02 1.163185e+02 6.501612e+00 4.606001e+00 6.366353e+00 5.856893e+00 5.852156e+00 5.450307e+00 3.319161e+00 3.571899e+00
<VARIANCE> 22
 4.801635e+02 4.063120e+02 3.300595e+02 2.164982e+02 4.956268e+03 5.429985e+03 9.837579e+02 1.115179e+03 2.936362e+02 3.515820e+02 3.745738e+03 4.440754e+03 4.183320e+02 3.870127e+02 6.504288e+00 1.793316e+00 2.326111e+00 1.170389e+00 2.082489e+00 5.618803e+00 6.153808e+00 6.060927e+00
<GCONST> 1.445108e+02
<MIXTURE> 10 6.250000e-02
<MEAN> 22
 5.626243e+00 7.396934e+00 2.097200e+00 2.472936e+00 4.240775e+01 6.026447e+01 9.090754e+01 8.949603e+01 6.477497e+01 6.448850e+01 1.612133e+02 1.456602e+02 1.107074e+02 1.084495e+02 5.481472e+00 4.070343e+00 5.756289e+00 5.424155e+00 5.274922e+00 4.502147e+00 2.326887e+00 2.587141e+00
<VARIANCE> 22
 4.801635e+02 4.063120e+02 3.300595e+02 2.164982e+02 4.956268e+03 5.429985e+03 9.837579e+02 1.115179e+03 2.936362e+02 3.515820e+02 3.745738e+03 4.440754e+03 4.183320e+02 3.870127e+02 6.504288e+00 1.793316e+00 2.326111e+00 1.170389e+00 2.082489e+00 5.618803e+00 6.153808e+00 6.060927e+00
<GCONST> 1.445108e+02
<STATE> 4
<NUMMIXES> 10
<MIXTURE> 1 6.250000e-02
<MEAN> 22
 2.315636e+01 2.352269e+01 1.663123e+01 1.424404e+01 9.872836e+01 1.192152e+02 1.159995e+02 1.162116e+02 7.848363e+01 7.948894e+01 2.101753e+02 1.989714e+02 1.270698e+02 1.241875e+02 7.521752e+00 5.141660e+00 6.976417e+00 6.289631e+00 6.429389e+00 6.398467e+00 4.311436e+00 4.556657e+00
<VARIANCE> 22
 4.801635e+02 4.063120e+02 3.300595e+02 2.164982e+02 4.956268e+03 5.429985e+03 9.837579e+02 1.115179e+03 2.936362e+02 3.515820e+02 3.745738e+03 4.440754e+03 4.183320e+02 3.870127e+02 6.504288e+00 1.793316e+00 2.326111e+00 1.170389e+00 2.082489e+00 5.618803e+00 6.153808e+00 6.060927e+00
<GCONST> 1.445108e+02
<MIXTURE> 2 6.250000e-02
<MEAN> 22
 1.439130e+01 1.545981e+01 9.364216e+00 8.358487e+00 7.056805e+01 8.973984e+01 1.034535e+02 1.028537e+02 7.162930e+01 7.198872e+01 1.856943e+02 1.723158e+02 1.188886e+02 1.163185e+02 6.501612e+00 4.606002e+00 6.366353e+00 5.856893e+00 5.852156e+00 5.450307e+00 3.319161e+00 3.571899e+00
<VARIANCE> 22
 4.801635e+02 4.063120e+02 3.300595e+02 2.164982e+02 4.956268e+03 5.429985e+03 9.837579e+02 1.115179e+03 2.936362e+02 3.515820e+02 3.745738e+03 4.440754e+03 4.183320e+02 3.870127e+02 6.504288e+00 1.793316e+00 2.326111e+00 1.170389e+00 2.082489e+00 5.618803e+00 6.153808e+00 6.060927e+00
<GCONST> 1.445108e+02
<MIXTURE> 3 1.250000e-01
<MEAN> 22
 1.000877e+01 1.142837e+01 5.730708e+00 5.415711e+00 5.648790e+01 7.500215e+01 9.718052e+01 9.617490e+01 6.820213e+01 6.823861e+01 1.734538e+02 1.589880e+02 1.147980e+02 1.123840e+02 5.991541e+00 4.338172e+00 6.061321e+00 5.640524e+00 5.563539e+00 4.976227e+00 2.823024e+00 3.079520e+00
<VARIANCE> 22
 4.801635e+02 4.063120e+02 3.300595e+02 2.164982e+02 4.956268e+03 5.429985e+03 9.837579e+02 1.115179e+03 2.936362e+02 3.515820e+02 3.745738e+03 4.440754e+03 4.183320e+02 3.870127e+02 6.504288e+00 1.793316e+00 2.326111e+00 1.170389e+00 2.082489e+00 5.618803e+00 6.153808e+00 6.060927e+00
<GCONST> 1.445108e+02
<MIXTURE> 4 1.250000e-01
<MEAN> 22
 1.243720e+00 3.365496e+00 -1.536308e+00 -4.698386e-01 2.832759e+01 4.552678e+01 8.463456e+01 8.281718e+01 6.134780e+01 6.073840e+01 1.489728e+02 1.323324e+02 1.066168e+02 1.045150e+02 4.971401e+00 3.802516e+00 5.451257e+00 5.207786e+00 4.986306e+00 4.028067e+00 1.830750e+00 2.094762e+00
<VARIANCE> 22
 4.801635e+02 4.063120e+02 3.300595e+02 2.164982e+02 4.956268e+03 5.429985e+03 9.837579e+02 1.115179e+03 2.936362e+02 3.515820e+02 3.745738e+03 4.440754e+03 4.183320e+02 3.870127e+02 6.504288e+00 1.793316e+00 2.326111e+00 1.170389e+00 2.082489e+00 5.618803e+00 6.153808e+00 6.060927e+00
<GCONST> 1.445108e+02
<MIXTURE> 5 1.250000e-01
<MEAN> 22
 1.000877e+01 1.142837e+01 5.730708e+00 5.415711e+00 5.648789e+01 7.500215e+01 9.718052e+01 9.617494e+01 6.820214e+01 6.823862e+01 1.734538e+02 1.589880e+02 1.147980e+02 1.123840e+02 5.991541e+00 4.338172e+00 6.061321e+00 5.640524e+00 5.563540e+00 4.976227e+00 2.823024e+00 3.079520e+00
<VARIANCE> 22
 4.801635e+02 4.063120e+02 3.300595e+02 2.164982e+02 4.956268e+03 5.429985e+03 9.837579e+02 1.115179e+03 2.936362e+02 3.515820e+02 3.745738e+03 4.440754e+03 4.183320e+02 3.870127e+02 6.504288e+00 1.793316e+00 2.326111e+00 1.170389e+00 2.082489e+00 5.618803e+00 6.153808e+00 6.060927e+00
<GCONST> 1.445108e+02
<MIXTURE> 6 1.250000e-01
<MEAN> 22
 1.243720e+00 3.365497e+00 -1.536308e+00 -4.698384e-01 2.832759e+01 4.552678e+01 8.463456e+01 8.281718e+01 6.134780e+01 6.073840e+01 1.489728e+02 1.323324e+02 1.066168e+02 1.045150e+02 4.971402e+00 3.802515e+00 5.451257e+00 5.207786e+00 4.986305e+00 4.028067e+00 1.830750e+00 2.094762e+00
<VARIANCE> 22
 4.801635e+02 4.063120e+02 3.300595e+02 2.164982e+02 4.956268e+03 5.429985e+03 9.837579e+02 1.115179e+03 2.936362e+02 3.515820e+02 3.745738e+03 4.440754e+03 4.183320e+02 3.870127e+02 6.504288e+00 1.793316e+00 2.326111e+00 1.170389e+00 2.082489e+00 5.618803e+00 6.153808e+00 6.060927e+00
<GCONST> 1.445108e+02
<MIXTURE> 7 1.250000e-01
<MEAN> 22
 1.243716e+00 3.365498e+00 -1.536308e+00 -4.698396e-01 2.832759e+01 4.552678e+01 8.463456e+01 8.281718e+01 6.134781e+01 6.073840e+01 1.489728e+02 1.323324e+02 1.066168e+02 1.045150e+02 4.971401e+00 3.802514e+00 5.451257e+00 5.207786e+00 4.986305e+00 4.028067e+00 1.830750e+00 2.094762e+00
<VARIANCE> 22
 4.801635e+02 4.063120e+02 3.300595e+02 2.164982e+02 4.956268e+03 5.429985e+03 9.837579e+02 1.115179e+03 2.936362e+02 3.515820e+02 3.745738e+03 4.440754e+03 4.183320e+02 3.870127e+02 6.504288e+00 1.793316e+00 2.326111e+00 1.170389e+00 2.082489e+00 5.618803e+00 6.153808e+00 6.060927e+00
<GCONST> 1.445108e+02
<MIXTURE> 8 1.250000e-01
<MEAN> 22
 -7.521334e+00 -4.697377e+00 -8.803324e+00 -6.355390e+00 1.672869e-01 1.605140e+01 7.208860e+01 6.945947e+01 5.449348e+01 5.323820e+01 1.244918e+02 1.056768e+02 9.843556e+01 9.664597e+01 3.951261e+00 3.266857e+00 4.841193e+00 4.775048e+00 4.409072e+00 3.079907e+00 8.384756e-01 1.110004e+00
<VARIANCE> 22
 4.801635e+02 4.063120e+02 3.300595e+02 2.164982e+02 4.956268e+03 5.429985e+03 9.837579e+02 1.115179e+03 2.936362e+02 3.515820e+02 3.745738e+03 4.440754e+03 4.183320e+02 3.870127e+02 6.504288e+00 1.793316e+00 2.326111e+00 1.170389e+00 2.082489e+00 5.618803e+00 6.153808e+00 6.060927e+00
<GCONST> 1.445108e+02
<MIXTURE> 9 6.250000e-02
<MEAN> 22
 1.439130e+01 1.545981e+01 9.364212e+00 8.358484e+00 7.056805e+01 8.973981e+01 1.034535e+02 1.028538e+02 7.162931e+01 7.198872e+01 1.856943e+02 1.723158e+02 1.188886e+02 1.163185e+02 6.501612e+00 4.606001e+00 6.366353e+00 5.856893e+00 5.852156e+00 5.450307e+00 3.319161e+00 3.571899e+00
<VARIANCE> 22
 4.801635e+02 4.063120e+02 3.300595e+02 2.164982e+02 4.956268e+03 5.429985e+03 9.837579e+02 1.115179e+03 2.936362e+02 3.515820e+02 3.745738e+03 4.440754e+03 4.183320e+02 3.870127e+02 6.504288e+00 1.793316e+00 2.326111e+00 1.170389e+00 2.082489e+00 5.618803e+00 6.153808e+00 6.060927e+00
<GCONST> 1.445108e+02
<MIXTURE> 10 6.250000e-02
<MEAN> 22
 5.626243e+00 7.396934e+00 2.097200e+00 2.472936e+00 4.240775e+01 6.026447e+01 9.090754e+01 8.949603e+01 6.477497e+01 6.448850e+01 1.612133e+02 1.456602e+02 1.107074e+02 1.084495e+02 5.481472e+00 4.070343e+00 5.756289e+00 5.424155e+00 5.274922e+00 4.502147e+00 2.326887e+00 2.587141e+00
<VARIANCE> 22
 4.801635e+02 4.063120e+02 3.300595e+02 2.164982e+02 4.956268e+03 5.429985e+03 9.837579e+02 1.115179e+03 2.936362e+02 3.515820e+02 3.745738e+03 4.440754e+03 4.183320e+02 3.870127e+02 6.504288e+00 1.793316e+00 2.326111e+00 1.170389e+00 2.082489e+00 5.618803e+00 6.153808e+00 6.060927e+00
<GCONST> 1.445108e+02
<TRANSP> 5
 0.000000e+00 1.000000e+00 0.000000e+00 0.000000e+00 0.000000e+00
 0.000000e+00 4.800000e-01 3.200000e-01 2.000000e-01 0.000000e+00
 0.000000e+00 0.000000e+00 6.000000e-01 4.000000e-01 0.000000e+00
 0.000000e+00 2.000000e-01 0.000000e+00 5.600000e-01 2.400000e-01
 0.000000e+00 0.000000e+00 0.000000e+00 0.000000e+00 0.000000e+00
<ENDHMM>
~h "oov"
<BEGINHMM>
<NUMSTATES> 5
<STATE> 2
<NUMMIXES> 10
<MIXTURE> 1 1.758984e-02
<MEAN> 22
 1.156333e+02 1.055173e+02 1.006180e+02 8.356368e+01 3.274135e+02 2.603693e+02 1.069519e+02 9.668041e+01 6.422461e+01 7.143299e+01 2.056741e+02 1.480141e+02 1.177562e+02 1.133025e+02 6.995321e+00 4.111989e+00 6.208347e+00 5.326256e+00 6.000913e+00 4.462893e+00 3.491657e+00 3.782892e+00
<VARIANCE> 22
 4.285450e+04 2.798561e+04 3.470773e+04 2.172883e+04 7.189978e+04 3.536891e+04 2.598539e+02 8.925566e+02 5.138970e+01 2.362455e+02 3.815975e+02 4.452591e+03 1.347916e+02 2.037330e+02 6.504288e-02 1.458012e+00 1.649377e-01 7.637184e-01 2.082489e-02 5.605865e+00 8.752789e+00 7.641970e+00
<GCONST> 1.473885e+02
<MIXTURE> 2 1.032156e-01
<MEAN> 22
 1.447381e+01 1.519822e+01 2.143555e+00 2.262994e+00 1.591504e+02 1.569635e+02 8.331400e+01 8.231027e+01 7.159212e+01 7.014632e+01 5.150740e+01 5.204052e+01 1.074046e+02 1.095710e+02 1.946817e+00 2.103528e+00 5.252100e+00 5.483253e+00 3.151315e+00 9.418569e-01 3.052102e+00 2.972687e+00
<VARIANCE> 22
 2.882776e+02 3.314609e+02 7.824582e+00 7.982223e+00 2.053342e+03 1.443589e+03 7.282720e+02 8.149758e+02 1.257233e+02 1.299529e+02 5.637112e+02 5.544611e+02 2.949740e+02 2.234183e+02 3.356491e-01 3.396297e-01 3.915948e+00 1.183166e+00 3.467553e-01 3.892592e-01 5.287888e+00 5.638804e+00
<GCONST> 1.184350e+02
<MIXTURE> 3 1.498084e-01
<MEAN> 22
 1.270433e+01 8.728377e+00 3.320290e+00 2.414238e+00 1.057834e+02 6.002713e+01 8.873203e+01 8.471487e+01 8.051724e+01 6.468130e+01 1.078613e+02 1.518910e+02 1.050205e+02 1.098547e+02 2.000881e+00 4.269485e+00 5.138619e+00 5.467033e+00 3.956196e+00 5.140543e+00 3.183655e+00 2.744916e+00
<VARIANCE> 22
 2.032458e+02 1.389801e+02 1.905081e+01 1.383843e+01 4.793629e+03 3.592769e+03 2.384573e+03 1.476472e+03 4.468982e+02 2.591611e+02 3.068425e+03 2.311695e+03 3.723952e+02 2.032960e+02 5.635761e+00 9.830657e-01 6.469146e+00 4.887214e-01 3.429889e+00 3.692345e+00 5.424610e+00 5.857993e+00
<GCONST> 1.355222e+02
<MIXTURE> 4 2.834552e-02
<MEAN> 22
 -5.048710e-29 1.893266e-29 0.000000e+00 -2.019484e-28 5.109982e+02 3.967704e+02 0.000000e+00 -4.038968e-28 0.000000e+00 0.000000e+00 0.000000e+00 2.019484e-28 0.000000e+00 0.000000e+00 0.000000e+00 0.000000e+00 0.000000e+00 0.000000e+00 0.000000e+00 0.000000e+00 0.000000e+00 0.000000e+00
<VARIANCE> 22
 4.801635e+00 4.063120e+00 3.300595e+00 2.164982e+00 2.672985e+03 1.681270e+03 9.837578e+00 1.115179e+01 2.936362e+00 3.515820e+00 3.745738e+01 4.440754e+01 4.183320e+00 3.870127e+00 6.504288e-02 1.793316e-02 2.326111e-02 1.170389e-02 2.082489e-02 5.618803e-02 6.153808e-02 6.060927e-02
<GCONST> 5.061756e+01
<MIXTURE> 5 8.091729e-02
<MEAN> 22
 6.502918e+00 6.890023e+00 1.205162e+00 1.085835e+00 1.401738e+02 1.367493e+02 7.297873e+01 7.266561e+01 6.428014e+01 6.183432e+01 4.329848e+01 4.464856e+01 1.012857e+02 1.024174e+02 1.768404e+00 2.227099e+00 6.348166e+00 5.603734e+00 3.000722e+00 1.047038e+00 3.613361e+00 3.402747e+00
<VARIANCE> 22
 4.883450e+01 5.979913e+01 3.300595e+00 2.164982e+00 1.022681e+03 7.394359e+02 2.594191e+02 2.908831e+02 3.193483e+01 4.180780e+01 2.485864e+02 2.675206e+02 4.505280e+01 4.149852e+01 1.985895e-01 2.014837e-01 3.315393e-01 3.688523e-01 1.532858e-01 1.908364e-01 5.575622e+00 5.856087e+00
<GCONST> 9.561610e+01
<MIXTURE> 6 7.724937e-03
<MEAN> 22
 3.986419e+02 3.505897e+02 3.637001e+02 2.904263e+02 2.706923e+01 2.437865e+01 2.787813e+01 3.037786e+01 2.783020e+01 2.397373e+01 3.238924e+01 4.204166e+01 3.470078e+01 3.677246e+01 7.640472e-01 1.188604e+00 1.925635e+00 1.841027e+00 1.362714e+00 1.303613e+00 3.525386e+00 3.714620e+00
<VARIANCE> 22
 3.466721e+04 2.060613e+04 3.091802e+04 2.081939e+04 3.497987e+03 3.563879e+03 2.020470e+03 2.291267e+03 1.589332e+03 1.189886e+03 2.635595e+03 4.555923e+03 2.552726e+03 2.678087e+03 2.549654e+00 3.588688e+00 8.476621e+00 6.706249e+00 4.221451e+00 5.525657e+00 3.146446e+00 3.060048e+00
<GCONST> 1.709493e+02
<MIXTURE> 7 2.204185e-01
<MEAN> 22
 4.040210e+00 1.005227e+01 1.241270e+00 2.924042e+00 3.295697e+01 7.274907e+01 9.636212e+01 9.112154e+01 6.378578e+01 7.236587e+01 1.942137e+02 1.457941e+02 1.162741e+02 1.116810e+02 6.998147e+00 4.190555e+00 6.195152e+00 5.318304e+00 6.000000e+00 4.845067e+00 2.648793e+00 2.907212e+00
<VARIANCE> 22
 3.201249e+01 1.399347e+02 3.300595e+00 1.404394e+01 1.627033e+03 4.410673e+03 2.885394e+02 1.155151e+03 6.286609e+01 4.432686e+02 4.574130e+02 3.167644e+03 1.338033e+02 1.312273e+02 6.504288e-02 1.205158e+00 1.570663e-01 7.363752e-01 2.082489e-02 4.624264e+00 6.032012e+00 5.357891e+00
<GCONST> 1.118070e+02
<MIXTURE> 8 4.268952e-02
<MEAN> 22
 5.048710e-29 0.000000e+00 1.972152e-31 3.786532e-29 0.000000e+00 -2.081668e-17 4.038968e-28 5.048710e-29 0.000000e+00 2.019484e-28 0.000000e+00 4.038968e-28 5.048710e-29 0.000000e+00 0.000000e+00 0.000000e+00 0.000000e+00 0.000000e+00 0.000000e+00 -3.786532e-29 0.000000e+00 0.000000e+00
<VARIANCE> 22
 4.801635e+00 4.063120e+00 3.300595e+00 2.164982e+00 4.956268e+01 5.429985e+01 9.837578e+00 1.115179e+01 2.936362e+00 3.515820e+00 3.745738e+01 4.440754e+01 4.183320e+00 3.870127e+00 6.504288e-02 1.793316e-02 2.326111e-02 1.170389e-02 2.082489e-02 5.618803e-02 6.153808e-02 6.060927e-02
<GCONST> 4.319706e+01
<MIXTURE> 9 2.825294e-01
<MEAN> 22
 1.460276e+00 7.598329e+00 5.221781e-01 1.897573e+00 1.094088e+01 7.913066e+01 8.139407e+01 7.150229e+01 5.444868e+01 6.797911e+01 1.726149e+02 1.048569e+02 1.045607e+02 9.607412e+01 6.999168e+00 3.730119e+00 6.045075e+00 5.230154e+00 5.999985e+00 4.338300e+00 1.587924e+00 2.752250e+00
<VARIANCE> 22
 7.312164e+00 7.042506e+01 3.300595e+00 5.388129e+00 1.977263e+02 3.623501e+03 1.283965e+02 1.193593e+03 3.013457e+01 3.392296e+02 2.848068e+02 2.385031e+03 7.338898e+01 1.263311e+02 6.504288e-02 1.511202e+00 4.303933e-02 1.011607e+00 2.082489e-02 6.768399e+00 4.865673e+00 5.316865e+00
<GCONST> 1.026133e+02
<MIXTURE> 10 6.676576e-02
<MEAN> 22
 3.439380e+00 3.814144e+00 8.880043e-01 8.629094e-01 1.119590e+02 1.120197e+02 5.909251e+01 5.889859e+01 5.938573e+01 5.504308e+01 5.136110e+01 5.372694e+01 9.425850e+01 9.406392e+01 1.829318e+00 2.065810e+00 6.209931e+00 5.853485e+00 3.208807e+00 7.773258e-01 2.716045e+00 2.690299e+00
<VARIANCE> 22
 1.958451e+01 2.619020e+01 3.300595e+00 2.164982e+00 1.604839e+03 1.112419e+03 2.948474e+02 3.080999e+02 5.703014e+01 6.484821e+01 3.302817e+02 3.537111e+02 4.715172e+01 6.234549e+01 3.340003e-01 4.357199e-01 3.405601e-01 4.592928e-01 2.819984e-01 3.623910e-01 6.089303e+00 6.188302e+00
<GCONST> 9.988772e+01
<STATE> 3
<NUMMIXES> 10
<MIXTURE> 1 5.185298e-02
<MEAN> 22
 8.466853e+00 4.652924e+00 2.347423e+00 1.349281e+00 3.597109e+01 2.109291e+01 1.264009e+02 1.136193e+02 8.213289e+01 6.795372e+01 2.302410e+02 2.242829e+02 1.415677e+02 1.348432e+02 6.732091e+00 5.000402e+00 6.638711e+00 5.844060e+00 5.994707e+00 5.987901e+00 2.627572e+00 2.390633e+00
<VARIANCE> 22
 1.415632e+02 5.242997e+01 1.194934e+01 3.686736e+00 1.612962e+03 4.122856e+02 1.553578e+03 3.816001e+02 2.216936e+02 1.296461e+02 2.466685e+03 9.726180e+02 6.475953e+02 2.756349e+02 1.754750e+00 1.793316e-02 2.307752e-01 1.316262e-01 1.012380e-01 5.618803e-02 6.197097e+00 5.992605e+00
<GCONST> 1.083726e+02
<MIXTURE> 2 1.071129e-01
<MEAN> 22
 1.547596e+00 2.146452e+01 5.810653e-01 5.820698e+00 8.051736e+00 1.556531e+02 1.170365e+02 1.144990e+02 6.865176e+01 9.687200e+01 2.243356e+02 9.967262e+01 1.331015e+02 1.163680e+02 6.999571e+00 3.102963e+00 6.249955e+00 4.542411e+00 6.000002e+00 2.836595e+00 2.158058e+00 3.772389e+00
<VARIANCE> 22
 6.542593e+00 5.222064e+02 3.300595e+00 5.078286e+01 7.583620e+01 6.363655e+03 2.678048e+02 2.308080e+03 6.252592e+01 6.578934e+02 3.633442e+02 3.149521e+03 1.521594e+02 1.845463e+02 6.504288e-02 1.238286e+00 1.874742e-01 1.249820e+00 2.082489e-02 5.618130e+00 6.460339e+00 5.222281e+00
<GCONST> 1.123335e+02
<MIXTURE> 3 5.255481e-02
<MEAN> 22
 1.379667e+01 1.223302e+01 1.759194e+00 2.040716e+00 8.927042e+01 9.420296e+01 5.293302e+01 5.048472e+01 6.735872e+01 6.181848e+01 7.660827e+01 7.366202e+01 1.022811e+02 1.029401e+02 1.805320e+00 2.301421e+00 6.181984e+00 5.782690e+00 3.763719e+00 4.987131e-01 3.099440e+00 2.965859e+00
<VARIANCE> 22
 2.367869e+02 2.106111e+02 4.111374e+00 6.474360e+00 2.333197e+03 2.075546e+03 4.361219e+02 4.269611e+02 1.434272e+02 1.085112e+02 8.245694e+02 5.126871e+02 1.361545e+02 1.109809e+02 1.714593e+00 7.931855e-01 4.013593e-01 3.951420e-01 7.233832e-01 3.761607e-01 5.834104e+00 5.808834e+00
<GCONST> 1.149776e+02
<MIXTURE> 4 2.217085e-01
<MEAN> 22
 1.158685e+01 1.461008e+00 3.583614e+00 7.816634e-01 1.491186e+02 1.881298e+01 1.100416e+02 9.851743e+01 9.025220e+01 5.629940e+01 6.596105e+01 1.976634e+02 9.938662e+01 1.168992e+02 1.426020e+00 5.000002e+00 3.549146e+00 5.819904e+00 3.049792e+00 5.994649e+00 3.327252e+00 2.089428e+00
<VARIANCE> 22
 2.126144e+02 4.989127e+00 2.408753e+01 2.164982e+00 4.335849e+03 6.513520e+02 2.279341e+03 1.873204e+02 5.872733e+02 6.080452e+01 1.521977e+03 3.259469e+02 3.651049e+02 1.166887e+02 5.159686e-01 1.793316e-02 8.687542e+00 1.476727e-01 1.348729e+00 5.618803e-02 6.041282e+00 5.840050e+00
<GCONST> 1.099795e+02
<MIXTURE> 5 1.347447e-01
<MEAN> 22
 1.215024e+00 1.253551e+01 5.769500e-01 3.736298e+00 5.658370e+00 1.575936e+02 8.850928e+01 1.066894e+02 5.472597e+01 8.551488e+01 1.848826e+02 6.337957e+01 1.103222e+02 9.280940e+01 6.999412e+00 2.515099e+00 6.000001e+00 4.291864e+00 6.000000e+00 1.576775e+00 2.031277e+00 3.554086e+00
<VARIANCE> 22
 4.801635e+00 1.543429e+02 3.300595e+00 1.636818e+01 4.956268e+01 2.727693e+03 4.128265e+01 2.238175e+03 2.881629e+01 5.289846e+02 6.391248e+01 8.297516e+02 2.753447e+01 1.532095e+02 6.504288e-02 3.423492e-01 2.326111e-02 1.531108e+00 2.082489e-02 2.130541e+00 6.608769e+00 5.309322e+00
<GCONST> 9.643999e+01
<MIXTURE> 6 5.787765e-02
<MEAN> 22
 6.700153e+00 1.800970e+00 2.382193e+00 9.425259e-01 8.268788e+01 2.066437e+01 9.810965e+01 4.846524e+01 8.155923e+01 5.486837e+01 5.460364e+01 1.263749e+02 9.178036e+01 1.003700e+02 1.654371e+00 4.122079e+00 3.769035e+00 5.688322e+00 3.020688e+00 5.252945e+00 3.276082e+00 2.199023e+00
<VARIANCE> 22
 6.363227e+01 5.684982e+00 8.763065e+00 2.164982e+00 2.228053e+03 2.671838e+02 2.067179e+03 4.273335e+02 5.445548e+02 5.973748e+01 8.379404e+02 7.684545e+02 2.288511e+02 5.456292e+01 4.278176e-01 5.724300e-01 8.097515e+00 2.145375e-01 6.449939e-01 5.744922e+00 6.139332e+00 5.667559e+00
<GCONST> 1.134578e+02
<MIXTURE> 7 5.929006e-02
<MEAN> 22
 1.897949e+01 1.765723e+01 6.377035e+00 5.358857e+00 9.286819e+01 9.236131e+01 7.566881e+01 7.737108e+01 7.357663e+01 6.730349e+01 1.113558e+02 1.158374e+02 9.754671e+01 1.027253e+02 2.539668e+00 3.568929e+00 5.601889e+00 5.156292e+00 4.184648e+00 4.011602e+00 3.165850e+00 3.315639e+00
<VARIANCE> 22
 5.427291e+02 4.941394e+02 8.637548e+01 4.738724e+01 6.389552e+03 5.272532e+03 1.938812e+03 1.967702e+03 4.101767e+02 4.109802e+02 2.566926e+03 2.544269e+03 8.521620e+02 4.168395e+02 6.818460e+00 1.716000e+00 4.029500e+00 1.242865e+00 3.545777e+00 6.532199e+00 6.042134e+00 5.418602e+00
<GCONST> 1.449464e+02
<MIXTURE> 8 5.486483e-02
<MEAN> 22
 4.557478e+00 6.420732e+00 1.043392e+00 8.936473e-01 7.271333e+01 7.358977e+01 2.625024e+01 2.767971e+01 6.512125e+01 5.999963e+01 8.548071e+01 8.692265e+01 1.027456e+02 1.017147e+02 2.102462e+00 1.788317e+00 6.000001e+00 6.000000e+00 3.994994e+00 5.280256e-03 2.697912e+00 2.475542e+00
<VARIANCE> 22
 3.804335e+01 8.040383e+01 3.300595e+00 2.164982e+00 1.841279e+03 1.478106e+03 1.622271e+02 9.132655e+01 4.911563e+01 4.413177e+01 1.979058e+02 1.640817e+02 6.686244e+01 5.725218e+01 9.249755e-01 1.120183e+00 2.326111e-02 1.170389e-02 7.009488e-02 5.618803e-02 6.193478e+00 6.192015e+00
<GCONST> 9.110188e+01
<MIXTURE> 9 1.574681e-01
<MEAN> 22
 6.311287e-01 5.067076e+00 3.277438e-01 1.710934e+00 5.076644e+00 1.554326e+02 8.210751e+01 1.003148e+02 5.235522e+01 7.476749e+01 1.753132e+02 3.890348e+01 1.054096e+02 8.698315e+01 6.999730e+00 2.180293e+00 6.000140e+00 4.310622e+00 6.000000e+00 1.146515e+00 9.296538e-01 2.744166e+00
<VARIANCE> 22
 4.801635e+00 4.395708e+01 3.300595e+00 4.315943e+00 4.956268e+01 1.159937e+03 3.489756e+01 9.881209e+02 2.184992e+01 3.441531e+02 7.287308e+01 3.978779e+02 3.093293e+01 1.446055e+02 6.504288e-02 1.560204e-01 2.326111e-02 1.681390e+00 2.082489e-02 4.245048e-01 3.330153e+00 5.947321e+00
<GCONST> 8.788114e+01
<MIXTURE> 10 1.025079e-01
<MEAN> 22
 8.836489e-01 1.842889e+01 5.338326e-01 5.198839e+00 6.739245e+00 1.281134e+02 9.858740e+01 9.363572e+01 6.033101e+01 8.192782e+01 1.978658e+02 8.671349e+01 1.164742e+02 1.034677e+02 6.999741e+00 3.134279e+00 6.104783e+00 4.744045e+00 6.000000e+00 3.022705e+00 1.443725e+00 3.758372e+00
<VARIANCE> 22
 4.801635e+00 3.362394e+02 3.300595e+00 3.857859e+01 4.956268e+01 5.302185e+03 1.770664e+02 1.796943e+03 4.952275e+01 4.280424e+02 3.590120e+02 2.343365e+03 1.156624e+02 1.821735e+02 6.504288e-02 1.213908e+00 9.380325e-02 1.278220e+00 2.082489e-02 6.276134e+00 4.767872e+00 5.609756e+00
<GCONST> 1.079679e+02
<STATE> 4
<NUMMIXES> 10
<MIXTURE> 1 1.022633e-01
<MEAN> 22
 3.432527e+00 3.378664e+00 1.298753e+00 1.415076e+00 1.735505e+01 1.382079e+01 1.208668e+02 1.139375e+02 7.425867e+01 6.587526e+01 2.267801e+02 2.216064e+02 1.362450e+02 1.318270e+02 6.998654e+00 5.000295e+00 6.315105e+00 5.836639e+00 6.000252e+00 5.988044e+00 2.639102e+00 2.592931e+00
<VARIANCE> 22
 1.900184e+01 1.914859e+01 3.300595e+00 3.536095e+00 3.300568e+02 1.640507e+02 1.736466e+02 8.472290e+01 5.217842e+01 4.549340e+01 1.345915e+02 1.462914e+02 5.701839e+01 5.254234e+01 6.504288e-02 1.793316e-02 2.158134e-01 1.366682e-01 2.082489e-02 5.618803e-02 6.116683e+00 6.187879e+00
<GCONST> 8.155370e+01
<MIXTURE> 2 9.238859e-02
<MEAN> 22
 1.387652e+01 9.738031e+00 3.628119e+00 3.011099e+00 3.875985e+01 2.440189e+01 8.324695e+01 9.214709e+01 6.911739e+01 6.010420e+01 1.733769e+02 1.878750e+02 1.127683e+02 1.146498e+02 5.845898e+00 4.987828e+00 6.368045e+00 5.703485e+00 5.865935e+00 5.972914e+00 3.665806e+00 3.222451e+00
<VARIANCE> 22
 2.057343e+02 1.287306e+02 1.795453e+01 1.415445e+01 8.650508e+02 4.737643e+02 6.664323e+02 2.768424e+02 1.756089e+02 9.211665e+01 9.757754e+02 4.033094e+02 1.547522e+02 8.888229e+01 6.304109e+00 1.793316e-02 2.327702e-01 2.086053e-01 3.158171e-01 5.618803e-02 5.897337e+00 6.163017e+00
<GCONST> 1.076642e+02
<MIXTURE> 3 9.211661e-02
<MEAN> 22
 2.813120e+00 3.658834e+00 1.006561e+00 1.277435e+00 8.535250e+00 9.839106e+00 9.567084e+01 9.458957e+01 5.978149e+01 5.615761e+01 1.943121e+02 1.939457e+02 1.156335e+02 1.165277e+02 6.998779e+00 5.000000e+00 6.000343e+00 5.999403e+00 6.000000e+00 6.000000e+00 2.844784e+00 2.865440e+00
<VARIANCE> 22
 1.314017e+01 2.078182e+01 3.300595e+00 2.738631e+00 5.183405e+01 5.429985e+01 4.002185e+01 4.530739e+01 1.572996e+01 2.644112e+01 3.879370e+01 5.206976e+01 2.202945e+01 1.302398e+01 6.504288e-02 1.793316e-02 2.326111e-02 1.170389e-02 2.082489e-02 5.618803e-02 6.436899e+00 6.412751e+00
<GCONST> 6.499763e+01
<MIXTURE> 4 5.646913e-02
<MEAN> 22
 9.273971e+00 6.200799e+00 2.751384e+00 2.017782e+00 1.223566e+02 1.074900e+02 1.148032e+02 1.174056e+02 8.063210e+01 7.499818e+01 1.218983e+02 1.411279e+02 1.093777e+02 1.104474e+02 2.006959e+00 3.728147e+00 5.030403e+00 4.931731e+00 3.245048e+00 3.875104e+00 2.773623e+00 2.945352e+00
<VARIANCE> 22
 1.832341e+02 8.448049e+01 1.910731e+01 8.939757e+00 7.533996e+03 7.969263e+03 1.561321e+03 1.740787e+03 4.551828e+02 7.039254e+02 5.270566e+03 3.772532e+03 5.620630e+02 3.407252e+02 5.937134e+00 1.385468e+00 7.680483e+00 1.239480e+00 5.332786e+00 4.153830e+00 5.759473e+00 6.197841e+00
<GCONST> 1.406261e+02
<MIXTURE> 5 1.145787e-01
<MEAN> 22
 1.442964e+00 3.248158e+00 5.561240e-01 1.167379e+00 5.673990e+00 1.378070e+01 8.461863e+01 8.401579e+01 5.478764e+01 5.466919e+01 1.777838e+02 1.762561e+02 1.076198e+02 1.064542e+02 6.999442e+00 5.000000e+00 6.003302e+00 5.830446e+00 6.000000e+00 5.998962e+00 2.081504e+00 2.820204e+00
<VARIANCE> 22
 5.104018e+00 1.553909e+01 3.300595e+00 2.196769e+00 4.956268e+01 2.849020e+02 2.350118e+01 5.512310e+01 1.383994e+01 4.691581e+01 3.745738e+01 4.622801e+01 1.089927e+01 1.146223e+01 6.504288e-02 1.793316e-02 2.326111e-02 1.408016e-01 2.082489e-02 5.618803e-02 6.055524e+00 6.395917e+00
<GCONST> 6.670102e+01
<MIXTURE> 6 1.903397e-01
<MEAN> 22
 1.119943e+00 1.156488e+00 5.189529e-01 5.519883e-01 7.836786e+00 1.031192e+01 1.100653e+02 1.084812e+02 6.827073e+01 6.498513e+01 2.141612e+02 2.129451e+02 1.264417e+02 1.261274e+02 6.999932e+00 5.000000e+00 6.156949e+00 5.886518e+00 6.000005e+00 5.997074e+00 1.804310e+00 1.639025e+00
<VARIANCE> 22
 4.801635e+00 4.063120e+00 3.300595e+00 2.164982e+00 5.768607e+01 2.477436e+02 5.638340e+01 7.004609e+01 2.908183e+01 3.559277e+01 1.616845e+02 1.648943e+02 6.778054e+01 5.980265e+01 6.504288e-02 1.793316e-02 1.323254e-01 1.005965e-01 2.082489e-02 5.618803e-02 5.315844e+00 4.981613e+00
<GCONST> 7.411283e+01
<MIXTURE> 7 5.398039e-02
<MEAN> 22
 1.992290e+00 5.855012e+00 6.575581e-01 1.415236e+00 4.225400e+01 1.276231e+02 7.552348e+01 8.658569e+01 6.163787e+01 7.196175e+01 1.467017e+02 6.905865e+01 1.050439e+02 9.661624e+01 4.649205e+00 2.614159e+00 6.268278e+00 4.799737e+00 5.423320e+00 1.967516e+00 2.033059e+00 2.756698e+00
<VARIANCE> 22
 1.001703e+01 5.109348e+01 3.300595e+00 2.476655e+00 2.234845e+03 2.728135e+03 6.625701e+02 1.442505e+03 1.232004e+02 3.378223e+02 2.472810e+03 1.748324e+03 1.135166e+02 1.779123e+02 8.922078e+00 8.729454e-01 2.196371e-01 1.291624e+00 1.492916e+00 3.860700e+00 5.718143e+00 5.775010e+00
<GCONST> 1.200364e+02
<MIXTURE> 8 8.150566e-02
<MEAN> 22
 1.001765e+01 1.894219e+01 1.563253e+00 3.807471e+00 4.117539e+01 6.227258e+01 6.173259e+01 5.409412e+01 6.107092e+01 6.287491e+01 1.465859e+02 1.203854e+02 1.038287e+02 1.006036e+02 4.767942e+00 4.209509e+00 6.189754e+00 5.558550e+00 5.532122e+00 5.280734e+00 2.939427e+00 3.053515e+00
<VARIANCE> 22
 1.639471e+02 2.846772e+02 4.425439e+00 2.155968e+01 1.126666e+03 1.393474e+03 7.468377e+02 6.178391e+02 8.973691e+01 1.759846e+02 1.167097e+03 9.363307e+02 9.461507e+01 8.131160e+01 9.174989e+00 1.224994e+00 1.609346e-01 3.251278e-01 5.808704e-01 5.363513e+00 6.168773e+00 4.801312e+00
<GCONST> 1.195646e+02
<MIXTURE> 9 1.303623e-01
<MEAN> 22
 8.025060e-01 1.166554e+00 3.688138e-01 4.779527e-01 4.606177e+00 5.779789e+00 8.884798e+01 8.865981e+01 5.730219e+01 5.631157e+01 1.861714e+02 1.860367e+02 1.120797e+02 1.126259e+02 6.999908e+00 5.000000e+00 6.000847e+00 5.994736e+00 6.000000e+00 5.999999e+00 1.500350e+00 1.500801e+00
<VARIANCE> 22
 4.801635e+00 4.063120e+00 3.300595e+00 2.164982e+00 4.956268e+01 5.429985e+01 2.427223e+01 2.268773e+01 7.736339e+00 1.925781e+01 3.745738e+01 4.440754e+01 2.044339e+01 9.141641e+00 6.504288e-02 1.793316e-02 2.326111e-02 1.170389e-02 2.082489e-02 5.618803e-02 4.570743e+00 4.665741e+00
<GCONST> 5.857724e+01
<MIXTURE> 10 8.597185e-02
<MEAN> 22
 1.058946e+00 1.344358e+00 3.983381e-01 5.482615e-01 6.110710e+00 6.934308e+00 8.006549e+01 7.919514e+01 5.122409e+01 4.801477e+01 1.691583e+02 1.692976e+02 1.027833e+02 1.010325e+02 6.999855e+00 5.000002e+00 6.004873e+00 5.989580e+00 6.000000e+00 6.000045e+00 1.560064e+00 1.720821e+00
<VARIANCE> 22
 4.801635e+00 4.063120e+00 3.300595e+00 2.164982e+00 4.956268e+01 5.429985e+01 2.920065e+01 3.405986e+01 1.404036e+01 3.153534e+01 4.577983e+01 5.239355e+01 1.668521e+01 2.060201e+01 6.504288e-02 1.793316e-02 2.326111e-02 1.170389e-02 2.082489e-02 5.618803e-02 4.859905e+00 5.185606e+00
<GCONST> 6.140000e+01
<TRANSP> 5
 0.000000e+00 1.000000e+00 0.000000e+00 0.000000e+00 0.000000e+00
 0.000000e+00 6.991552e-01 3.008448e-01 0.000000e+00 0.000000e+00
 0.000000e+00 0.000000e+00 8.486787e-01 1.513213e-01 0.000000e+00
 0.000000e+00 0.000000e+00 0.000000e+00 9.101958e-01 8.980425e-02
 0.000000e+00 0.000000e+00 0.000000e+00 0.000000e+00 0.000000e+00
<ENDHMM>
