   1         "t+a1"  375  1322.412109 1350.433838 1686.370239
   2            "e"  375  2333.873291 9850.312500 5076.657227
   3         "t+e1"  375  1373.567139 1384.539551 1292.868164
   4         "t+i1"  374  1318.947632 1998.904907 2096.468018
   5         "t-i1"  374  930.382080 1370.934570 1950.466919
   6        "k-e+i"  377  2608.017090 15120.199219 7605.180176
   7       "t-e1+m"  375  782.878906 3745.371094 2140.137451
   8           "o1"  378  1652.368896 981.223083 5700.570801
   9           "sp" 17599  95804.789063
  10       "s-a1+i"  375  1884.091919 1037.408203 2702.369141
  11      "p-a1+ts"  374  2282.048340 922.015564 4592.789551
  12        "k-o+m"  375  3570.729736 3797.374756 8216.278320
  13       "r-f+e1"  376  1351.911499 7516.869629 5103.098145
  14        "n-d+e"  377  1067.994629 582.683777 1104.669189
  15       "k-k+o1"  740  4184.579102 1668.624390 3608.488525
  16        "a-k+k"  740  2657.810547 1930.741821 6584.705078
  17         "d+u1"  374  1516.464844 613.410095 1102.363770
  18       "n-o1+n"  744  2006.819580 2119.208252 18814.212891
  19        "n-n+e"  377  612.725464 1055.775391 871.311035
  20        "n-n+o"  364  618.736206 997.541199 821.455200
  21         "u1+n"  375  1202.961792 1099.248291 8994.073242
  22         "u1-e"  374  3723.332031 14949.360352 6772.376465
  23         "u1-n"  375  1342.204834 1256.719360 2815.567383
  24        "d-a+k"  740  4757.357910 8204.776367 8395.875977
  25        "n-t+e"  374  1381.045532 1534.023071 1304.419556
  26        "n-t+o"  375  1701.345459 1956.088013 1397.732666
  27        "d-e+r"  377  1698.763306 5975.089355 2597.123291
  28         "m+e1"  750  2135.366699 1546.364624 6019.050293
  29       "v-w+o1"  752  5254.842285 9647.269531 19913.767578
  30         "m-e1"  374  1436.210693 3890.873291 2637.440186
  31         "e1-i"  748  2914.780762 1891.601318 15392.398438
  32         "v+a1"  741  7268.833496 22012.939453 14940.631836
  33        "t-e+n"  377  1362.540894 13455.970703 5000.854980
  34         "ts-o"  374  3223.189941 3704.737549 3380.902588
  35       "s-t+u1"  375  2482.125732 2118.451660 1545.868774
  36         "n+e1"  370  631.745789 1084.728882 1173.633545
  37         "n+o1"  744  1327.359131 2254.401123 2680.276367
  38         "n-e1"  370  1162.144409 5339.700195 2468.540527
  39       "b-a1+s"  376  1695.033813 883.272156 2988.405029
  40        "t-t+e"  377  2166.721191 1454.089600 1380.619995
  41        "t-t+o"  376  1160.521118 1024.793091 1241.431641
  42         "f+a1"  753  5523.104004 27363.921875 19428.914063
  43         "f+u1"  375  2388.643799 7813.971680 6014.732910
  44         "f-a1"  375  1519.807983 900.462891 4822.151855
  45       "f-a1+m"  378  2164.735107 918.781006 4997.746094
  46       "f-r+e1"  374  1993.689941 8050.012695 6331.660645
  47       "i-e1+n"  377  824.228638 2136.817139 1972.854248
  48         "w-i1"  377  1223.141724 1252.505127 5502.479004
  49        "w-o+n"  378  3547.815918 2623.375977 2216.356201
  50          "b+w"  378  1742.300537 10733.355469 2532.620605
  51          "b-o"  375  4090.726074 3343.398926 2272.371826
  52        "ts+e1"  370  3328.210693 14485.278320 9779.750977
  53        "m-b+i"  375  1941.313965 13124.754883 2437.947510
  54          "d+a"  740  3767.948242 1380.289795 1901.235718
  55          "d-o"  740  7272.165527 12910.222656 9150.198242
  56        "ts-e1"  370  937.768555 4353.822754 1957.792847
  57          "e-i"  377  1912.646606 1686.745117 7033.149902
  58          "f+a"  374  2628.585938 10799.428711 10058.119141
  59          "f+r"  374  1983.665894 8457.955078 5644.078125
  60          "f-o"  375  4576.704590 4971.577148 3519.129150
  61          "g-a"  374  2722.670166 5324.232910 4981.007813
  62      "ts-ts+o"  374  3794.493652 9966.586914 6059.913086
  63       "n-i1+s"  378  1074.340942 2090.295898 4477.253906
  64          "i-u"  370  2336.821289 9970.763672 7283.601563
  65          "k+o"  375  1053.720459 866.858459 3838.757813
  66          "k+w"  377  825.814819 877.756592 6429.408203
  67       "m-e1+s"  376  1703.083740 6499.478516 5540.420410
  68          "l+e"  377  1667.378052 1155.752075 9246.516602
  69       "i-n+a1"  375  706.197510 799.144897 1023.627991
  70          "l-e"  751  6135.796387 22998.498047 11649.281250
  71         "o1-i"  752  5885.474609 3191.111572 10947.325195
  72         "o1-n"  744  2762.770020 2088.838135 3546.239258
  73          "m-e"  378  3617.838623 13427.691406 4630.108887
  74          "m-o"  378  4455.765625 7758.731445 5340.759277
  75          "n+e"  374  592.316650 1037.405762 844.887146
  76          "n+j"  374  1245.504272 1460.082153 1914.907227
  77          "n-e"  751  3680.447998 21039.513672 8211.164063
  78          "n-i"  377  1494.123047 1209.489014 5564.070313
  79          "n-o" 1115  13475.614258 28473.691406 15136.441406
  80          "o+k"  377  3380.935303 6289.092285 3277.368408
  81          "p+e"  376  1095.909302 1003.391602 8520.682617
  82          "p+i"  370  864.334717 879.582092 9388.083984
  83          "p+r"  377  876.733215 1000.977966 10939.841797
  84          "p-o"  375  3434.002686 4007.140869 3567.863770
  85        "m-p+o"  375  949.702698 819.508789 9583.447266
  86          "r-e"  377  1979.656250 5788.717285 2569.770996
  87          "s+t"  375  1141.847046 2648.504150 5053.501953
  88          "s-a"  374  2568.176270 2684.933594 5564.104004
  89          "s-i"  376  2173.569824 1477.834961 13532.097656
  90          "t-a"  376  2128.283936 2553.090332 4128.958008
  91          "t-e"  374  1443.715210 10747.320313 6395.602539
  92          "t-o" 1126  9517.194336 17441.687500 10077.474609
  93          "sil"  762  64875.078125 95804.789063 154140.687500
  94       "n-a1+t"  375  811.445374 711.717773 4952.334473
  95          "v+i"  377  2491.595947 10165.501953 7642.351074
  96          "v+w"  752  5881.843262 24283.466797 15144.954102
  97        "p-e+r"  376  2648.731934 5882.096680 2318.433105
  98       "p-a1+l"  374  1917.065918 872.720276 4009.755615
  99       "p-r+e1"  377  3763.072021 10816.908203 5979.559570
 100        "p-i+u"  370  3259.471680 1527.046509 4944.139160
 101       "s-e1+i"  374  1590.382324 2094.601563 3454.046631
 102       "v-i+e1"  377  921.803650 727.079346 5408.126465
 103       "o-n+i1"  378  1069.489746 1246.031372 2306.910156
 104       "n-j+e1"  374  1626.601318 2716.276855 9949.761719
 105       "k-w+i1"  377  2490.514648 6408.143066 11999.113281
 106         "p+a1"  748  2256.871826 1916.893188 14321.910156
 107        "f-a+r"  374  3265.570557 3325.350586 4337.991699
 108       "t-a1+n"  375  731.920471 855.652222 9320.351563
 109       "v-a1+n"  364  1423.815674 824.368286 3468.797852
 110       "v-a1+t"  377  1714.226929 1032.698486 8902.641602
 111        "s-i+m"  378  3182.318115 1905.474365 13604.787109
 112       "k-o1+r"  740  3636.914063 1870.404663 4806.819824
 113       "k-o1+s"  749  5742.171387 1970.161133 8351.321289
 114       "a1-l+l"  374  2780.551270 1305.380859 5987.276367
 115       "a1-m+e"  378  1392.330200 1210.164307 4983.316895
 116       "a1-n+n"  364  811.113953 836.490967 1319.363037
 117       "a1-n+t"  375  1035.294067 974.563477 1214.107910
 118       "a1-s+t"  376  733.147034 1842.716553 2699.231445
 119        "s-s+i"  754  2668.501953 4423.976074 6642.680664
 120       "a1-t+o"  375  1410.006104 1666.522217 1610.902222
 121       "a1-t+t"  377  1321.963501 1564.600708 1369.579956
 122        "s-t+a"  376  1569.636230 2658.223389 2619.147705
 123       "e1-g+a"  374  2770.216309 6360.327637 4931.305664
 124       "e1-m+p"  375  1104.549561 798.257813 3998.652100
 125       "e1-n+d"  377  476.102600 647.965271 1509.326416
 126       "e1-n+i"  377  551.149658 739.059265 967.319519
 127       "e1-n+t"  374  517.771118 721.049744 812.010376
 128        "i-m+o"  378  1166.256836 894.778748 2980.526855
 129       "e1-s+s"  376  1238.223877 2797.561035 4300.154297
 130       "e1-t+t"  376  1883.726196 1191.341309 1395.161987
 131       "s-o1+n"  751  3747.727295 2117.756348 7224.948242
 132       "d-u1+e"  374  687.420593 1090.756592 3403.491455
 133       "i1-s+s"  378  1014.214294 4015.088867 4344.474121
 134       "f-u1+r"  375  1250.984375 1082.477539 5846.928223
 135        "l-l+e"  374  3879.570557 1199.972412 2495.695557
 136       "w-o1+i"  752  3155.834717 2468.628174 16152.528320
 137         "a1-i"  375  3109.383545 1523.505249 10490.581055
 138        "b-i+n"  375  1264.082153 1016.378479 7778.812500
 139       "o1-n+o"  751  2918.166992 2694.566650 3446.592529
 140       "a-r+e1"  374  2900.113525 11193.873047 7114.579102
 141     "a1-ts+ts"  374  2636.064453 10880.651367 5201.978027
 142       "o1-r+d"  740  6718.428223 30763.482422 16899.914063
 143       "o1-s+a"  374  821.916931 2395.705566 2612.646729
 144        "o-k+e"  377  1172.746704 1078.751099 7374.446777
 145        "o-m+b"  375  988.151367 817.587463 1277.565552
 146       "f-e1+t"  376  886.161804 2479.546387 1664.163330
 147       "u1-f+o"  375  2511.703857 15157.249023 8415.689453
 148        "b-w+o"  378  2156.214600 7147.101074 7563.803711
 149         "b+a1"  376  2302.804199 12343.262695 4129.192871
 150        "r-b+o"  375  1682.825562 8911.949219 2208.195313
 151        "r-d+o"  740  3819.305908 1455.266479 2510.549316
 152       "j-e1+n"  374  891.986206 4656.336426 1766.283081
 153       "u1-r+b"  375  2999.594971 4273.732910 5317.908203
 154         "s+e1"  374  1283.950684 2586.561035 6114.000000
 155         "s+i1"  376  1118.141846 2479.818604 3158.743896
 156         "s+o1"  751  1940.221191 5285.927246 7879.230957
 157        "e-n+n"  377  615.323364 921.225647 1085.492310
 158         "s-i1"  376  1124.601929 1854.557983 2489.436035
 159        "e-r+e"  377  1472.629028 6102.519531 4582.919434
 160        "e-r+f"  376  1413.399414 5619.082520 5913.253418
 161       "t-u1+f"  375  1222.279419 985.768616 2733.447021
 162         "k+e1"  749  2221.023926 1890.607666 13809.327148
 163         "k+o1"  749  3607.945313 1924.213379 5810.367676
 164         "k-e1"  749  3502.162354 8588.843750 6401.044434
 165      "o1-s+a1"  375  868.517639 2618.641846 9196.501953
 166       "r-e1+g"  374  1685.445068 4155.382813 2254.426270
 167       "r-e1+i"  374  1090.156738 3263.495605 2749.806641
 168       "r-e1+n"  377  829.580627 3459.226074 1752.311157
