~o
<STREAMINFO> 1 22
<VECSIZE> 22<NULLD><MFCC_0><DIAGC>
~h "SIL"
<BEGINHMM>
<NUMSTATES> 5
<STATE> 2
<NUMMIXES> 2
<MIXTURE> 1 5.000000e-01
<MEAN> 22
 1.000877e+01 1.142837e+01 5.730708e+00 5.415712e+00 5.648790e+01 7.500215e+01 9.718052e+01 9.617490e+01 6.820213e+01 6.823861e+01 1.734538e+02 1.589880e+02 1.147980e+02 1.123840e+02 5.991541e+00 4.338173e+00 6.061321e+00 5.640524e+00 5.563539e+00 4.976227e+00 2.823024e+00 3.079520e+00
<VARIANCE> 22
 4.801635e+02 4.063120e+02 3.300595e+02 2.164982e+02 4.956268e+03 5.429985e+03 9.837579e+02 1.115179e+03 2.936362e+02 3.515820e+02 3.745738e+03 4.440754e+03 4.183320e+02 3.870127e+02 6.504288e+00 1.793316e+00 2.326111e+00 1.170389e+00 2.082489e+00 5.618803e+00 6.153808e+00 6.060927e+00
<GCONST> 1.445108e+02
<MIXTURE> 2 5.000000e-01
<MEAN> 22
 1.243720e+00 3.365496e+00 -1.536308e+00 -4.698384e-01 2.832759e+01 4.552678e+01 8.463456e+01 8.281718e+01 6.134780e+01 6.073840e+01 1.489728e+02 1.323324e+02 1.066168e+02 1.045150e+02 4.971401e+00 3.802515e+00 5.451257e+00 5.207786e+00 4.986305e+00 4.028067e+00 1.830750e+00 2.094762e+00
<VARIANCE> 22
 4.801635e+02 4.063120e+02 3.300595e+02 2.164982e+02 4.956268e+03 5.429985e+03 9.837579e+02 1.115179e+03 2.936362e+02 3.515820e+02 3.745738e+03 4.440754e+03 4.183320e+02 3.870127e+02 6.504288e+00 1.793316e+00 2.326111e+00 1.170389e+00 2.082489e+00 5.618803e+00 6.153808e+00 6.060927e+00
<GCONST> 1.445108e+02
<STATE> 3
<NUMMIXES> 2
<MIXTURE> 1 5.000000e-01
<MEAN> 22
 1.000877e+01 1.142837e+01 5.730708e+00 5.415712e+00 5.648790e+01 7.500215e+01 9.718052e+01 9.617490e+01 6.820213e+01 6.823861e+01 1.734538e+02 1.589880e+02 1.147980e+02 1.123840e+02 5.991541e+00 4.338173e+00 6.061321e+00 5.640524e+00 5.563539e+00 4.976227e+00 2.823024e+00 3.079520e+00
<VARIANCE> 22
 4.801635e+02 4.063120e+02 3.300595e+02 2.164982e+02 4.956268e+03 5.429985e+03 9.837579e+02 1.115179e+03 2.936362e+02 3.515820e+02 3.745738e+03 4.440754e+03 4.183320e+02 3.870127e+02 6.504288e+00 1.793316e+00 2.326111e+00 1.170389e+00 2.082489e+00 5.618803e+00 6.153808e+00 6.060927e+00
<GCONST> 1.445108e+02
<MIXTURE> 2 5.000000e-01
<MEAN> 22
 1.243720e+00 3.365496e+00 -1.536308e+00 -4.698384e-01 2.832759e+01 4.552678e+01 8.463456e+01 8.281718e+01 6.134780e+01 6.073840e+01 1.489728e+02 1.323324e+02 1.066168e+02 1.045150e+02 4.971401e+00 3.802515e+00 5.451257e+00 5.207786e+00 4.986305e+00 4.028067e+00 1.830750e+00 2.094762e+00
<VARIANCE> 22
 4.801635e+02 4.063120e+02 3.300595e+02 2.164982e+02 4.956268e+03 5.429985e+03 9.837579e+02 1.115179e+03 2.936362e+02 3.515820e+02 3.745738e+03 4.440754e+03 4.183320e+02 3.870127e+02 6.504288e+00 1.793316e+00 2.326111e+00 1.170389e+00 2.082489e+00 5.618803e+00 6.153808e+00 6.060927e+00
<GCONST> 1.445108e+02
<STATE> 4
<NUMMIXES> 2
<MIXTURE> 1 5.000000e-01
<MEAN> 22
 1.000877e+01 1.142837e+01 5.730708e+00 5.415712e+00 5.648790e+01 7.500215e+01 9.718052e+01 9.617490e+01 6.820213e+01 6.823861e+01 1.734538e+02 1.589880e+02 1.147980e+02 1.123840e+02 5.991541e+00 4.338173e+00 6.061321e+00 5.640524e+00 5.563539e+00 4.976227e+00 2.823024e+00 3.079520e+00
<VARIANCE> 22
 4.801635e+02 4.063120e+02 3.300595e+02 2.164982e+02 4.956268e+03 5.429985e+03 9.837579e+02 1.115179e+03 2.936362e+02 3.515820e+02 3.745738e+03 4.440754e+03 4.183320e+02 3.870127e+02 6.504288e+00 1.793316e+00 2.326111e+00 1.170389e+00 2.082489e+00 5.618803e+00 6.153808e+00 6.060927e+00
<GCONST> 1.445108e+02
<MIXTURE> 2 5.000000e-01
<MEAN> 22
 1.243720e+00 3.365496e+00 -1.536308e+00 -4.698384e-01 2.832759e+01 4.552678e+01 8.463456e+01 8.281718e+01 6.134780e+01 6.073840e+01 1.489728e+02 1.323324e+02 1.066168e+02 1.045150e+02 4.971401e+00 3.802515e+00 5.451257e+00 5.207786e+00 4.986305e+00 4.028067e+00 1.830750e+00 2.094762e+00
<VARIANCE> 22
 4.801635e+02 4.063120e+02 3.300595e+02 2.164982e+02 4.956268e+03 5.429985e+03 9.837579e+02 1.115179e+03 2.936362e+02 3.515820e+02 3.745738e+03 4.440754e+03 4.183320e+02 3.870127e+02 6.504288e+00 1.793316e+00 2.326111e+00 1.170389e+00 2.082489e+00 5.618803e+00 6.153808e+00 6.060927e+00
<GCONST> 1.445108e+02
<TRANSP> 5
 0.000000e+00 1.000000e+00 0.000000e+00 0.000000e+00 0.000000e+00
 0.000000e+00 4.800000e-01 3.200000e-01 2.000000e-01 0.000000e+00
 0.000000e+00 0.000000e+00 6.000000e-01 4.000000e-01 0.000000e+00
 0.000000e+00 2.000000e-01 0.000000e+00 5.600000e-01 2.400000e-01
 0.000000e+00 0.000000e+00 0.000000e+00 0.000000e+00 0.000000e+00
<ENDHMM>
~h "oov"
<BEGINHMM>
<NUMSTATES> 5
<STATE> 2
<NUMMIXES> 2
<MIXTURE> 1 6.282649e-01
<MEAN> 22
 2.289175e+01 2.125649e+01 1.575132e+01 1.305274e+01 9.238295e+01 9.380717e+01 1.064841e+02 9.872916e+01 7.598589e+01 7.100340e+01 1.512578e+02 1.386054e+02 1.099901e+02 1.091958e+02 4.637517e+00 3.878381e+00 5.140944e+00 5.161096e+00 4.782425e+00 4.194485e+00 2.854518e+00 2.995443e+00
<VARIANCE> 22
 6.847110e+03 4.957835e+03 5.611618e+03 3.607079e+03 1.577251e+04 1.075230e+04 2.013258e+03 1.550107e+03 8.044679e+02 5.961435e+02 4.608505e+03 4.847374e+03 6.340749e+02 4.675878e+02 8.193959e+00 1.826171e+00 5.186259e+00 1.468325e+00 3.194078e+00 5.784371e+00 6.507354e+00 5.980787e+00
<GCONST> 1.624153e+02
<MIXTURE> 2 3.717335e-01
<MEAN> 22
 8.390175e+00 7.681997e+00 4.935338e+00 4.058607e+00 1.296830e+02 1.199575e+02 5.129165e+01 4.750996e+01 4.155053e+01 3.928419e+01 6.688113e+01 5.724557e+01 5.974651e+01 6.011792e+01 2.227653e+00 1.863374e+00 3.101931e+00 3.158976e+00 2.610878e+00 1.627062e+00 1.317277e+00 1.378166e+00
<VARIANCE> 22
 1.824340e+03 1.311944e+03 1.424607e+03 9.018290e+02 3.211192e+04 1.905098e+04 2.675859e+03 2.259635e+03 1.427684e+03 1.200733e+03 5.224958e+03 4.364322e+03 2.594476e+03 2.538152e+03 7.657805e+00 3.397712e+00 9.140465e+00 7.362915e+00 6.054906e+00 5.658185e+00 4.338473e+00 4.349528e+00
<GCONST> 1.659713e+02
<STATE> 3
<NUMMIXES> 2
<MIXTURE> 1 4.810723e-01
<MEAN> 22
 8.942019e+00 1.241618e+01 2.325676e+00 3.368758e+00 6.238934e+01 9.713336e+01 9.473865e+01 9.869196e+01 7.195012e+01 7.454819e+01 1.512396e+02 1.269687e+02 1.131786e+02 1.097975e+02 4.577115e+00 3.700826e+00 5.711540e+00 5.132093e+00 4.992912e+00 3.848737e+00 2.996297e+00 3.310817e+00
<VARIANCE> 22
 1.916917e+02 2.724655e+02 1.445678e+01 2.265388e+01 4.840735e+03 6.252211e+03 1.180193e+03 1.648414e+03 3.512076e+02 5.362234e+02 4.169088e+03 4.297066e+03 2.705959e+02 2.338414e+02 8.635686e+00 1.618027e+00 3.125991e+00 1.120461e+00 2.552431e+00 6.026221e+00 6.578012e+00 5.846295e+00
<GCONST> 1.389704e+02
<MIXTURE> 2 5.188847e-01
<MEAN> 22
 4.641092e+00 6.349287e+00 1.169602e+00 1.683922e+00 6.401773e+01 1.008070e+02 7.712829e+01 7.746566e+01 6.391874e+01 6.574847e+01 1.152429e+02 8.592451e+01 1.012853e+02 9.799777e+01 3.948067e+00 2.935209e+00 5.497103e+00 5.163305e+00 4.504903e+00 2.465934e+00 2.166396e+00 2.517445e+00
<VARIANCE> 22
 7.001220e+01 9.375513e+01 4.336552e+00 6.963605e+00 4.295879e+03 4.391460e+03 1.094278e+03 1.418760e+03 2.300843e+02 3.097833e+02 3.799546e+03 3.058781e+03 1.919644e+02 1.918909e+02 7.634151e+00 1.689304e+00 3.383021e+00 1.350983e+00 2.460716e+00 6.183327e+00 5.827732e+00 5.747613e+00
<GCONST> 1.319059e+02
<STATE> 4
<NUMMIXES> 2
<MIXTURE> 1 4.880243e-01
<MEAN> 22
 3.997416e+00 5.353275e+00 1.308900e+00 1.714837e+00 1.718666e+01 2.069964e+01 1.057998e+02 1.017191e+02 6.772427e+01 6.450777e+01 2.053068e+02 1.998066e+02 1.241477e+02 1.221232e+02 6.815386e+00 4.916782e+00 6.189593e+00 5.809772e+00 5.953052e+00 5.916920e+00 2.610381e+00 2.695848e+00
<VARIANCE> 22
 5.723133e+01 8.820267e+01 5.519347e+00 7.953830e+00 8.750569e+02 1.091137e+03 4.331287e+02 3.944033e+02 1.161315e+02 1.288356e+02 8.789344e+02 1.008270e+03 2.028184e+02 1.485794e+02 1.119517e+00 1.628446e-01 2.718197e-01 1.957131e-01 1.913309e-01 4.813554e-01 6.354669e+00 6.371671e+00
<GCONST> 1.088614e+02
<MIXTURE> 2 5.119607e-01
<MEAN> 22
 2.196465e+00 4.089665e+00 6.275961e-01 1.088546e+00 1.788008e+01 2.915736e+01 8.580732e+01 8.323878e+01 5.801725e+01 5.791715e+01 1.726664e+02 1.629086e+02 1.087830e+02 1.073260e+02 6.499609e+00 4.649449e+00 5.962888e+00 5.746332e+00 5.779424e+00 5.511316e+00 1.720870e+00 2.083546e+00
<VARIANCE> 22
 2.848343e+01 5.649631e+01 3.300595e+00 3.578971e+00 1.512754e+03 2.143220e+03 3.205395e+02 4.466664e+02 8.714050e+01 1.427162e+02 1.228047e+03 1.927052e+03 1.056896e+02 1.200928e+02 2.673143e+00 7.604120e-01 6.076253e-01 3.724847e-01 6.542718e-01 2.513864e+00 5.102279e+00 5.524487e+00
<GCONST> 1.137637e+02
<TRANSP> 5
 0.000000e+00 1.000000e+00 0.000000e+00 0.000000e+00 0.000000e+00
 0.000000e+00 3.860004e-01 6.139996e-01 0.000000e+00 0.000000e+00
 0.000000e+00 0.000000e+00 8.795884e-01 1.204116e-01 0.000000e+00
 0.000000e+00 0.000000e+00 0.000000e+00 9.101871e-01 8.981284e-02
 0.000000e+00 0.000000e+00 0.000000e+00 0.000000e+00 0.000000e+00
<ENDHMM>
