~o
<STREAMINFO> 1 22
<VECSIZE> 22<NULLD><MFCC_0><DIAGC>
~h "BN"
<BEGINHMM>
<NUMSTATES> 5
<STATE> 2
<MEAN> 22
 6.392904e+000 1.335074e+001 2.685601e+000 4.221564e+000 9.585413e+001 1.165119e+002 8.169740e+001 8.316338e+001 6.453345e+001 6.646255e+001 1.491200e+002 1.106862e+002 1.025500e+002 9.910528e+001 4.814983e+000 3.440228e+000 5.362359e+000 4.649275e+000 4.919154e+000 3.805445e+000 2.135589e+000 2.235251e+000
<VARIANCE> 22
 8.647391e+002 7.868146e+002 6.411323e+002 4.139910e+002 2.736138e+004 1.565479e+004 1.616912e+003 1.764884e+003 6.687830e+002 8.010815e+002 5.379259e+003 4.994296e+003 1.420275e+003 1.087428e+003 8.706744e+000 2.702900e+000 4.513662e+000 2.932559e+000 3.241858e+000 6.912434e+000 5.711730e+000 4.344704e+000
<GCONST> 1.577026e+002
<STATE> 3
<MEAN> 22
 1.123240e+000 8.685860e+000 4.631680e-001 2.678608e+000 9.495967e+000 1.720664e+002 9.126532e+001 1.173050e+002 5.844536e+001 9.001418e+001 1.887055e+002 3.963191e+001 1.140513e+002 1.010954e+002 6.953569e+000 2.184738e+000 6.041332e+000 3.868948e+000 5.969236e+000 1.126523e+000 1.478148e+000 2.870602e+000
<VARIANCE> 22
 6.755140e+000 1.494214e+002 3.300596e+000 1.442451e+001 4.586068e+002 1.801465e+003 2.627334e+002 6.389760e+002 7.078873e+001 3.666246e+002 6.445076e+002 6.249573e+002 1.563360e+002 1.585971e+002 2.463771e-001 2.378367e-001 1.926318e-001 6.570639e-001 8.028165e-002 4.617744e-001 5.105756e+000 5.878152e+000
<GCONST> 1.052602e+002
<STATE> 4
<MEAN> 22
 8.440701e+000 6.362594e+000 2.482393e+000 1.686921e+000 1.018190e+002 2.428189e+001 1.060820e+002 8.613979e+001 8.024966e+001 5.951871e+001 9.725552e+001 1.785814e+002 1.064618e+002 1.143664e+002 3.615089e+000 4.738312e+000 3.556978e+000 5.783103e+000 4.099081e+000 5.714396e+000 3.120129e+000 2.633598e+000
<VARIANCE> 22
 1.742444e+002 1.688361e+002 1.698149e+001 9.133122e+000 6.710210e+003 8.804690e+002 9.647274e+002 7.454788e+002 4.189757e+002 9.126230e+001 5.775647e+003 1.585548e+003 2.895096e+002 1.604423e+002 6.606810e+000 4.970891e-001 8.596239e+000 1.933854e-001 2.379045e+000 2.135435e+000 6.324719e+000 6.764581e+000
<GCONST> 1.292511e+002
<TRANSP> 5
 0.000000e+000 1.000000e+000 0.000000e+000 0.000000e+000 0.000000e+000
 0.000000e+000 8.077261e-001 1.922739e-001 0.000000e+000 0.000000e+000
 0.000000e+000 0.000000e+000 9.503118e-001 4.968813e-002 0.000000e+000
 0.000000e+000 0.000000e+000 0.000000e+000 9.382011e-001 6.179896e-002
 0.000000e+000 0.000000e+000 0.000000e+000 0.000000e+000 0.000000e+000
<ENDHMM>
~h "BS"
<BEGINHMM>
<NUMSTATES> 5
<STATE> 2
<MEAN> 22
 1.602676e+001 1.583483e+001 3.952452e+000 3.857475e+000 7.984749e+001 7.069818e+001 6.478223e+001 6.241759e+001 6.340247e+001 5.995928e+001 1.530285e+002 1.485302e+002 1.083967e+002 1.081399e+002 5.582857e+000 4.560836e+000 6.032629e+000 5.814874e+000 5.210943e+000 5.397258e+000 2.698155e+000 1.995948e+000
<VARIANCE> 22
 8.898737e+002 7.111739e+002 6.236265e+002 4.181680e+002 1.593019e+004 8.546930e+003 1.213131e+003 1.091432e+003 1.315874e+002 1.333407e+002 1.863714e+003 1.909440e+003 3.096961e+002 2.758091e+002 5.906280e+000 1.733338e+000 5.687015e-001 4.955213e-001 1.750312e+000 4.736738e+000 3.318733e+000 3.934055e+000
<GCONST> 1.410449e+002
<STATE> 3
<MEAN> 22
 2.013515e+001 2.051783e+001 3.793991e+000 3.657096e+000 1.078691e+002 1.066293e+002 8.193935e+001 8.105357e+001 7.326147e+001 6.670179e+001 1.102540e+002 1.137339e+002 1.051905e+002 1.052446e+002 1.430064e+000 3.069386e+000 5.210752e+000 5.355927e+000 3.187213e+000 2.798558e+000 2.644965e+000 3.205171e+000
<VARIANCE> 22
 4.091865e+002 4.265609e+002 2.239317e+001 1.872231e+001 2.004642e+003 1.582465e+003 2.744261e+003 2.439333e+003 2.728304e+002 2.452837e+002 1.701216e+003 1.722919e+003 1.677009e+002 1.418265e+002 2.663592e+000 1.513276e+000 6.190787e+000 5.967313e-001 4.340678e+000 5.547283e+000 5.818706e+000 4.661184e+000
<GCONST> 1.344897e+002
<STATE> 4
<MEAN> 22
 7.449555e+000 7.248446e+000 2.061250e+000 1.865398e+000 6.958498e+001 6.869042e+001 1.135813e+002 1.126254e+002 6.890115e+001 6.371590e+001 1.743580e+002 1.728695e+002 1.108322e+002 1.101663e+002 2.827236e+000 4.393767e+000 6.762931e+000 5.209202e+000 4.508478e+000 4.972591e+000 3.460732e+000 3.767677e+000
<VARIANCE> 22
 7.180732e+001 6.672169e+001 6.475913e+000 5.135174e+000 1.839853e+003 1.675316e+003 8.293774e+002 7.297569e+002 1.425931e+002 1.449415e+002 9.535724e+002 8.619150e+002 1.655043e+002 1.391853e+002 1.164790e+001 2.892423e-001 1.964770e-001 1.914376e-001 8.674675e+000 8.699986e-001 5.707125e+000 7.868018e+000
<GCONST> 1.180270e+002
<TRANSP> 5
 0.000000e+000 1.000000e+000 0.000000e+000 0.000000e+000 0.000000e+000
 0.000000e+000 7.802138e-001 2.197862e-001 0.000000e+000 0.000000e+000
 0.000000e+000 0.000000e+000 9.124836e-001 8.751637e-002 0.000000e+000
 0.000000e+000 0.000000e+000 0.000000e+000 9.519422e-001 4.805781e-002
 0.000000e+000 0.000000e+000 0.000000e+000 0.000000e+000 0.000000e+000
<ENDHMM>
~h "CF"
<BEGINHMM>
<NUMSTATES> 5
<STATE> 2
<MEAN> 22
 8.352836e+000 1.069218e+001 3.515087e+000 3.614376e+000 6.721393e+001 7.016965e+001 8.455011e+001 7.301434e+001 7.167233e+001 6.322702e+001 1.236108e+002 1.244186e+002 1.023408e+002 1.059247e+002 4.240370e+000 3.694715e+000 5.076728e+000 5.276264e+000 4.596672e+000 4.101289e+000 2.690280e+000 2.483766e+000
<VARIANCE> 22
 6.195311e+002 5.300662e+002 4.355618e+002 2.660225e+002 7.977007e+003 6.298741e+003 1.573233e+003 1.457040e+003 5.427263e+002 4.096550e+002 5.088914e+003 3.977589e+003 5.866093e+002 4.566662e+002 7.298220e+000 2.426392e+000 4.370796e+000 1.629125e+000 2.553804e+000 7.276552e+000 6.367581e+000 4.665368e+000
<GCONST> 1.499571e+002
<STATE> 3
<MEAN> 22
 1.416924e+000 1.023487e+001 6.191621e-001 3.738406e+000 9.084400e+000 1.847310e+002 9.307967e+001 1.226431e+002 5.930608e+001 9.962215e+001 1.880276e+002 4.079854e+001 1.130531e+002 8.824966e+001 6.942459e+000 2.174750e+000 6.075239e+000 3.296626e+000 5.962396e+000 1.108684e+000 1.590633e+000 2.831030e+000
<VARIANCE> 22
 1.020753e+001 2.364779e+002 3.300596e+000 2.739659e+001 3.500171e+002 2.155924e+003 3.514090e+002 9.358475e+002 8.598763e+001 4.324760e+002 7.715837e+002 8.407570e+002 1.838415e+002 3.232243e+002 2.841730e-001 2.678221e-001 2.034064e-001 1.757542e+000 9.561796e-002 7.928579e-001 5.488524e+000 5.869188e+000
<GCONST> 1.111517e+002
<STATE> 4
<MEAN> 22
 8.886898e+000 6.301506e+000 3.049437e+000 1.974239e+000 9.845129e+001 2.881894e+001 1.071361e+002 9.148520e+001 8.163017e+001 6.103475e+001 1.093321e+002 1.855092e+002 1.002087e+002 1.135573e+002 4.037460e+000 4.895951e+000 4.279977e+000 5.675248e+000 4.379258e+000 6.006591e+000 3.103960e+000 2.767614e+000
<VARIANCE> 22
 1.801372e+002 1.485412e+002 2.116979e+001 1.054720e+001 7.259559e+003 9.741929e+002 1.151519e+003 5.735129e+002 5.690055e+002 1.421430e+002 6.179185e+003 8.696218e+002 5.539775e+002 1.366533e+002 6.899183e+000 1.648429e-001 5.977696e+000 2.304784e-001 2.252158e+000 2.959526e-001 6.260759e+000 6.513264e+000
<GCONST> 1.269925e+002
<TRANSP> 5
 0.000000e+000 1.000000e+000 0.000000e+000 0.000000e+000 0.000000e+000
 0.000000e+000 8.347470e-001 1.652530e-001 0.000000e+000 0.000000e+000
 0.000000e+000 0.000000e+000 9.439726e-001 5.602736e-002 0.000000e+000
 0.000000e+000 0.000000e+000 0.000000e+000 9.401743e-001 5.982571e-002
 0.000000e+000 0.000000e+000 0.000000e+000 0.000000e+000 0.000000e+000
<ENDHMM>
~h "CN"
<BEGINHMM>
<NUMSTATES> 5
<STATE> 2
<MEAN> 22
 1.548494e+001 1.499012e+001 2.820269e+000 2.949291e+000 5.563792e+001 5.367143e+001 6.767270e+001 6.631312e+001 6.516425e+001 6.107153e+001 1.481687e+002 1.472606e+002 1.124255e+002 1.110417e+002 5.061908e+000 4.316053e+000 6.098558e+000 5.883319e+000 5.197609e+000 4.917155e+000 2.732099e+000 1.958025e+000
<VARIANCE> 22
 4.705270e+002 4.031347e+002 1.839449e+002 1.380449e+002 2.956926e+003 2.474646e+003 1.164446e+003 9.866539e+002 1.089117e+002 8.838596e+001 2.981299e+003 2.707237e+003 2.459124e+002 1.947670e+002 7.380750e+000 1.451017e+000 1.448168e-001 2.552488e-001 1.035183e+000 6.206349e+000 2.634037e+000 3.392538e+000
<GCONST> 1.314651e+002
<STATE> 3
<MEAN> 22
 7.792000e+000 8.349177e+000 1.218169e+000 1.062122e+000 1.444899e+002 1.391102e+002 7.123564e+001 6.901232e+001 6.629422e+001 6.401060e+001 4.383421e+001 4.620180e+001 1.029062e+002 1.043516e+002 2.040947e+000 1.929165e+000 5.783401e+000 5.937473e+000 3.207796e+000 7.657894e-001 3.172975e+000 3.095391e+000
<VARIANCE> 22
 1.140100e+002 1.420565e+002 3.300596e+000 2.164982e+000 1.764651e+003 1.487090e+003 5.359760e+002 5.986049e+002 9.510645e+001 1.163691e+002 3.659167e+002 4.391515e+002 1.377270e+002 1.235674e+002 8.137120e-002 1.300736e-001 7.596998e-001 5.524918e-001 1.818911e-001 2.168965e-001 6.016598e+000 6.019766e+000
<GCONST> 1.055327e+002
<STATE> 4
<MEAN> 22
 1.458160e+001 1.355578e+001 2.635824e+000 2.600816e+000 7.249961e+001 6.755527e+001 7.326422e+001 7.042973e+001 6.706351e+001 6.379958e+001 1.509484e+002 1.466652e+002 1.117357e+002 1.111528e+002 5.072689e+000 4.073368e+000 6.161701e+000 5.860431e+000 5.115475e+000 4.423438e+000 4.053534e+000 3.957572e+000
<VARIANCE> 22
 3.079383e+002 2.604704e+002 1.035558e+001 1.275176e+001 5.882954e+003 4.642220e+003 1.435718e+003 1.362440e+003 1.986355e+002 1.357809e+002 2.701733e+003 2.850185e+003 2.872691e+002 1.803414e+002 6.221694e+000 2.843278e+000 3.508167e-001 2.760009e-001 1.508867e+000 7.297519e+000 7.291518e+000 4.897247e+000
<GCONST> 1.316451e+002
<TRANSP> 5
 0.000000e+000 1.000000e+000 0.000000e+000 0.000000e+000 0.000000e+000
 0.000000e+000 8.164515e-001 1.835485e-001 0.000000e+000 0.000000e+000
 0.000000e+000 0.000000e+000 9.653858e-001 3.461424e-002 0.000000e+000
 0.000000e+000 0.000000e+000 0.000000e+000 9.153358e-001 8.466422e-002
 0.000000e+000 0.000000e+000 0.000000e+000 0.000000e+000 0.000000e+000
<ENDHMM>
~h "CP"
<BEGINHMM>
<NUMSTATES> 5
<STATE> 2
<MEAN> 22
 1.234479e+001 1.034347e+001 3.455595e+000 3.066290e+000 1.150286e+002 9.577769e+001 9.285783e+001 9.208823e+001 6.538225e+001 6.135415e+001 1.485226e+002 1.549722e+002 1.055523e+002 1.036056e+002 3.013766e+000 3.862802e+000 5.469189e+000 4.805448e+000 4.340423e+000 4.540009e+000 2.806591e+000 2.759994e+000
<VARIANCE> 22
 6.616867e+002 3.974872e+002 3.873435e+002 2.235251e+002 2.019249e+004 1.129289e+004 2.349258e+003 2.453700e+003 7.446890e+002 6.870039e+002 5.430292e+003 4.834401e+003 1.803778e+003 1.585244e+003 1.084778e+001 2.546420e+000 6.433532e+000 3.263136e+000 6.994334e+000 4.713673e+000 5.706174e+000 5.810667e+000
<GCONST> 1.575487e+002
<STATE> 3
<MEAN> 22
 9.082762e+000 9.421881e+000 2.170447e+000 2.180044e+000 5.223067e+001 4.809285e+001 6.477380e+001 6.710332e+001 6.609521e+001 6.270820e+001 1.370773e+002 1.389196e+002 1.036495e+002 1.031992e+002 2.825456e+000 4.286609e+000 6.602764e+000 5.350313e+000 5.687593e+000 5.512519e+000 3.471505e+000 3.299351e+000
<VARIANCE> 22
 8.215308e+001 8.205609e+001 8.497756e+000 7.995905e+000 6.629080e+002 6.292579e+002 3.682500e+002 4.496153e+002 1.377782e+002 1.437930e+002 7.211607e+002 7.652034e+002 1.012262e+002 1.051674e+002 1.117349e+001 5.298520e-001 2.560072e-001 2.367958e-001 1.010621e+000 2.503391e+000 5.279391e+000 5.155591e+000
<GCONST> 1.140217e+002
<STATE> 4
<MEAN> 22
 8.242517e+000 7.715495e+000 2.191477e+000 2.262240e+000 3.789396e+001 3.298775e+001 9.140484e+001 9.279255e+001 6.750740e+001 6.379638e+001 1.853050e+002 1.865916e+002 1.179151e+002 1.174427e+002 6.657284e+000 4.918205e+000 6.319898e+000 5.584904e+000 5.986995e+000 5.906643e+000 3.779073e+000 3.566571e+000
<VARIANCE> 22
 7.236650e+001 6.538781e+001 6.452511e+000 6.722980e+000 1.155827e+003 6.646055e+002 4.945147e+002 3.839489e+002 1.093083e+002 1.079704e+002 6.675150e+002 5.579727e+002 1.748015e+002 1.317651e+002 2.202910e+000 9.831276e-002 2.523071e-001 2.538756e-001 1.027231e-001 1.991779e-001 5.602841e+000 5.739187e+000
<GCONST> 1.059233e+002
<TRANSP> 5
 0.000000e+000 1.000000e+000 0.000000e+000 0.000000e+000 0.000000e+000
 0.000000e+000 6.962514e-001 3.037486e-001 0.000000e+000 0.000000e+000
 0.000000e+000 0.000000e+000 9.425632e-001 5.743674e-002 0.000000e+000
 0.000000e+000 0.000000e+000 0.000000e+000 9.308715e-001 6.912853e-002
 0.000000e+000 0.000000e+000 0.000000e+000 0.000000e+000 0.000000e+000
<ENDHMM>
~h "CV"
<BEGINHMM>
<NUMSTATES> 5
<STATE> 2
<MEAN> 22
 1.486177e+001 1.491750e+001 3.502320e+000 3.369206e+000 6.869190e+001 6.277343e+001 7.768472e+001 7.494914e+001 6.456789e+001 5.905797e+001 1.437749e+002 1.437454e+002 1.107345e+002 1.100827e+002 4.586298e+000 4.263393e+000 5.999010e+000 5.597966e+000 5.026980e+000 4.903782e+000 2.766554e+000 2.448931e+000
<VARIANCE> 22
 5.429194e+002 4.471810e+002 2.485066e+002 1.595168e+002 7.386946e+003 5.225225e+003 9.688289e+002 8.296638e+002 1.577492e+002 1.086507e+002 3.464613e+003 2.891850e+003 3.210805e+002 2.879435e+002 9.027708e+000 1.219043e+000 2.001595e+000 5.743074e-001 2.100527e+000 4.767448e+000 3.592852e+000 3.880754e+000
<GCONST> 1.392670e+002
<STATE> 3
<MEAN> 22
 8.180561e+000 8.270095e+000 1.830478e+000 1.991074e+000 1.317912e+002 1.307097e+002 7.566246e+001 7.544674e+001 6.509853e+001 6.176264e+001 5.476176e+001 5.662630e+001 1.041324e+002 1.046225e+002 1.473184e+000 2.497796e+000 5.989964e+000 5.132174e+000 2.937635e+000 1.197513e+000 3.480342e+000 3.381152e+000
<VARIANCE> 22
 1.224752e+002 1.138159e+002 7.699708e+000 9.329144e+000 2.254515e+003 1.794224e+003 7.015573e+002 7.564088e+002 1.043734e+002 9.643616e+001 4.038119e+002 3.987555e+002 1.879907e+002 1.507776e+002 3.785283e-001 3.783820e-001 4.634469e+000 5.276185e-001 4.349148e-001 5.184348e-001 5.674846e+000 5.947164e+000
<GCONST> 1.150836e+002
<STATE> 4
<MEAN> 22
 1.317621e+001 1.284016e+001 3.023241e+000 2.865537e+000 4.101186e+001 3.608562e+001 7.711945e+001 7.965599e+001 6.586481e+001 5.925817e+001 1.635475e+002 1.708231e+002 1.126530e+002 1.117645e+002 5.475231e+000 4.725968e+000 6.202638e+000 5.787638e+000 5.524387e+000 5.801198e+000 4.338923e+000 4.192217e+000
<VARIANCE> 22
 1.938224e+002 2.087752e+002 1.311343e+001 1.159291e+001 1.289115e+003 9.763226e+002 1.081076e+003 8.730767e+002 1.153098e+002 7.576367e+001 2.239781e+003 1.539994e+003 2.014620e+002 1.544111e+002 7.032386e+000 6.176348e-001 1.818117e-001 1.715830e-001 8.340870e-001 1.849317e+000 6.282632e+000 5.040855e+000
<GCONST> 1.202329e+002
<TRANSP> 5
 0.000000e+000 1.000000e+000 0.000000e+000 0.000000e+000 0.000000e+000
 0.000000e+000 8.257064e-001 1.742935e-001 0.000000e+000 0.000000e+000
 0.000000e+000 0.000000e+000 9.546416e-001 4.535834e-002 0.000000e+000
 0.000000e+000 0.000000e+000 0.000000e+000 8.989754e-001 1.010246e-001
 0.000000e+000 0.000000e+000 0.000000e+000 0.000000e+000 0.000000e+000
<ENDHMM>
~h "DC"
<BEGINHMM>
<NUMSTATES> 5
<STATE> 2
<MEAN> 22
 1.294715e+001 1.263190e+001 3.607893e+000 3.736549e+000 8.540721e+001 8.016325e+001 6.635577e+001 6.589669e+001 6.583778e+001 6.166657e+001 1.366726e+002 1.379653e+002 1.095712e+002 1.079323e+002 4.059949e+000 4.011316e+000 6.021158e+000 5.623009e+000 4.982368e+000 4.831373e+000 2.575481e+000 2.095849e+000
<VARIANCE> 22
 4.827187e+002 3.901771e+002 3.460341e+002 2.288871e+002 1.139179e+004 7.834733e+003 1.246337e+003 1.093598e+003 2.135231e+002 1.679996e+002 3.083783e+003 2.809172e+003 5.312845e+002 4.488034e+002 9.496391e+000 1.920451e+000 1.184089e+000 8.905206e-001 1.866525e+000 6.401033e+000 3.164088e+000 3.445004e+000
<GCONST> 1.429612e+002
<STATE> 3
<MEAN> 22
 1.118952e+001 1.191512e+001 1.827628e+000 1.936866e+000 1.213465e+002 1.185254e+002 4.653313e+001 4.855913e+001 6.529404e+001 6.275035e+001 7.242587e+001 7.286783e+001 9.936440e+001 1.000615e+002 1.940741e+000 2.133291e+000 5.972386e+000 5.888562e+000 3.764945e+000 5.000499e-001 2.768629e+000 2.598046e+000
<VARIANCE> 22
 2.074548e+002 2.317449e+002 1.199077e+001 1.016849e+001 1.530053e+003 1.261751e+003 6.075364e+002 6.121813e+002 9.233291e+001 1.232172e+002 4.647953e+002 4.888866e+002 1.381588e+002 1.411968e+002 7.504511e-001 8.361517e-001 2.792912e-001 3.591096e-001 2.971479e-001 1.324158e+000 5.565646e+000 5.766788e+000
<GCONST> 1.146390e+002
<STATE> 4
<MEAN> 22
 1.358006e+001 1.313004e+001 3.037905e+000 2.762316e+000 4.058980e+001 3.622128e+001 7.556509e+001 7.529221e+001 6.491363e+001 6.019614e+001 1.663753e+002 1.684181e+002 1.102858e+002 1.103133e+002 5.796873e+000 4.860254e+000 6.234318e+000 5.759423e+000 5.622279e+000 6.117387e+000 4.248687e+000 4.114675e+000
<VARIANCE> 22
 2.114573e+002 2.203945e+002 1.241108e+001 1.075702e+001 1.281103e+003 9.252579e+002 1.095366e+003 9.169457e+002 1.052261e+002 9.637970e+001 1.571635e+003 1.346519e+003 1.749354e+002 1.516886e+002 5.861416e+000 4.454308e-001 2.096439e-001 1.961844e-001 5.135964e-001 8.282183e-001 7.156324e+000 4.327778e+000
<GCONST> 1.182050e+002
<TRANSP> 5
 0.000000e+000 1.000000e+000 0.000000e+000 0.000000e+000 0.000000e+000
 0.000000e+000 8.784807e-001 1.215193e-001 0.000000e+000 0.000000e+000
 0.000000e+000 0.000000e+000 9.561697e-001 4.383027e-002 0.000000e+000
 0.000000e+000 0.000000e+000 0.000000e+000 8.980914e-001 1.019086e-001
 0.000000e+000 0.000000e+000 0.000000e+000 0.000000e+000 0.000000e+000
<ENDHMM>
~h "FM"
<BEGINHMM>
<NUMSTATES> 5
<STATE> 2
<MEAN> 22
 8.721477e+000 8.619033e+000 3.815317e+000 3.254203e+000 4.173787e+001 3.199991e+001 7.948238e+001 8.772564e+001 8.242967e+001 6.997227e+001 1.622393e+002 1.732030e+002 1.156105e+002 1.158160e+002 3.899622e+000 4.598489e+000 6.466404e+000 5.659258e+000 5.523498e+000 5.755431e+000 2.779401e+000 2.543055e+000
<VARIANCE> 22
 8.027492e+002 8.450743e+002 6.201941e+002 4.051709e+002 1.562210e+003 1.530380e+003 1.319412e+003 8.373358e+002 5.384739e+002 4.419775e+002 2.450220e+003 1.964066e+003 5.617501e+002 3.029612e+002 1.134853e+001 5.715910e-001 4.580274e-001 2.972037e-001 6.207930e-001 2.054212e+000 6.840005e+000 5.549094e+000
<GCONST> 1.384639e+002
<STATE> 3
<MEAN> 22
 1.418339e+000 7.301450e+000 5.839834e-001 2.063462e+000 1.045449e+001 5.651102e+001 9.508273e+001 6.496789e+001 5.803788e+001 8.634763e+001 1.923492e+002 1.394881e+002 1.146520e+002 1.065549e+002 6.959317e+000 4.279234e+000 6.055646e+000 5.332712e+000 5.992676e+000 6.461149e+000 1.720140e+000 3.212300e+000
<VARIANCE> 22
 8.095004e+000 5.579033e+001 3.300596e+000 9.417686e+000 3.637437e+002 6.178577e+002 2.479920e+002 5.729330e+002 7.834471e+001 3.514136e+002 4.924825e+002 9.581575e+002 1.640658e+002 1.574508e+002 2.690387e-001 2.721727e-001 6.804994e-002 2.333417e-001 2.082488e-002 4.770593e-001 5.631615e+000 5.741765e+000
<GCONST> 9.972410e+001
<STATE> 4
<MEAN> 22
 6.180715e+000 3.095058e+000 1.631474e+000 1.098298e+000 7.645543e+001 4.287423e+001 5.960782e+001 7.439337e+001 8.276417e+001 5.895388e+001 1.340962e+002 1.582833e+002 1.059511e+002 1.067721e+002 2.655784e+000 4.259200e+000 6.191226e+000 5.554879e+000 5.085712e+000 5.196231e+000 2.775574e+000 2.130445e+000
<VARIANCE> 22
 7.054657e+001 3.416838e+001 6.975387e+000 5.240607e+000 1.016818e+004 6.617400e+003 9.312246e+002 1.266960e+003 8.118889e+002 2.633351e+002 1.858388e+003 3.199471e+003 5.843920e+002 6.250189e+002 1.057218e+001 1.757800e+000 1.769264e+000 1.348976e+000 1.413893e+000 5.058048e+000 6.326715e+000 6.146259e+000
<GCONST> 1.339245e+002
<TRANSP> 5
 0.000000e+000 1.000000e+000 0.000000e+000 0.000000e+000 0.000000e+000
 0.000000e+000 7.318010e-001 2.681990e-001 0.000000e+000 0.000000e+000
 0.000000e+000 0.000000e+000 9.536308e-001 4.636924e-002 0.000000e+000
 0.000000e+000 0.000000e+000 0.000000e+000 9.192709e-001 8.072906e-002
 0.000000e+000 0.000000e+000 0.000000e+000 0.000000e+000 0.000000e+000
<ENDHMM>
~h "FN"
<BEGINHMM>
<NUMSTATES> 5
<STATE> 2
<MEAN> 22
 9.842060e+000 1.195770e+001 4.213487e+000 4.198884e+000 1.103311e+002 1.184931e+002 8.817692e+001 8.865282e+001 6.725121e+001 6.253744e+001 1.437158e+002 1.153391e+002 1.043614e+002 1.039236e+002 4.568816e+000 3.404406e+000 5.274566e+000 4.904687e+000 4.831011e+000 3.463174e+000 2.603667e+000 2.545842e+000
<VARIANCE> 22
 1.276933e+003 9.082087e+002 9.831664e+002 5.798380e+002 2.560216e+004 1.509053e+004 1.864753e+003 1.413107e+003 5.155829e+002 3.604012e+002 5.750376e+003 6.769003e+003 1.275155e+003 8.944003e+002 7.868047e+000 2.811080e+000 4.770748e+000 2.781359e+000 2.877479e+000 7.021242e+000 6.308786e+000 5.333318e+000
<GCONST> 1.579674e+002
<STATE> 3
<MEAN> 22
 1.252923e+000 1.354508e+001 5.302824e-001 3.140320e+000 8.865984e+000 1.438755e+002 9.156659e+001 9.552056e+001 5.792479e+001 6.792083e+001 1.884910e+002 5.527082e+001 1.125587e+002 9.872173e+001 6.940600e+000 2.577623e+000 6.048609e+000 4.624216e+000 5.965317e+000 2.035297e+000 1.560600e+000 3.475624e+000
<VARIANCE> 22
 7.465983e+000 2.340337e+002 3.300596e+000 1.699200e+001 4.289982e+002 3.425401e+003 2.366313e+002 1.109097e+003 5.558765e+001 1.551080e+002 6.392897e+002 2.535056e+003 1.378917e+002 2.274283e+002 2.784729e-001 9.669117e-001 1.387371e-001 1.447787e+000 8.966879e-002 3.894160e+000 5.280496e+000 5.414007e+000
<GCONST> 1.117015e+002
<STATE> 4
<MEAN> 22
 8.781261e+000 4.463556e+000 2.371977e+000 1.361395e+000 8.504700e+001 2.454063e+001 9.343645e+001 8.423092e+001 7.031670e+001 5.806361e+001 1.092587e+002 1.764429e+002 1.057615e+002 1.138655e+002 3.813982e+000 4.641118e+000 4.897844e+000 5.802063e+000 4.290721e+000 5.418754e+000 3.242647e+000 2.477890e+000
<VARIANCE> 22
 1.504244e+002 8.047898e+001 1.176831e+001 4.357223e+000 5.710449e+003 8.364401e+002 1.424128e+003 9.069588e+002 1.911372e+002 7.815520e+001 5.973361e+003 1.915518e+003 3.416130e+002 1.624421e+002 6.965051e+000 1.027761e+000 5.936018e+000 1.784270e-001 2.478305e+000 3.498720e+000 6.432293e+000 6.453828e+000
<GCONST> 1.279228e+002
<TRANSP> 5
 0.000000e+000 1.000000e+000 0.000000e+000 0.000000e+000 0.000000e+000
 0.000000e+000 7.363287e-001 2.636713e-001 0.000000e+000 0.000000e+000
 0.000000e+000 0.000000e+000 9.476657e-001 5.233429e-002 0.000000e+000
 0.000000e+000 0.000000e+000 0.000000e+000 9.354862e-001 6.451382e-002
 0.000000e+000 0.000000e+000 0.000000e+000 0.000000e+000 0.000000e+000
<ENDHMM>
~h "FU"
<BEGINHMM>
<NUMSTATES> 5
<STATE> 2
<MEAN> 22
 9.170617e+000 3.428456e+000 2.356097e+000 1.068372e+000 1.127206e+002 2.530299e+001 1.003565e+002 8.878321e+001 6.452531e+001 5.556561e+001 7.544695e+001 1.809454e+002 1.012438e+002 1.113699e+002 3.238990e+000 4.836222e+000 3.875394e+000 5.798403e+000 3.707999e+000 5.832497e+000 3.106204e+000 2.073664e+000
<VARIANCE> 22
 2.173742e+002 4.947291e+001 1.328023e+001 3.115015e+000 6.234521e+003 1.288928e+003 9.567623e+002 4.406760e+002 1.800200e+002 6.417644e+001 5.383602e+003 1.287790e+003 2.668143e+002 1.558872e+002 5.378816e+000 3.574710e-001 7.622595e+000 2.157806e-001 2.236727e+000 1.024321e+000 6.306077e+000 5.447155e+000
<GCONST> 1.235494e+002
<STATE> 3
<MEAN> 22
 1.370080e+000 8.684844e+000 5.934255e-001 2.037906e+000 7.802687e+000 1.633540e+002 8.987313e+001 1.025021e+002 5.613338e+001 6.268457e+001 1.858217e+002 3.113909e+001 1.105479e+002 9.548393e+001 6.954237e+000 2.159957e+000 6.060679e+000 4.292823e+000 5.972018e+000 1.378556e+000 1.614769e+000 2.806956e+000
<VARIANCE> 22
 9.632849e+000 1.874559e+002 3.300596e+000 8.245019e+000 3.261584e+002 1.880561e+003 2.603061e+002 7.075003e+002 7.035368e+001 1.669346e+002 6.371817e+002 1.002661e+003 1.780396e+002 1.670488e+002 2.330696e-001 2.912645e-001 8.973248e-002 2.041490e+000 7.582113e-002 9.663764e-001 5.451720e+000 6.414186e+000
<GCONST> 1.062786e+002
<STATE> 4
<MEAN> 22
 4.567128e+000 1.368906e+001 1.610878e+000 3.461360e+000 7.208009e+001 7.805425e+001 8.594644e+001 7.266129e+001 5.817655e+001 5.811968e+001 1.621541e+002 1.427334e+002 1.069063e+002 1.008061e+002 5.660245e+000 4.163202e+000 5.614561e+000 5.317789e+000 5.213199e+000 4.954355e+000 2.562980e+000 3.552191e+000
<VARIANCE> 22
 1.920033e+002 3.948948e+002 9.675395e+001 8.147557e+001 2.029483e+004 1.179864e+004 1.321190e+003 1.325525e+003 3.469117e+002 4.003059e+002 5.142855e+003 4.036184e+003 1.103823e+003 9.907744e+002 5.888631e+000 2.563995e+000 2.755370e+000 2.313281e+000 2.667807e+000 5.619154e+000 6.772347e+000 5.983516e+000
<GCONST> 1.478825e+002
<TRANSP> 5
 0.000000e+000 1.000000e+000 0.000000e+000 0.000000e+000 0.000000e+000
 0.000000e+000 9.295994e-001 7.040057e-002 0.000000e+000 0.000000e+000
 0.000000e+000 0.000000e+000 9.404140e-001 5.958597e-002 0.000000e+000
 0.000000e+000 0.000000e+000 0.000000e+000 8.599133e-001 1.400866e-001
 0.000000e+000 0.000000e+000 0.000000e+000 0.000000e+000 0.000000e+000
<ENDHMM>
~h "MC"
<BEGINHMM>
<NUMSTATES> 5
<STATE> 2
<MEAN> 22
 9.774401e+000 1.082725e+001 4.087636e+000 3.106045e+000 6.676038e+001 5.154248e+001 7.967897e+001 7.982013e+001 7.675951e+001 6.608313e+001 1.430729e+002 1.543347e+002 1.153697e+002 1.152357e+002 4.129180e+000 4.124068e+000 6.344702e+000 5.826012e+000 4.917396e+000 4.537022e+000 2.949856e+000 2.465652e+000
<VARIANCE> 22
 5.968742e+002 9.198466e+002 4.887143e+002 2.868090e+002 3.542843e+003 3.286870e+003 1.531386e+003 1.163596e+003 3.989062e+002 1.921363e+002 4.941535e+003 3.652442e+003 5.936645e+002 2.767070e+002 8.435804e+000 1.790080e+000 4.234948e-001 2.248820e-001 1.409790e+000 6.841799e+000 6.162421e+000 5.333342e+000
<GCONST> 1.422505e+002
<STATE> 3
<MEAN> 22
 1.572039e+000 9.665594e+000 6.567720e-001 2.866479e+000 7.812259e+000 1.014152e+002 9.234392e+001 6.022691e+001 5.655738e+001 7.953175e+001 1.887021e+002 8.798911e+001 1.124816e+002 9.926301e+001 6.984513e+000 3.095697e+000 6.048705e+000 5.630006e+000 5.994052e+000 2.403741e+000 1.855430e+000 3.232569e+000
<VARIANCE> 22
 8.615213e+000 9.233027e+001 3.300596e+000 1.182550e+001 1.370500e+002 2.291732e+003 2.373447e+002 8.363943e+002 7.513582e+001 4.248508e+002 4.744491e+002 2.297716e+003 1.398530e+002 2.391957e+002 7.437292e-002 1.276086e+000 5.071385e-002 3.543093e-001 2.082488e-002 8.506948e+000 5.800414e+000 5.146131e+000
<GCONST> 1.056148e+002
<STATE> 4
<MEAN> 22
 7.491035e+000 4.609669e+000 2.223498e+000 1.592651e+000 7.861571e+001 3.924901e+001 6.041595e+001 7.457988e+001 7.394006e+001 6.002288e+001 1.105182e+002 1.553527e+002 1.048208e+002 1.081108e+002 3.015633e+000 4.244495e+000 6.162865e+000 5.698389e+000 4.520611e+000 5.020566e+000 3.063537e+000 2.729626e+000
<VARIANCE> 22
 7.879498e+001 6.024741e+001 9.280966e+000 7.390343e+000 6.158730e+003 3.826290e+003 8.727632e+002 1.075843e+003 3.892927e+002 1.990661e+002 3.200798e+003 2.988418e+003 3.284814e+002 2.562894e+002 7.265114e+000 1.502596e+000 5.601195e-001 4.540680e-001 1.454387e+000 5.583696e+000 6.072774e+000 6.190314e+000
<GCONST> 1.292694e+002
<TRANSP> 5
 0.000000e+000 1.000000e+000 0.000000e+000 0.000000e+000 0.000000e+000
 0.000000e+000 7.587608e-001 2.412392e-001 0.000000e+000 0.000000e+000
 0.000000e+000 0.000000e+000 9.607676e-001 3.923246e-002 0.000000e+000
 0.000000e+000 0.000000e+000 0.000000e+000 9.225776e-001 7.742236e-002
 0.000000e+000 0.000000e+000 0.000000e+000 0.000000e+000 0.000000e+000
<ENDHMM>
~h "NU"
<BEGINHMM>
<NUMSTATES> 5
<STATE> 2
<MEAN> 22
 6.122848e+000 9.172041e+000 2.306234e+000 2.157628e+000 1.988361e+002 1.621805e+002 7.091201e+001 6.241983e+001 5.554918e+001 4.911472e+001 1.243346e+002 1.120974e+002 8.734696e+001 8.987263e+001 3.837902e+000 3.168134e+000 4.513252e+000 4.346101e+000 3.981497e+000 3.260151e+000 1.936000e+000 1.878801e+000
<VARIANCE> 22
 5.772383e+002 1.037695e+003 4.123142e+002 2.610827e+002 5.240033e+004 2.999162e+004 2.572252e+003 1.762215e+003 1.089882e+003 8.111415e+002 8.253438e+003 6.597762e+003 3.056623e+003 2.594528e+003 1.013564e+001 3.957688e+000 7.995565e+000 5.826083e+000 6.010252e+000 7.893351e+000 5.821912e+000 5.049521e+000
<GCONST> 1.639899e+002
<STATE> 3
<MEAN> 22
 1.382450e+000 8.532959e+000 5.389876e-001 2.388997e+000 1.104190e+001 9.365505e+001 9.169698e+001 7.160778e+001 5.817792e+001 6.367350e+001 1.886541e+002 9.851424e+001 1.129891e+002 1.047563e+002 6.953218e+000 3.397127e+000 6.076642e+000 5.320252e+000 5.963679e+000 2.882168e+000 1.578487e+000 3.170998e+000
<VARIANCE> 22
 8.803190e+000 1.286760e+002 3.300596e+000 1.037864e+001 4.523961e+002 2.620082e+003 2.899173e+002 7.075680e+002 5.940611e+001 1.252670e+002 5.982935e+002 2.620885e+003 1.613838e+002 1.740846e+002 2.391953e-001 1.064481e+000 8.741686e-002 3.941085e-001 7.589076e-002 6.031035e+000 5.320973e+000 5.689071e+000
<GCONST> 1.085325e+002
<STATE> 4
<MEAN> 22
 7.075058e+000 4.598703e+000 2.064264e+000 1.531303e+000 7.252886e+001 3.930287e+001 7.425775e+001 7.954437e+001 7.003342e+001 5.685379e+001 1.134063e+002 1.525896e+002 1.087619e+002 1.095811e+002 2.819407e+000 4.142255e+000 6.270619e+000 5.693843e+000 4.175986e+000 4.483786e+000 3.056004e+000 2.637850e+000
<VARIANCE> 22
 8.842667e+001 5.593447e+001 7.901160e+000 6.019947e+000 3.093583e+003 2.238100e+003 1.200912e+003 1.095635e+003 2.029263e+002 6.455971e+001 3.584302e+003 3.349928e+003 2.451501e+002 2.072133e+002 7.272627e+000 1.522554e+000 1.895484e+000 2.761725e-001 2.520990e+000 5.963430e+000 6.302094e+000 6.259046e+000
<GCONST> 1.274017e+002
<TRANSP> 5
 0.000000e+000 1.000000e+000 0.000000e+000 0.000000e+000 0.000000e+000
 0.000000e+000 6.544458e-001 3.455542e-001 0.000000e+000 0.000000e+000
 0.000000e+000 0.000000e+000 9.518852e-001 4.811481e-002 0.000000e+000
 0.000000e+000 0.000000e+000 0.000000e+000 9.142391e-001 8.576094e-002
 0.000000e+000 0.000000e+000 0.000000e+000 0.000000e+000 0.000000e+000
<ENDHMM>
~h "OK"
<BEGINHMM>
<NUMSTATES> 5
<STATE> 2
<MEAN> 22
 1.315753e+001 5.858348e+000 3.958009e+000 2.105963e+000 9.441921e+001 4.218807e+001 9.909349e+001 8.437021e+001 7.736768e+001 5.734853e+001 9.709037e+001 1.631485e+002 1.074758e+002 1.128912e+002 2.942785e+000 4.376228e+000 4.548725e+000 5.681451e+000 3.861990e+000 5.130270e+000 3.507911e+000 2.515295e+000
<VARIANCE> 22
 5.085094e+002 3.481174e+002 2.764549e+002 1.634053e+002 5.093422e+003 2.782200e+003 1.367360e+003 7.921961e+002 2.445718e+002 1.053530e+002 4.829245e+003 3.475527e+003 4.924222e+002 2.072884e+002 6.384869e+000 1.178837e+000 8.374560e+000 4.172350e-001 2.587413e+000 4.124681e+000 6.231155e+000 6.018448e+000
<GCONST> 1.411856e+002
<STATE> 3
<MEAN> 22
 1.837198e+000 1.158184e+001 7.775164e-001 2.895240e+000 1.094205e+001 1.052292e+002 9.242587e+001 9.350341e+001 5.741031e+001 6.855804e+001 1.914916e+002 1.011981e+002 1.143166e+002 1.064186e+002 6.976388e+000 3.440182e+000 6.054464e+000 5.004921e+000 5.990175e+000 3.305053e+000 1.983724e+000 3.385352e+000
<VARIANCE> 22
 1.116013e+001 2.267582e+002 3.300596e+000 1.328003e+001 3.054267e+002 4.499494e+003 2.390178e+002 7.675786e+002 7.074708e+001 2.035495e+002 4.565436e+002 4.382506e+003 1.424113e+002 1.858886e+002 1.212828e-001 1.494849e+000 6.457140e-002 6.967883e-001 2.401021e-002 5.392771e+000 6.025534e+000 5.773767e+000
<GCONST> 1.092673e+002
<STATE> 4
<MEAN> 22
 9.717162e+000 3.651749e+000 2.603925e+000 1.087349e+000 1.074669e+002 4.177433e+001 8.483165e+001 7.739626e+001 6.585560e+001 5.238693e+001 1.047003e+002 1.655599e+002 1.020048e+002 1.068613e+002 3.153674e+000 4.390381e+000 4.995842e+000 5.586316e+000 3.829163e+000 5.235859e+000 2.892676e+000 2.310199e+000
<VARIANCE> 22
 1.937910e+002 5.760171e+001 1.367309e+001 4.100626e+000 1.269204e+004 7.871526e+003 1.492068e+003 1.108346e+003 3.946574e+002 2.199942e+002 5.202947e+003 3.076617e+003 8.766663e+002 7.678969e+002 7.846029e+000 1.945946e+000 7.612122e+000 1.780989e+000 3.726316e+000 4.459858e+000 6.205647e+000 6.296491e+000
<GCONST> 1.397071e+002
<TRANSP> 5
 0.000000e+000 1.000000e+000 0.000000e+000 0.000000e+000 0.000000e+000
 0.000000e+000 8.404351e-001 1.595649e-001 0.000000e+000 0.000000e+000
 0.000000e+000 0.000000e+000 9.427114e-001 5.728865e-002 0.000000e+000
 0.000000e+000 0.000000e+000 0.000000e+000 8.561411e-001 1.438590e-001
 0.000000e+000 0.000000e+000 0.000000e+000 0.000000e+000 0.000000e+000
<ENDHMM>
~h "PF"
<BEGINHMM>
<NUMSTATES> 5
<STATE> 2
<MEAN> 22
 8.695600e+000 1.205614e+001 3.946044e+000 4.295196e+000 1.191867e+002 1.420460e+002 8.761588e+001 1.056927e+002 6.890145e+001 7.140401e+001 1.526291e+002 1.192985e+002 1.053046e+002 1.019296e+002 4.519559e+000 3.473890e+000 5.588123e+000 4.770293e+000 5.119736e+000 3.577485e+000 2.491050e+000 2.712860e+000
<VARIANCE> 22
 1.063916e+003 9.547729e+002 8.417394e+002 5.535001e+002 3.082655e+004 1.793341e+004 1.504538e+003 2.593896e+003 4.330549e+002 6.299200e+002 4.731433e+003 5.334588e+003 8.998994e+002 6.561899e+002 9.007266e+000 2.332683e+000 3.557507e+000 2.320587e+000 2.292513e+000 6.111560e+000 6.077949e+000 5.107836e+000
<GCONST> 1.567043e+002
<STATE> 3
<MEAN> 22
 1.402789e+000 1.508311e+001 6.433706e-001 4.121803e+000 1.014074e+001 1.576931e+002 9.236928e+001 1.223133e+002 5.809784e+001 8.167199e+001 1.885859e+002 7.666613e+001 1.132287e+002 9.563295e+001 6.942155e+000 2.842815e+000 6.056087e+000 4.013683e+000 5.965652e+000 2.448050e+000 1.775426e+000 3.558575e+000
<VARIANCE> 22
 8.227559e+000 3.019487e+002 3.300596e+000 2.264351e+001 5.374022e+002 4.489671e+003 2.629489e+002 1.334833e+003 6.350481e+001 2.893634e+002 6.168264e+002 2.560058e+003 1.299125e+002 2.387254e+002 2.959393e-001 9.599751e-001 2.157300e-001 1.115455e+000 9.534220e-002 3.202029e+000 5.904694e+000 4.669892e+000
<GCONST> 1.139106e+002
<STATE> 4
<MEAN> 22
 9.249337e+000 3.679960e+000 2.892832e+000 1.432626e+000 9.797337e+001 2.430079e+001 1.156040e+002 8.835670e+001 7.803510e+001 5.716024e+001 1.233745e+002 1.816256e+002 1.055229e+002 1.147213e+002 3.603195e+000 4.706675e+000 3.903485e+000 5.766396e+000 3.955040e+000 5.518013e+000 3.163901e+000 2.539757e+000
<VARIANCE> 22
 1.792753e+002 4.212882e+001 1.858886e+001 5.342002e+000 6.926052e+003 8.678765e+002 2.110850e+003 7.570585e+002 4.246157e+002 6.845956e+001 4.640544e+003 1.556798e+003 3.541584e+002 1.463942e+002 7.693717e+000 7.458327e-001 7.755517e+000 1.925697e-001 3.629960e+000 2.794641e+000 6.768701e+000 6.287364e+000
<GCONST> 1.289970e+002
<TRANSP> 5
 0.000000e+000 1.000000e+000 0.000000e+000 0.000000e+000 0.000000e+000
 0.000000e+000 6.854340e-001 3.145661e-001 0.000000e+000 0.000000e+000
 0.000000e+000 0.000000e+000 9.482619e-001 5.173807e-002 0.000000e+000
 0.000000e+000 0.000000e+000 0.000000e+000 9.317397e-001 6.826024e-002
 0.000000e+000 0.000000e+000 0.000000e+000 0.000000e+000 0.000000e+000
<ENDHMM>
~h "PR"
<BEGINHMM>
<NUMSTATES> 5
<STATE> 2
<MEAN> 22
 8.634287e+000 9.039415e+000 3.687055e+000 3.645696e+000 1.006517e+002 9.891851e+001 7.687488e+001 7.565054e+001 6.552007e+001 5.770390e+001 1.329776e+002 1.219792e+002 9.906941e+001 9.635208e+001 3.413829e+000 3.361926e+000 5.277041e+000 4.807648e+000 4.334232e+000 3.335964e+000 2.277026e+000 2.422462e+000
<VARIANCE> 22
 9.819702e+002 7.822759e+002 7.136323e+002 4.702466e+002 2.271616e+004 1.407549e+004 2.037313e+003 2.144781e+003 7.579595e+002 5.572031e+002 5.645154e+003 4.272009e+003 1.628174e+003 1.447944e+003 9.882034e+000 2.768761e+000 6.294664e+000 3.305598e+000 4.664868e+000 6.992660e+000 5.999100e+000 6.065673e+000
<GCONST> 1.596306e+002
<STATE> 3
<MEAN> 22
 1.313415e+000 9.403090e+000 5.691426e-001 3.145503e+000 1.032413e+001 9.386149e+001 9.246555e+001 8.594964e+001 5.857827e+001 6.416509e+001 1.879689e+002 1.075136e+002 1.126617e+002 1.032022e+002 6.932457e+000 3.544693e+000 6.084741e+000 5.080663e+000 5.972215e+000 3.449981e+000 1.724675e+000 3.577053e+000
<VARIANCE> 22
 6.578618e+000 1.305539e+002 3.300596e+000 1.673364e+001 3.564212e+002 2.363656e+003 2.696782e+002 6.606797e+002 6.739276e+001 1.617283e+002 5.912557e+002 2.210464e+003 1.582098e+002 2.086800e+002 3.889738e-001 7.909771e-001 8.845384e-002 3.467720e-001 8.787632e-002 4.015530e+000 5.705686e+000 6.346762e+000
<GCONST> 1.086040e+002
<STATE> 4
<MEAN> 22
 9.202590e+000 3.005811e+000 2.589650e+000 1.124955e+000 6.841553e+001 1.982380e+001 8.338762e+001 8.558754e+001 7.151723e+001 5.657727e+001 1.160273e+002 1.782859e+002 1.072254e+002 1.116128e+002 2.791462e+000 4.737946e+000 6.253346e+000 5.777066e+000 3.928252e+000 5.833514e+000 3.325439e+000 2.329793e+000
<VARIANCE> 22
 1.325297e+002 3.007102e+001 1.196679e+001 3.605154e+000 2.516853e+003 5.155971e+002 9.223095e+002 7.221620e+002 2.089961e+002 6.438931e+001 3.104746e+003 1.350967e+003 2.539156e+002 1.512047e+002 8.083870e+000 3.852266e-001 2.500873e+000 1.897822e-001 3.656839e+000 1.231356e+000 6.011853e+000 6.152740e+000
<GCONST> 1.207916e+002
<TRANSP> 5
 0.000000e+000 1.000000e+000 0.000000e+000 0.000000e+000 0.000000e+000
 0.000000e+000 7.195574e-001 2.804426e-001 0.000000e+000 0.000000e+000
 0.000000e+000 0.000000e+000 9.510989e-001 4.890107e-002 0.000000e+000
 0.000000e+000 0.000000e+000 0.000000e+000 9.083005e-001 9.169946e-002
 0.000000e+000 0.000000e+000 0.000000e+000 0.000000e+000 0.000000e+000
<ENDHMM>
~h "SP"
<BEGINHMM>
<NUMSTATES> 5
<STATE> 2
<MEAN> 22
 8.093168e+000 1.362502e+001 4.582409e+000 5.520496e+000 1.007084e+002 1.067363e+002 7.781076e+001 7.892699e+001 5.846370e+001 5.822832e+001 1.410812e+002 1.221231e+002 9.560500e+001 9.229907e+001 4.697215e+000 3.575071e+000 5.029562e+000 4.479898e+000 4.762363e+000 4.058156e+000 2.047986e+000 2.023050e+000
<VARIANCE> 22
 1.868171e+003 1.327143e+003 1.508374e+003 9.149697e+002 3.209898e+004 1.746502e+004 1.869062e+003 1.887074e+003 7.727947e+002 8.006121e+002 5.858256e+003 5.715534e+003 1.740100e+003 1.672108e+003 9.687201e+000 3.265585e+000 5.925410e+000 4.207413e+000 4.620458e+000 6.797241e+000 5.747471e+000 4.086133e+000
<GCONST> 1.633342e+002
<STATE> 3
<MEAN> 22
 1.181433e+000 1.122176e+001 5.022973e-001 3.777220e+000 1.084786e+001 1.793753e+002 9.469442e+001 1.307501e+002 6.093941e+001 8.916368e+001 1.881743e+002 5.942587e+001 1.128938e+002 9.352402e+001 6.846422e+000 2.384470e+000 6.094265e+000 3.545719e+000 5.969589e+000 1.801784e+000 1.588024e+000 3.023764e+000
<VARIANCE> 22
 7.199816e+000 2.715258e+002 3.300596e+000 2.803358e+001 5.784586e+002 3.086968e+003 3.800606e+002 1.042546e+003 1.158236e+002 4.792840e+002 7.905358e+002 1.022542e+003 1.984283e+002 2.379650e+002 9.431891e-001 4.636092e-001 3.007338e-001 6.992339e-001 1.287052e-001 1.659513e+000 5.431503e+000 6.025388e+000
<GCONST> 1.146716e+002
<STATE> 4
<MEAN> 22
 9.792447e+000 4.347766e+000 3.258309e+000 1.454328e+000 1.098316e+002 1.960097e+001 1.166575e+002 8.443366e+001 8.596687e+001 5.797716e+001 1.059133e+002 1.743220e+002 9.883031e+001 1.122181e+002 3.360417e+000 4.647357e+000 3.641254e+000 5.760784e+000 3.981203e+000 5.336598e+000 3.158618e+000 2.417118e+000
<VARIANCE> 22
 2.413414e+002 7.693165e+001 3.747544e+001 6.674150e+000 7.475177e+003 6.970147e+002 1.739101e+003 7.794363e+002 5.952343e+002 6.461732e+001 4.296334e+003 1.708755e+003 3.992242e+002 1.407845e+002 6.593280e+000 7.615066e-001 7.580603e+000 2.046650e-001 2.826004e+000 3.695009e+000 6.476513e+000 6.634291e+000
<GCONST> 1.308325e+002
<TRANSP> 5
 0.000000e+000 1.000000e+000 0.000000e+000 0.000000e+000 0.000000e+000
 0.000000e+000 6.993344e-001 3.006656e-001 0.000000e+000 0.000000e+000
 0.000000e+000 0.000000e+000 9.522852e-001 4.771483e-002 0.000000e+000
 0.000000e+000 0.000000e+000 0.000000e+000 9.357705e-001 6.422959e-002
 0.000000e+000 0.000000e+000 0.000000e+000 0.000000e+000 0.000000e+000
<ENDHMM>
~h "ST"
<BEGINHMM>
<NUMSTATES> 5
<STATE> 2
<MEAN> 22
 8.067089e+000 8.939829e+000 2.736002e+000 2.717452e+000 9.350188e+001 8.445121e+001 8.597596e+001 8.295536e+001 7.516862e+001 7.016673e+001 1.400924e+002 1.290212e+002 1.116872e+002 1.125960e+002 4.257608e+000 3.600372e+000 6.083703e+000 5.634409e+000 4.782866e+000 3.580242e+000 2.902406e+000 2.563133e+000
<VARIANCE> 22
 4.988866e+002 5.333304e+002 3.679326e+002 2.247998e+002 1.590749e+004 9.790232e+003 1.388836e+003 9.969774e+002 4.655350e+002 3.906510e+002 5.587817e+003 5.279373e+003 7.626209e+002 4.789406e+002 8.231415e+000 2.375314e+000 1.886266e+000 9.580531e-001 2.508554e+000 7.544636e+000 6.651698e+000 5.912255e+000
<GCONST> 1.495491e+002
<STATE> 3
<MEAN> 22
 1.338243e+000 1.074717e+001 5.227736e-001 2.191213e+000 9.291475e+000 1.118526e+002 9.185325e+001 6.791886e+001 5.845220e+001 7.946700e+001 1.900238e+002 7.680436e+001 1.138810e+002 1.053346e+002 6.975210e+000 2.753099e+000 6.061142e+000 5.842215e+000 5.989934e+000 1.867214e+000 1.549905e+000 3.001755e+000
<VARIANCE> 22
 8.229702e+000 1.578750e+002 3.300596e+000 8.872071e+000 2.768451e+002 2.707660e+003 2.186069e+002 6.087313e+002 5.284334e+001 3.235870e+002 4.680027e+002 2.956228e+003 1.265633e+002 1.335103e+002 1.317166e-001 1.503499e+000 6.252563e-002 3.613681e-001 2.130259e-002 6.649499e+000 5.161109e+000 5.814116e+000
<GCONST> 1.059654e+002
<STATE> 4
<MEAN> 22
 9.670388e+000 2.908392e+000 2.179521e+000 1.103323e+000 8.896632e+001 2.136285e+001 7.568271e+001 8.865655e+001 8.106342e+001 5.745228e+001 9.345912e+001 1.850186e+002 1.085156e+002 1.152792e+002 3.069080e+000 4.858645e+000 6.038567e+000 5.871888e+000 4.236094e+000 5.932355e+000 3.091279e+000 2.197090e+000
<VARIANCE> 22
 1.271967e+002 3.636194e+001 8.507552e+000 4.739236e+000 3.862354e+003 8.569171e+002 7.883995e+002 7.064446e+002 3.413829e+002 5.637418e+001 4.594016e+003 1.325551e+003 2.662585e+002 1.552168e+002 5.975899e+000 2.198148e-001 1.178120e+000 1.286297e-001 1.534358e+000 9.258389e-001 6.055042e+000 6.026617e+000
<GCONST> 1.192624e+002
<TRANSP> 5
 0.000000e+000 1.000000e+000 0.000000e+000 0.000000e+000 0.000000e+000
 0.000000e+000 8.024969e-001 1.975031e-001 0.000000e+000 0.000000e+000
 0.000000e+000 0.000000e+000 9.566259e-001 4.337401e-002 0.000000e+000
 0.000000e+000 0.000000e+000 0.000000e+000 9.093013e-001 9.069866e-002
 0.000000e+000 0.000000e+000 0.000000e+000 0.000000e+000 0.000000e+000
<ENDHMM>
~h "TT"
<BEGINHMM>
<NUMSTATES> 5
<STATE> 2
<MEAN> 22
 1.034698e+001 1.351568e+001 4.543651e+000 5.392773e+000 4.441416e+001 6.247978e+001 9.013674e+001 9.783420e+001 6.865353e+001 7.020810e+001 1.705307e+002 1.581501e+002 1.130167e+002 1.114693e+002 5.421021e+000 4.364424e+000 5.954875e+000 5.322431e+000 5.553860e+000 4.961377e+000 2.600240e+000 2.838531e+000
<VARIANCE> 22
 1.461681e+003 1.136411e+003 1.076263e+003 7.113755e+002 3.769392e+003 5.477746e+003 1.328045e+003 1.526474e+003 3.000799e+002 5.789418e+002 2.297106e+003 2.476271e+003 2.524610e+002 2.089408e+002 7.497549e+000 1.203864e+000 1.806863e+000 1.013825e+000 1.162767e+000 3.999669e+000 6.502585e+000 4.477669e+000
<GCONST> 1.458762e+002
<STATE> 3
<MEAN> 22
 1.732581e+000 1.786658e+001 7.768517e-001 5.949795e+000 1.135717e+001 1.876987e+002 9.545850e+001 1.554710e+002 5.983162e+001 1.122702e+002 1.909809e+002 1.029621e+002 1.145743e+002 9.832451e+001 6.942920e+000 2.836002e+000 6.075780e+000 3.637890e+000 5.967528e+000 2.405078e+000 1.912436e+000 3.748448e+000
<VARIANCE> 22
 1.218357e+001 3.606018e+002 3.300596e+000 5.208324e+001 4.772824e+002 5.714751e+003 4.192713e+002 1.811512e+003 1.348898e+002 8.871418e+002 6.912604e+002 1.614206e+003 1.970023e+002 3.349360e+002 2.979472e-001 8.104361e-001 2.468274e-001 8.824655e-001 1.011501e-001 2.665421e+000 5.802692e+000 5.498751e+000
<GCONST> 1.182491e+002
<STATE> 4
<MEAN> 22
 1.350662e+001 3.343509e+000 4.707741e+000 1.383727e+000 1.384834e+002 3.097110e+001 1.301707e+002 8.660918e+001 9.586545e+001 5.639058e+001 1.196551e+002 1.777032e+002 1.013993e+002 1.118050e+002 2.816455e+000 4.619741e+000 3.372632e+000 5.707453e+000 3.620137e+000 5.343099e+000 3.320609e+000 2.365853e+000
<VARIANCE> 22
 3.218527e+002 3.926474e+001 5.181338e+001 6.733833e+000 1.124359e+004 3.696899e+003 3.244720e+003 1.006837e+003 1.320956e+003 1.484216e+002 3.132096e+003 2.197847e+003 5.777976e+002 4.243924e+002 6.799177e+000 1.182829e+000 8.078428e+000 8.640491e-001 3.608558e+000 3.709728e+000 5.796569e+000 6.214563e+000
<GCONST> 1.388216e+002
<TRANSP> 5
 0.000000e+000 1.000000e+000 0.000000e+000 0.000000e+000 0.000000e+000
 0.000000e+000 7.193899e-001 2.806101e-001 0.000000e+000 0.000000e+000
 0.000000e+000 0.000000e+000 9.487278e-001 5.127217e-002 0.000000e+000
 0.000000e+000 0.000000e+000 0.000000e+000 9.406431e-001 5.935693e-002
 0.000000e+000 0.000000e+000 0.000000e+000 0.000000e+000 0.000000e+000
<ENDHMM>
~h "VA"
<BEGINHMM>
<NUMSTATES> 5
<STATE> 2
<MEAN> 22
 1.178573e+001 1.219538e+001 5.463850e+000 4.679613e+000 1.398808e+002 1.495605e+002 9.289290e+001 1.069184e+002 7.468508e+001 7.845809e+001 1.251210e+002 1.162056e+002 9.379283e+001 9.333478e+001 3.427190e+000 3.182813e+000 4.578104e+000 4.302124e+000 4.238869e+000 3.187245e+000 2.645044e+000 2.555331e+000
<VARIANCE> 22
 1.028985e+003 8.403278e+002 6.347496e+002 3.850384e+002 2.744217e+004 1.596524e+004 3.696159e+003 3.815043e+003 1.309257e+003 1.568803e+003 5.891602e+003 5.269796e+003 1.669715e+003 1.327280e+003 8.921478e+000 2.682593e+000 7.029656e+000 3.417912e+000 4.170046e+000 6.376807e+000 6.072037e+000 5.222342e+000
<GCONST> 1.623590e+002
<STATE> 3
<MEAN> 22
 2.239769e+000 1.592951e+001 1.097238e+000 5.853423e+000 1.142537e+001 1.498810e+002 9.124302e+001 1.240083e+002 5.691401e+001 9.677914e+001 1.873501e+002 9.955216e+001 1.127229e+002 9.046029e+001 6.925593e+000 3.089546e+000 6.054774e+000 4.267941e+000 5.958413e+000 2.962482e+000 2.141073e+000 3.561852e+000
<VARIANCE> 22
 1.638183e+001 2.959020e+002 5.848066e+000 4.080606e+001 4.554630e+002 7.456752e+003 3.188770e+002 2.722020e+003 1.024264e+002 7.688694e+002 6.949221e+002 2.875331e+003 1.714965e+002 4.892446e+002 3.887407e-001 1.332525e+000 1.581775e-001 1.678516e+000 9.230663e-002 5.271064e+000 6.160635e+000 5.322368e+000
<GCONST> 1.210116e+002
<STATE> 4
<MEAN> 22
 1.233854e+001 3.580288e+000 4.521163e+000 1.644740e+000 1.169252e+002 2.189919e+001 1.242143e+002 8.552984e+001 9.441177e+001 5.586293e+001 1.160455e+002 1.743237e+002 9.741706e+001 1.125574e+002 3.122354e+000 4.553734e+000 3.832989e+000 5.772681e+000 3.806587e+000 5.243885e+000 3.240173e+000 2.521324e+000
<VARIANCE> 22
 2.501166e+002 5.585405e+001 3.759379e+001 8.631802e+000 8.048017e+003 7.300872e+002 3.204321e+003 7.578046e+002 8.217782e+002 9.016969e+001 4.301158e+003 1.910607e+003 5.024573e+002 1.453043e+002 6.468375e+000 9.854438e-001 8.040251e+000 1.857277e-001 3.212817e+000 3.720250e+000 6.030517e+000 6.273314e+000
<GCONST> 1.327499e+002
<TRANSP> 5
 0.000000e+000 1.000000e+000 0.000000e+000 0.000000e+000 0.000000e+000
 0.000000e+000 7.330058e-001 2.669942e-001 0.000000e+000 0.000000e+000
 0.000000e+000 0.000000e+000 9.423398e-001 5.766020e-002 0.000000e+000
 0.000000e+000 0.000000e+000 0.000000e+000 9.241748e-001 7.582522e-002
 0.000000e+000 0.000000e+000 0.000000e+000 0.000000e+000 0.000000e+000
<ENDHMM>
~h "VQ"
<BEGINHMM>
<NUMSTATES> 5
<STATE> 2
<MEAN> 22
 1.726157e+001 1.269429e+001 7.543341e+000 6.092992e+000 1.104765e+002 5.800627e+001 1.112644e+002 9.745657e+001 7.883075e+001 6.050233e+001 1.316966e+002 1.578799e+002 1.082955e+002 1.121159e+002 3.847935e+000 4.301390e+000 4.431943e+000 5.460479e+000 4.254281e+000 4.907705e+000 3.305755e+000 2.567915e+000
<VARIANCE> 22
 2.338648e+003 1.816241e+003 1.736799e+003 1.146639e+003 1.204107e+004 7.766250e+003 1.962172e+003 8.561150e+002 4.250070e+002 1.536462e+002 6.027116e+003 4.275894e+003 6.989622e+002 2.757227e+002 8.225991e+000 1.485691e+000 7.994457e+000 8.564664e-001 3.444886e+000 3.975019e+000 6.426506e+000 5.471699e+000
<GCONST> 1.538118e+002
<STATE> 3
<MEAN> 22
 2.013187e+000 1.261672e+001 8.105829e-001 4.283683e+000 1.042744e+001 1.270114e+002 9.079787e+001 1.040679e+002 5.630059e+001 7.235679e+001 1.885357e+002 8.783523e+001 1.130010e+002 9.410320e+001 6.952418e+000 3.166154e+000 6.076749e+000 4.636084e+000 5.975184e+000 3.042639e+000 1.974273e+000 3.603847e+000
<VARIANCE> 22
 1.415932e+001 2.229894e+002 3.300596e+000 3.443675e+001 4.236418e+002 5.478013e+003 2.999980e+002 1.395423e+003 7.692966e+001 2.901210e+002 6.043043e+002 3.495612e+003 1.682171e+002 3.857597e+002 2.506000e-001 1.356574e+000 1.393065e-001 1.118445e+000 7.387362e-002 4.472997e+000 5.874630e+000 5.612984e+000
<GCONST> 1.159334e+002
<STATE> 4
<MEAN> 22
 9.996154e+000 3.419180e+000 3.977874e+000 1.496728e+000 1.180103e+002 4.765631e+001 9.596152e+001 7.968758e+001 7.268312e+001 5.191092e+001 8.582808e+001 1.614446e+002 9.228848e+001 1.057524e+002 2.490176e+000 4.307464e+000 3.762806e+000 5.462814e+000 3.359329e+000 5.013021e+000 3.341099e+000 2.501842e+000
<VARIANCE> 22
 1.670514e+002 3.883482e+001 3.361230e+001 7.722235e+000 1.346853e+004 7.764226e+003 1.983940e+003 1.012949e+003 5.965647e+002 1.915688e+002 3.833532e+003 3.117489e+003 7.642249e+002 6.401307e+002 5.583283e+000 1.905407e+000 9.354550e+000 1.578092e+000 3.335797e+000 4.505272e+000 6.174390e+000 6.257436e+000
<GCONST> 1.402128e+002
<TRANSP> 5
 0.000000e+000 1.000000e+000 0.000000e+000 0.000000e+000 0.000000e+000
 0.000000e+000 6.960602e-001 3.039399e-001 0.000000e+000 0.000000e+000
 0.000000e+000 0.000000e+000 9.462385e-001 5.376156e-002 0.000000e+000
 0.000000e+000 0.000000e+000 0.000000e+000 9.144190e-001 8.558097e-002
 0.000000e+000 0.000000e+000 0.000000e+000 0.000000e+000 0.000000e+000
<ENDHMM>
~h "SIL"
<BEGINHMM>
<NUMSTATES> 5
<STATE> 2
<MEAN> 22
 7.958985e+001 6.736607e+001 7.224912e+001 5.794583e+001 3.094925e+001 2.531011e+001 6.846226e+000 6.795813e+000 4.878320e+000 4.666584e+000 1.330513e+001 1.267092e+001 8.571752e+000 8.441902e+000 4.728206e-001 3.415939e-001 4.600223e-001 4.379151e-001 4.284003e-001 3.953440e-001 7.733530e-001 7.729989e-001
<VARIANCE> 22
 3.358302e+004 2.383717e+004 2.765344e+004 1.781632e+004 1.534044e+004 1.012655e+004 6.248708e+002 6.175158e+002 3.013963e+002 2.827230e+002 2.307981e+003 2.152202e+003 9.076573e+002 8.801850e+002 2.981740e+000 1.531488e+000 2.609352e+000 2.356716e+000 2.293194e+000 2.183388e+000 3.655553e+000 3.658369e+000
<GCONST> 1.605753e+002
<STATE> 3
<MEAN> 22
 4.552306e+000 4.458457e+000 1.371872e+000 1.371009e+000 2.920015e+001 2.832040e+001 9.800392e+001 9.570710e+001 6.921235e+001 6.171211e+001 1.810882e+002 1.826932e+002 1.174533e+002 1.166884e+002 5.992146e+000 4.687986e+000 6.106615e+000 5.783430e+000 5.600448e+000 5.486753e+000 2.317099e+000 2.244588e+000
<VARIANCE> 22
 8.584974e+001 8.377901e+001 7.488019e+000 6.653077e+000 1.717917e+003 1.635900e+003 1.009043e+003 7.223871e+002 1.775529e+002 1.290365e+002 2.892704e+003 2.333042e+003 4.113774e+002 2.111169e+002 4.921550e+000 7.983347e-001 1.103802e+000 2.576044e-001 1.097242e+000 2.558643e+000 5.628618e+000 5.542494e+000
<GCONST> 1.232902e+002
<STATE> 4
<MEAN> 22
 1.349817e+000 2.625803e+000 4.939894e-001 8.906233e-001 6.408371e+000 1.086801e+001 9.409592e+001 9.224752e+001 5.975561e+001 5.859464e+001 1.928697e+002 1.892162e+002 1.159999e+002 1.153709e+002 6.949005e+000 4.939553e+000 6.031546e+000 5.909836e+000 5.985410e+000 5.917423e+000 1.760437e+000 1.916152e+000
<VARIANCE> 22
 1.137275e+001 3.527113e+001 3.300596e+000 3.023918e+000 1.308958e+002 4.263976e+002 2.278896e+002 2.595340e+002 6.347696e+001 7.836488e+001 5.421636e+002 8.526362e+002 1.296130e+002 1.504664e+002 3.123966e-001 1.390895e-001 3.599198e-002 9.593750e-002 3.861225e-002 5.044587e-001 5.308362e+000 5.471100e+000
<GCONST> 9.270568e+001
<TRANSP> 5
 0.000000e+000 1.000000e+000 0.000000e+000 0.000000e+000 0.000000e+000
 0.000000e+000 9.084401e-001 9.155992e-002 0.000000e+000 0.000000e+000
 0.000000e+000 0.000000e+000 9.944924e-001 5.507592e-003 0.000000e+000
 0.000000e+000 0.000000e+000 0.000000e+000 9.969023e-001 3.097719e-003
 0.000000e+000 0.000000e+000 0.000000e+000 0.000000e+000 0.000000e+000
<ENDHMM>
