~o
<STREAMINFO> 1 22
<VECSIZE> 22<NULLD><MFCC_0><DIAGC>
~h "BN"
<BEGINHMM>
<NUMSTATES> 5
<STATE> 2
<NUMMIXES> 2
<MIXTURE> 1 3.204387e-001
<MEAN> 22
 9.118464e+000 1.368617e+001 5.306235e+000 5.513560e+000 1.848575e+001 2.192350e+001 8.090916e+001 7.345673e+001 5.903809e+001 5.567595e+001 1.770161e+002 1.678527e+002 1.100996e+002 1.080245e+002 6.884615e+000 5.028096e+000 6.067004e+000 5.909372e+000 5.810372e+000 6.125190e+000 2.430157e+000 2.226451e+000
<VARIANCE> 22
 2.389480e+003 1.613532e+003 1.924096e+003 1.216302e+003 4.152495e+002 4.133057e+002 6.056295e+002 5.687135e+002 6.506673e+001 5.859978e+001 8.871597e+002 1.009562e+003 1.595123e+002 1.601937e+002 1.671698e-001 1.566027e-001 6.251465e-002 8.241411e-002 1.597887e-001 2.415076e-001 5.726995e+000 4.047935e+000
<GCONST> 1.181442e+002
<MIXTURE> 2 6.795610e-001
<MEAN> 22
 5.998275e+000 8.119195e+000 1.640152e+000 2.701156e+000 1.445435e+002 1.577008e+002 7.182875e+001 8.489513e+001 7.008406e+001 7.181681e+001 1.080460e+002 7.302100e+001 9.334650e+001 9.220042e+001 3.039351e+000 2.481652e+000 4.680605e+000 4.064329e+000 4.064363e+000 2.080575e+000 2.288534e+000 2.373132e+000
<VARIANCE> 22
 1.251253e+002 2.308245e+002 1.017959e+001 1.639417e+001 3.282118e+004 1.701033e+004 2.333876e+003 2.678935e+003 9.714514e+002 1.147109e+003 5.852198e+003 3.373718e+003 1.735012e+003 1.335578e+003 8.177086e+000 2.128399e+000 7.472657e+000 3.323050e+000 3.673374e+000 5.332938e+000 6.088788e+000 5.743887e+000
<GCONST> 1.495869e+002
<STATE> 3
<NUMMIXES> 2
<MIXTURE> 1 3.934578e-001
<MEAN> 22
 1.499091e+000 2.096795e+001 4.967123e-001 5.318503e+000 7.513223e+000 1.369289e+002 1.004500e+002 1.019947e+002 6.221841e+001 8.564268e+001 2.038165e+002 8.374343e+001 1.219177e+002 1.107338e+002 6.998801e+000 3.026007e+000 6.102090e+000 4.623354e+000 5.998210e+000 2.561918e+000 1.745228e+000 3.632145e+000
<VARIANCE> 22
 9.979578e+000 3.738905e+002 3.300596e+000 2.867709e+001 9.958115e+001 5.798840e+003 3.284757e+002 1.657940e+003 6.841951e+001 5.755434e+002 6.698760e+002 2.910616e+003 2.281795e+002 1.783252e+002 6.504287e-002 1.239753e+000 9.226350e-002 8.818857e-001 2.082488e-002 5.701519e+000 5.513687e+000 5.326253e+000
<GCONST> 1.115825e+002
<MIXTURE> 2 6.065430e-001
<MEAN> 22
 8.940542e-001 4.844853e+000 4.316937e-001 1.561725e+000 9.849925e+000 1.725381e+002 8.693354e+001 1.187247e+002 5.629955e+001 8.851947e+001 1.808109e+002 3.181062e+001 1.098503e+002 9.654997e+001 6.933082e+000 2.062194e+000 6.007164e+000 3.675251e+000 5.960667e+000 1.102453e+000 1.366134e+000 2.642235e+000
<VARIANCE> 22
 4.801632e+000 4.258381e+001 3.300596e+000 3.557954e+000 5.796137e+002 9.769821e+002 1.377265e+002 2.007908e+002 5.619770e+001 2.621318e+002 4.164527e+002 3.296295e+002 6.301874e+001 8.319861e+001 3.624876e-001 1.165885e-001 2.320351e-001 4.724777e-001 1.153774e-001 2.998483e-001 4.865256e+000 5.959397e+000
<GCONST> 9.631207e+001
<STATE> 4
<NUMMIXES> 2
<MIXTURE> 1 4.297628e-001
<MEAN> 22
 1.395767e+001 5.072739e+000 3.123427e+000 1.655700e+000 5.270342e+001 2.391522e+001 8.763171e+001 9.491587e+001 7.151292e+001 5.803817e+001 1.543105e+002 1.941265e+002 1.144858e+002 1.168875e+002 4.871572e+000 4.992364e+000 6.402950e+000 5.852541e+000 5.197732e+000 6.011248e+000 3.655946e+000 2.775067e+000
<VARIANCE> 22
 3.027907e+002 6.838159e+001 2.009670e+001 6.301791e+000 2.885155e+003 8.699644e+002 6.209128e+002 3.235602e+002 2.775207e+002 6.496532e+001 3.851014e+003 5.116863e+002 2.728016e+002 1.196886e+002 8.440571e+000 2.201059e-002 2.432569e-001 1.257130e-001 1.758700e+000 5.618803e-002 5.904348e+000 6.557549e+000
<GCONST> 1.130176e+002
<MIXTURE> 2 5.702368e-001
<MEAN> 22
 6.140239e+000 1.616307e+000 2.549290e+000 7.405121e-001 1.634583e+002 1.813121e+001 1.268728e+002 8.620310e+001 9.192825e+001 5.856721e+001 3.475789e+001 1.794189e+002 9.917047e+001 1.150768e+002 1.972208e+000 4.712348e+000 7.676197e-001 5.817782e+000 2.863372e+000 5.641594e+000 2.996977e+000 1.931359e+000
<VARIANCE> 22
 8.374700e+001 1.231565e+001 1.790237e+001 2.164982e+000 3.850492e+003 7.593067e+002 3.749796e+002 7.983780e+002 3.253394e+002 6.828890e+001 3.759073e+002 1.719398e+003 2.194677e+002 1.705858e+002 3.707331e-001 4.320399e-001 1.565277e+000 1.850463e-001 2.659082e-001 2.618345e+000 6.212779e+000 5.673029e+000
<GCONST> 1.125749e+002
<TRANSP> 5
 0.000000e+000 1.000000e+000 0.000000e+000 0.000000e+000 0.000000e+000
 0.000000e+000 8.122663e-001 1.877337e-001 0.000000e+000 0.000000e+000
 0.000000e+000 0.000000e+000 9.556216e-001 4.437840e-002 0.000000e+000
 0.000000e+000 0.000000e+000 0.000000e+000 9.267278e-001 7.327210e-002
 0.000000e+000 0.000000e+000 0.000000e+000 0.000000e+000 0.000000e+000
<ENDHMM>
~h "BS"
<BEGINHMM>
<NUMSTATES> 5
<STATE> 2
<NUMMIXES> 2
<MIXTURE> 1 7.329431e-002
<MEAN> 22
 3.621276e+001 3.398970e+001 2.235806e+001 1.942924e+001 4.428810e+002 3.206738e+002 1.035777e+002 9.476734e+001 6.815586e+001 6.613784e+001 1.602916e+002 1.473505e+002 1.129502e+002 1.129384e+002 1.549047e+000 3.841056e+000 6.706038e+000 5.319909e+000 3.311705e+000 4.121251e+000 1.849701e+000 2.424449e+000
<VARIANCE> 22
 9.813411e+003 7.286021e+003 8.618030e+003 5.661359e+003 3.450033e+004 1.471060e+004 1.749326e+003 1.435659e+003 3.380699e+001 2.165117e+001 1.303457e+003 8.883666e+002 1.210751e+002 7.818124e+001 6.931054e+000 1.456373e+000 2.075484e-001 2.346549e-001 8.709950e+000 3.390147e+000 5.757048e+000 6.074080e+000
<GCONST> 1.469460e+002
<MIXTURE> 2 9.267057e-001
<MEAN> 22
 1.325486e+001 1.310867e+001 2.263818e+000 2.306117e+000 5.089637e+001 5.019310e+001 6.487288e+001 6.269688e+001 6.350247e+001 6.022375e+001 1.559351e+002 1.519313e+002 1.092826e+002 1.086527e+002 5.873675e+000 4.626890e+000 5.985971e+000 5.831100e+000 5.407064e+000 5.584561e+000 2.755480e+000 1.973211e+000
<VARIANCE> 22
 1.647462e+002 1.510539e+002 5.628465e+000 6.191417e+000 4.389265e+003 3.297721e+003 1.009105e+003 9.364912e+002 1.521395e+002 1.540473e+002 1.865049e+003 1.954908e+003 3.351848e+002 2.999109e+002 4.886007e+000 1.400114e+000 5.949630e-001 5.240052e-001 9.671285e-001 4.090972e+000 3.082616e+000 3.828947e+000
<GCONST> 1.256437e+002
<STATE> 3
<NUMMIXES> 2
<MIXTURE> 1 4.198450e-001
<MEAN> 22
 1.466481e+001 1.494474e+001 3.557111e+000 3.468362e+000 1.312855e+002 1.237102e+002 1.459017e+002 1.411377e+002 8.883029e+001 7.858112e+001 1.532378e+002 1.605346e+002 1.163710e+002 1.148677e+002 4.456107e-001 3.716632e+000 4.426484e+000 4.724880e+000 1.813628e+000 3.836467e+000 2.915207e+000 3.870520e+000
<VARIANCE> 22
 4.245331e+002 4.404522e+002 1.906077e+001 2.101945e+001 1.505886e+003 1.696771e+003 1.008030e+003 8.901650e+002 1.852905e+002 2.652898e+002 2.128409e+003 1.294224e+003 1.777707e+002 1.379096e+002 3.210310e-001 3.389705e-001 1.125032e+001 2.550555e-001 6.107585e+000 9.234411e-001 6.454257e+000 5.575638e+000
<GCONST> 1.269137e+002
<MIXTURE> 2 5.801550e-001
<MEAN> 22
 2.164708e+001 2.230511e+001 3.691880e+000 3.613455e+000 9.277871e+001 9.505384e+001 4.741635e+001 4.860183e+001 6.497659e+001 6.075959e+001 9.476748e+001 9.370825e+001 1.004259e+002 1.011991e+002 2.143383e+000 2.848012e+000 6.144863e+000 5.757174e+000 4.152257e+000 2.425877e+000 2.712361e+000 2.824056e+000
<VARIANCE> 22
 3.457241e+002 3.599713e+002 2.316457e+001 1.792018e+001 1.585154e+003 1.265826e+003 6.445709e+002 6.468674e+002 1.167938e+002 1.219807e+002 9.108594e+002 8.263391e+002 1.167221e+002 9.932372e+001 4.072063e+000 2.201442e+000 3.681075e-001 3.687566e-001 1.878453e+000 7.916849e+000 5.337618e+000 4.381883e+000
<GCONST> 1.241480e+002
<STATE> 4
<NUMMIXES> 2
<MIXTURE> 1 4.465766e-001
<MEAN> 22
 9.204023e+000 8.842021e+000 2.483720e+000 2.143683e+000 3.442784e+001 3.514232e+001 1.024623e+002 9.972128e+001 6.545604e+001 6.012646e+001 1.935096e+002 1.914020e+002 1.153090e+002 1.146615e+002 6.724533e+000 4.942825e+000 6.440937e+000 5.518740e+000 6.059295e+000 5.833726e+000 3.870161e+000 3.684287e+000
<VARIANCE> 22
 8.306403e+001 7.900184e+001 7.269744e+000 5.496538e+000 1.082105e+003 8.342189e+002 5.902996e+002 4.282409e+002 1.053724e+002 8.693120e+001 7.739898e+002 6.595849e+002 1.878897e+002 1.457992e+002 1.626859e+000 1.310556e-001 2.841610e-001 2.502708e-001 1.952059e-001 3.228106e-001 4.474489e+000 8.366687e+000
<GCONST> 1.082169e+002
<MIXTURE> 2 5.534231e-001
<MEAN> 22
 6.316311e+000 6.043901e+000 1.762372e+000 1.640608e+000 9.049897e+001 8.908274e+001 1.169162e+002 1.179961e+002 6.846500e+001 6.381216e+001 1.566654e+002 1.560894e+002 1.052570e+002 1.048891e+002 7.475344e-003 3.999265e+000 6.999495e+000 5.000000e+000 3.505258e+000 4.354831e+000 3.061704e+000 3.803910e+000
<VARIANCE> 22
 6.457786e+001 5.835456e+001 5.950227e+000 5.044381e+000 7.155635e+002 6.530751e+002 5.867828e+002 5.136606e+002 9.816959e+001 1.274640e+002 4.217712e+002 4.581780e+002 7.314194e+001 7.986533e+001 6.504287e-002 1.793315e-002 2.326111e-002 1.170389e-002 1.191377e+001 2.648583e-001 6.494745e+000 7.382694e+000
<GCONST> 9.807603e+001
<TRANSP> 5
 0.000000e+000 1.000000e+000 0.000000e+000 0.000000e+000 0.000000e+000
 0.000000e+000 7.645418e-001 2.354582e-001 0.000000e+000 0.000000e+000
 0.000000e+000 0.000000e+000 9.244688e-001 7.553120e-002 0.000000e+000
 0.000000e+000 0.000000e+000 0.000000e+000 9.481811e-001 5.181890e-002
 0.000000e+000 0.000000e+000 0.000000e+000 0.000000e+000 0.000000e+000
<ENDHMM>
~h "CF"
<BEGINHMM>
<NUMSTATES> 5
<STATE> 2
<NUMMIXES> 2
<MIXTURE> 1 2.326716e-001
<MEAN> 22
 7.794771e+000 1.394179e+001 5.252458e+000 6.112488e+000 9.940276e+000 2.230488e+001 9.178338e+001 7.815687e+001 5.851762e+001 5.898848e+001 1.903556e+002 1.765041e+002 1.141474e+002 1.122924e+002 6.968159e+000 4.984237e+000 6.029612e+000 5.979425e+000 5.981467e+000 6.111512e+000 2.070260e+000 2.108760e+000
<VARIANCE> 22
 1.880373e+003 1.454022e+003 1.773818e+003 1.046949e+003 1.103866e+002 3.922732e+002 2.243722e+002 5.248105e+002 5.456960e+001 7.022723e+001 5.161284e+002 8.353213e+002 1.354712e+002 1.392395e+002 1.059638e-001 2.735071e-002 6.630377e-002 2.015132e-002 4.073015e-002 1.781627e-001 5.717945e+000 3.425960e+000
<GCONST> 1.086992e+002
<MIXTURE> 2 7.673284e-001
<MEAN> 22
 8.438808e+000 7.078636e+000 3.059761e+000 2.418646e+000 8.481097e+001 8.456980e+001 8.472096e+001 6.786926e+001 7.929357e+001 6.495954e+001 8.851948e+001 1.056993e+002 9.624488e+001 1.033951e+002 2.783532e+000 3.257400e+000 4.565565e+000 5.077510e+000 3.808817e+000 3.508583e+000 2.893522e+000 2.685189e+000
<VARIANCE> 22
 2.238249e+002 1.234285e+002 2.313141e+001 1.690681e+001 8.232080e+003 6.948609e+003 2.300935e+003 1.721590e+003 6.513960e+002 5.437060e+002 3.586065e+003 3.399446e+003 6.391182e+002 5.197078e+002 5.195596e+000 2.323691e+000 6.047645e+000 1.908192e+000 2.310537e+000 7.821578e+000 6.020390e+000 5.611954e+000
<GCONST> 1.428412e+002
<STATE> 3
<NUMMIXES> 2
<MIXTURE> 1 3.488213e-001
<MEAN> 22
 2.653827e+000 2.365307e+001 1.002615e+000 5.920571e+000 1.769991e+001 1.259833e+002 9.964392e+001 9.207842e+001 6.381465e+001 8.675205e+001 1.925922e+002 9.098509e+001 1.175018e+002 1.028507e+002 6.829542e+000 3.205294e+000 6.209434e+000 4.670679e+000 5.890439e+000 2.944260e+000 2.088776e+000 3.874506e+000
<VARIANCE> 22
 2.531110e+001 5.101829e+002 3.720647e+000 4.384978e+001 1.039351e+003 5.794709e+003 6.052610e+002 2.053054e+003 1.295883e+002 4.854681e+002 1.576628e+003 2.886856e+003 3.075989e+002 2.884235e+002 8.121230e-001 1.348734e+000 6.193712e-001 1.716726e+000 2.766207e-001 7.311368e+000 5.990357e+000 5.081179e+000
<GCONST> 1.266839e+002
<MIXTURE> 2 6.511776e-001
<MEAN> 22
 9.343678e-001 6.461746e+000 4.527602e-001 3.045578e+000 5.877945e+000 1.944298e+002 9.016799e+001 1.288874e+002 5.715045e+001 1.019914e+002 1.859389e+002 3.121507e+001 1.110190e+002 8.357422e+001 7.000000e+000 2.000000e+000 6.006525e+000 2.941840e+000 5.999996e+000 9.932344e-001 1.417810e+000 2.539018e+000
<VARIANCE> 22
 4.801632e+000 9.415255e+001 3.300596e+000 1.866382e+001 4.956259e+001 9.249918e+002 1.840196e+002 4.351449e+002 4.987416e+001 3.958008e+002 3.628044e+002 1.487299e+002 1.036926e+002 2.369934e+002 6.504287e-002 1.793315e-002 2.326111e-002 1.259735e+000 2.082488e-002 5.618803e-002 5.139060e+000 5.750022e+000
<GCONST> 8.993900e+001
<STATE> 4
<NUMMIXES> 2
<MIXTURE> 1 4.268156e-001
<MEAN> 22
 8.901960e+000 6.019281e+000 2.670556e+000 2.211313e+000 2.867372e+001 2.416505e+001 9.075826e+001 9.741592e+001 6.567658e+001 6.103737e+001 1.872058e+002 1.946381e+002 1.165683e+002 1.164586e+002 6.351318e+000 5.000433e+000 6.195899e+000 5.708359e+000 5.889268e+000 5.984792e+000 3.366692e+000 3.078082e+000
<VARIANCE> 22
 1.758185e+002 6.721749e+001 1.397388e+001 8.510455e+000 7.869478e+002 5.738014e+002 6.338521e+002 3.350448e+002 1.570525e+002 9.612767e+001 1.035033e+003 5.157902e+002 2.020978e+002 1.288588e+002 3.916103e+000 1.793315e-002 1.575243e-001 2.074561e-001 1.189912e-001 5.618803e-002 6.438049e+000 6.406442e+000
<GCONST> 1.054881e+002
<MIXTURE> 2 5.731842e-001
<MEAN> 22
 1.061139e+001 1.556009e+000 3.866102e+000 8.189451e-001 1.718514e+002 2.520444e+001 1.209252e+002 9.697597e+001 9.700457e+001 5.771770e+001 3.835102e+001 1.917538e+002 8.550201e+001 1.135130e+002 1.908872e+000 4.977125e+000 2.494910e+000 5.672253e+000 3.045969e+000 5.953237e+000 3.153681e+000 2.052342e+000
<VARIANCE> 22
 2.150989e+002 8.396908e+000 2.926473e+001 2.164982e+000 3.473407e+003 1.107610e+003 1.195873e+003 2.400682e+002 4.597485e+002 8.508272e+001 5.219523e+002 4.442979e+002 4.474913e+002 1.198266e+002 2.231701e-001 6.620763e-002 4.676719e+000 2.416186e-001 2.452333e-001 2.187244e-001 6.216974e+000 5.597057e+000
<GCONST> 1.101610e+002
<TRANSP> 5
 0.000000e+000 1.000000e+000 0.000000e+000 0.000000e+000 0.000000e+000
 0.000000e+000 8.365420e-001 1.634581e-001 0.000000e+000 0.000000e+000
 0.000000e+000 0.000000e+000 9.500804e-001 4.991960e-002 0.000000e+000
 0.000000e+000 0.000000e+000 0.000000e+000 9.308676e-001 6.913235e-002
 0.000000e+000 0.000000e+000 0.000000e+000 0.000000e+000 0.000000e+000
<ENDHMM>
~h "CN"
<BEGINHMM>
<NUMSTATES> 5
<STATE> 2
<NUMMIXES> 2
<MIXTURE> 1 4.178115e-001
<MEAN> 22
 8.700518e+000 8.182625e+000 2.877758e+000 2.753264e+000 2.115448e+001 2.359024e+001 9.285159e+001 8.873626e+001 6.386709e+001 5.942783e+001 1.920637e+002 1.885775e+002 1.189332e+002 1.170480e+002 6.999014e+000 5.000000e+000 6.131792e+000 5.935067e+000 5.999439e+000 6.016333e+000 2.756816e+000 1.962838e+000
<VARIANCE> 22
 5.289146e+002 4.141636e+002 3.706878e+002 2.725773e+002 3.517562e+002 5.060187e+002 5.984943e+002 4.012496e+002 9.204958e+001 6.772678e+001 8.177595e+002 6.563923e+002 2.511278e+002 1.908781e+002 6.504287e-002 1.793315e-002 1.144225e-001 6.071680e-002 2.082488e-002 5.618803e-002 3.245458e+000 3.991835e+000
<GCONST> 1.055286e+002
<MIXTURE> 2 5.821880e-001
<MEAN> 22
 2.082018e+001 2.063852e+001 2.607063e+000 2.902816e+000 9.228555e+001 8.804479e+001 4.352295e+001 4.550549e+001 6.557563e+001 6.212313e+001 9.964225e+001 9.899914e+001 1.054533e+002 1.046276e+002 3.022916e+000 3.330616e+000 6.018844e+000 5.875139e+000 4.291384e+000 3.081823e+000 2.631237e+000 2.041266e+000
<VARIANCE> 22
 3.273004e+002 3.068314e+002 9.519417e+000 1.168164e+001 2.107214e+003 2.063265e+003 4.795009e+002 6.297642e+002 1.165984e+002 1.092367e+002 1.444677e+003 1.663115e+003 1.650468e+002 1.349993e+002 6.080245e+000 2.085989e+000 1.921524e-001 4.293926e-001 7.594244e-001 9.841152e+000 2.249502e+000 3.096829e+000
<GCONST> 1.227188e+002
<STATE> 3
<NUMMIXES> 2
<MIXTURE> 1 4.696904e-001
<MEAN> 22
 8.756817e+000 8.370912e+000 1.135182e+000 1.035106e+000 1.648875e+002 1.589404e+002 8.570647e+001 8.257086e+001 6.858563e+001 6.672104e+001 3.921997e+001 4.321495e+001 1.063564e+002 1.083003e+002 2.063280e+000 1.835474e+000 5.535357e+000 5.867075e+000 3.107239e+000 8.285214e-001 2.962097e+000 2.881967e+000
<VARIANCE> 22
 1.528322e+002 1.745287e+002 3.300596e+000 2.164982e+000 1.658896e+003 1.421324e+003 4.295838e+002 5.323557e+002 1.591459e+002 1.754754e+002 3.950505e+002 5.447050e+002 2.420317e+002 1.856925e+002 1.240114e-001 2.200270e-001 1.587692e+000 1.189317e+000 1.344492e-001 2.283589e-001 6.000920e+000 6.035277e+000
<GCONST> 1.099748e+002
<MIXTURE> 2 5.303103e-001
<MEAN> 22
 6.378889e+000 7.530874e+000 1.236900e+000 9.938673e-001 1.319580e+002 1.260138e+002 6.145598e+001 5.951536e+001 6.481760e+001 6.192475e+001 4.472363e+001 4.672076e+001 1.005296e+002 1.012494e+002 2.006747e+000 2.000000e+000 6.000000e+000 6.000000e+000 3.230081e+000 7.547200e-001 3.372483e+000 3.300354e+000
<VARIANCE> 22
 6.076577e+001 9.382957e+001 3.560272e+000 2.164982e+000 1.159244e+003 9.035770e+002 2.929653e+002 3.341460e+002 5.075567e+001 5.548459e+001 2.317986e+002 2.884265e+002 5.171329e+001 5.123280e+001 6.504287e-002 1.793315e-002 2.326111e-002 1.170389e-002 1.771371e-001 1.851208e-001 6.006017e+000 5.982908e+000
<GCONST> 8.861457e+001
<STATE> 4
<NUMMIXES> 2
<MIXTURE> 1 3.979389e-001
<MEAN> 22
 1.057716e+001 9.616579e+000 3.178050e+000 2.752332e+000 3.901289e+001 3.142749e+001 9.929640e+001 9.543770e+001 6.505206e+001 6.061349e+001 1.953905e+002 1.929439e+002 1.163600e+002 1.154650e+002 6.989933e+000 5.000002e+000 6.281282e+000 5.778866e+000 6.012999e+000 5.978879e+000 3.789480e+000 3.697929e+000
<VARIANCE> 22
 1.183077e+002 9.689275e+001 8.599037e+000 7.190698e+000 7.098388e+003 4.429159e+003 4.350138e+002 3.490434e+002 9.375836e+001 6.486608e+001 5.077540e+002 4.677782e+002 1.501275e+002 1.186248e+002 6.504287e-002 1.793315e-002 2.021635e-001 1.722340e-001 2.082488e-002 5.618803e-002 7.951230e+000 4.567199e+000
<GCONST> 1.007075e+002
<MIXTURE> 2 6.020609e-001
<MEAN> 22
 1.669280e+001 1.619060e+001 2.177342e+000 2.439602e+000 9.363043e+001 9.166424e+001 5.334847e+001 5.149952e+001 6.763416e+001 6.569883e+001 1.160153e+002 1.100984e+002 1.067196e+002 1.072767e+002 3.573929e+000 3.290551e+000 6.050897e+000 5.911961e+000 4.441237e+000 3.067966e+000 4.223295e+000 4.114180e+000
<VARIANCE> 22
 4.073481e+002 3.485350e+002 1.064435e+001 1.577015e+001 3.626601e+003 3.095901e+003 1.234573e+003 1.278598e+003 2.196504e+002 1.635243e+002 1.811053e+003 1.918836e+003 3.095488e+002 1.863215e+002 5.864194e+000 3.699008e+000 3.843972e-001 3.364179e-001 1.476979e+000 9.450432e+000 6.806948e+000 5.162591e+000
<GCONST> 1.316654e+002
<TRANSP> 5
 0.000000e+000 1.000000e+000 0.000000e+000 0.000000e+000 0.000000e+000
 0.000000e+000 8.407946e-001 1.592055e-001 0.000000e+000 0.000000e+000
 0.000000e+000 0.000000e+000 9.635896e-001 3.641038e-002 0.000000e+000
 0.000000e+000 0.000000e+000 0.000000e+000 9.193773e-001 8.062267e-002
 0.000000e+000 0.000000e+000 0.000000e+000 0.000000e+000 0.000000e+000
<ENDHMM>
~h "CP"
<BEGINHMM>
<NUMSTATES> 5
<STATE> 2
<NUMMIXES> 2
<MIXTURE> 1 7.897386e-001
<MEAN> 22
 1.295184e+001 1.139803e+001 3.793804e+000 3.352744e+000 5.425425e+001 5.730434e+001 1.066139e+002 1.070903e+002 7.518080e+001 7.010314e+001 1.834950e+002 1.865550e+002 1.232979e+002 1.193510e+002 3.569542e+000 4.552290e+000 6.682449e+000 5.443487e+000 5.451665e+000 5.471854e+000 3.270409e+000 3.212509e+000
<VARIANCE> 22
 6.986185e+002 4.603990e+002 4.818405e+002 2.770400e+002 1.352832e+003 1.580081e+003 1.249649e+003 1.443194e+003 1.959947e+002 2.060549e+002 2.057624e+003 1.233014e+003 4.325816e+002 2.443722e+002 1.177628e+001 3.377245e-001 2.208112e-001 2.473373e-001 4.179439e+000 8.957632e-001 5.610189e+000 5.420041e+000
<GCONST> 1.340258e+002
<MIXTURE> 2 2.102614e-001
<MEAN> 22
 6.916001e+000 4.025455e+000 9.840627e-001 9.760523e-001 3.306757e+002 2.410580e+002 5.805744e+001 4.746738e+001 3.308402e+001 3.048207e+001 4.611092e+001 6.109280e+001 4.832260e+001 5.005347e+001 8.673914e-001 1.565784e+000 1.046508e+000 2.421956e+000 1.075335e+000 1.533871e+000 1.370176e+000 1.487784e+000
<VARIANCE> 22
 4.230623e+002 7.607048e+001 4.374763e+000 4.519728e+000 3.000700e+004 2.040549e+004 5.024637e+003 3.827641e+003 1.509262e+003 1.230668e+003 4.168876e+003 5.827101e+003 3.020264e+003 3.073312e+003 2.240377e+000 3.737193e+000 4.654248e+000 7.338037e+000 2.507309e+000 5.108811e+000 5.034651e+000 5.445537e+000
<GCONST> 1.498028e+002
<STATE> 3
<NUMMIXES> 2
<MIXTURE> 1 5.154724e-001
<MEAN> 22
 1.160927e+001 1.072711e+001 2.976761e+000 3.013035e+000 4.534549e+001 3.586059e+001 9.508763e+001 9.818372e+001 7.258924e+001 6.781032e+001 1.906326e+002 1.924183e+002 1.242956e+002 1.228194e+002 6.585682e+000 4.859186e+000 6.438992e+000 5.467342e+000 5.996307e+000 5.837492e+000 3.682266e+000 3.476255e+000
<VARIANCE> 22
 1.043589e+002 1.016388e+002 9.923544e+000 1.039829e+001 1.324155e+003 5.341727e+002 6.216141e+002 4.790013e+002 1.104313e+002 9.518002e+001 7.248976e+002 6.661392e+002 1.533259e+002 1.230252e+002 2.681517e+000 1.332286e-001 2.462784e-001 2.489321e-001 1.185313e-001 2.694404e-001 5.366449e+000 5.256619e+000
<GCONST> 1.086795e+002
<MIXTURE> 2 4.845270e-001
<MEAN> 22
 1.095145e+001 1.137187e+001 3.142397e+000 3.060506e+000 6.982745e+001 6.118383e+001 6.029702e+001 6.497452e+001 7.379517e+001 6.916875e+001 1.194366e+002 1.232426e+002 1.057531e+002 1.057583e+002 3.049068e-001 3.752498e+000 6.769359e+000 5.181870e+000 5.135512e+000 4.749643e+000 3.402230e+000 3.131951e+000
<VARIANCE> 22
 1.228478e+002 1.142647e+002 1.591441e+001 1.330466e+001 7.553791e+002 8.845598e+002 3.499290e+002 4.769396e+002 1.411553e+002 1.801458e+002 5.786867e+002 7.370190e+002 1.259960e+002 1.226187e+002 5.655142e-001 5.033591e-001 2.571750e-001 1.732030e-001 2.099809e+000 5.380408e+000 5.243847e+000 5.045075e+000
<GCONST> 1.148602e+002
<STATE> 4
<NUMMIXES> 2
<MIXTURE> 1 6.380804e-001
<MEAN> 22
 6.514499e+000 6.641992e+000 1.691652e+000 1.869259e+000 3.041304e+001 2.948896e+001 8.330624e+001 8.333104e+001 6.163748e+001 5.871773e+001 1.742451e+002 1.748834e+002 1.096520e+002 1.097752e+002 6.995453e+000 4.999768e+000 6.237317e+000 5.674067e+000 6.000628e+000 5.986721e+000 3.848471e+000 3.683796e+000
<VARIANCE> 22
 4.043433e+001 4.232079e+001 3.394939e+000 4.339528e+000 6.289337e+002 5.055033e+002 3.039481e+002 2.727919e+002 6.489838e+001 7.566422e+001 4.667895e+002 4.326165e+002 8.850479e+001 8.860252e+001 6.504287e-002 1.793315e-002 1.810013e-001 2.196953e-001 2.082488e-002 5.618803e-002 5.480659e+000 5.789341e+000
<GCONST> 9.097353e+001
<MIXTURE> 2 3.619188e-001
<MEAN> 22
 7.576871e+000 7.527396e+000 1.368000e+000 1.258750e+000 5.039302e+001 4.765230e+001 6.088510e+001 6.262553e+001 6.206734e+001 6.011393e+001 1.347962e+002 1.360899e+002 9.934661e+001 9.887308e+001 2.380704e+000 4.304509e+000 6.624699e+000 5.335207e+000 5.918810e+000 5.901393e+000 3.294080e+000 3.140769e+000
<VARIANCE> 22
 5.625718e+001 5.081437e+001 3.377913e+000 2.543467e+000 4.420668e+002 3.740488e+002 2.929429e+002 3.826705e+002 6.761813e+001 1.016763e+002 2.930164e+002 3.472701e+002 5.089346e+001 6.202681e+001 1.068322e+001 3.377562e-001 2.934002e-001 2.470621e-001 4.515556e-001 7.269141e-001 5.295379e+000 5.113995e+000
<GCONST> 1.034522e+002
<TRANSP> 5
 0.000000e+000 1.000000e+000 0.000000e+000 0.000000e+000 0.000000e+000
 0.000000e+000 6.973544e-001 3.026456e-001 0.000000e+000 0.000000e+000
 0.000000e+000 0.000000e+000 9.262884e-001 7.371161e-002 0.000000e+000
 0.000000e+000 0.000000e+000 0.000000e+000 9.453489e-001 5.465114e-002
 0.000000e+000 0.000000e+000 0.000000e+000 0.000000e+000 0.000000e+000
<ENDHMM>
~h "CV"
<BEGINHMM>
<NUMSTATES> 5
<STATE> 2
<NUMMIXES> 2
<MIXTURE> 1 4.066665e-001
<MEAN> 22
 8.918926e+000 9.624109e+000 3.133375e+000 2.969797e+000 2.049700e+001 2.145969e+001 9.071432e+001 8.607920e+001 6.259436e+001 5.821939e+001 1.873899e+002 1.836423e+002 1.158542e+002 1.153466e+002 6.987845e+000 4.993923e+000 6.151746e+000 5.907884e+000 5.993916e+000 6.011586e+000 2.738414e+000 2.273453e+000
<VARIANCE> 22
 5.343974e+002 4.702065e+002 5.170674e+002 3.211632e+002 3.774534e+002 3.684102e+002 5.285002e+002 4.478702e+002 7.952889e+001 5.784051e+001 7.324238e+002 7.032121e+002 1.833025e+002 1.482922e+002 6.504287e-002 2.022287e-002 1.287195e-001 8.565596e-002 2.082488e-002 8.843296e-002 3.264654e+000 4.069362e+000
<GCONST> 1.060494e+002
<MIXTURE> 2 5.933330e-001
<MEAN> 22
 1.971574e+001 1.934426e+001 3.382089e+000 3.212448e+000 1.028989e+002 9.661686e+001 6.519384e+001 6.600752e+001 6.867646e+001 6.033783e+001 1.010705e+002 1.111813e+002 1.088916e+002 1.076173e+002 2.336557e+000 3.521565e+000 6.009688e+000 5.397233e+000 4.081910e+000 3.482677e+000 2.689317e+000 2.580089e+000
<VARIANCE> 22
 4.529232e+002 4.123049e+002 1.531951e+001 1.341098e+001 8.522878e+003 5.871670e+003 9.595639e+002 9.806386e+002 2.272949e+002 1.296481e+002 2.778549e+003 2.505439e+003 3.639744e+002 3.260140e+002 6.451907e+000 1.389957e+000 2.747753e+000 7.184626e-001 2.082256e+000 7.044903e+000 3.851201e+000 3.780781e+000
<GCONST> 1.353479e+002
<STATE> 3
<NUMMIXES> 2
<MIXTURE> 1 3.934737e-001
<MEAN> 22
 8.795027e+000 8.752016e+000 2.635600e+000 2.913444e+000 1.680131e+002 1.631618e+002 9.975198e+001 9.861601e+001 7.228690e+001 6.910536e+001 4.737872e+001 5.227985e+001 1.131443e+002 1.131547e+002 1.680530e+000 2.413126e+000 4.493224e+000 4.776105e+000 2.649548e+000 1.491479e+000 3.393435e+000 3.287106e+000
<VARIANCE> 22
 1.422102e+002 1.360996e+002 1.482580e+001 2.029753e+001 1.823379e+003 1.426157e+003 5.295693e+002 6.627309e+002 1.365865e+002 1.017335e+002 4.627785e+002 4.714926e+002 2.949139e+002 1.960513e+002 3.488857e-001 3.027001e-001 1.015878e+001 7.311485e-001 3.439611e-001 4.480934e-001 5.515571e+000 5.712068e+000
<GCONST> 1.176854e+002
<MIXTURE> 2 6.065261e-001
<MEAN> 22
 5.847135e+000 6.336047e+000 1.250997e+000 1.314304e+000 1.205249e+002 1.217387e+002 6.968974e+001 6.997554e+001 6.078742e+001 5.755214e+001 5.236580e+001 5.271099e+001 9.884264e+001 9.953748e+001 1.338169e+000 2.562562e+000 6.894346e+000 5.174505e+000 2.864854e+000 1.221814e+000 3.496226e+000 3.362463e+000
<VARIANCE> 22
 5.469200e+001 5.677099e+001 3.300596e+000 2.575983e+000 1.226860e+003 8.414695e+002 2.304022e+002 2.726912e+002 3.300303e+001 4.380077e+001 1.947493e+002 2.122090e+002 6.036005e+001 6.289112e+001 2.350779e-001 2.981527e-001 9.457453e-002 2.616924e-001 2.287911e-001 2.854117e-001 5.632458e+000 5.978355e+000
<GCONST> 9.608815e+001
<STATE> 4
<NUMMIXES> 2
<MIXTURE> 1 4.799433e-001
<MEAN> 22
 1.068253e+001 9.620221e+000 3.056431e+000 2.609099e+000 2.315480e+001 2.308093e+001 9.477979e+001 9.245636e+001 6.403524e+001 5.839762e+001 1.911256e+002 1.903787e+002 1.154878e+002 1.146565e+002 6.993747e+000 5.000500e+000 6.223458e+000 5.832286e+000 6.022077e+000 5.989769e+000 4.229470e+000 4.052166e+000
<VARIANCE> 22
 1.090879e+002 1.003954e+002 9.456504e+000 7.313780e+000 4.964285e+002 4.522850e+002 4.515430e+002 3.453206e+002 8.927141e+001 6.617755e+001 6.602332e+002 5.815291e+002 1.771787e+002 1.417116e+002 6.504287e-002 1.793315e-002 1.735221e-001 1.395850e-001 2.175290e-002 5.618803e-002 6.771614e+000 5.023090e+000
<GCONST> 9.626853e+001
<MIXTURE> 2 5.200562e-001
<MEAN> 22
 1.569538e+001 1.563869e+001 2.655856e+000 2.995375e+000 7.811626e+001 6.845315e+001 4.514439e+001 5.020526e+001 6.505669e+001 5.995249e+001 1.054774e+002 1.129463e+002 1.039698e+002 1.041981e+002 2.506589e+000 3.522148e+000 6.147502e+000 5.760941e+000 4.435597e+000 3.411368e+000 4.312387e+000 4.242654e+000
<VARIANCE> 22
 2.760716e+002 2.545796e+002 1.610102e+001 1.633229e+001 1.404228e+003 1.415087e+003 5.483632e+002 6.885861e+002 1.065854e+002 8.942555e+001 1.344417e+003 1.678804e+003 1.559680e+002 1.169512e+002 6.392866e+000 1.969109e+000 2.272825e-001 2.520352e-001 9.648193e-001 9.452215e+000 5.830846e+000 5.572511e+000
<GCONST> 1.234771e+002
<TRANSP> 5
 0.000000e+000 1.000000e+000 0.000000e+000 0.000000e+000 0.000000e+000
 0.000000e+000 8.455259e-001 1.544742e-001 0.000000e+000 0.000000e+000
 0.000000e+000 0.000000e+000 9.467197e-001 5.328027e-002 0.000000e+000
 0.000000e+000 0.000000e+000 0.000000e+000 9.196170e-001 8.038302e-002
 0.000000e+000 0.000000e+000 0.000000e+000 0.000000e+000 0.000000e+000
<ENDHMM>
~h "DC"
<BEGINHMM>
<NUMSTATES> 5
<STATE> 2
<NUMMIXES> 2
<MIXTURE> 1 4.227428e-001
<MEAN> 22
 9.781154e+000 9.283293e+000 3.797273e+000 3.329262e+000 4.243110e+001 4.007644e+001 8.991181e+001 8.649228e+001 6.348050e+001 5.940159e+001 1.878778e+002 1.850826e+002 1.177250e+002 1.167847e+002 6.975561e+000 4.993275e+000 6.178787e+000 5.863103e+000 5.961618e+000 6.009356e+000 2.484782e+000 2.114334e+000
<VARIANCE> 22
 8.941315e+002 6.466717e+002 8.311955e+002 5.119815e+002 1.055083e+004 6.617976e+003 6.852182e+002 4.747109e+002 9.915707e+001 6.148619e+001 8.761477e+002 7.543989e+002 2.317416e+002 1.804282e+002 1.305967e-001 1.793315e-002 1.468217e-001 1.181549e-001 8.426429e-002 1.108423e-001 3.090336e+000 3.476319e+000
<GCONST> 1.177638e+002
<MIXTURE> 2 5.772565e-001
<MEAN> 22
 1.397959e+001 1.349671e+001 2.709575e+000 2.912722e+000 1.084481e+002 9.974635e+001 4.492665e+001 4.583517e+001 6.531138e+001 6.157317e+001 1.104093e+002 1.139982e+002 1.050719e+002 1.029229e+002 1.964372e+000 3.474955e+000 6.050961e+000 5.561906e+000 4.498695e+000 4.273829e+000 2.530327e+000 1.994788e+000
<VARIANCE> 22
 1.603579e+002 1.396195e+002 1.268126e+001 1.590879e+001 1.066564e+004 7.304394e+003 6.796807e+002 7.360399e+002 2.862296e+002 2.194037e+002 1.258153e+003 1.349085e+003 6.448354e+002 5.314476e+002 6.781192e+000 2.183870e+000 1.468003e+000 1.233489e+000 1.981313e+000 9.334701e+000 2.826947e+000 3.173311e+000
<GCONST> 1.335879e+002
<STATE> 3
<NUMMIXES> 2
<MIXTURE> 1 4.898416e-001
<MEAN> 22
 1.382103e+001 1.533353e+001 2.864801e+000 3.208085e+000 1.367090e+002 1.345901e+002 6.719427e+001 6.842177e+001 6.831987e+001 6.545460e+001 5.976666e+001 6.025492e+001 9.860171e+001 9.915791e+001 1.916829e+000 2.220248e+000 5.873751e+000 5.717096e+000 3.405126e+000 8.353751e-001 2.729041e+000 2.677516e+000
<VARIANCE> 22
 2.701121e+002 3.479685e+002 2.643926e+001 3.004811e+001 2.344291e+003 1.683885e+003 5.972585e+002 6.278794e+002 1.122636e+002 1.593397e+002 5.243973e+002 5.703826e+002 1.976324e+002 2.085381e+002 5.059205e-001 4.998052e-001 8.024936e-001 7.185221e-001 3.543712e-001 9.770749e-001 5.479775e+000 5.477178e+000
<GCONST> 1.200277e+002
<MIXTURE> 2 5.101579e-001
<MEAN> 22
 8.811432e+000 9.009447e+000 1.082591e+000 1.159283e+000 1.112843e+002 1.076288e+002 3.099906e+001 3.376716e+001 6.317122e+001 6.071436e+001 7.997822e+001 8.096996e+001 9.958456e+001 1.002594e+002 2.000422e+000 2.007393e+000 6.000123e+000 6.005721e+000 4.000216e+000 2.783554e-002 2.758132e+000 2.442050e+000
<VARIANCE> 22
 1.370867e+002 1.264107e+002 3.300596e+000 2.298674e+000 4.743264e+002 5.175667e+002 1.173680e+002 1.328905e+002 6.836141e+001 8.809093e+001 1.693892e+002 1.788882e+002 9.752280e+001 9.510172e+001 6.021420e-001 8.893367e-001 2.326111e-002 1.017219e-001 2.082488e-002 5.618803e-002 5.408923e+000 5.820745e+000
<GCONST> 9.247072e+001
<STATE> 4
<NUMMIXES> 2
<MIXTURE> 1 5.500405e-001
<MEAN> 22
 1.000178e+001 9.234892e+000 3.178297e+000 2.827267e+000 2.255216e+001 2.220868e+001 9.596809e+001 9.351746e+001 6.417275e+001 5.972185e+001 1.909147e+002 1.902150e+002 1.145877e+002 1.145862e+002 6.996799e+000 5.001608e+000 6.305008e+000 5.722844e+000 6.012823e+000 5.997485e+000 4.105338e+000 3.915638e+000
<VARIANCE> 22
 8.555406e+001 8.176226e+001 8.472756e+000 7.132933e+000 3.602166e+002 3.712516e+002 3.904818e+002 3.463697e+002 9.096567e+001 7.885717e+001 5.181800e+002 4.761256e+002 1.537016e+002 1.271019e+002 6.504287e-002 1.793315e-002 2.119806e-001 2.003373e-001 2.082488e-002 5.618803e-002 7.134986e+000 4.407462e+000
<GCONST> 9.496526e+001
<MIXTURE> 2 4.499587e-001
<MEAN> 22
 1.839946e+001 1.824431e+001 2.887052e+000 2.680948e+000 7.448074e+001 6.685195e+001 3.987599e+001 4.330136e+001 6.619538e+001 6.154227e+001 1.219097e+002 1.262853e+002 1.034539e+002 1.037708e+002 3.538066e+000 4.188405e+000 6.114867e+000 5.810696e+000 4.886790e+000 5.496412e+000 4.263227e+000 4.203629e+000
<VARIANCE> 22
 3.641440e+002 3.554043e+002 2.240328e+001 1.729823e+001 1.399179e+003 1.174197e+003 5.027868e+002 4.879895e+002 1.200836e+002 1.220982e+002 7.932147e+002 8.803328e+002 1.522733e+002 1.210511e+002 8.824163e+000 2.166660e+000 1.681811e-001 2.067982e-001 6.964166e-001 6.314193e+000 7.320916e+000 4.783022e+000
<GCONST> 1.223864e+002
<TRANSP> 5
 0.000000e+000 1.000000e+000 0.000000e+000 0.000000e+000 0.000000e+000
 0.000000e+000 8.696260e-001 1.303740e-001 0.000000e+000 0.000000e+000
 0.000000e+000 0.000000e+000 9.549664e-001 4.503365e-002 0.000000e+000
 0.000000e+000 0.000000e+000 0.000000e+000 9.089362e-001 9.106384e-002
 0.000000e+000 0.000000e+000 0.000000e+000 0.000000e+000 0.000000e+000
<ENDHMM>
~h "FM"
<BEGINHMM>
<NUMSTATES> 5
<STATE> 2
<NUMMIXES> 2
<MIXTURE> 1 1.317998e-001
<MEAN> 22
 1.293280e+001 1.755137e+001 7.740175e+000 7.770161e+000 4.839718e+001 6.826516e+001 6.970022e+001 7.331543e+001 7.148171e+001 7.548792e+001 1.519959e+002 1.309451e+002 1.077762e+002 1.096627e+002 4.626161e+000 3.966983e+000 5.997127e+000 5.351214e+000 5.212997e+000 5.284282e+000 2.695441e+000 3.096309e+000
<VARIANCE> 22
 2.381972e+003 2.388438e+003 1.908522e+003 1.234013e+003 3.652222e+003 3.718348e+003 1.127286e+003 1.223786e+003 4.738208e+002 3.753970e+002 2.158976e+003 2.257136e+003 7.173918e+002 3.388198e+002 9.205508e+000 1.140548e+000 1.496972e+000 5.492615e-001 1.517452e+000 4.864295e+000 7.079948e+000 5.337786e+000
<GCONST> 1.488966e+002
<MIXTURE> 2 8.682002e-001
<MEAN> 22
 7.135789e+000 1.292873e+000 2.006041e+000 6.288858e-001 6.410699e+001 8.922077e+000 6.347244e+001 1.009492e+002 9.514031e+001 5.728870e+001 1.408099e+002 2.011199e+002 1.144458e+002 1.192533e+002 2.260517e+000 5.000000e+000 6.523437e+000 5.904313e+000 5.282001e+000 5.998956e+000 3.142701e+000 1.831344e+000
<VARIANCE> 22
 6.426490e+001 4.063125e+000 7.818391e+000 2.164982e+000 8.000081e+002 7.039491e+001 7.997462e+002 2.056540e+002 4.993734e+002 7.209447e+001 1.169933e+003 3.740623e+002 1.767122e+002 1.307421e+002 1.023580e+001 1.793315e-002 2.494506e-001 8.653047e-002 3.492774e-001 5.618803e-002 6.393398e+000 5.542655e+000
<GCONST> 9.941042e+001
<STATE> 3
<NUMMIXES> 2
<MIXTURE> 1 4.384501e-001
<MEAN> 22
 2.339512e+000 9.210405e+000 8.697313e-001 3.181833e+000 1.566183e+001 5.262073e+001 1.048502e+002 8.150914e+001 6.419655e+001 9.157566e+001 2.058442e+002 1.618687e+002 1.213768e+002 1.165485e+002 6.991043e+000 4.482002e+000 6.139934e+000 5.269925e+000 5.992498e+000 6.297126e+000 2.212829e+000 3.326870e+000
<VARIANCE> 22
 1.758474e+001 8.219318e+001 3.300596e+000 1.691751e+001 6.618951e+002 1.025427e+003 4.520960e+002 4.987508e+002 8.310438e+001 5.882634e+002 8.127174e+002 9.739167e+002 3.299619e+002 1.642037e+002 6.504287e-002 2.820633e-001 1.541849e-001 2.212306e-001 3.752250e-002 3.253675e-001 6.285126e+000 5.625196e+000
<GCONST> 1.045482e+002
<MIXTURE> 2 5.615503e-001
<MEAN> 22
 8.113852e-001 5.915205e+000 3.601695e-001 1.204115e+000 5.707283e+000 6.203458e+001 8.839973e+001 5.094247e+001 5.314171e+001 8.198221e+001 1.830071e+002 1.202259e+002 1.100871e+002 9.870577e+001 6.962908e+000 4.055610e+000 6.002520e+000 5.408200e+000 5.994463e+000 6.291796e+000 1.358938e+000 3.126521e+000
<VARIANCE> 22
 4.801632e+000 3.687637e+001 3.300596e+000 2.164982e+000 4.956259e+001 2.717691e+002 7.062841e+001 2.911436e+002 3.650133e+001 1.430435e+002 1.510430e+002 3.802253e+002 4.135791e+001 5.044749e+001 2.458205e-001 2.795733e-001 2.326111e-002 2.423014e-001 2.082488e-002 2.383177e+000 4.935976e+000 5.829018e+000
<GCONST> 8.667783e+001
<STATE> 4
<NUMMIXES> 2
<MIXTURE> 1 9.018126e-001
<MEAN> 22
 6.315934e+000 5.418846e+000 1.616896e+000 1.648515e+000 4.386319e+001 3.382650e+001 6.035801e+001 5.577594e+001 7.928714e+001 6.525493e+001 1.357849e+002 1.335590e+002 1.055160e+002 1.033604e+002 2.911532e+000 3.988932e+000 6.441377e+000 5.612086e+000 5.303113e+000 5.282550e+000 2.681163e+000 2.561150e+000
<VARIANCE> 22
 7.586529e+001 6.072830e+001 6.332020e+000 8.718065e+000 7.496063e+002 6.936786e+002 8.023120e+002 8.271152e+002 3.801913e+002 1.853768e+002 1.173125e+003 1.364460e+003 1.143598e+002 1.234748e+002 1.030326e+001 1.535141e+000 2.571204e-001 2.386406e-001 5.018799e-001 5.892576e+000 5.831502e+000 6.275922e+000
<GCONST> 1.191054e+002
<MIXTURE> 2 9.818738e-002
<MEAN> 22
 2.114539e-001 1.916301e+000 5.726871e-002 4.889862e-001 4.969780e+002 3.758194e+002 2.887149e+001 2.325997e+001 1.550592e+001 2.032271e+001 5.165452e+001 4.249541e+001 2.734260e+001 2.745011e+001 1.757709e+000 1.127755e+000 1.612334e+000 1.334803e+000 1.506609e+000 1.475773e+000 2.511011e-001 8.986784e-001
<VARIANCE> 22
 4.801632e+000 2.215611e+001 3.300596e+000 2.164982e+000 3.248380e+003 8.365349e+002 2.487267e+003 1.708871e+003 7.176965e+002 1.294393e+003 7.958710e+003 5.511315e+003 2.230314e+003 2.248535e+003 9.214464e+000 3.855941e+000 7.814464e+000 5.368104e+000 6.769799e+000 6.522504e+000 1.007430e+000 3.844358e+000
<GCONST> 1.363595e+002
<TRANSP> 5
 0.000000e+000 1.000000e+000 0.000000e+000 0.000000e+000 0.000000e+000
 0.000000e+000 8.890989e-001 1.109011e-001 0.000000e+000 0.000000e+000
 0.000000e+000 0.000000e+000 9.556192e-001 4.438075e-002 0.000000e+000
 0.000000e+000 0.000000e+000 0.000000e+000 8.369311e-001 1.630689e-001
 0.000000e+000 0.000000e+000 0.000000e+000 0.000000e+000 0.000000e+000
<ENDHMM>
~h "FN"
<BEGINHMM>
<NUMSTATES> 5
<STATE> 2
<NUMMIXES> 2
<MIXTURE> 1 4.395913e-001
<MEAN> 22
 1.670349e+001 4.597668e+000 7.339618e+000 3.861766e+000 1.926029e+002 9.424120e+000 1.170594e+002 1.033641e+002 8.418909e+001 6.101353e+001 3.764930e+001 2.045126e+002 1.031245e+002 1.210225e+002 1.847768e+000 4.989649e+000 2.405919e+000 5.906769e+000 2.907812e+000 5.990061e+000 3.595479e+000 1.817604e+000
<VARIANCE> 22
 2.075681e+003 1.303471e+003 1.754479e+003 1.038787e+003 1.543520e+003 1.226650e+002 7.679196e+002 2.206976e+002 1.942456e+002 6.738602e+001 8.340458e+002 4.338629e+002 2.867006e+002 9.756680e+001 3.017291e-001 2.576969e-002 7.474185e+000 9.230187e-002 3.538171e-001 8.312024e-002 6.235307e+000 5.524820e+000
<GCONST> 1.211542e+002
<MIXTURE> 2 5.604074e-001
<MEAN> 22
 7.529175e+000 1.084177e+001 2.199930e+000 2.759440e+000 1.193083e+002 1.459036e+002 8.732080e+001 9.129306e+001 6.750150e+001 6.421619e+001 1.572930e+002 9.995441e+001 1.025530e+002 1.007485e+002 4.554529e+000 3.177330e+000 5.557230e+000 4.657547e+000 5.066617e+000 3.087532e+000 2.539595e+000 2.656396e+000
<VARIANCE> 22
 2.895459e+002 2.394149e+002 3.568059e+001 1.500813e+001 3.363134e+004 1.793008e+004 2.031960e+003 1.545818e+003 6.343012e+002 4.801100e+002 5.146139e+003 6.471794e+003 1.701078e+003 1.059317e+003 9.068264e+000 2.663819e+000 3.962108e+000 3.007445e+000 3.050549e+000 6.464471e+000 6.493779e+000 5.654831e+000
<GCONST> 1.496401e+002
<STATE> 3
<NUMMIXES> 2
<MIXTURE> 1 4.606553e-001
<MEAN> 22
 2.370849e+000 1.713833e+001 7.711208e-001 3.618034e+000 1.367257e+001 7.343972e+001 9.359557e+001 7.614712e+001 5.969210e+001 6.609277e+001 1.899552e+002 1.282023e+002 1.140536e+002 1.070699e+002 6.922335e+000 3.995801e+000 6.136867e+000 5.462703e+000 5.958598e+000 4.178146e+000 2.124912e+000 3.921049e+000
<VARIANCE> 22
 1.930252e+001 2.998000e+002 3.300596e+000 2.160099e+001 5.849228e+002 2.963522e+003 3.024440e+002 1.112250e+003 7.745774e+001 1.801019e+002 6.317641e+002 3.148763e+003 1.328663e+002 1.726391e+002 3.628830e-001 1.256392e+000 1.520682e-001 5.689157e-001 1.023423e-001 6.741448e+000 6.229419e+000 5.282212e+000
<GCONST> 1.144318e+002
<MIXTURE> 2 5.393450e-001
<MEAN> 22
 8.768643e-001 9.712271e+000 4.547408e-001 2.620457e+000 5.346954e+000 1.756765e+002 9.063786e+001 1.093773e+002 5.721745e+001 6.779192e+001 1.892975e+002 2.530286e+001 1.118981e+002 9.545217e+001 6.999821e+000 2.000000e+000 6.010953e+000 4.204651e+000 5.999577e+000 1.246998e+000 1.357480e+000 3.103677e+000
<VARIANCE> 22
 4.801632e+000 1.334690e+002 3.300596e+000 1.190382e+001 4.956259e+001 9.705981e+002 1.937945e+002 5.013686e+002 4.173858e+001 1.306395e+002 4.290140e+002 1.482572e+002 1.398915e+002 2.342941e+002 6.504287e-002 1.793315e-002 2.326111e-002 1.438146e+000 2.082488e-002 2.007407e-001 4.772805e+000 5.362920e+000
<GCONST> 9.050778e+001
<STATE> 4
<NUMMIXES> 2
<MIXTURE> 1 6.953802e-001
<MEAN> 22
 1.052444e+001 2.346554e+000 2.799017e+000 9.277903e-001 1.016391e+002 2.067948e+001 1.026389e+002 9.754382e+001 7.224291e+001 5.665665e+001 1.069191e+002 1.977635e+002 1.062997e+002 1.178028e+002 3.577923e+000 4.998330e+000 4.690215e+000 5.808504e+000 4.137964e+000 5.984275e+000 3.508215e+000 2.160729e+000
<VARIANCE> 22
 1.644186e+002 1.392663e+001 1.321227e+001 2.164982e+000 5.286189e+003 8.406716e+002 1.260621e+003 2.553649e+002 1.921315e+002 7.079497e+001 6.654940e+003 4.626703e+002 4.628540e+002 1.532641e+002 7.002877e+000 1.793315e-002 6.792538e+000 1.548291e-001 2.866842e+000 5.618803e-002 6.099498e+000 6.081661e+000
<GCONST> 1.149031e+002
<MIXTURE> 2 3.046198e-001
<MEAN> 22
 6.973351e+000 7.023730e+000 1.791576e+000 1.687456e+000 5.142809e+001 4.318883e+001 5.626180e+001 4.110667e+001 6.486050e+001 5.671306e+001 8.004296e+001 1.001238e+002 9.878043e+001 1.000574e+002 2.823846e+000 3.054157e+000 5.596831e+000 5.651579e+000 3.859590e+000 2.879373e+000 2.814436e+000 2.607845e+000
<VARIANCE> 22
 1.327731e+002 2.013816e+002 9.499461e+000 7.679821e+000 1.519892e+003 1.709182e+003 1.313249e+003 6.016952e+002 8.180709e+001 4.549350e+001 2.258473e+003 1.149947e+003 1.387788e+002 9.503215e+001 4.013557e+000 2.473048e+000 2.943859e+000 7.948509e-001 9.061652e-001 1.006467e+001 6.383733e+000 6.202267e+000
<GCONST> 1.247805e+002
<TRANSP> 5
 0.000000e+000 1.000000e+000 0.000000e+000 0.000000e+000 0.000000e+000
 0.000000e+000 7.872815e-001 2.127186e-001 0.000000e+000 0.000000e+000
 0.000000e+000 0.000000e+000 9.550341e-001 4.496589e-002 0.000000e+000
 0.000000e+000 0.000000e+000 0.000000e+000 9.127473e-001 8.725266e-002
 0.000000e+000 0.000000e+000 0.000000e+000 0.000000e+000 0.000000e+000
<ENDHMM>
~h "FU"
<BEGINHMM>
<NUMSTATES> 5
<STATE> 2
<NUMMIXES> 2
<MIXTURE> 1 8.053784e-001
<MEAN> 22
 9.842626e+000 1.311906e+000 2.363183e+000 6.944943e-001 1.380216e+002 1.889483e+001 1.027324e+002 9.420323e+001 6.509774e+001 5.468081e+001 5.157689e+001 1.916798e+002 9.893472e+001 1.126421e+002 2.544276e+000 5.000000e+000 3.295199e+000 5.848837e+000 3.241580e+000 5.996477e+000 3.226103e+000 1.948935e+000
<VARIANCE> 22
 2.436323e+002 4.063125e+000 1.026744e+001 2.164982e+000 4.879925e+003 7.360001e+002 9.696124e+002 1.754390e+002 1.994284e+002 5.459899e+001 3.168250e+003 3.220126e+002 2.181758e+002 1.351750e+002 3.219615e+000 1.793315e-002 7.840922e+000 1.283130e-001 1.449373e+000 5.618803e-002 6.258842e+000 5.676353e+000
<GCONST> 1.092101e+002
<MIXTURE> 2 1.946213e-001
<MEAN> 22
 8.610561e+000 9.194378e+000 2.833399e+000 2.327715e+000 5.548726e+001 5.627568e+001 7.910543e+001 5.823344e+001 6.251249e+001 5.719330e+001 8.920991e+001 1.144620e+002 9.883605e+001 1.003850e+002 3.399818e+000 3.628305e+000 5.212693e+000 5.526561e+000 4.080321e+000 4.097554e+000 2.910950e+000 2.835763e+000
<VARIANCE> 22
 1.908823e+002 1.465720e+002 2.943867e+001 1.270435e+001 3.006487e+003 2.939053e+003 1.451771e+003 9.145110e+002 1.319698e+002 9.413721e+001 4.193517e+003 2.308416e+003 2.621347e+002 1.450375e+002 5.778264e+000 2.078051e+000 4.281585e+000 6.016692e-001 1.952974e+000 7.688004e+000 5.922730e+000 5.168936e+000
<GCONST> 1.323111e+002
<STATE> 3
<NUMMIXES> 2
<MIXTURE> 1 4.331650e-001
<MEAN> 22
 2.143350e+000 1.883549e+001 7.015681e-001 3.381599e+000 7.665810e+000 1.378797e+002 1.025786e+002 9.138744e+001 6.230066e+001 6.956117e+001 2.046733e+002 7.297185e+001 1.213096e+002 1.072742e+002 6.998035e+000 2.909806e+000 6.153319e+000 4.869474e+000 5.998917e+000 2.616482e+000 2.036233e+000 3.231483e+000
<VARIANCE> 22
 2.236481e+001 3.703669e+002 3.300596e+000 1.477564e+001 9.908281e+001 5.763198e+003 3.932996e+002 1.684787e+003 8.813107e+001 1.779244e+002 7.863998e+002 3.263181e+003 2.720965e+002 1.808622e+002 6.504287e-002 1.472362e+000 1.298127e-001 1.526145e+000 2.082488e-002 5.822473e+000 6.279814e+000 5.634507e+000
<GCONST> 1.127151e+002
<MIXTURE> 2 5.668356e-001
<MEAN> 22
 9.759704e-001 3.759760e+000 5.252723e-001 1.286245e+000 7.636754e+000 1.626978e+002 8.247568e+001 1.033342e+002 5.246254e+001 5.790689e+001 1.745583e+002 2.030102e+001 1.043435e+002 8.944486e+001 6.933632e+000 2.034201e+000 6.015281e+000 4.150151e+000 5.961675e+000 1.305198e+000 1.382006e+000 2.629499e+000
<VARIANCE> 22
 4.801632e+000 3.199093e+001 3.300596e+000 2.442134e+000 4.401642e+002 7.644125e+002 8.810639e+001 2.251051e+002 3.534387e+001 9.515642e+001 3.106827e+002 3.276888e+002 6.011618e+001 7.091430e+001 3.573735e-001 9.161570e-002 6.461721e-002 2.211234e+000 1.104600e-001 4.187845e-001 4.876101e+000 6.680270e+000
<GCONST> 9.323044e+001
<STATE> 4
<NUMMIXES> 2
<MIXTURE> 1 6.882016e-001
<MEAN> 22
 4.560713e+000 1.120111e+001 2.006586e+000 3.291937e+000 1.523112e+001 2.408155e+001 9.818501e+001 9.043977e+001 6.073312e+001 5.801639e+001 1.963013e+002 1.881039e+002 1.168354e+002 1.136417e+002 6.992820e+000 5.001050e+000 6.119366e+000 5.832660e+000 5.998914e+000 6.003738e+000 2.880941e+000 3.657894e+000
<VARIANCE> 22
 2.290989e+002 3.221907e+002 1.603436e+002 1.057688e+002 1.686157e+002 4.763098e+002 2.547536e+002 3.032639e+002 7.669782e+001 8.446288e+001 4.115102e+002 4.890298e+002 1.400523e+002 1.224125e+002 6.504287e-002 1.793315e-002 1.051189e-001 1.393357e-001 2.082488e-002 5.618803e-002 6.683474e+000 5.500366e+000
<GCONST> 1.005441e+002
<MIXTURE> 2 3.117985e-001
<MEAN> 22
 6.097113e+000 7.580693e+000 1.410984e+000 3.013700e+000 2.224855e+002 1.879212e+002 6.442919e+001 6.392770e+001 5.146634e+001 5.232936e+001 1.175217e+002 9.105875e+001 8.330903e+001 7.440261e+001 3.791587e+000 2.977885e+000 4.482047e+000 3.913685e+000 4.004791e+000 3.396095e+000 2.221281e+000 2.219047e+000
<VARIANCE> 22
 1.499445e+002 2.188564e+002 7.620461e+000 5.890448e+001 4.453557e+004 2.338955e+004 2.258034e+003 2.530486e+003 9.584166e+002 1.118994e+003 7.662966e+003 6.135579e+003 2.549718e+003 2.315817e+003 9.350294e+000 4.677341e+000 6.979205e+000 5.903579e+000 5.818827e+000 8.264586e+000 6.767803e+000 6.346360e+000
<GCONST> 1.555337e+002
<TRANSP> 5
 0.000000e+000 1.000000e+000 0.000000e+000 0.000000e+000 0.000000e+000
 0.000000e+000 9.246716e-001 7.532836e-002 0.000000e+000 0.000000e+000
 0.000000e+000 0.000000e+000 9.467824e-001 5.321753e-002 0.000000e+000
 0.000000e+000 0.000000e+000 0.000000e+000 8.349654e-001 1.650346e-001
 0.000000e+000 0.000000e+000 0.000000e+000 0.000000e+000 0.000000e+000
<ENDHMM>
~h "MC"
<BEGINHMM>
<NUMSTATES> 5
<STATE> 2
<NUMMIXES> 2
<MIXTURE> 1 9.549695e-002
<MEAN> 22
 1.834572e+001 2.195199e+001 1.142134e+001 9.665617e+000 1.492549e+002 1.680991e+002 1.119656e+002 6.034191e+001 7.430530e+001 7.811768e+001 1.902925e+002 1.128793e+002 1.287520e+002 1.162400e+002 5.426455e+000 3.199553e+000 6.132970e+000 5.748402e+000 5.286503e+000 2.906227e+000 2.286330e+000 2.938541e+000
<VARIANCE> 22
 2.879822e+003 2.210458e+003 2.548572e+003 1.493178e+003 4.614036e+004 2.042678e+004 2.069236e+003 1.005775e+003 2.683777e+002 2.027144e+002 8.328464e+003 2.811077e+003 1.553242e+003 5.401841e+002 5.466858e+000 1.425860e+000 1.212936e+000 4.469792e-001 1.282403e+000 8.934887e+000 6.014814e+000 5.296491e+000
<GCONST> 1.553184e+002
<MIXTURE> 2 9.045036e-001
<MEAN> 22
 5.665666e+000 6.994051e+000 1.542320e+000 2.097028e+000 4.840455e+001 5.658147e+001 6.101030e+001 5.028029e+001 7.111086e+001 6.622559e+001 1.139549e+002 1.084780e+002 1.015319e+002 1.012622e+002 3.641675e+000 3.415645e+000 6.185490e+000 5.726618e+000 4.756453e+000 3.781772e+000 2.888027e+000 2.727910e+000
<VARIANCE> 22
 5.401273e+001 7.400909e+001 3.879965e+000 7.602976e+000 1.241798e+003 1.706803e+003 7.217293e+002 7.452712e+002 2.136275e+002 2.416695e+002 2.846418e+003 1.861155e+003 1.476871e+002 1.244622e+002 7.832884e+000 1.689791e+000 2.594956e-001 2.133931e-001 1.404136e+000 9.691380e+000 6.084608e+000 5.592829e+000
<GCONST> 1.218540e+002
<STATE> 3
<NUMMIXES> 2
<MIXTURE> 1 2.818995e-001
<MEAN> 22
 2.627441e+000 1.400030e+001 7.801354e-001 4.337239e+000 1.063584e+001 1.138201e+002 1.090633e+002 7.917937e+001 6.595116e+001 9.177637e+001 2.125520e+002 1.056259e+002 1.263268e+002 1.135486e+002 6.884105e+000 3.363703e+000 6.185754e+000 5.337999e+000 5.966952e+000 2.642128e+000 2.179837e+000 3.454458e+000
<VARIANCE> 22
 2.148947e+001 1.651534e+002 3.300596e+000 2.424485e+001 4.144229e+002 4.160995e+003 3.564771e+002 1.292678e+003 5.955834e+001 6.689430e+002 6.670972e+002 3.275085e+003 1.555565e+002 1.366832e+002 6.388940e-001 1.417683e+000 1.674325e-001 5.519208e-001 7.666165e-002 8.084874e+000 6.077979e+000 5.183566e+000
<GCONST> 1.160368e+002
<MIXTURE> 2 7.181000e-001
<MEAN> 22
 1.048378e+000 8.281141e+000 5.928052e-001 2.373480e+000 6.075974e+000 1.011077e+002 8.698993e+001 5.142765e+001 5.298166e+001 7.622381e+001 1.806801e+002 7.716473e+001 1.077753e+002 9.336702e+001 6.999998e+000 2.905929e+000 6.002148e+000 5.739414e+000 6.000000e+000 2.158117e+000 1.663964e+000 3.162692e+000
<VARIANCE> 22
 4.801632e+000 5.947443e+001 3.300596e+000 6.433183e+000 4.956259e+001 1.260128e+003 8.431123e+001 4.286932e+002 4.422521e+001 2.449548e+002 1.483921e+002 1.329183e+003 5.085603e+001 1.678006e+002 6.504287e-002 1.094027e+000 2.326111e-002 2.344924e-001 2.082488e-002 8.433535e+000 5.548733e+000 5.086811e+000
<GCONST> 9.496184e+001
<STATE> 4
<NUMMIXES> 2
<MIXTURE> 1 9.409044e-001
<MEAN> 22
 8.769546e+000 2.700014e+000 2.745260e+000 1.014153e+000 8.165801e+001 1.431270e+001 6.496786e+001 9.771682e+001 7.602948e+001 5.608984e+001 1.202476e+002 1.962553e+002 1.098351e+002 1.161660e+002 3.248497e+000 5.000000e+000 6.262702e+000 5.804392e+000 4.630749e+000 5.994590e+000 3.273274e+000 2.594368e+000
<VARIANCE> 22
 7.991955e+001 1.464644e+001 1.250628e+001 2.164982e+000 2.712255e+003 1.950684e+002 8.695417e+002 2.512587e+002 4.631151e+002 5.675986e+001 3.331114e+003 4.319376e+002 2.687561e+002 1.254971e+002 7.971522e+000 1.793315e-002 2.155066e-001 1.573477e-001 1.321331e+000 5.618803e-002 5.905671e+000 6.244030e+000
<GCONST> 1.067306e+002
<MIXTURE> 2 5.909552e-002
<MEAN> 22
 4.416072e+000 2.648652e+001 1.171368e+000 4.595471e+000 1.214867e+002 1.187001e+002 6.714886e+001 7.002827e+001 6.128612e+001 5.556444e+001 1.311151e+002 1.184202e+002 9.893449e+001 9.522386e+001 3.817684e+000 3.271782e+000 5.194833e+000 4.530235e+000 4.325776e+000 3.868699e+000 1.892389e+000 3.146695e+000
<VARIANCE> 22
 8.274182e+001 2.982642e+003 4.902222e+000 3.794201e+001 2.822751e+004 1.658679e+004 2.033416e+003 2.245673e+003 1.073330e+003 7.269368e+002 6.580692e+003 6.512579e+003 2.242308e+003 2.071308e+003 1.014609e+001 3.592213e+000 6.032737e+000 4.781942e+000 4.818319e+000 7.861099e+000 5.503026e+000 6.458803e+000
<GCONST> 1.540289e+002
<TRANSP> 5
 0.000000e+000 1.000000e+000 0.000000e+000 0.000000e+000 0.000000e+000
 0.000000e+000 8.745342e-001 1.254658e-001 0.000000e+000 0.000000e+000
 0.000000e+000 0.000000e+000 9.591510e-001 4.084906e-002 0.000000e+000
 0.000000e+000 0.000000e+000 0.000000e+000 9.009889e-001 9.901111e-002
 0.000000e+000 0.000000e+000 0.000000e+000 0.000000e+000 0.000000e+000
<ENDHMM>
~h "NU"
<BEGINHMM>
<NUMSTATES> 5
<STATE> 2
<NUMMIXES> 2
<MIXTURE> 1 8.054020e-001
<MEAN> 22
 8.168705e+000 1.181825e+001 2.996913e+000 2.927125e+000 9.660219e+001 8.855103e+001 9.534938e+001 8.257874e+001 7.164925e+001 6.362886e+001 1.652038e+002 1.460144e+002 1.135677e+002 1.156223e+002 5.082274e+000 4.085323e+000 5.905668e+000 5.570588e+000 5.143543e+000 4.224433e+000 2.677456e+000 2.525267e+000
<VARIANCE> 22
 6.169323e+002 1.120245e+003 4.394134e+002 2.790558e+002 2.101216e+004 1.301592e+004 1.428878e+003 9.457267e+002 2.247104e+002 1.246286e+002 4.330895e+003 3.697595e+003 9.181885e+002 2.534394e+002 7.433817e+000 1.297973e+000 2.503830e+000 3.828874e-001 2.219049e+000 6.025664e+000 6.117831e+000 5.068001e+000
<GCONST> 1.465782e+002
<MIXTURE> 2 1.945979e-001
<MEAN> 22
 0.000000e+000 0.000000e+000 0.000000e+000 0.000000e+000 5.315967e+002 4.080164e+002 0.000000e+000 0.000000e+000 0.000000e+000 0.000000e+000 0.000000e+000 0.000000e+000 0.000000e+000 0.000000e+000 0.000000e+000 0.000000e+000 0.000000e+000 0.000000e+000 0.000000e+000 0.000000e+000 0.000000e+000 0.000000e+000
<VARIANCE> 22
 4.801632e+000 4.063125e+000 3.300596e+000 2.164982e+000 3.309089e+003 2.711521e+003 9.838196e+000 1.115232e+001 2.936353e+000 3.516743e+000 3.745900e+001 4.440890e+001 4.184655e+000 3.870682e+000 6.504287e-002 1.793315e-002 2.326111e-002 1.170389e-002 2.082488e-002 5.618803e-002 6.153807e-002 6.060927e-002
<GCONST> 5.130989e+001
<STATE> 3
<NUMMIXES> 2
<MIXTURE> 1 5.683172e-001
<MEAN> 22
 1.387955e+000 1.337288e+001 5.061412e-001 3.301746e+000 6.996820e+000 8.752999e+001 9.839404e+001 7.286837e+001 6.024867e+001 6.659125e+001 1.985584e+002 1.147203e+002 1.180525e+002 1.095731e+002 6.999011e+000 3.747603e+000 6.081664e+000 5.397957e+000 6.000000e+000 3.789089e+000 1.687145e+000 3.480247e+000
<VARIANCE> 22
 8.131091e+000 1.663093e+002 3.300596e+000 1.367832e+001 5.304285e+001 3.313776e+003 2.759209e+002 9.305408e+002 6.592133e+001 1.575413e+002 5.488027e+002 2.563199e+003 1.996690e+002 1.722780e+002 6.504287e-002 1.098152e+000 7.499473e-002 4.232869e-001 2.082488e-002 6.775275e+000 5.566527e+000 5.024877e+000
<GCONST> 1.051200e+002
<MIXTURE> 2 4.316824e-001
<MEAN> 22
 7.950407e-001 2.303107e+000 4.000878e-001 1.084195e+000 1.147597e+001 1.124704e+002 8.553429e+001 6.740087e+001 5.522905e+001 6.127967e+001 1.778467e+002 6.644868e+001 1.070108e+002 9.777731e+001 6.892618e+000 2.758147e+000 6.072001e+000 5.174249e+000 5.938412e+000 1.273957e+000 1.209375e+000 2.804078e+000
<VARIANCE> 22
 4.801632e+000 6.174488e+000 3.300596e+000 2.164982e+000 7.830966e+002 9.198349e+002 1.628555e+002 4.307630e+002 4.539044e+001 6.932101e+001 4.129800e+002 6.107016e+002 6.448212e+001 9.833790e+001 6.093817e-001 2.719153e-001 1.084998e-001 3.199742e-001 1.683529e-001 9.528270e-001 4.414935e+000 6.180881e+000
<GCONST> 9.600026e+001
<STATE> 4
<NUMMIXES> 2
<MIXTURE> 1 5.478670e-001
<MEAN> 22
 8.225978e+000 3.660186e+000 2.445395e+000 1.265572e+000 7.417346e+001 1.369060e+001 8.275008e+001 9.783543e+001 6.980469e+001 5.620283e+001 1.367277e+002 1.971539e+002 1.137966e+002 1.170434e+002 3.951582e+000 5.000000e+000 6.513063e+000 5.907895e+000 4.641908e+000 5.996277e+000 3.297623e+000 2.563128e+000
<VARIANCE> 22
 9.904590e+001 2.849343e+001 9.615191e+000 3.129348e+000 3.053877e+003 2.089104e+002 7.098311e+002 2.543726e+002 2.316714e+002 6.239017e+001 3.819331e+003 4.185936e+002 2.324757e+002 1.237352e+002 9.206944e+000 1.793315e-002 2.536827e-001 8.362319e-002 2.694085e+000 5.618803e-002 6.223680e+000 6.358206e+000
<GCONST> 1.075189e+002
<MIXTURE> 2 4.521323e-001
<MEAN> 22
 4.788553e+000 6.010687e+000 1.369039e+000 2.064540e+000 6.070527e+001 6.600198e+001 6.169277e+001 5.793806e+001 6.736966e+001 5.679868e+001 9.626559e+001 9.957990e+001 1.021877e+002 9.989412e+001 2.331598e+000 3.166973e+000 5.925806e+000 5.426628e+000 3.984384e+000 2.833580e+000 2.653637e+000 2.787218e+000
<VARIANCE> 22
 5.565593e+001 9.401599e+001 4.087586e+000 1.204745e+001 2.694452e+003 2.704088e+003 1.208229e+003 9.960214e+002 1.431053e+002 5.619051e+001 2.322831e+003 1.631457e+003 1.208375e+002 1.439048e+002 5.160343e+000 1.448173e+000 3.209197e+000 3.929204e-001 1.877446e+000 7.156574e+000 6.209794e+000 6.303966e+000
<GCONST> 1.251070e+002
<TRANSP> 5
 0.000000e+000 1.000000e+000 0.000000e+000 0.000000e+000 0.000000e+000
 0.000000e+000 7.036988e-001 2.963012e-001 0.000000e+000 0.000000e+000
 0.000000e+000 0.000000e+000 9.479858e-001 5.201415e-002 0.000000e+000
 0.000000e+000 0.000000e+000 0.000000e+000 9.214908e-001 7.850914e-002
 0.000000e+000 0.000000e+000 0.000000e+000 0.000000e+000 0.000000e+000
<ENDHMM>
~h "OK"
<BEGINHMM>
<NUMSTATES> 5
<STATE> 2
<NUMMIXES> 2
<MIXTURE> 1 6.875625e-001
<MEAN> 22
 1.456691e+001 2.804227e+000 4.286087e+000 1.358176e+000 1.208481e+002 1.637851e+001 9.992955e+001 9.506432e+001 7.652676e+001 5.356849e+001 8.312498e+001 1.967605e+002 1.074095e+002 1.165495e+002 2.356114e+000 4.998104e+000 4.639942e+000 5.908208e+000 3.456067e+000 5.995520e+000 3.456044e+000 2.185324e+000
<VARIANCE> 22
 4.895837e+002 1.994358e+002 2.399905e+002 1.358518e+002 4.168138e+003 4.632454e+002 9.257921e+002 2.153953e+002 2.555489e+002 5.632331e+001 3.600935e+003 3.848417e+002 3.317550e+002 1.257453e+002 5.308175e+000 1.793315e-002 9.183668e+000 8.336799e-002 2.501772e+000 5.618803e-002 5.783332e+000 5.986312e+000
<GCONST> 1.223096e+002
<MIXTURE> 2 3.124370e-001
<MEAN> 22
 8.524998e+000 7.011239e+000 2.027383e+000 1.891068e+000 5.337742e+001 6.189422e+001 7.481995e+001 5.265126e+001 6.955418e+001 6.033601e+001 9.314700e+001 1.007266e+002 9.943610e+001 1.016090e+002 2.790210e+000 3.238296e+000 4.823131e+000 5.501092e+000 3.951388e+000 3.593542e+000 3.030656e+000 2.593348e+000
<VARIANCE> 22
 1.724372e+002 1.540275e+002 1.545391e+001 1.469727e+001 2.084541e+003 3.303524e+003 1.760721e+003 1.057530e+003 1.320495e+002 1.080710e+002 2.896804e+003 1.641959e+003 3.448523e+002 1.437772e+002 5.440818e+000 1.593048e+000 6.680623e+000 6.275148e-001 2.235760e+000 8.940342e+000 6.572424e+000 6.005106e+000
<GCONST> 1.322440e+002
<STATE> 3
<NUMMIXES> 2
<MIXTURE> 1 4.763516e-001
<MEAN> 22
 2.462694e+000 2.040140e+001 8.187831e-001 4.139192e+000 1.070614e+001 1.078299e+002 1.011447e+002 8.913704e+001 6.188695e+001 7.545927e+001 2.028970e+002 1.066506e+002 1.207057e+002 1.118470e+002 6.998169e+000 3.583136e+000 6.139350e+000 5.039487e+000 5.998780e+000 3.616714e+000 2.153524e+000 3.653008e+000
<VARIANCE> 22
 3.129094e+001 4.178826e+002 3.371137e+000 2.144228e+001 2.547796e+002 5.585420e+003 4.027683e+002 1.362084e+003 8.667363e+001 3.071069e+002 7.677286e+002 2.822732e+003 2.664985e+002 2.075206e+002 6.504287e-002 1.178948e+000 1.207449e-001 6.612009e-001 2.082488e-002 6.214015e+000 6.495533e+000 5.212090e+000
<GCONST> 1.136562e+002
<MIXTURE> 2 5.236490e-001
<MEAN> 22
 1.022444e+000 6.310735e+000 6.290956e-001 2.080788e+000 7.700949e+000 1.449468e+002 8.466763e+001 9.706928e+001 5.240976e+001 6.800959e+001 1.809965e+002 4.643134e+001 1.087869e+002 9.719759e+001 6.922281e+000 2.455162e+000 6.014823e+000 4.530993e+000 5.973853e+000 1.545195e+000 1.573290e+000 3.139310e+000
<VARIANCE> 22
 4.801632e+000 6.396290e+001 3.300596e+000 6.290299e+000 3.676852e+002 1.100210e+003 8.816400e+001 4.648936e+002 3.724698e+001 7.892471e+001 2.442544e+002 3.624046e+002 5.076037e+001 7.685957e+001 4.580594e-001 3.012651e-001 4.566589e-002 4.288270e-001 7.976139e-002 4.723111e-001 5.390984e+000 5.906105e+000
<GCONST> 9.463954e+001
<STATE> 4
<NUMMIXES> 2
<MIXTURE> 1 8.752888e-001
<MEAN> 22
 3.745290e+000 7.117946e+000 1.365564e+000 2.209588e+000 2.480799e+001 2.992149e+001 9.741026e+001 9.438302e+001 6.232046e+001 5.820969e+001 1.966015e+002 1.932515e+002 1.175213e+002 1.162787e+002 6.992733e+000 4.997425e+000 6.104974e+000 5.852106e+000 6.001335e+000 6.000154e+000 2.646357e+000 3.332015e+000
<VARIANCE> 22
 3.168701e+001 8.926971e+001 3.807152e+000 8.066055e+000 1.128294e+003 9.221666e+002 3.108184e+002 2.639007e+002 9.256970e+001 8.429807e+001 4.413270e+002 4.393103e+002 1.452216e+002 1.091509e+002 6.504287e-002 1.793315e-002 9.395453e-002 1.260222e-001 2.082488e-002 5.618803e-002 6.243770e+000 6.271316e+000
<GCONST> 9.351054e+001
<MIXTURE> 2 1.247111e-001
<MEAN> 22
 4.635240e+000 3.024919e+000 1.419401e+000 1.066856e+000 2.644994e+002 1.964558e+002 4.663948e+001 3.381182e+001 3.732893e+001 3.143991e+001 5.267540e+001 8.095635e+001 5.280921e+001 5.804254e+001 1.573894e+000 2.460408e+000 2.290365e+000 3.132303e+000 1.957222e+000 3.096418e+000 1.781671e+000 1.787080e+000
<VARIANCE> 22
 8.114726e+001 4.150274e+001 9.126513e+000 5.929902e+000 4.989345e+004 3.305991e+004 2.597177e+003 1.300795e+003 1.187841e+003 8.359451e+002 4.054188e+003 6.123069e+003 2.378455e+003 2.750879e+003 5.110860e+000 5.466411e+000 8.985806e+000 8.021708e+000 4.777151e+000 9.627997e+000 5.775565e+000 5.862504e+000
<GCONST> 1.502913e+002
<TRANSP> 5
 0.000000e+000 1.000000e+000 0.000000e+000 0.000000e+000 0.000000e+000
 0.000000e+000 9.053432e-001 9.465681e-002 0.000000e+000 0.000000e+000
 0.000000e+000 0.000000e+000 9.270005e-001 7.299953e-002 0.000000e+000
 0.000000e+000 0.000000e+000 0.000000e+000 8.440066e-001 1.559934e-001
 0.000000e+000 0.000000e+000 0.000000e+000 0.000000e+000 0.000000e+000
<ENDHMM>
~h "PF"
<BEGINHMM>
<NUMSTATES> 5
<STATE> 2
<NUMMIXES> 2
<MIXTURE> 1 3.171663e-001
<MEAN> 22
 1.068050e+001 1.333989e+001 7.317849e+000 7.409140e+000 1.748511e+002 1.434516e+002 1.006981e+002 9.202415e+001 6.316643e+001 6.309409e+001 1.985937e+002 1.866314e+002 1.153819e+002 1.163196e+002 6.986326e+000 4.948085e+000 6.114119e+000 5.787977e+000 5.981698e+000 6.016088e+000 2.462798e+000 2.461913e+000
<VARIANCE> 22
 3.050997e+003 2.477383e+003 2.646511e+003 1.758587e+003 5.023068e+004 3.102476e+004 2.938360e+002 5.972969e+002 4.498792e+001 1.129196e+002 5.258587e+002 9.942648e+002 1.137152e+002 1.404399e+002 6.818479e-002 1.551047e-001 1.010951e-001 1.998881e-001 5.378379e-002 3.196415e-001 6.384649e+000 5.769727e+000
<GCONST> 1.273380e+002
<MIXTURE> 2 6.828340e-001
<MEAN> 22
 7.061474e+000 1.059971e+001 2.157746e+000 2.869034e+000 1.110636e+002 1.621069e+002 8.250326e+001 1.177699e+002 7.170283e+001 7.748800e+001 1.329108e+002 7.920221e+001 9.962922e+001 9.326035e+001 3.429199e+000 2.641707e+000 5.351030e+000 4.110299e+000 4.744808e+000 2.204194e+000 2.463403e+000 2.892724e+000
<VARIANCE> 22
 1.861062e+002 2.587030e+002 3.187546e+001 1.606590e+001 2.058427e+004 9.776134e+003 1.958140e+003 3.205427e+003 5.825682e+002 8.106304e+002 5.195528e+003 3.789102e+003 1.160381e+003 7.083051e+002 9.348970e+000 1.544119e+000 5.014681e+000 2.391547e+000 2.910154e+000 3.850193e+000 6.207183e+000 5.078514e+000
<GCONST> 1.467273e+002
<STATE> 3
<NUMMIXES> 2
<MIXTURE> 1 3.266017e-001
<MEAN> 22
 2.368911e+000 2.025447e+001 9.334789e-001 4.450558e+000 1.182808e+001 4.519330e+001 9.424680e+001 8.670861e+001 5.915864e+001 6.466754e+001 1.935356e+002 1.682099e+002 1.156583e+002 1.115639e+002 6.993627e+000 4.613130e+000 6.047127e+000 5.550362e+000 5.998906e+000 5.552411e+000 2.355145e+000 3.751825e+000
<VARIANCE> 22
 1.230501e+001 4.203806e+002 3.300596e+000 2.057827e+001 1.639607e+002 1.192666e+003 2.095337e+002 6.147471e+002 4.227655e+001 1.684469e+002 3.868152e+002 1.483093e+003 1.209571e+002 1.353297e+002 6.504287e-002 4.004138e-001 4.490559e-002 2.492734e-001 2.082488e-002 1.980302e+000 6.108046e+000 5.879593e+000
<GCONST> 1.012387e+002
<MIXTURE> 2 6.733983e-001
<MEAN> 22
 1.362314e+000 1.101408e+001 6.257257e-001 3.659420e+000 9.966038e+000 1.859459e+002 9.241714e+001 1.337823e+002 5.800429e+001 8.507451e+001 1.879980e+002 5.646372e+001 1.129854e+002 9.216991e+001 6.926640e+000 2.436174e+000 6.057614e+000 3.634592e+000 5.958598e+000 1.689276e+000 1.703564e+000 3.341342e+000
<VARIANCE> 22
 8.550224e+000 1.786701e+002 3.300596e+000 2.079686e+001 6.000203e+002 1.786786e+003 2.684672e+002 8.939512e+002 6.958904e+001 2.645474e+002 6.668843e+002 9.362902e+002 1.312519e+002 2.144087e+002 3.773930e-001 3.151540e-001 2.681687e-001 7.025701e-001 1.192518e-001 5.175314e-001 5.879842e+000 4.385664e+000
<GCONST> 1.083437e+002
<STATE> 4
<NUMMIXES> 2
<MIXTURE> 1 7.465016e-001
<MEAN> 22
 1.217823e+001 1.509276e+000 3.611825e+000 7.467318e-001 1.368396e+002 1.916478e+001 1.317032e+002 9.924310e+001 8.422916e+001 5.644066e+001 1.080551e+002 1.988565e+002 1.038216e+002 1.180694e+002 2.701347e+000 5.000000e+000 3.073465e+000 5.817444e+000 3.328492e+000 5.999064e+000 3.424582e+000 2.299016e+000
<VARIANCE> 22
 2.270144e+002 4.577248e+000 2.319808e+001 2.164982e+000 6.447124e+003 6.900264e+002 1.716765e+003 2.121655e+002 4.303925e+002 6.884637e+001 4.408122e+003 4.028604e+002 4.088116e+002 1.310990e+002 6.266265e+000 1.793315e-002 8.495179e+000 1.492240e-001 3.612736e+000 5.618803e-002 6.854826e+000 6.091877e+000
<GCONST> 1.151737e+002
<MIXTURE> 2 2.534983e-001
<MEAN> 22
 6.869186e+000 7.355585e+000 2.622679e+000 2.359456e+000 5.734611e+001 2.741770e+001 8.508979e+001 4.790735e+001 7.736759e+001 5.795440e+001 9.341959e+001 1.185865e+002 9.871764e+001 1.035294e+002 2.833954e+000 3.500703e+000 4.246132e+000 5.631565e+000 3.749504e+000 3.527403e+000 2.745294e+000 2.805121e+000
<VARIANCE> 22
 1.364471e+002 1.320192e+002 2.307513e+001 1.230354e+001 2.260293e+003 7.287450e+002 3.264366e+003 8.373671e+002 3.712344e+002 6.670966e+001 2.613059e+003 1.273778e+003 2.707596e+002 8.868394e+001 4.959496e+000 2.062657e+000 6.487402e+000 2.916168e-001 1.807038e+000 9.463315e+000 6.538080e+000 6.324688e+000
<GCONST> 1.297621e+002
<TRANSP> 5
 0.000000e+000 1.000000e+000 0.000000e+000 0.000000e+000 0.000000e+000
 0.000000e+000 6.738512e-001 3.261487e-001 0.000000e+000 0.000000e+000
 0.000000e+000 0.000000e+000 9.552330e-001 4.476697e-002 0.000000e+000
 0.000000e+000 0.000000e+000 0.000000e+000 9.149149e-001 8.508509e-002
 0.000000e+000 0.000000e+000 0.000000e+000 0.000000e+000 0.000000e+000
<ENDHMM>
~h "PR"
<BEGINHMM>
<NUMSTATES> 5
<STATE> 2
<NUMMIXES> 2
<MIXTURE> 1 7.913855e-001
<MEAN> 22
 9.795701e+000 1.289534e+001 5.033561e+000 5.405679e+000 3.074042e+001 5.818863e+001 9.777897e+001 8.874368e+001 6.996437e+001 6.287020e+001 1.832644e+002 1.568085e+002 1.173054e+002 1.170999e+002 5.534271e+000 4.330775e+000 6.284499e+000 5.558103e+000 5.485088e+000 4.772788e+000 2.177643e+000 2.749285e+000
<VARIANCE> 22
 1.814710e+003 1.393130e+003 1.412089e+003 9.169063e+002 1.756186e+003 3.510560e+003 1.600643e+003 6.513149e+002 1.913512e+002 1.390492e+002 4.056959e+003 3.004501e+003 1.166700e+003 3.481442e+002 6.784134e+000 1.001581e+000 6.712034e-001 3.485067e-001 1.740845e+000 4.155764e+000 5.371434e+000 5.519876e+000
<GCONST> 1.439930e+002
<MIXTURE> 2 2.086146e-001
<MEAN> 22
 2.655357e-001 2.220334e+000 1.129941e-001 5.988681e-001 4.670564e+002 3.632090e+002 2.397142e+001 1.504008e+001 1.280260e+001 1.394905e+001 4.426193e+001 2.349567e+001 2.356811e+001 2.167834e+001 1.463273e+000 7.344625e-001 1.254232e+000 1.124290e+000 1.254233e+000 5.819200e-001 5.028242e-001 6.723138e-001
<VARIANCE> 22
 4.801632e+000 3.637515e+001 3.300596e+000 4.025514e+000 3.427071e+003 8.417032e+002 2.174891e+003 9.665754e+002 6.209534e+002 7.388048e+002 7.413732e+003 2.671208e+003 2.101987e+003 1.786549e+003 8.101772e+000 2.274109e+000 5.952298e+000 4.831993e+000 5.952299e+000 2.604855e+000 2.170894e+000 2.898271e+000
<GCONST> 1.334457e+002
<STATE> 3
<NUMMIXES> 2
<MIXTURE> 1 8.467385e-001
<MEAN> 22
 9.909004e-001 9.985017e+000 4.829969e-001 3.231632e+000 6.625921e+000 9.918023e+001 9.143195e+001 8.630760e+001 5.719297e+001 6.424555e+001 1.879546e+002 1.033418e+002 1.119629e+002 1.017292e+002 7.000000e+000 3.481205e+000 6.000603e+000 5.030951e+000 6.000000e+000 3.388092e+000 1.623007e+000 3.650769e+000
<VARIANCE> 22
 4.801632e+000 1.438722e+002 3.300596e+000 1.800161e+001 4.956259e+001 2.259279e+003 1.949241e+002 6.992210e+002 4.810229e+001 1.663407e+002 4.318053e+002 1.904225e+003 1.272769e+002 2.104168e+002 6.504287e-002 7.304757e-001 2.326111e-002 3.638902e-001 2.082488e-002 3.822128e+000 5.566494e+000 6.281305e+000
<GCONST> 1.005119e+002
<MIXTURE> 2 1.532634e-001
<MEAN> 22
 3.878036e+000 7.529340e+000 1.362604e+000 3.131929e+000 3.678650e+001 8.146584e+001 8.930215e+001 8.704769e+001 7.086734e+001 6.765025e+001 1.728445e+002 1.098482e+002 1.110064e+002 1.042969e+002 5.576963e+000 3.505698e+000 6.591077e+000 5.019544e+000 5.731345e+000 3.203347e+000 2.219505e+000 3.366668e+000
<VARIANCE> 22
 3.763825e+001 9.669176e+001 7.041466e+000 1.660630e+001 1.671923e+003 2.399737e+003 7.448466e+002 1.036923e+003 2.564383e+002 1.882476e+002 1.580247e+003 1.964767e+003 2.884256e+002 2.331481e+002 7.381285e+000 8.195771e-001 6.836458e-001 3.550824e-001 8.213117e-001 4.218265e+000 6.096563e+000 6.640110e+000
<GCONST> 1.243334e+002
<STATE> 4
<NUMMIXES> 2
<MIXTURE> 1 7.186826e-001
<MEAN> 22
 8.754045e+000 2.369017e+000 2.558258e+000 1.037705e+000 6.985686e+001 1.593987e+001 8.451012e+001 9.609529e+001 6.942152e+001 5.563643e+001 1.283667e+002 1.950263e+002 1.096767e+002 1.156565e+002 3.302764e+000 5.000296e+000 6.598566e+000 5.844398e+000 4.258759e+000 5.997981e+000 3.557908e+000 2.291769e+000
<VARIANCE> 22
 1.155821e+002 1.330482e+001 1.131663e+001 2.164982e+000 2.580936e+003 2.796193e+002 6.168701e+002 1.976725e+002 2.180667e+002 6.416650e+001 3.619676e+003 3.513209e+002 2.351306e+002 1.072771e+002 9.163407e+000 1.793315e-002 2.409035e-001 1.313905e-001 3.770622e+000 5.618803e-002 5.861929e+000 6.082324e+000
<GCONST> 1.066716e+002
<MIXTURE> 2 2.813170e-001
<MEAN> 22
 1.011753e+001 4.515052e+000 2.631173e+000 1.352016e+000 5.889305e+001 2.793427e+001 8.236475e+001 5.358452e+001 7.549181e+001 5.895921e+001 8.950579e+001 1.297580e+002 1.036564e+002 1.015113e+002 1.705705e+000 3.777689e+000 4.988637e+000 5.670313e+000 3.101485e+000 4.672833e+000 2.718315e+000 2.325674e+000
<VARIANCE> 22
 1.862188e+002 6.991647e+001 1.362026e+001 6.790040e+000 2.386429e+003 8.632372e+002 1.875665e+003 1.112809e+003 1.320817e+002 5.353488e+001 1.143259e+003 1.484105e+003 1.221240e+002 1.062881e+002 3.391248e+000 1.229234e+000 8.057819e+000 2.737652e-001 2.095661e+000 7.349559e+000 5.929992e+000 6.062509e+000
<GCONST> 1.247387e+002
<TRANSP> 5
 0.000000e+000 1.000000e+000 0.000000e+000 0.000000e+000 0.000000e+000
 0.000000e+000 5.556635e-001 4.443365e-001 0.000000e+000 0.000000e+000
 0.000000e+000 0.000000e+000 9.512679e-001 4.873208e-002 0.000000e+000
 0.000000e+000 0.000000e+000 0.000000e+000 9.176922e-001 8.230776e-002
 0.000000e+000 0.000000e+000 0.000000e+000 0.000000e+000 0.000000e+000
<ENDHMM>
~h "SP"
<BEGINHMM>
<NUMSTATES> 5
<STATE> 2
<NUMMIXES> 2
<MIXTURE> 1 8.351457e-001
<MEAN> 22
 1.052713e+001 1.441887e+001 6.228636e+000 7.062724e+000 4.441352e+001 1.152808e+002 9.502198e+001 1.171195e+002 7.636301e+001 8.637897e+001 1.647951e+002 1.109594e+002 1.149856e+002 1.079381e+002 4.442564e+000 3.399107e+000 6.043453e+000 4.444623e+000 5.492874e+000 3.157675e+000 2.341910e+000 2.608378e+000
<VARIANCE> 22
 2.681028e+003 1.826043e+003 2.176883e+003 1.314250e+003 3.162172e+003 8.955818e+003 1.634658e+003 1.845395e+003 3.557110e+002 1.081000e+003 4.478785e+003 3.853679e+003 6.161323e+002 3.132487e+002 9.894430e+000 1.665884e+000 2.361167e+000 1.659859e+000 1.236171e+000 5.695894e+000 5.838537e+000 4.869352e+000
<GCONST> 1.539441e+002
<MIXTURE> 2 1.648542e-001
<MEAN> 22
 0.000000e+000 0.000000e+000 0.000000e+000 0.000000e+000 5.310355e+002 3.993491e+002 0.000000e+000 0.000000e+000 0.000000e+000 0.000000e+000 0.000000e+000 0.000000e+000 0.000000e+000 0.000000e+000 0.000000e+000 0.000000e+000 0.000000e+000 0.000000e+000 0.000000e+000 0.000000e+000 0.000000e+000 0.000000e+000
<VARIANCE> 22
 4.801632e+000 4.063125e+000 3.300596e+000 2.164982e+000 3.435544e+003 2.506352e+003 9.838196e+000 1.115232e+001 2.936353e+000 3.516743e+000 3.745900e+001 4.440890e+001 4.184655e+000 3.870682e+000 6.504287e-002 1.793315e-002 2.326111e-002 1.170389e-002 2.082488e-002 5.618803e-002 6.153807e-002 6.060927e-002
<GCONST> 5.126871e+001
<STATE> 3
<NUMMIXES> 2
<MIXTURE> 1 4.122956e-001
<MEAN> 22
 1.804394e+000 2.269214e+001 6.541511e-001 6.514651e+000 8.932001e+000 9.806394e+001 9.387934e+001 9.795406e+001 5.956285e+001 7.077237e+001 1.913674e+002 1.148122e+002 1.142924e+002 1.036127e+002 6.998075e+000 3.675333e+000 6.058515e+000 4.859674e+000 5.998119e+000 3.841382e+000 2.041552e+000 3.819035e+000
<VARIANCE> 22
 1.010578e+001 3.780662e+002 3.300596e+000 4.257036e+001 1.112018e+002 4.975408e+003 2.532384e+002 1.002052e+003 5.126212e+001 2.920728e+002 5.052934e+002 3.757686e+003 1.545743e+002 2.681678e+002 6.504287e-002 1.309817e+000 5.508963e-002 8.949831e-001 2.082488e-002 4.903502e+000 6.102073e+000 5.071201e+000
<GCONST> 1.096754e+002
<MIXTURE> 2 5.877051e-001
<MEAN> 22
 1.104122e+000 3.875674e+000 4.778213e-001 1.813370e+000 1.080143e+001 1.965941e+002 9.457779e+001 1.410291e+002 6.054570e+001 9.298439e+001 1.867150e+002 5.032571e+001 1.119929e+002 9.009254e+001 6.902354e+000 2.117164e+000 6.081943e+000 3.174541e+000 5.953047e+000 1.466550e+000 1.462551e+000 2.570389e+000
<VARIANCE> 22
 6.893059e+000 3.087811e+001 3.300596e+000 5.753507e+000 6.461177e+002 1.790490e+003 3.696568e+002 5.439086e+002 1.033123e+002 4.072964e+002 7.715446e+002 5.056128e+002 1.757008e+002 1.968712e+002 5.229343e-001 1.752221e-001 4.047960e-001 2.651584e-001 1.915378e-001 5.155568e-001 5.151991e+000 6.076789e+000
<GCONST> 1.053900e+002
<STATE> 4
<NUMMIXES> 2
<MIXTURE> 1 7.032042e-001
<MEAN> 22
 1.267904e+001 1.128129e+000 4.173865e+000 5.695426e-001 1.541315e+002 1.409615e+001 1.286027e+002 9.720979e+001 9.328162e+001 5.700887e+001 8.569536e+001 1.948839e+002 9.435873e+001 1.157732e+002 2.489897e+000 5.000000e+000 2.846137e+000 5.833406e+000 3.458855e+000 5.992021e+000 3.402313e+000 1.872564e+000
<VARIANCE> 22
 3.303071e+002 4.063125e+000 5.341405e+001 2.164982e+000 6.266308e+003 6.625054e+002 1.401911e+003 1.896793e+002 4.775810e+002 5.211345e+001 3.202605e+003 3.357244e+002 4.204049e+002 1.101495e+002 4.464571e+000 1.793315e-002 7.651960e+000 1.388426e-001 2.651482e+000 5.618803e-002 6.266533e+000 5.689728e+000
<GCONST> 1.140744e+002
<MIXTURE> 2 2.967962e-001
<MEAN> 22
 7.478304e+000 6.713625e+000 2.658288e+000 2.279884e+000 6.717717e+001 2.837499e+001 1.006766e+002 5.059795e+001 8.476504e+001 5.946352e+001 9.599284e+001 1.189528e+002 9.763721e+001 1.034547e+002 3.073945e+000 3.595714e+000 3.985413e+000 5.642608e+000 3.930423e+000 3.340608e+000 2.983410e+000 2.701020e+000
<VARIANCE> 22
 1.168953e+002 1.328230e+002 1.825526e+001 1.187922e+001 2.595178e+003 9.343564e+002 2.669231e+003 8.378599e+002 6.869796e+002 7.361426e+001 3.072210e+003 1.678008e+003 2.660046e+002 1.183502e+002 5.539995e+000 1.579983e+000 6.912468e+000 3.308689e-001 1.805618e+000 9.562140e+000 6.642539e+000 6.771131e+000
<GCONST> 1.310799e+002
<TRANSP> 5
 0.000000e+000 1.000000e+000 0.000000e+000 0.000000e+000 0.000000e+000
 0.000000e+000 6.351749e-001 3.648252e-001 0.000000e+000 0.000000e+000
 0.000000e+000 0.000000e+000 9.582252e-001 4.177481e-002 0.000000e+000
 0.000000e+000 0.000000e+000 0.000000e+000 9.240931e-001 7.590695e-002
 0.000000e+000 0.000000e+000 0.000000e+000 0.000000e+000 0.000000e+000
<ENDHMM>
~h "ST"
<BEGINHMM>
<NUMSTATES> 5
<STATE> 2
<NUMMIXES> 2
<MIXTURE> 1 1.135093e-001
<MEAN> 22
 2.773970e+001 2.796720e+001 1.641832e+001 1.226481e+001 2.824305e+002 2.115679e+002 8.993717e+001 8.630186e+001 7.137688e+001 7.324411e+001 1.563610e+002 1.280005e+002 1.074233e+002 1.095303e+002 5.067174e+000 3.732800e+000 6.397761e+000 5.541883e+000 5.186769e+000 3.645938e+000 3.073285e+000 3.065443e+000
<VARIANCE> 22
 4.503012e+003 4.589334e+003 4.124264e+003 2.498535e+003 5.252512e+004 3.139242e+004 1.151313e+003 1.033681e+003 2.654398e+002 2.953270e+002 3.607831e+003 4.717815e+003 4.474131e+002 1.284611e+002 6.930450e+000 1.860532e+000 4.182553e-001 5.250706e-001 1.292254e+000 7.625336e+000 6.766903e+000 6.475657e+000
<GCONST> 1.546257e+002
<MIXTURE> 2 8.864905e-001
<MEAN> 22
 3.564802e+000 8.254263e+000 9.554118e-001 1.963468e+000 6.261299e+001 1.036388e+002 8.691338e+001 7.992304e+001 7.026022e+001 7.532986e+001 1.618012e+002 9.852367e+001 1.135073e+002 1.102478e+002 4.782203e+000 2.982893e+000 6.087395e+000 5.599792e+000 5.095573e+000 2.520969e+000 2.523016e+000 2.726297e+000
<VARIANCE> 22
 3.378782e+001 1.388375e+002 3.300596e+000 6.629037e+000 1.001235e+004 6.718612e+003 1.631154e+003 1.028499e+003 3.460129e+002 5.222695e+002 4.656585e+003 4.712500e+003 1.038896e+003 6.359807e+002 8.591231e+000 2.287662e+000 1.965541e+000 1.380763e+000 2.651564e+000 6.740335e+000 6.382164e+000 5.904363e+000
<GCONST> 1.372283e+002
<STATE> 3
<NUMMIXES> 2
<MIXTURE> 1 3.518127e-001
<MEAN> 22
 2.701225e+000 1.611574e+001 8.784434e-001 3.723834e+000 1.744481e+001 5.907022e+001 9.431272e+001 6.967166e+001 6.026932e+001 6.832401e+001 1.901038e+002 1.381108e+002 1.145181e+002 1.096979e+002 6.896111e+000 4.217138e+000 6.191094e+000 5.742460e+000 5.956422e+000 4.883557e+000 1.980920e+000 3.341558e+000
<VARIANCE> 22
 2.166931e+001 2.204944e+002 3.300596e+000 1.706864e+001 7.720487e+002 2.184214e+003 3.192660e+002 8.103266e+002 7.324384e+001 2.164787e+002 7.173741e+002 3.149634e+003 1.544600e+002 1.398425e+002 5.104154e-001 1.347962e+000 1.701529e-001 2.455567e-001 9.347427e-002 6.246794e+000 5.556498e+000 5.095395e+000
<GCONST> 1.132764e+002
<MIXTURE> 2 6.481873e-001
<MEAN> 22
 8.128993e-001 7.950850e+000 3.967732e-001 1.431940e+000 5.909699e+000 1.372336e+002 9.086735e+001 6.758254e+001 5.754185e+001 8.473281e+001 1.896567e+002 4.778767e+001 1.133577e+002 1.032688e+002 6.999697e+000 2.059754e+000 6.002167e+000 5.882100e+000 6.000000e+000 3.966657e-001 1.337686e+000 2.828465e+000
<VARIANCE> 22
 4.801632e+000 9.999525e+001 3.300596e+000 3.108125e+000 4.956259e+001 9.462349e+002 1.653794e+002 5.100000e+002 4.157656e+001 2.878049e+002 3.632977e+002 3.492891e+002 1.091386e+002 1.192441e+002 6.504287e-002 9.032342e-002 2.326111e-002 4.081218e-001 2.082488e-002 2.420661e-001 4.817262e+000 6.051282e+000
<GCONST> 8.993671e+001
<STATE> 4
<NUMMIXES> 2
<MIXTURE> 1 7.561944e-001
<MEAN> 22
 1.067680e+001 1.294464e+000 2.382159e+000 5.840582e-001 1.045773e+002 1.756361e+001 7.679655e+001 9.885133e+001 8.441864e+001 5.714257e+001 8.935063e+001 1.995335e+002 1.099188e+002 1.186927e+002 2.953506e+000 5.000000e+000 6.206000e+000 5.908628e+000 4.162168e+000 5.996085e+000 3.329201e+000 1.944428e+000
<VARIANCE> 22
 1.479069e+002 4.063125e+000 9.792132e+000 2.164982e+000 3.593171e+003 7.084770e+002 6.692966e+002 1.867716e+002 3.576511e+002 4.826592e+001 4.480302e+003 3.700942e+002 2.888530e+002 1.263625e+002 5.468916e+000 1.793315e-002 3.134043e-001 8.302555e-002 1.471991e+000 5.618803e-002 6.127312e+000 5.770873e+000
<GCONST> 1.060567e+002
<MIXTURE> 2 2.438055e-001
<MEAN> 22
 7.790513e+000 7.275004e+000 1.655749e+000 2.432539e+000 5.275945e+001 2.944425e+001 7.183136e+001 5.630782e+001 7.594698e+001 5.971549e+001 9.244836e+001 1.381352e+002 1.045371e+002 1.060076e+002 2.959857e+000 4.218031e+000 5.428419e+000 5.779374e+000 4.167776e+000 5.405887e+000 2.713530e+000 2.751779e+000
<VARIANCE> 22
 9.182845e+001 1.083002e+002 5.735744e+000 1.286979e+001 3.436226e+003 1.066289e+003 1.126455e+003 1.042937e+003 3.470842e+002 7.073862e+001 4.232462e+003 1.898376e+003 1.519825e+002 1.254316e+002 6.242288e+000 1.024711e+000 3.879717e+000 2.354410e-001 1.607451e+000 5.342138e+000 5.877699e+000 6.170355e+000
<GCONST> 1.264002e+002
<TRANSP> 5
 0.000000e+000 1.000000e+000 0.000000e+000 0.000000e+000 0.000000e+000
 0.000000e+000 7.322783e-001 2.677217e-001 0.000000e+000 0.000000e+000
 0.000000e+000 0.000000e+000 9.571739e-001 4.282611e-002 0.000000e+000
 0.000000e+000 0.000000e+000 0.000000e+000 9.170713e-001 8.292868e-002
 0.000000e+000 0.000000e+000 0.000000e+000 0.000000e+000 0.000000e+000
<ENDHMM>
~h "TT"
<BEGINHMM>
<NUMSTATES> 5
<STATE> 2
<NUMMIXES> 2
<MIXTURE> 1 4.674438e-001
<MEAN> 22
 1.997572e+001 5.449379e+000 8.459732e+000 3.314308e+000 2.253923e+002 8.455866e+000 1.727155e+002 1.041178e+002 1.226044e+002 6.044118e+001 9.630247e+001 2.014225e+002 1.039796e+002 1.189843e+002 1.377192e+000 4.997140e+000 1.217735e+000 5.917795e+000 2.311701e+000 5.991395e+000 3.684300e+000 2.315988e+000
<VARIANCE> 22
 1.931459e+003 1.199551e+003 1.383922e+003 8.874339e+002 2.516916e+003 1.344041e+002 1.300482e+003 2.691757e+002 5.369479e+002 1.116338e+002 8.659545e+002 3.928174e+002 3.198694e+002 1.381909e+002 4.519398e-001 1.793315e-002 2.674253e+000 7.544833e-002 5.874094e-001 5.618803e-002 5.678996e+000 6.453111e+000
<GCONST> 1.228167e+002
<MIXTURE> 2 5.325563e-001
<MEAN> 22
 9.226340e+000 1.230859e+001 2.824128e+000 3.885530e+000 4.567589e+001 1.158225e+002 9.210857e+001 1.216424e+002 7.464606e+001 8.982416e+001 1.779314e+002 1.378721e+002 1.160117e+002 1.118854e+002 5.175065e+000 3.700089e+000 6.366128e+000 4.681556e+000 5.706711e+000 3.819111e+000 3.029075e+000 2.777978e+000
<VARIANCE> 22
 2.004460e+002 3.379129e+002 2.350316e+001 3.357528e+001 2.601815e+003 1.120815e+004 1.988520e+003 2.979418e+003 3.142723e+002 1.311195e+003 3.175401e+003 2.915583e+003 5.658049e+002 2.588174e+002 8.561062e+000 1.633818e+000 4.717845e-001 1.806526e+000 6.038027e-001 5.555237e+000 6.891466e+000 5.110883e+000
<GCONST> 1.391251e+002
<STATE> 3
<NUMMIXES> 2
<MIXTURE> 1 3.452782e-001
<MEAN> 22
 2.583633e+000 2.245663e+001 9.647880e-001 5.529866e+000 1.194034e+001 5.466137e+001 9.460373e+001 9.577209e+001 5.978658e+001 6.876720e+001 1.925174e+002 1.629106e+002 1.157698e+002 1.102017e+002 6.991171e+000 4.400979e+000 6.085835e+000 5.345578e+000 5.997492e+000 5.235231e+000 2.281715e+000 3.843232e+000
<VARIANCE> 22
 1.798702e+001 4.581363e+002 3.300596e+000 3.484726e+001 1.870854e+002 1.932343e+003 2.689512e+002 5.682767e+002 7.355028e+001 3.114559e+002 5.024223e+002 1.973714e+003 1.572762e+002 2.066714e+002 6.504287e-002 6.215757e-001 7.846636e-002 2.725288e-001 2.082488e-002 1.972082e+000 5.812054e+000 5.326704e+000
<GCONST> 1.063527e+002
<MIXTURE> 2 6.547216e-001
<MEAN> 22
 1.558577e+000 1.356585e+001 6.931390e-001 5.552636e+000 9.711277e+000 2.225504e+002 9.445827e+001 1.728683e+002 5.851653e+001 1.232064e+002 1.904361e+002 8.822725e+001 1.139415e+002 9.444073e+001 6.969613e+000 2.457259e+000 6.085889e+000 3.177834e+000 5.991686e+000 1.662336e+000 1.846858e+000 3.578168e+000
<VARIANCE> 22
 1.033572e+001 2.418329e+002 3.300596e+000 5.616095e+001 2.912191e+002 1.404629e+003 2.840546e+002 7.913641e+002 9.478371e+001 4.899608e+002 4.858866e+002 6.040232e+002 1.493698e+002 3.212884e+002 1.612474e-001 2.648191e-001 1.177438e-001 2.085989e-001 3.278697e-002 3.511415e-001 5.825006e+000 5.509856e+000
<GCONST> 1.049826e+002
<STATE> 4
<NUMMIXES> 2
<MIXTURE> 1 7.367789e-001
<MEAN> 22
 1.519931e+001 2.121133e+000 5.230903e+000 1.011817e+000 1.413298e+002 2.692130e+001 1.392070e+002 9.706508e+001 9.786531e+001 5.602849e+001 1.199521e+002 1.943229e+002 1.021288e+002 1.158058e+002 2.702011e+000 5.000017e+000 3.252314e+000 5.826839e+000 3.536755e+000 5.987966e+000 3.356671e+000 2.346124e+000
<VARIANCE> 22
 3.686500e+002 1.047297e+001 6.156094e+001 2.164982e+000 8.180080e+003 9.261113e+002 2.291692e+003 2.453413e+002 1.032491e+003 5.205795e+001 2.948905e+003 4.262650e+002 3.862972e+002 1.340994e+002 6.558057e+000 1.793315e-002 8.522572e+000 1.431736e-001 3.710022e+000 5.618803e-002 5.498752e+000 6.229585e+000
<GCONST> 1.184805e+002
<MIXTURE> 2 2.632222e-001
<MEAN> 22
 1.025027e+001 6.295839e+000 4.126622e+000 2.509022e+000 1.303532e+002 6.687548e+001 9.017795e+001 3.792990e+001 8.704736e+001 5.308319e+001 9.126538e+001 1.026639e+002 8.730576e+001 9.230370e+001 2.071427e+000 3.046946e+000 3.676483e+000 5.176445e+000 3.390962e+000 2.667718e+000 2.741179e+000 2.222464e+000
<VARIANCE> 22
 2.510713e+002 1.199879e+002 4.574622e+001 2.305531e+001 1.881412e+004 1.413400e+004 5.185005e+003 1.113314e+003 2.149084e+003 4.414286e+002 2.350104e+003 2.450861e+003 1.148118e+003 1.121036e+003 4.276856e+000 3.023920e+000 7.383867e+000 3.480636e+000 2.899992e+000 1.013963e+001 6.334329e+000 6.077054e+000
<GCONST> 1.489098e+002
<TRANSP> 5
 0.000000e+000 1.000000e+000 0.000000e+000 0.000000e+000 0.000000e+000
 0.000000e+000 8.318108e-001 1.681891e-001 0.000000e+000 0.000000e+000
 0.000000e+000 0.000000e+000 9.536529e-001 4.634710e-002 0.000000e+000
 0.000000e+000 0.000000e+000 0.000000e+000 9.193071e-001 8.069289e-002
 0.000000e+000 0.000000e+000 0.000000e+000 0.000000e+000 0.000000e+000
<ENDHMM>
~h "VA"
<BEGINHMM>
<NUMSTATES> 5
<STATE> 2
<NUMMIXES> 2
<MIXTURE> 1 5.053179e-001
<MEAN> 22
 1.758942e+001 1.062393e+001 7.598703e+000 4.530941e+000 1.093387e+002 3.119489e+001 1.377471e+002 9.972272e+001 9.801588e+001 6.189647e+001 1.572818e+002 1.970956e+002 1.132557e+002 1.191789e+002 3.796565e+000 4.890166e+000 4.400711e+000 5.717824e+000 4.215110e+000 5.925625e+000 3.137182e+000 2.513367e+000
<VARIANCE> 22
 1.521940e+003 1.256980e+003 1.026551e+003 6.400799e+002 1.100805e+004 1.311031e+003 4.830021e+003 5.474121e+002 1.355361e+003 1.258218e+002 5.298652e+003 1.025189e+003 5.225494e+002 1.856998e+002 8.605115e+000 1.597441e-001 8.100169e+000 2.124713e-001 4.413177e+000 2.742011e-001 5.920430e+000 5.268626e+000
<GCONST> 1.430952e+002
<MIXTURE> 2 4.946814e-001
<MEAN> 22
 8.370584e+000 1.208977e+001 3.771873e+000 4.401421e+000 1.754646e+002 2.345021e+002 8.026668e+001 1.170781e+002 6.535400e+001 9.062109e+001 1.164392e+002 6.993231e+001 8.355253e+001 7.848447e+001 3.152951e+000 2.107527e+000 4.457474e+000 3.262412e+000 4.054782e+000 1.399943e+000 2.485459e+000 2.634588e+000
<VARIANCE> 22
 3.591417e+002 2.193199e+002 8.385956e+001 3.563818e+001 3.855227e+004 1.017433e+004 3.186675e+003 5.921725e+003 1.320649e+003 2.355029e+003 6.534375e+003 2.352479e+003 2.315059e+003 1.527900e+003 9.082580e+000 1.313211e+000 7.316411e+000 3.203115e+000 4.917845e+000 2.047318e+000 6.183576e+000 5.098701e+000
<GCONST> 1.542211e+002
<STATE> 3
<NUMMIXES> 2
<MIXTURE> 1 5.305851e-001
<MEAN> 22
 1.803530e+000 1.965063e+001 7.657807e-001 6.886845e+000 8.249775e+000 8.096666e+001 9.110727e+001 8.535342e+001 5.710117e+001 7.828794e+001 1.886150e+002 1.217163e+002 1.129965e+002 1.007351e+002 6.995808e+000 3.839181e+000 6.021158e+000 5.311798e+000 5.999986e+000 4.225431e+000 2.039547e+000 3.723846e+000
<VARIANCE> 22
 8.456899e+000 3.678584e+002 3.300596e+000 4.862094e+001 7.901190e+001 3.312947e+003 2.073839e+002 6.747141e+002 6.452694e+001 4.084751e+002 4.061341e+002 3.859245e+003 1.175661e+002 3.998627e+002 6.504287e-002 1.312989e+000 2.326111e-002 4.724753e-001 2.082488e-002 6.558642e+000 6.018129e+000 5.262395e+000
<GCONST> 1.075741e+002
<MIXTURE> 2 4.694151e-001
<MEAN> 22
 2.737648e+000 1.077634e+001 1.436089e+000 4.377172e+000 1.435931e+001 2.196002e+002 9.089333e+001 1.660033e+002 5.634494e+001 1.150296e+002 1.857683e+002 7.939383e+001 1.122406e+002 7.967033e+001 6.856309e+000 2.349946e+000 6.065245e+000 3.173256e+000 5.918645e+000 1.710894e+000 2.293111e+000 3.312137e+000
<VARIANCE> 22
 2.293376e+001 1.619224e+002 1.045775e+001 2.751779e+001 7.653574e+002 2.651902e+003 4.199246e+002 1.478868e+003 1.245130e+002 5.294083e+002 9.725988e+002 1.107900e+003 2.227187e+002 3.618959e+002 7.687994e-001 3.362989e-001 2.939938e-001 6.977501e-001 1.839354e-001 6.544360e-001 6.235050e+000 5.391454e+000
<GCONST> 1.169224e+002
<STATE> 4
<NUMMIXES> 2
<MIXTURE> 1 7.119128e-001
<MEAN> 22
 1.463249e+001 2.157580e+000 5.224447e+000 1.054000e+000 1.388957e+002 1.774894e+001 1.322740e+002 9.767146e+001 9.866708e+001 5.530825e+001 1.194144e+002 1.951964e+002 9.622272e+001 1.155213e+002 3.077670e+000 5.000015e+000 3.708166e+000 5.857536e+000 3.797732e+000 5.987376e+000 3.354242e+000 2.384378e+000
<VARIANCE> 22
 2.862650e+002 1.077593e+001 4.227049e+001 2.164982e+000 8.170507e+003 6.272938e+002 2.479093e+003 2.077935e+002 8.031432e+002 7.852410e+001 4.195451e+003 3.198203e+002 4.941212e+002 1.195313e+002 6.966988e+000 1.793315e-002 8.645435e+000 1.221647e-001 3.548885e+000 5.618803e-002 5.911693e+000 6.248118e+000
<GCONST> 1.177053e+002
<MIXTURE> 2 2.880877e-001
<MEAN> 22
 6.681472e+000 7.382162e+000 2.932849e+000 3.061541e+000 7.342779e+001 3.665007e+001 9.482921e+001 4.933105e+001 8.426016e+001 5.731781e+001 8.210642e+001 1.083132e+002 9.333521e+001 1.022643e+002 2.558360e+000 3.198954e+000 3.962963e+000 5.541725e+000 3.565751e+000 3.002638e+000 2.906346e+000 2.842938e+000
<VARIANCE> 22
 1.021439e+002 1.829355e+002 2.475266e+001 2.322661e+001 3.161958e+003 1.182556e+003 3.531475e+003 5.806850e+002 4.038860e+002 1.232252e+002 2.128156e+003 1.111446e+003 4.462425e+002 1.134323e+002 3.202119e+000 1.572853e+000 6.728343e+000 3.022832e-001 1.383288e+000 8.273764e+000 6.359661e+000 6.463388e+000
<GCONST> 1.310951e+002
<TRANSP> 5
 0.000000e+000 1.000000e+000 0.000000e+000 0.000000e+000 0.000000e+000
 0.000000e+000 7.644554e-001 2.355446e-001 0.000000e+000 0.000000e+000
 0.000000e+000 0.000000e+000 9.439659e-001 5.603412e-002 0.000000e+000
 0.000000e+000 0.000000e+000 0.000000e+000 9.179308e-001 8.206918e-002
 0.000000e+000 0.000000e+000 0.000000e+000 0.000000e+000 0.000000e+000
<ENDHMM>
~h "VQ"
<BEGINHMM>
<NUMSTATES> 5
<STATE> 2
<NUMMIXES> 2
<MIXTURE> 1 1.882381e-001
<MEAN> 22
 2.110058e+001 2.930439e+001 1.362171e+001 1.480953e+001 5.188440e+001 1.181665e+002 7.482584e+001 9.287378e+001 6.721833e+001 6.476408e+001 1.348702e+002 7.547550e+001 9.830058e+001 9.416329e+001 4.122981e+000 2.929569e+000 5.699509e+000 4.640683e+000 5.019665e+000 2.586241e+000 2.868541e+000 3.257771e+000
<VARIANCE> 22
 5.498412e+003 4.084208e+003 4.329349e+003 2.784477e+003 5.943507e+003 4.894553e+003 1.235555e+003 1.287766e+003 2.798794e+002 2.470086e+002 3.069442e+003 1.969102e+003 7.013895e+002 3.442598e+002 8.939125e+000 1.037542e+000 3.231439e+000 9.915679e-001 2.236754e+000 3.574091e+000 6.550879e+000 4.825414e+000
<GCONST> 1.532081e+002
<MIXTURE> 2 8.117607e-001
<MEAN> 22
 1.167547e+001 2.838148e+000 4.096555e+000 1.301081e+000 1.072549e+002 2.147777e+001 1.016632e+002 7.236327e+001 7.865521e+001 5.480721e+001 8.214680e+001 1.603311e+002 9.686839e+001 1.099153e+002 2.357985e+000 4.247836e+000 3.444718e+000 5.715541e+000 3.255906e+000 4.929583e+000 3.533809e+000 2.479952e+000
<VARIANCE> 22
 2.036437e+002 1.738317e+001 3.030588e+001 4.605525e+000 5.702094e+003 4.083195e+002 2.465087e+003 1.016921e+003 3.441377e+002 6.284791e+001 2.960399e+003 2.038304e+003 3.677445e+002 1.293000e+002 3.937287e+000 1.645258e+000 8.911386e+000 2.035746e-001 2.326078e+000 5.252834e+000 5.920776e+000 5.927822e+000
<GCONST> 1.278282e+002
<STATE> 3
<NUMMIXES> 2
<MIXTURE> 1 5.119987e-001
<MEAN> 22
 2.621969e+000 1.979959e+001 8.502447e-001 5.795152e+000 9.079642e+000 1.028169e+002 9.881342e+001 9.552639e+001 6.012566e+001 7.203992e+001 2.001060e+002 1.191047e+002 1.196875e+002 1.053188e+002 6.997588e+000 3.741864e+000 6.122559e+000 5.038475e+000 5.998557e+000 4.012811e+000 2.168590e+000 3.843253e+000
<VARIANCE> 22
 2.254507e+001 3.273811e+002 3.300596e+000 5.402907e+001 1.279221e+002 7.158819e+003 4.299446e+002 1.994643e+003 8.837369e+001 3.617309e+002 7.897894e+002 3.172707e+003 2.594658e+002 2.594191e+002 6.504287e-002 1.310622e+000 1.075368e-001 1.057333e+000 2.082488e-002 5.499148e+000 6.169880e+000 4.876470e+000
<GCONST> 1.147373e+002
<MIXTURE> 2 4.880012e-001
<MEAN> 22
 1.135710e+000 6.062613e+000 7.124230e-001 3.012674e+000 1.003652e+001 1.642020e+002 8.413667e+001 1.148869e+002 5.274029e+001 7.435463e+001 1.791598e+002 4.563434e+001 1.073435e+002 8.147829e+001 6.943583e+000 2.387503e+000 6.050673e+000 4.091219e+000 5.961789e+000 1.754799e+000 1.684528e+000 3.481920e+000
<VARIANCE> 22
 4.801632e+000 3.764948e+001 3.300596e+000 1.372360e+001 6.358059e+002 1.479565e+003 1.825142e+002 7.182628e+002 5.983867e+001 2.012464e+002 4.156790e+002 4.139947e+002 8.769659e+001 2.410479e+002 2.966865e-001 2.822145e-001 1.497464e-001 6.670678e-001 1.172333e-001 3.433853e-001 5.429560e+000 6.171627e+000
<GCONST> 1.019082e+002
<STATE> 4
<NUMMIXES> 2
<MIXTURE> 1 9.011243e-001
<MEAN> 22
 1.041284e+001 2.898580e+000 3.885786e+000 1.188362e+000 9.588149e+001 2.348170e+001 1.053923e+002 9.443877e+001 7.505204e+001 5.367982e+001 1.078798e+002 1.928802e+002 1.003293e+002 1.143188e+002 3.261615e+000 4.999941e+000 4.281379e+000 5.861476e+000 3.896599e+000 5.995611e+000 3.497852e+000 2.446307e+000
<VARIANCE> 22
 1.650168e+002 2.295456e+001 3.043200e+001 3.821824e+000 5.251383e+003 9.934921e+002 9.788420e+002 2.016679e+002 4.322976e+002 6.393228e+001 4.804092e+003 3.085131e+002 3.979123e+002 1.139788e+002 7.740654e+000 1.793315e-002 8.730465e+000 1.193336e-001 3.561713e+000 5.618803e-002 5.867602e+000 6.122499e+000
<GCONST> 1.162867e+002
<MIXTURE> 2 9.887574e-002
<MEAN> 22
 2.867797e+000 5.293170e+000 1.395962e+000 1.990040e+000 3.982442e+002 3.099937e+002 4.155743e+001 3.975806e+001 2.734463e+001 2.877430e+001 5.796458e+001 3.823547e+001 4.293036e+001 4.244776e+001 1.955580e+000 1.351132e+000 2.231270e+000 2.051179e+000 1.877782e+000 1.114034e+000 1.098259e+000 1.773115e+000
<VARIANCE> 22
 6.889817e+001 1.417700e+002 1.278934e+001 2.017418e+001 5.028624e+004 2.209397e+004 2.942260e+003 2.721643e+003 1.040619e+003 1.164839e+003 6.537271e+003 3.093166e+003 2.623124e+003 2.524891e+003 8.266004e+000 2.901443e+000 8.845075e+000 5.977951e+000 6.262606e+000 3.394957e+000 4.082659e+000 6.310294e+000
<GCONST> 1.518849e+002
<TRANSP> 5
 0.000000e+000 1.000000e+000 0.000000e+000 0.000000e+000 0.000000e+000
 0.000000e+000 8.546579e-001 1.453421e-001 0.000000e+000 0.000000e+000
 0.000000e+000 0.000000e+000 9.443215e-001 5.567851e-002 0.000000e+000
 0.000000e+000 0.000000e+000 0.000000e+000 8.855186e-001 1.144814e-001
 0.000000e+000 0.000000e+000 0.000000e+000 0.000000e+000 0.000000e+000
<ENDHMM>
~h "SIL"
<BEGINHMM>
<NUMSTATES> 5
<STATE> 2
<NUMMIXES> 2
<MIXTURE> 1 1.632026e-001
<MEAN> 22
 4.887677e+002 4.126201e+002 4.445985e+002 3.563242e+002 9.033924e-001 1.275169e+000 3.974967e+001 3.904111e+001 2.810728e+001 2.658739e+001 7.779825e+001 7.477966e+001 4.939758e+001 4.866825e+001 2.759275e+000 1.996709e+000 2.644425e+000 2.531931e+000 2.486046e+000 2.338027e+000 4.662610e+000 4.659647e+000
<VARIANCE> 22
 6.817565e+003 4.231766e+003 4.791580e+003 3.430302e+003 6.664535e+001 1.569937e+002 2.349044e+003 2.294765e+003 1.092003e+003 1.015184e+003 8.569194e+003 8.150944e+003 3.232470e+003 3.133741e+003 1.121287e+001 5.748030e+000 9.253971e+000 8.409396e+000 8.300691e+000 8.449306e+000 4.036161e+000 4.069654e+000
<GCONST> 1.626627e+002
<MIXTURE> 2 8.367975e-001
<MEAN> 22
 0.000000e+000 0.000000e+000 0.000000e+000 0.000000e+000 3.661407e+001 2.963478e+001 0.000000e+000 0.000000e+000 0.000000e+000 0.000000e+000 0.000000e+000 0.000000e+000 0.000000e+000 0.000000e+000 0.000000e+000 0.000000e+000 0.000000e+000 0.000000e+000 0.000000e+000 0.000000e+000 0.000000e+000 0.000000e+000
<VARIANCE> 22
 4.801632e+000 4.063125e+000 3.300596e+000 2.164982e+000 1.817521e+004 1.195250e+004 9.838196e+000 1.115232e+001 2.936353e+000 3.516743e+000 3.745900e+001 4.440890e+001 4.184655e+000 3.870682e+000 6.504287e-002 1.793315e-002 2.326111e-002 1.170389e-002 2.082488e-002 5.618803e-002 6.153807e-002 6.060927e-002
<GCONST> 5.449671e+001
<STATE> 3
<NUMMIXES> 2
<MIXTURE> 1 7.654768e-001
<MEAN> 22
 1.423448e+000 1.836908e+000 6.033795e-001 7.602959e-001 7.912859e+000 9.821904e+000 1.002647e+002 9.733092e+001 6.319555e+001 5.912672e+001 1.972713e+002 1.953661e+002 1.179235e+002 1.168223e+002 6.999711e+000 5.000000e+000 6.111989e+000 5.905716e+000 6.001790e+000 6.000003e+000 2.002182e+000 2.020940e+000
<VARIANCE> 22
 4.910287e+000 7.049047e+000 3.300596e+000 2.164982e+000 6.790891e+001 1.189915e+002 2.879464e+002 2.118897e+002 9.310552e+001 7.657042e+001 4.638203e+002 3.729854e+002 1.619473e+002 1.242002e+002 6.504287e-002 1.793315e-002 9.940448e-002 8.531671e-002 2.082488e-002 5.618803e-002 5.636000e+000 5.627556e+000
<GCONST> 8.198467e+001
<MIXTURE> 2 2.345294e-001
<MEAN> 22
 8.461194e+000 1.078271e+001 2.159117e+000 2.726526e+000 5.163133e+001 5.865526e+001 8.622201e+001 8.201951e+001 7.071044e+001 6.477473e+001 1.528460e+002 1.477365e+002 1.119800e+002 1.113353e+002 4.725258e+000 4.132848e+000 5.964782e+000 5.550844e+000 5.112034e+000 4.632960e+000 2.403074e+000 2.435478e+000
<VARIANCE> 22
 1.727381e+002 2.087265e+002 1.407488e+001 1.548502e+001 2.777937e+003 2.800919e+003 1.668695e+003 1.330598e+003 2.803003e+002 2.039682e+002 4.379939e+003 4.094094e+003 5.677588e+002 3.066563e+002 8.281808e+000 1.623150e+000 2.082565e+000 4.805448e-001 1.956699e+000 5.846025e+000 5.255530e+000 4.791095e+000
<GCONST> 1.347763e+002
<STATE> 4
<NUMMIXES> 2
<MIXTURE> 1 2.386344e-001
<MEAN> 22
 5.725698e-001 1.107102e+000 2.796006e-001 6.311867e-001 3.994371e+000 4.114687e+000 1.063580e+002 1.138344e+002 6.400935e+001 6.617653e+001 2.298500e+002 2.341249e+002 1.356282e+002 1.380076e+002 7.000000e+000 5.000000e+000 6.000166e+000 5.997341e+000 6.000000e+000 6.000000e+000 9.869201e-001 1.469371e+000
<VARIANCE> 22
 4.801632e+000 5.131952e+000 3.300596e+000 2.200789e+000 4.956259e+001 5.429972e+001 1.160949e+001 1.302229e+001 3.900906e+000 7.077658e+000 3.745900e+001 4.440890e+001 6.536451e+000 7.652629e+000 6.504287e-002 1.793315e-002 2.326111e-002 1.170389e-002 2.082488e-002 5.618803e-002 3.579438e+000 4.663279e+000
<GCONST> 5.428583e+001
<MIXTURE> 2 7.613679e-001
<MEAN> 22
 1.021454e+000 1.608188e+000 3.989806e-001 6.258090e-001 4.850506e+000 6.041796e+000 8.666908e+001 8.620245e+001 5.625381e+001 5.498506e+001 1.822329e+002 1.818730e+002 1.105057e+002 1.100362e+002 6.990079e+000 4.994117e+000 6.006976e+000 5.976748e+000 5.996562e+000 5.992704e+000 1.767323e+000 1.902596e+000
<VARIANCE> 22
 4.801632e+000 1.131114e+001 3.300596e+000 2.164982e+000 7.111747e+001 8.348576e+001 5.040023e+001 5.357993e+001 2.208414e+001 4.104077e+001 1.105163e+002 1.287703e+002 3.360149e+001 3.774830e+001 6.504287e-002 1.793315e-002 2.326111e-002 2.438260e-002 2.082488e-002 5.618803e-002 5.365221e+000 5.871220e+000
<GCONST> 6.897353e+001
<TRANSP> 5
 0.000000e+000 1.000000e+000 0.000000e+000 0.000000e+000 0.000000e+000
 0.000000e+000 9.079619e-001 9.203805e-002 0.000000e+000 0.000000e+000
 0.000000e+000 0.000000e+000 9.973122e-001 2.687749e-003 0.000000e+000
 0.000000e+000 0.000000e+000 0.000000e+000 9.924462e-001 7.553836e-003
 0.000000e+000 0.000000e+000 0.000000e+000 0.000000e+000 0.000000e+000
<ENDHMM>
