~o
<STREAMINFO> 1 22
<VECSIZE> 22<NULLD><MFCC_0><DIAGC>
~h "SIL"
<BEGINHMM>
<NUMSTATES> 5
<STATE> 2
<NUMMIXES> 2
<MIXTURE> 1 5.000000e-01
<MEAN> 22
 1.000877e+01 1.142837e+01 5.730708e+00 5.415712e+00 5.648790e+01 7.500215e+01 9.718052e+01 9.617490e+01 6.820213e+01 6.823861e+01 1.734538e+02 1.589880e+02 1.147980e+02 1.123840e+02 5.991541e+00 4.338173e+00 6.061321e+00 5.640524e+00 5.563539e+00 4.976227e+00 2.823024e+00 3.079520e+00
<VARIANCE> 22
 4.801635e+02 4.063120e+02 3.300595e+02 2.164982e+02 4.956268e+03 5.429985e+03 9.837579e+02 1.115179e+03 2.936362e+02 3.515820e+02 3.745738e+03 4.440754e+03 4.183320e+02 3.870127e+02 6.504288e+00 1.793316e+00 2.326111e+00 1.170389e+00 2.082489e+00 5.618803e+00 6.153808e+00 6.060927e+00
<GCONST> 1.445108e+02
<MIXTURE> 2 5.000000e-01
<MEAN> 22
 1.243720e+00 3.365496e+00 -1.536308e+00 -4.698384e-01 2.832759e+01 4.552678e+01 8.463456e+01 8.281718e+01 6.134780e+01 6.073840e+01 1.489728e+02 1.323324e+02 1.066168e+02 1.045150e+02 4.971401e+00 3.802515e+00 5.451257e+00 5.207786e+00 4.986305e+00 4.028067e+00 1.830750e+00 2.094762e+00
<VARIANCE> 22
 4.801635e+02 4.063120e+02 3.300595e+02 2.164982e+02 4.956268e+03 5.429985e+03 9.837579e+02 1.115179e+03 2.936362e+02 3.515820e+02 3.745738e+03 4.440754e+03 4.183320e+02 3.870127e+02 6.504288e+00 1.793316e+00 2.326111e+00 1.170389e+00 2.082489e+00 5.618803e+00 6.153808e+00 6.060927e+00
<GCONST> 1.445108e+02
<STATE> 3
<NUMMIXES> 2
<MIXTURE> 1 5.000000e-01
<MEAN> 22
 1.000877e+01 1.142837e+01 5.730708e+00 5.415712e+00 5.648790e+01 7.500215e+01 9.718052e+01 9.617490e+01 6.820213e+01 6.823861e+01 1.734538e+02 1.589880e+02 1.147980e+02 1.123840e+02 5.991541e+00 4.338173e+00 6.061321e+00 5.640524e+00 5.563539e+00 4.976227e+00 2.823024e+00 3.079520e+00
<VARIANCE> 22
 4.801635e+02 4.063120e+02 3.300595e+02 2.164982e+02 4.956268e+03 5.429985e+03 9.837579e+02 1.115179e+03 2.936362e+02 3.515820e+02 3.745738e+03 4.440754e+03 4.183320e+02 3.870127e+02 6.504288e+00 1.793316e+00 2.326111e+00 1.170389e+00 2.082489e+00 5.618803e+00 6.153808e+00 6.060927e+00
<GCONST> 1.445108e+02
<MIXTURE> 2 5.000000e-01
<MEAN> 22
 1.243720e+00 3.365496e+00 -1.536308e+00 -4.698384e-01 2.832759e+01 4.552678e+01 8.463456e+01 8.281718e+01 6.134780e+01 6.073840e+01 1.489728e+02 1.323324e+02 1.066168e+02 1.045150e+02 4.971401e+00 3.802515e+00 5.451257e+00 5.207786e+00 4.986305e+00 4.028067e+00 1.830750e+00 2.094762e+00
<VARIANCE> 22
 4.801635e+02 4.063120e+02 3.300595e+02 2.164982e+02 4.956268e+03 5.429985e+03 9.837579e+02 1.115179e+03 2.936362e+02 3.515820e+02 3.745738e+03 4.440754e+03 4.183320e+02 3.870127e+02 6.504288e+00 1.793316e+00 2.326111e+00 1.170389e+00 2.082489e+00 5.618803e+00 6.153808e+00 6.060927e+00
<GCONST> 1.445108e+02
<STATE> 4
<NUMMIXES> 2
<MIXTURE> 1 5.000000e-01
<MEAN> 22
 1.000877e+01 1.142837e+01 5.730708e+00 5.415712e+00 5.648790e+01 7.500215e+01 9.718052e+01 9.617490e+01 6.820213e+01 6.823861e+01 1.734538e+02 1.589880e+02 1.147980e+02 1.123840e+02 5.991541e+00 4.338173e+00 6.061321e+00 5.640524e+00 5.563539e+00 4.976227e+00 2.823024e+00 3.079520e+00
<VARIANCE> 22
 4.801635e+02 4.063120e+02 3.300595e+02 2.164982e+02 4.956268e+03 5.429985e+03 9.837579e+02 1.115179e+03 2.936362e+02 3.515820e+02 3.745738e+03 4.440754e+03 4.183320e+02 3.870127e+02 6.504288e+00 1.793316e+00 2.326111e+00 1.170389e+00 2.082489e+00 5.618803e+00 6.153808e+00 6.060927e+00
<GCONST> 1.445108e+02
<MIXTURE> 2 5.000000e-01
<MEAN> 22
 1.243720e+00 3.365496e+00 -1.536308e+00 -4.698384e-01 2.832759e+01 4.552678e+01 8.463456e+01 8.281718e+01 6.134780e+01 6.073840e+01 1.489728e+02 1.323324e+02 1.066168e+02 1.045150e+02 4.971401e+00 3.802515e+00 5.451257e+00 5.207786e+00 4.986305e+00 4.028067e+00 1.830750e+00 2.094762e+00
<VARIANCE> 22
 4.801635e+02 4.063120e+02 3.300595e+02 2.164982e+02 4.956268e+03 5.429985e+03 9.837579e+02 1.115179e+03 2.936362e+02 3.515820e+02 3.745738e+03 4.440754e+03 4.183320e+02 3.870127e+02 6.504288e+00 1.793316e+00 2.326111e+00 1.170389e+00 2.082489e+00 5.618803e+00 6.153808e+00 6.060927e+00
<GCONST> 1.445108e+02
<TRANSP> 5
 0.000000e+00 1.000000e+00 0.000000e+00 0.000000e+00 0.000000e+00
 0.000000e+00 4.800000e-01 3.200000e-01 2.000000e-01 0.000000e+00
 0.000000e+00 0.000000e+00 6.000000e-01 4.000000e-01 0.000000e+00
 0.000000e+00 2.000000e-01 0.000000e+00 5.600000e-01 2.400000e-01
 0.000000e+00 0.000000e+00 0.000000e+00 0.000000e+00 0.000000e+00
<ENDHMM>
~h "oov"
<BEGINHMM>
<NUMSTATES> 5
<STATE> 2
<NUMMIXES> 2
<MIXTURE> 1 5.000000e-01
<MEAN> 22
 3.175706e+01 2.850614e+01 2.453858e+01 2.002435e+01 1.347101e+02 1.281684e+02 9.610242e+01 8.969308e+01 6.989003e+01 6.597713e+01 1.369519e+02 1.234168e+02 1.004391e+02 9.937498e+01 4.383679e+00 3.479864e+00 4.975515e+00 4.836142e+00 4.462102e+00 3.753823e+00 2.773888e+00 2.890964e+00
<VARIANCE> 22
 5.041949e+03 3.658509e+03 4.091696e+03 2.625947e+03 2.215469e+04 1.401094e+04 2.911955e+03 2.447521e+03 1.282822e+03 1.069812e+03 6.571850e+03 6.193266e+03 1.971382e+03 1.804828e+03 9.390668e+00 3.348432e+00 7.564680e+00 4.601829e+00 5.373100e+00 7.263491e+00 6.240549e+00 5.986971e+00
<GCONST> 1.697080e+02
<MIXTURE> 2 5.000000e-01
<MEAN> 22
 3.354383e+00 4.311897e+00 -1.047964e+00 -4.732437e-01 7.517229e+01 8.082123e+01 7.451741e+01 6.990411e+01 5.556343e+01 5.289394e+01 1.045251e+02 9.193784e+01 8.267899e+01 8.238168e+01 3.157911e+00 2.747916e+00 3.875357e+00 3.978066e+00 3.534904e+00 2.675789e+00 1.774644e+00 1.912232e+00
<VARIANCE> 22
 5.041949e+03 3.658509e+03 4.091696e+03 2.625947e+03 2.215469e+04 1.401094e+04 2.911955e+03 2.447521e+03 1.282822e+03 1.069812e+03 6.571850e+03 6.193266e+03 1.971382e+03 1.804828e+03 9.390668e+00 3.348432e+00 7.564680e+00 4.601829e+00 5.373100e+00 7.263491e+00 6.240549e+00 5.986971e+00
<GCONST> 1.697080e+02
<STATE> 3
<NUMMIXES> 2
<MIXTURE> 1 5.000000e-01
<MEAN> 22
 8.997600e+00 1.193954e+01 2.343949e+00 3.255043e+00 7.689606e+01 1.132435e+02 9.269617e+01 9.568878e+01 7.135471e+01 7.403752e+01 1.455835e+02 1.186185e+02 1.101880e+02 1.068026e+02 4.824098e+00 3.577018e+00 5.956809e+00 5.373323e+00 5.059308e+00 3.652538e+00 3.068862e+00 3.382488e+00
<VARIANCE> 22
 1.324291e+02 1.866571e+02 9.551685e+00 1.501914e+01 4.584333e+03 5.282205e+03 1.224190e+03 1.635896e+03 3.098214e+02 4.356081e+02 4.283635e+03 4.078243e+03 2.634731e+02 2.461292e+02 8.213260e+00 1.800716e+00 3.298141e+00 1.236827e+00 2.568037e+00 6.584944e+00 6.360190e+00 5.951393e+00
<GCONST> 1.371571e+02
<MIXTURE> 2 5.000000e-01
<MEAN> 22
 4.394486e+00 6.474635e+00 1.107717e+00 1.704861e+00 4.981298e+01 8.417194e+01 7.870079e+01 7.951030e+01 6.431401e+01 6.568903e+01 1.194037e+02 9.307407e+01 1.036952e+02 1.005272e+02 3.677747e+00 3.040255e+00 5.230377e+00 4.928473e+00 4.418304e+00 2.626092e+00 2.060086e+00 2.406668e+00
<VARIANCE> 22
 1.324291e+02 1.866571e+02 9.551685e+00 1.501914e+01 4.584333e+03 5.282205e+03 1.224190e+03 1.635896e+03 3.098214e+02 4.356081e+02 4.283635e+03 4.078243e+03 2.634731e+02 2.461292e+02 8.213260e+00 1.800716e+00 3.298141e+00 1.236827e+00 2.568037e+00 6.584944e+00 6.360190e+00 5.951393e+00
<GCONST> 1.371571e+02
<STATE> 4
<NUMMIXES> 2
<MIXTURE> 1 5.000000e-01
<MEAN> 22
 4.387392e+00 6.417480e+00 1.344191e+00 1.878093e+00 2.445803e+01 3.304830e+01 9.996557e+01 9.680341e+01 6.500023e+01 6.359121e+01 1.959418e+02 1.895815e+02 1.192248e+02 1.173332e+02 6.933468e+00 4.921216e+00 6.208458e+00 5.885298e+00 5.996342e+00 5.962937e+00 2.642024e+00 2.875154e+00
<VARIANCE> 22
 4.327168e+01 7.274403e+01 3.700677e+00 5.838526e+00 1.202667e+03 1.644992e+03 4.734455e+02 5.047756e+02 1.246323e+02 1.474520e+02 1.322281e+03 1.803742e+03 2.117579e+02 1.879835e+02 1.934031e+00 4.815638e-01 4.575954e-01 2.869363e-01 4.352409e-01 1.547739e+00 5.905519e+00 6.044801e+00
<GCONST> 1.146167e+02
<MIXTURE> 2 5.000000e-01
<MEAN> 22
 1.756144e+00 3.005875e+00 5.747054e-01 9.115711e-01 1.058623e+01 1.682490e+01 9.126205e+01 8.781651e+01 6.053467e+01 5.873401e+01 1.813966e+02 1.725933e+02 1.134040e+02 1.118490e+02 6.377190e+00 4.643637e+00 5.937875e+00 5.671032e+00 5.732450e+00 5.465304e+00 1.669973e+00 1.891707e+00
<VARIANCE> 22
 4.327168e+01 7.274403e+01 3.700677e+00 5.838526e+00 1.202667e+03 1.644992e+03 4.734455e+02 5.047756e+02 1.246323e+02 1.474520e+02 1.322281e+03 1.803742e+03 2.117579e+02 1.879835e+02 1.934031e+00 4.815638e-01 4.575954e-01 2.869363e-01 4.352409e-01 1.547739e+00 5.905519e+00 6.044801e+00
<GCONST> 1.146167e+02
<TRANSP> 5
 0.000000e+00 1.000000e+00 0.000000e+00 0.000000e+00 0.000000e+00
 0.000000e+00 3.846128e-01 6.153872e-01 0.000000e+00 0.000000e+00
 0.000000e+00 0.000000e+00 8.800726e-01 1.199274e-01 0.000000e+00
 0.000000e+00 0.000000e+00 0.000000e+00 9.099458e-01 9.005421e-02
 0.000000e+00 0.000000e+00 0.000000e+00 0.000000e+00 0.000000e+00
<ENDHMM>
