~o
<STREAMINFO> 1 39
<VECSIZE> 39<NULLD><MFCC_D_A_C_K_0><DIAGC>
~h "prototype"
<BEGINHMM>
<NUMSTATES> 5
<STATE> 2
<MEAN> 39
 -1.350391e+001 -9.281034e+000 -1.127564e+001 -1.294107e+001 -1.038997e+001 -1.678149e+001 -1.111320e+001 -1.002678e+001 -5.611834e+000 -3.764410e+000 -5.685925e+000 -1.699908e+000 6.138733e+001 -4.245354e-004 -8.708833e-004 -1.001634e-003 -1.189545e-003 -1.874115e-004 -4.168927e-005 -3.160571e-004 -2.508454e-004 -1.628208e-004 -3.734785e-004 -8.489530e-004 -3.481860e-004 2.758153e-003 1.195701e-004 2.161965e-004 2.169940e-004 2.887562e-004 1.494151e-004 2.632602e-004 1.636636e-004 2.307703e-004 1.552107e-004 2.274978e-004 1.875826e-004 1.628902e-004 -9.744109e-004
<VARIANCE> 39
 2.891879e+001 2.331138e+001 3.189339e+001 3.293488e+001 4.104090e+001 4.170790e+001 4.302997e+001 4.823368e+001 4.669492e+001 3.779919e+001 4.408801e+001 3.257713e+001 4.729063e+001 9.011649e-001 9.374315e-001 1.282067e+000 1.556867e+000 2.018185e+000 2.228012e+000 2.493457e+000 2.793359e+000 2.746099e+000 2.603061e+000 2.483267e+000 2.163988e+000 7.618905e-001 1.334818e-001 1.526758e-001 2.149805e-001 2.768943e-001 3.584138e-001 4.098767e-001 4.656521e-001 5.267835e-001 5.254804e-001 5.042570e-001 4.766173e-001 4.236101e-001 9.741041e-002
<GCONST> 1.108812e+002
<STATE> 3
<MEAN> 39
 -1.350391e+001 -9.281034e+000 -1.127564e+001 -1.294107e+001 -1.038997e+001 -1.678149e+001 -1.111320e+001 -1.002678e+001 -5.611834e+000 -3.764410e+000 -5.685925e+000 -1.699908e+000 6.138733e+001 -4.245354e-004 -8.708833e-004 -1.001634e-003 -1.189545e-003 -1.874115e-004 -4.168927e-005 -3.160571e-004 -2.508454e-004 -1.628208e-004 -3.734785e-004 -8.489530e-004 -3.481860e-004 2.758153e-003 1.195701e-004 2.161965e-004 2.169940e-004 2.887562e-004 1.494151e-004 2.632602e-004 1.636636e-004 2.307703e-004 1.552107e-004 2.274978e-004 1.875826e-004 1.628902e-004 -9.744109e-004
<VARIANCE> 39
 2.891879e+001 2.331138e+001 3.189339e+001 3.293488e+001 4.104090e+001 4.170790e+001 4.302997e+001 4.823368e+001 4.669492e+001 3.779919e+001 4.408801e+001 3.257713e+001 4.729063e+001 9.011649e-001 9.374315e-001 1.282067e+000 1.556867e+000 2.018185e+000 2.228012e+000 2.493457e+000 2.793359e+000 2.746099e+000 2.603061e+000 2.483267e+000 2.163988e+000 7.618905e-001 1.334818e-001 1.526758e-001 2.149805e-001 2.768943e-001 3.584138e-001 4.098767e-001 4.656521e-001 5.267835e-001 5.254804e-001 5.042570e-001 4.766173e-001 4.236101e-001 9.741041e-002
<GCONST> 1.108812e+002
<STATE> 4
<MEAN> 39
 -1.350391e+001 -9.281034e+000 -1.127564e+001 -1.294107e+001 -1.038997e+001 -1.678149e+001 -1.111320e+001 -1.002678e+001 -5.611834e+000 -3.764410e+000 -5.685925e+000 -1.699908e+000 6.138733e+001 -4.245354e-004 -8.708833e-004 -1.001634e-003 -1.189545e-003 -1.874115e-004 -4.168927e-005 -3.160571e-004 -2.508454e-004 -1.628208e-004 -3.734785e-004 -8.489530e-004 -3.481860e-004 2.758153e-003 1.195701e-004 2.161965e-004 2.169940e-004 2.887562e-004 1.494151e-004 2.632602e-004 1.636636e-004 2.307703e-004 1.552107e-004 2.274978e-004 1.875826e-004 1.628902e-004 -9.744109e-004
<VARIANCE> 39
 2.891879e+001 2.331138e+001 3.189339e+001 3.293488e+001 4.104090e+001 4.170790e+001 4.302997e+001 4.823368e+001 4.669492e+001 3.779919e+001 4.408801e+001 3.257713e+001 4.729063e+001 9.011649e-001 9.374315e-001 1.282067e+000 1.556867e+000 2.018185e+000 2.228012e+000 2.493457e+000 2.793359e+000 2.746099e+000 2.603061e+000 2.483267e+000 2.163988e+000 7.618905e-001 1.334818e-001 1.526758e-001 2.149805e-001 2.768943e-001 3.584138e-001 4.098767e-001 4.656521e-001 5.267835e-001 5.254804e-001 5.042570e-001 4.766173e-001 4.236101e-001 9.741041e-002
<GCONST> 1.108812e+002
<TRANSP> 5
 0.000000e+000 1.000000e+000 0.000000e+000 0.000000e+000 0.000000e+000
 0.000000e+000 6.000000e-001 4.000000e-001 0.000000e+000 0.000000e+000
 0.000000e+000 0.000000e+000 6.000000e-001 4.000000e-001 0.000000e+000
 0.000000e+000 0.000000e+000 0.000000e+000 7.000000e-001 3.000000e-001
 0.000000e+000 0.000000e+000 0.000000e+000 0.000000e+000 0.000000e+000
<ENDHMM>
