~o
<STREAMINFO> 1 22
<VECSIZE> 22<NULLD><MFCC_0><DIAGC>
~h "SIL"
<BEGINHMM>
<NUMSTATES> 5
<STATE> 2
<MEAN> 22
 5.626247e+00 7.396932e+00 2.097200e+00 2.472937e+00 4.240775e+01 6.026446e+01 9.090754e+01 8.949604e+01 6.477496e+01 6.448850e+01 1.612133e+02 1.456602e+02 1.107074e+02 1.084495e+02 5.481471e+00 4.070344e+00 5.756289e+00 5.424155e+00 5.274922e+00 4.502147e+00 2.326887e+00 2.587141e+00
<VARIANCE> 22
 4.801635e+02 4.063120e+02 3.300595e+02 2.164982e+02 4.956268e+03 5.429985e+03 9.837579e+02 1.115179e+03 2.936362e+02 3.515820e+02 3.745738e+03 4.440754e+03 4.183320e+02 3.870127e+02 6.504288e+00 1.793316e+00 2.326111e+00 1.170389e+00 2.082489e+00 5.618803e+00 6.153808e+00 6.060927e+00
<GCONST> 1.445108e+02
<STATE> 3
<MEAN> 22
 5.626247e+00 7.396932e+00 2.097200e+00 2.472937e+00 4.240775e+01 6.026446e+01 9.090754e+01 8.949604e+01 6.477496e+01 6.448850e+01 1.612133e+02 1.456602e+02 1.107074e+02 1.084495e+02 5.481471e+00 4.070344e+00 5.756289e+00 5.424155e+00 5.274922e+00 4.502147e+00 2.326887e+00 2.587141e+00
<VARIANCE> 22
 4.801635e+02 4.063120e+02 3.300595e+02 2.164982e+02 4.956268e+03 5.429985e+03 9.837579e+02 1.115179e+03 2.936362e+02 3.515820e+02 3.745738e+03 4.440754e+03 4.183320e+02 3.870127e+02 6.504288e+00 1.793316e+00 2.326111e+00 1.170389e+00 2.082489e+00 5.618803e+00 6.153808e+00 6.060927e+00
<GCONST> 1.445108e+02
<STATE> 4
<MEAN> 22
 5.626247e+00 7.396932e+00 2.097200e+00 2.472937e+00 4.240775e+01 6.026446e+01 9.090754e+01 8.949604e+01 6.477496e+01 6.448850e+01 1.612133e+02 1.456602e+02 1.107074e+02 1.084495e+02 5.481471e+00 4.070344e+00 5.756289e+00 5.424155e+00 5.274922e+00 4.502147e+00 2.326887e+00 2.587141e+00
<VARIANCE> 22
 4.801635e+02 4.063120e+02 3.300595e+02 2.164982e+02 4.956268e+03 5.429985e+03 9.837579e+02 1.115179e+03 2.936362e+02 3.515820e+02 3.745738e+03 4.440754e+03 4.183320e+02 3.870127e+02 6.504288e+00 1.793316e+00 2.326111e+00 1.170389e+00 2.082489e+00 5.618803e+00 6.153808e+00 6.060927e+00
<GCONST> 1.445108e+02
<TRANSP> 5
 0.000000e+00 1.000000e+00 0.000000e+00 0.000000e+00 0.000000e+00
 0.000000e+00 4.800000e-01 3.200000e-01 2.000000e-01 0.000000e+00
 0.000000e+00 0.000000e+00 6.000000e-01 4.000000e-01 0.000000e+00
 0.000000e+00 2.000000e-01 0.000000e+00 5.600000e-01 2.400000e-01
 0.000000e+00 0.000000e+00 0.000000e+00 0.000000e+00 0.000000e+00
<ENDHMM>
~h "oov"
<BEGINHMM>
<NUMSTATES> 5
<STATE> 2
<MEAN> 22
 1.762541e+01 1.668755e+01 1.189199e+01 9.963461e+00 1.031839e+02 1.060963e+02 8.369396e+01 7.937025e+01 6.154327e+01 5.937923e+01 1.212224e+02 1.058737e+02 9.138539e+01 9.022606e+01 3.810837e+00 3.078897e+00 4.473588e+00 4.377565e+00 4.020430e+00 3.166987e+00 2.250371e+00 2.402208e+00
<VARIANCE> 22
 5.149732e+03 3.735921e+03 4.182360e+03 2.684787e+03 2.237248e+04 1.415503e+04 2.813719e+03 2.475729e+03 1.234742e+03 1.089367e+03 6.626121e+03 6.131105e+03 1.991891e+03 1.822563e+03 9.473624e+00 3.352065e+00 7.483321e+00 4.660128e+00 5.424479e+00 7.245716e+00 6.216227e+00 5.994721e+00
<GCONST> 1.698056e+02
<STATE> 3
<MEAN> 22
 6.740102e+00 9.163420e+00 1.744387e+00 2.472390e+00 6.397073e+01 9.845628e+01 8.600584e+01 8.768730e+01 6.805798e+01 6.982571e+01 1.322793e+02 1.062098e+02 1.068996e+02 1.037376e+02 4.238104e+00 3.313866e+00 5.579072e+00 5.153183e+00 4.729386e+00 3.146962e+00 2.569305e+00 2.890673e+00
<VARIANCE> 22
 1.337063e+02 1.859577e+02 9.791797e+00 1.497670e+01 4.654968e+03 5.295292e+03 1.251185e+03 1.633630e+03 3.210001e+02 4.350646e+02 4.287504e+03 4.106141e+03 2.674645e+02 2.472715e+02 8.213583e+00 1.808065e+00 3.358985e+00 1.235363e+00 2.579164e+00 6.593158e+00 6.359571e+00 5.949308e+00
<GCONST> 1.373111e+02
<STATE> 4
<MEAN> 22
 3.068683e+00 4.732835e+00 9.578162e-01 1.398454e+00 1.750116e+01 2.500028e+01 9.560181e+01 9.227494e+01 6.275655e+01 6.117369e+01 1.886652e+02 1.810006e+02 1.163110e+02 1.145764e+02 6.655778e+00 4.781121e+00 6.073044e+00 5.777559e+00 5.864365e+00 5.712697e+00 2.155370e+00 2.385164e+00
<VARIANCE> 22
 4.318902e+01 7.340553e+01 3.675812e+00 5.865007e+00 1.201575e+03 1.646840e+03 4.729752e+02 5.058258e+02 1.244442e+02 1.477249e+02 1.321281e+03 1.808502e+03 2.114359e+02 1.880195e+02 1.932194e+00 4.825605e-01 4.570899e-01 2.869225e-01 4.347860e-01 1.551961e+00 5.907906e+00 6.040531e+00
<GCONST> 1.146252e+02
<TRANSP> 5
 0.000000e+00 1.000000e+00 0.000000e+00 0.000000e+00 0.000000e+00
 0.000000e+00 3.705324e-01 6.294676e-01 0.000000e+00 0.000000e+00
 0.000000e+00 0.000000e+00 8.804308e-01 1.195692e-01 0.000000e+00
 0.000000e+00 0.000000e+00 0.000000e+00 9.100376e-01 8.996235e-02
 0.000000e+00 0.000000e+00 0.000000e+00 0.000000e+00 0.000000e+00
<ENDHMM>
