~h "oov"
<BEGINHMM>
<NUMSTATES> 5
<STATE> 2
<NUMMIXES> 10
<MIXTURE> 1 1.679764e-02
<MEAN> 22
 1.185439e+02 1.072891e+02 1.033776e+02 8.554919e+01 3.258187e+02 2.606022e+02 1.067391e+02 9.756786e+01 6.406261e+01 7.211692e+01 2.053246e+02 1.462522e+02 1.172989e+02 1.125904e+02 6.993972e+00 4.065269e+00 6.202936e+00 5.287606e+00 6.001958e+00 4.390850e+00 3.494517e+00 3.782084e+00
<VARIANCE> 22
 4.364693e+04 2.847631e+04 3.531994e+04 2.215159e+04 7.214853e+04 3.504037e+04 2.732426e+02 9.731732e+02 5.215271e+01 2.634795e+02 4.029783e+02 4.515958e+03 1.474092e+02 2.304663e+02 6.504288e-02 1.509469e+00 1.617540e-01 8.540914e-01 2.082489e-02 5.730317e+00 8.771043e+00 7.718253e+00
<GCONST> 1.481581e+02
<MIXTURE> 2 9.446606e-02
<MEAN> 22
 1.411829e+01 1.497393e+01 2.163130e+00 2.340334e+00 1.609231e+02 1.588871e+02 8.524712e+01 8.458084e+01 7.171974e+01 7.042864e+01 5.041273e+01 5.111692e+01 1.072014e+02 1.094473e+02 1.941232e+00 2.116680e+00 5.168591e+00 5.432692e+00 3.118923e+00 9.816000e-01 3.052457e+00 2.964992e+00
<VARIANCE> 22
 2.779258e+02 3.309544e+02 8.202505e+00 9.157751e+00 2.047761e+03 1.430854e+03 7.282225e+02 8.122228e+02 1.275225e+02 1.391599e+02 5.381140e+02 5.300848e+02 3.070251e+02 2.332610e+02 3.225026e-01 3.235216e-01 4.263373e+00 1.264947e+00 3.554009e-01 3.923061e-01 5.275357e+00 5.643181e+00
<GCONST> 1.187349e+02
<MIXTURE> 3 1.650867e-01
<MEAN> 22
 1.232216e+01 8.207554e+00 3.120044e+00 2.070279e+00 1.001676e+02 5.518605e+01 8.792651e+01 8.328014e+01 7.889440e+01 6.317047e+01 1.116512e+02 1.542101e+02 1.046434e+02 1.090076e+02 1.803159e+00 4.340270e+00 5.392765e+00 5.484899e+00 3.966234e+00 5.312493e+00 3.195168e+00 2.794055e+00
<VARIANCE> 22
 1.909377e+02 1.174361e+02 1.704278e+01 9.154112e+00 3.664255e+03 2.174055e+03 2.204313e+03 1.384165e+03 4.080973e+02 1.947806e+02 2.758047e+03 1.829113e+03 2.898431e+02 1.700395e+02 5.486402e+00 7.344616e-01 5.839670e+00 3.483318e-01 4.122759e+00 2.864768e+00 5.380404e+00 6.043023e+00
<GCONST> 1.318998e+02
<MIXTURE> 4 2.735202e-02
<MEAN> 22
 0.000000e+00 -1.504633e-36 0.000000e+00 0.000000e+00 5.109982e+02 3.967704e+02 0.000000e+00 0.000000e+00 0.000000e+00 0.000000e+00 0.000000e+00 0.000000e+00 0.000000e+00 0.000000e+00 0.000000e+00 0.000000e+00 0.000000e+00 0.000000e+00 0.000000e+00 0.000000e+00 0.000000e+00 0.000000e+00
<VARIANCE> 22
 4.801635e+00 4.063120e+00 3.300595e+00 2.164982e+00 2.672961e+03 1.681280e+03 9.837578e+00 1.115179e+01 2.936362e+00 3.515820e+00 3.745738e+01 4.440754e+01 4.183320e+00 3.870127e+00 6.504288e-02 1.793316e-02 2.326111e-02 1.170389e-02 2.082489e-02 5.618803e-02 6.153808e-02 6.060927e-02
<GCONST> 5.061755e+01
<MIXTURE> 5 8.093054e-02
<MEAN> 22
 6.477917e+00 6.892348e+00 1.165505e+00 1.041367e+00 1.431152e+02 1.396646e+02 7.470193e+01 7.445819e+01 6.403369e+01 6.167373e+01 4.084410e+01 4.199386e+01 1.010136e+02 1.021777e+02 1.786833e+00 2.197899e+00 6.338220e+00 5.609065e+00 2.962103e+00 1.071264e+00 3.416010e+00 3.204028e+00
<VARIANCE> 22
 5.277676e+01 6.554839e+01 3.300595e+00 2.164982e+00 8.867743e+02 6.358633e+02 2.253734e+02 2.490131e+02 3.033445e+01 3.946573e+01 2.062389e+02 2.241327e+02 4.516566e+01 4.224067e+01 1.722118e-01 1.714375e-01 3.346180e-01 3.653613e-01 9.831611e-02 1.374269e-01 5.658687e+00 5.861495e+00
<GCONST> 9.368238e+01
<MIXTURE> 6 7.027783e-03
<MEAN> 22
 4.147962e+02 3.627035e+02 3.805632e+02 3.041351e+02 2.239758e+01 1.937838e+01 2.366945e+01 2.551343e+01 2.430857e+01 2.066683e+01 2.833192e+01 3.773578e+01 3.077910e+01 3.256903e+01 6.501512e-01 1.063732e+00 1.738034e+00 1.672716e+00 1.196822e+00 1.182531e+00 3.508491e+00 3.654715e+00
<VARIANCE> 22
 3.058586e+04 1.827576e+04 2.649463e+04 1.790194e+04 3.049084e+03 2.873489e+03 1.791191e+03 1.940448e+03 1.444426e+03 1.027296e+03 2.307244e+03 4.225438e+03 2.325136e+03 2.462521e+03 2.112888e+00 3.420124e+00 7.951177e+00 6.519323e+00 3.843488e+00 5.297395e+00 2.905136e+00 2.854612e+00
<GCONST> 1.685176e+02
<MIXTURE> 7 2.038779e-01
<MEAN> 22
 4.207491e+00 1.010903e+01 1.269331e+00 3.038755e+00 3.522363e+01 7.698019e+01 9.767458e+01 9.285918e+01 6.460046e+01 7.296035e+01 1.953130e+02 1.446830e+02 1.165848e+02 1.122210e+02 6.998144e+00 4.140077e+00 6.226143e+00 5.279303e+00 6.000010e+00 4.700212e+00 2.650594e+00 2.902986e+00
<VARIANCE> 22
 3.294473e+01 1.490611e+02 3.300595e+00 1.575813e+01 1.698242e+03 4.522902e+03 3.104226e+02 1.160888e+03 6.307960e+01 4.491165e+02 5.006782e+02 3.394273e+03 1.530728e+02 1.355711e+02 6.504288e-02 1.272025e+00 1.750001e-01 7.461437e-01 2.082489e-02 4.901082e+00 5.991379e+00 5.429974e+00
<GCONST> 1.127432e+02
<MIXTURE> 8 4.119327e-02
<MEAN> 22
 0.000000e+00 0.000000e+00 -2.350989e-38 -3.009266e-36 0.000000e+00 1.654361e-24 0.000000e+00 0.000000e+00 0.000000e+00 0.000000e+00 0.000000e+00 0.000000e+00 0.000000e+00 0.000000e+00 0.000000e+00 0.000000e+00 0.000000e+00 0.000000e+00 0.000000e+00 3.009266e-36 0.000000e+00 0.000000e+00
<VARIANCE> 22
 4.801635e+00 4.063120e+00 3.300595e+00 2.164982e+00 4.956268e+01 5.429985e+01 9.837578e+00 1.115179e+01 2.936362e+00 3.515820e+00 3.745738e+01 4.440754e+01 4.183320e+00 3.870127e+00 6.504288e-02 1.793316e-02 2.326111e-02 1.170389e-02 2.082489e-02 5.618803e-02 6.153808e-02 6.060927e-02
<GCONST> 4.319706e+01
<MIXTURE> 9 2.990512e-01
<MEAN> 22
 1.194345e+00 8.165843e+00 4.793361e-01 1.965797e+00 8.598238e+00 7.756813e+01 8.265781e+01 6.892143e+01 5.399876e+01 6.789961e+01 1.746149e+02 1.066415e+02 1.053269e+02 9.676656e+01 6.999324e+00 3.743252e+00 6.024709e+00 5.294505e+00 5.999949e+00 4.337686e+00 1.572451e+00 2.854698e+00
<VARIANCE> 22
 4.801635e+00 7.779781e+01 3.300595e+00 5.361185e+00 1.020166e+02 3.264437e+03 1.076292e+02 1.115021e+03 2.776942e+01 3.189776e+02 2.473773e+02 2.239440e+03 6.661190e+01 1.157357e+02 6.504288e-02 1.409359e+00 2.409661e-02 8.970969e-01 2.082489e-02 6.918355e+00 4.969481e+00 5.336367e+00
<GCONST> 1.000217e+02
<MIXTURE> 10 6.421731e-02
<MEAN> 22
 3.490899e+00 3.874573e+00 9.276716e-01 9.186143e-01 1.079121e+02 1.076402e+02 5.579116e+01 5.552363e+01 5.963578e+01 5.508266e+01 5.538837e+01 5.786682e+01 9.444651e+01 9.422942e+01 1.825441e+00 2.080222e+00 6.206473e+00 5.872375e+00 3.298181e+00 7.041434e-01 2.910259e+00 2.882187e+00
<VARIANCE> 22
 1.848464e+01 2.487532e+01 3.300595e+00 2.164982e+00 1.574216e+03 1.106290e+03 2.825834e+02 2.891532e+02 6.300008e+01 7.151485e+01 3.396315e+02 3.462779e+02 5.331147e+01 6.796359e+01 3.942981e-01 5.105881e-01 3.335394e-01 4.399937e-01 3.340869e-01 4.023912e-01 6.310637e+00 6.400376e+00
<GCONST> 1.006652e+02
<STATE> 3
<NUMMIXES> 10
<MIXTURE> 1 5.771221e-02
<MEAN> 22
 7.989779e+00 4.536051e+00 2.259111e+00 1.326397e+00 3.428417e+01 2.115533e+01 1.219874e+02 1.116128e+02 7.987435e+01 6.677920e+01 2.254512e+02 2.206401e+02 1.380348e+02 1.326321e+02 6.913272e+00 5.000262e+00 6.578339e+00 5.847169e+00 5.987828e+00 5.985517e+00 2.634000e+00 2.413126e+00
<VARIANCE> 22
 1.209914e+02 4.467078e+01 1.085355e+01 3.339471e+00 1.520522e+03 4.102527e+02 1.650243e+03 4.048507e+02 2.279790e+02 1.301766e+02 2.561754e+03 1.041238e+03 7.785735e+02 3.008158e+02 5.347382e-01 1.793316e-02 2.438557e-01 1.294684e-01 8.819278e-02 5.618803e-02 6.044109e+00 5.972969e+00
<GCONST> 1.070096e+02
<MIXTURE> 2 1.118316e-01
<MEAN> 22
 1.375668e+00 1.840886e+01 5.052746e-01 5.097880e+00 7.387505e+00 1.736857e+02 1.188059e+02 1.202455e+02 6.954416e+01 9.957740e+01 2.273342e+02 8.771590e+01 1.348937e+02 1.164046e+02 6.999556e+00 2.856286e+00 6.270347e+00 4.376482e+00 6.000002e+00 2.356446e+00 1.928448e+00 3.483705e+00
<VARIANCE> 22
 5.970438e+00 4.678274e+02 3.300595e+00 4.469179e+01 6.421056e+01 5.419684e+03 2.869592e+02 2.271255e+03 6.575253e+01 6.368577e+02 3.710253e+02 2.777264e+03 1.529734e+02 1.980109e+02 6.504288e-02 1.037375e+00 1.972578e-01 1.312293e+00 2.082489e-02 4.599742e+00 6.113033e+00 5.445965e+00
<GCONST> 1.114282e+02
<MIXTURE> 3 5.274445e-02
<MEAN> 22
 1.377986e+01 1.235009e+01 1.839385e+00 2.147150e+00 9.301182e+01 9.712059e+01 5.377512e+01 5.158965e+01 6.718053e+01 6.203710e+01 7.465021e+01 7.266589e+01 1.026286e+02 1.034100e+02 1.778051e+00 2.278811e+00 6.158715e+00 5.791400e+00 3.701864e+00 5.213139e-01 3.079427e+00 2.999175e+00
<VARIANCE> 22
 2.510123e+02 2.141428e+02 4.713942e+00 7.403067e+00 2.392029e+03 2.027060e+03 4.003319e+02 4.010653e+02 1.381479e+02 1.051703e+02 7.349464e+02 5.093230e+02 1.565746e+02 1.200720e+02 1.400717e+00 7.879030e-01 4.163010e-01 4.023404e-01 6.437430e-01 3.768739e-01 5.838425e+00 5.799389e+00
<GCONST> 1.149346e+02
<MIXTURE> 4 2.321316e-01
<MEAN> 22
 1.125942e+01 1.427034e+00 3.491313e+00 7.713259e-01 1.485407e+02 1.848760e+01 1.096598e+02 9.780416e+01 8.945127e+01 5.594304e+01 6.499060e+01 1.965759e+02 9.872175e+01 1.162164e+02 1.439598e+00 5.000008e+00 3.548766e+00 5.819711e+00 3.033599e+00 5.994284e+00 3.318845e+00 2.077953e+00
<VARIANCE> 22
 2.040550e+02 4.663996e+00 2.295151e+01 2.164982e+00 4.252633e+03 6.266521e+02 2.238930e+03 1.986236e+02 6.001849e+02 6.398300e+01 1.515845e+03 3.525240e+02 3.755205e+02 1.276984e+02 5.005286e-01 1.793316e-02 8.664105e+00 1.477601e-01 1.311666e+00 5.618803e-02 6.052220e+00 5.831071e+00
<GCONST> 1.100106e+02
<MIXTURE> 5 1.256098e-01
<MEAN> 22
 1.268095e+00 1.360935e+01 6.114911e-01 4.299796e+00 5.807597e+00 1.625088e+02 8.875277e+01 1.104426e+02 5.480012e+01 8.646481e+01 1.852083e+02 6.275937e+01 1.104860e+02 9.231348e+01 6.999292e+00 2.474673e+00 6.000001e+00 4.229106e+00 6.000000e+00 1.340554e+00 2.047387e+00 3.470532e+00
<VARIANCE> 22
 4.801635e+00 1.735553e+02 3.300595e+00 2.116754e+01 4.956268e+01 2.557013e+03 4.496297e+01 2.281370e+03 2.966872e+01 5.552765e+02 6.956997e+01 7.017252e+02 2.813035e+01 1.710106e+02 6.504288e-02 2.653868e-01 2.326111e-02 1.550642e+00 2.082489e-02 9.286813e-01 6.609217e+00 5.192704e+00
<GCONST> 9.588606e+01
<MIXTURE> 6 5.122513e-02
<MEAN> 22
 7.133444e+00 1.943415e+00 2.590880e+00 1.012115e+00 7.271263e+01 2.171604e+01 9.794624e+01 4.237984e+01 8.390382e+01 5.650819e+01 5.668013e+01 1.177088e+02 9.390318e+01 1.007901e+02 1.641425e+00 3.928446e+00 3.858989e+00 5.670401e+00 3.084867e+00 4.989096e+00 3.281344e+00 2.257690e+00
<VARIANCE> 22
 7.102618e+01 6.464508e+00 1.074302e+01 2.189097e+00 1.781057e+03 2.509243e+02 2.178570e+03 2.938943e+02 5.219826e+02 4.744133e+01 8.628289e+02 5.298124e+02 2.067450e+02 5.747712e+01 4.759409e-01 5.177723e-01 8.105670e+00 2.209679e-01 6.448374e-01 7.208965e+00 6.149340e+00 5.665312e+00
<GCONST> 1.129023e+02
<MIXTURE> 7 5.661008e-02
<MEAN> 22
 1.981053e+01 1.884109e+01 6.666699e+00 5.708959e+00 9.555945e+01 9.835555e+01 7.749535e+01 8.111642e+01 7.399525e+01 6.900803e+01 1.128762e+02 1.139103e+02 9.838612e+01 1.027935e+02 2.597307e+00 3.466731e+00 5.588327e+00 5.075730e+00 4.236463e+00 3.805573e+00 3.259377e+00 3.403939e+00
<VARIANCE> 22
 6.214217e+02 6.022534e+02 9.691803e+01 5.411678e+01 6.948598e+03 5.718619e+03 1.888253e+03 2.012044e+03 4.253613e+02 4.505801e+02 2.699177e+03 2.820854e+03 8.741417e+02 4.750135e+02 6.933755e+00 1.785895e+00 4.097917e+00 1.350966e+00 3.511601e+00 6.513445e+00 6.218926e+00 5.480144e+00
<GCONST> 1.463109e+02
<MIXTURE> 8 5.652842e-02
<MEAN> 22
 5.421186e+00 7.008699e+00 1.074112e+00 9.231307e-01 7.298159e+01 7.396207e+01 2.569331e+01 2.730794e+01 6.506789e+01 6.007349e+01 8.622146e+01 8.734690e+01 1.027906e+02 1.017613e+02 2.115997e+00 1.786469e+00 6.000000e+00 6.000000e+00 4.011844e+00 4.004844e-03 2.721105e+00 2.489344e+00
<VARIANCE> 22
 5.614961e+01 9.257055e+01 3.300595e+00 2.164982e+00 1.811849e+03 1.466000e+03 1.494672e+02 8.920454e+01 4.892195e+01 4.409964e+01 1.847427e+02 1.585589e+02 6.557515e+01 5.654110e+01 1.019830e+00 1.124238e+00 2.326111e-02 1.170389e-02 6.087042e-02 5.618803e-02 6.128623e+00 6.192712e+00
<GCONST> 9.131236e+01
<MIXTURE> 9 1.574419e-01
<MEAN> 22
 6.715224e-01 4.544788e+00 3.318875e-01 1.570370e+00 5.041254e+00 1.599267e+02 8.249026e+01 1.038823e+02 5.269238e+01 7.603565e+01 1.760127e+02 3.610716e+01 1.057735e+02 8.702015e+01 6.999737e+00 2.133047e+00 6.000447e+00 4.212852e+00 6.000000e+00 1.155099e+00 9.907782e-01 2.736780e+00
<VARIANCE> 22
 4.801635e+00 3.465042e+01 3.300595e+00 3.369863e+00 4.956268e+01 9.898467e+02 3.554409e+01 8.344042e+02 2.187967e+01 3.556376e+02 7.147320e+01 3.098232e+02 3.134309e+01 1.434726e+02 6.504288e-02 1.206577e-01 2.326111e-02 1.652151e+00 2.082489e-02 3.505675e-01 3.579034e+00 6.007129e+00
<GCONST> 8.647256e+01
<MIXTURE> 10 9.815428e-02
<MEAN> 22
 9.493692e-01 2.150373e+01 5.678418e-01 5.606998e+00 6.846955e+00 1.061113e+02 9.652881e+01 8.292221e+01 5.914700e+01 7.797446e+01 1.943029e+02 9.820743e+01 1.143509e+02 1.031339e+02 6.999861e+00 3.402579e+00 6.081996e+00 4.998725e+00 6.000000e+00 3.643362e+00 1.571936e+00 4.182301e+00
<VARIANCE> 22
 4.801635e+00 3.775206e+02 3.300595e+00 4.091882e+01 4.956268e+01 4.211922e+03 1.587003e+02 1.415902e+03 4.692484e+01 3.200026e+02 3.015698e+02 2.471218e+03 9.241025e+01 1.567101e+02 6.504288e-02 1.199165e+00 7.527220e-02 9.542851e-01 2.082489e-02 6.866250e+00 5.127540e+00 5.127480e+00
<GCONST> 1.062717e+02
<STATE> 4
<NUMMIXES> 10
<MIXTURE> 1 9.297911e-02
<MEAN> 22
 3.527876e+00 3.519715e+00 1.348276e+00 1.475464e+00 1.821075e+01 1.462047e+01 1.218094e+02 1.140424e+02 7.477971e+01 6.577567e+01 2.266468e+02 2.208587e+02 1.362857e+02 1.314055e+02 6.998978e+00 5.000463e+00 6.346697e+00 5.817030e+00 6.000308e+00 5.985588e+00 2.721578e+00 2.674548e+00
<VARIANCE> 22
 1.858023e+01 1.956511e+01 3.300595e+00 3.702781e+00 3.191104e+02 1.696377e+02 1.701337e+02 8.908990e+01 4.930054e+01 4.855011e+01 1.357678e+02 1.408258e+02 5.982341e+01 5.206501e+01 6.504288e-02 1.793316e-02 2.264884e-01 1.494857e-01 2.082489e-02 5.618803e-02 6.112934e+00 6.228679e+00
<GCONST> 8.179015e+01
<MIXTURE> 2 9.930664e-02
<MEAN> 22
 1.314141e+01 9.314122e+00 3.420872e+00 2.898942e+00 3.763945e+01 2.325034e+01 8.224834e+01 9.075507e+01 6.818001e+01 5.940665e+01 1.724689e+02 1.865467e+02 1.119626e+02 1.138323e+02 5.916125e+00 5.000004e+00 6.349452e+00 5.729322e+00 5.864666e+00 5.986429e+00 3.633777e+00 3.174961e+00
<VARIANCE> 22
 1.916197e+02 1.212512e+02 1.616758e+01 1.362020e+01 8.048394e+02 4.234646e+02 6.440869e+02 2.815491e+02 1.682761e+02 8.752561e+01 9.472269e+02 4.195321e+02 1.490519e+02 9.280721e+01 5.980564e+00 1.793316e-02 2.277699e-01 1.974002e-01 2.934173e-01 5.618803e-02 5.944808e+00 6.116455e+00
<GCONST> 1.069073e+02
<MIXTURE> 3 8.968449e-02
<MEAN> 22
 2.893740e+00 3.749060e+00 1.037233e+00 1.294892e+00 8.823358e+00 1.026580e+01 9.643462e+01 9.529946e+01 6.008824e+01 5.621951e+01 1.951641e+02 1.947691e+02 1.159881e+02 1.169121e+02 6.998769e+00 5.000000e+00 6.000261e+00 6.000000e+00 6.000000e+00 6.000000e+00 2.838762e+00 2.872264e+00
<VARIANCE> 22
 1.372051e+01 2.024792e+01 3.300595e+00 2.724899e+00 5.261298e+01 5.429985e+01 4.118063e+01 4.726245e+01 1.722474e+01 2.773743e+01 3.970424e+01 5.285372e+01 2.314295e+01 1.300980e+01 6.504288e-02 1.793316e-02 2.326111e-02 1.170389e-02 2.082489e-02 5.618803e-02 6.418601e+00 6.357028e+00
<GCONST> 6.530895e+01
<MIXTURE> 4 5.052813e-02
<MEAN> 22
 1.106487e+01 6.790545e+00 3.233238e+00 2.282773e+00 1.366084e+02 9.690596e+01 1.142630e+02 1.126457e+02 8.192644e+01 7.108641e+01 1.094681e+02 1.481349e+02 1.073829e+02 1.113526e+02 1.699659e+00 3.875665e+00 4.774223e+00 5.096542e+00 2.982540e+00 4.116465e+00 2.881289e+00 2.890497e+00
<VARIANCE> 22
 2.164221e+02 1.039157e+02 2.329161e+01 1.286890e+01 7.578249e+03 7.807234e+03 1.763669e+03 1.708591e+03 4.895918e+02 5.590659e+02 4.743465e+03 3.718565e+03 5.411697e+02 3.313932e+02 4.184026e+00 1.367538e+00 8.360418e+00 1.078615e+00 4.574236e+00 4.097864e+00 5.574453e+00 6.017091e+00
<GCONST> 1.406611e+02
<MIXTURE> 5 1.014861e-01
<MEAN> 22
 1.361228e+00 3.908404e+00 5.482526e-01 1.350887e+00 5.649043e+00 1.518076e+01 8.495123e+01 8.399734e+01 5.469159e+01 5.513591e+01 1.784525e+02 1.760689e+02 1.079700e+02 1.065072e+02 6.999596e+00 5.000000e+00 6.001525e+00 5.783005e+00 6.000000e+00 5.998474e+00 1.995613e+00 2.982242e+00
<VARIANCE> 22
 4.801635e+00 2.051042e+01 3.300595e+00 2.644492e+00 4.956268e+01 3.071508e+02 2.352438e+01 6.686285e+01 1.428847e+01 5.125371e+01 3.745738e+01 5.772953e+01 1.064957e+01 1.309367e+01 6.504288e-02 1.793316e-02 2.326111e-02 1.699148e-01 2.082489e-02 5.618803e-02 5.914555e+00 6.329137e+00
<GCONST> 6.797857e+01
<MIXTURE> 6 1.915723e-01
<MEAN> 22
 1.063967e+00 1.110248e+00 4.926048e-01 5.358749e-01 7.351948e+00 9.421128e+00 1.104382e+02 1.090230e+02 6.843613e+01 6.530261e+01 2.155085e+02 2.143842e+02 1.273039e+02 1.269597e+02 6.999953e+00 5.000000e+00 6.145630e+00 5.897295e+00 6.000001e+00 5.997383e+00 1.761073e+00 1.603666e+00
<VARIANCE> 22
 4.801635e+00 4.063120e+00 3.300595e+00 2.164982e+00 4.956268e+01 2.123570e+02 5.446607e+01 6.647507e+01 2.814249e+01 3.326978e+01 1.588874e+02 1.672271e+02 6.465940e+01 6.136263e+01 6.504288e-02 1.793316e-02 1.243764e-01 9.215410e-02 2.082489e-02 5.618803e-02 5.236581e+00 4.901327e+00
<GCONST> 7.341402e+01
<MIXTURE> 7 5.656283e-02
<MEAN> 22
 1.606166e+00 6.668903e+00 6.355208e-01 1.714928e+00 3.591686e+01 1.439905e+02 8.012404e+01 9.721087e+01 6.225187e+01 7.744440e+01 1.569294e+02 6.168475e+01 1.071444e+02 9.643951e+01 5.202923e+00 2.444099e+00 6.251012e+00 4.573668e+00 5.574837e+00 1.516770e+00 1.944006e+00 2.827590e+00
<VARIANCE> 22
 6.569223e+00 6.640124e+01 3.300595e+00 3.657937e+00 2.042125e+03 2.563961e+03 6.068945e+02 1.705635e+03 1.526226e+02 4.871193e+02 2.383198e+03 1.318919e+03 1.487017e+02 2.273242e+02 7.839588e+00 5.319812e-01 2.084997e-01 1.449905e+00 1.117787e+00 1.917378e+00 5.730987e+00 5.683050e+00
<GCONST> 1.194065e+02
<MIXTURE> 8 8.047354e-02
<MEAN> 22
 9.819623e+00 1.810272e+01 1.512053e+00 3.552054e+00 4.370669e+01 6.210527e+01 6.055246e+01 5.298471e+01 6.170865e+01 6.302103e+01 1.442275e+02 1.206783e+02 1.037459e+02 1.007840e+02 4.526216e+00 4.184715e+00 6.217114e+00 5.553189e+00 5.500536e+00 5.334558e+00 2.920257e+00 2.988871e+00
<VARIANCE> 22
 1.576345e+02 2.896958e+02 3.987435e+00 2.045186e+01 1.126115e+03 1.185148e+03 7.690231e+02 5.972277e+02 9.065900e+01 1.665055e+02 1.212631e+03 8.418702e+02 1.010503e+02 8.404337e+01 9.577059e+00 1.247931e+00 1.762743e-01 3.000737e-01 6.319855e-01 5.306354e+00 6.074221e+00 4.848260e+00
<GCONST> 1.193446e+02
<MIXTURE> 9 1.473559e-01
<MEAN> 22
 8.292820e-01 1.027696e+00 3.702611e-01 4.562837e-01 4.579697e+00 5.713629e+00 8.851206e+01 8.848306e+01 5.726294e+01 5.620971e+01 1.855207e+02 1.856480e+02 1.117873e+02 1.123271e+02 6.999923e+00 5.000000e+00 6.001263e+00 6.000000e+00 6.000000e+00 6.000000e+00 1.542516e+00 1.502889e+00
<VARIANCE> 22
 4.801635e+00 4.063120e+00 3.300595e+00 2.164982e+00 4.956268e+01 5.429985e+01 2.506969e+01 2.193660e+01 7.601741e+00 1.894344e+01 3.745738e+01 4.440754e+01 2.099879e+01 1.011360e+01 6.504288e-02 1.793316e-02 2.326111e-02 1.170389e-02 2.082489e-02 5.618803e-02 4.713871e+00 4.722951e+00
<GCONST> 5.871276e+01
<MIXTURE> 10 9.003896e-02
<MEAN> 22
 1.211735e+00 1.356476e+00 4.392187e-01 5.582533e-01 6.250525e+00 6.724860e+00 8.020068e+01 7.942124e+01 5.129108e+01 4.792476e+01 1.692440e+02 1.695778e+02 1.027833e+02 1.010936e+02 6.999832e+00 5.000007e+00 6.004934e+00 6.000000e+00 6.000000e+00 6.000062e+00 1.755072e+00 1.824754e+00
<VARIANCE> 22
 4.801635e+00 4.063120e+00 3.300595e+00 2.164982e+00 4.956268e+01 5.429985e+01 2.994791e+01 3.087424e+01 1.395231e+01 2.966719e+01 4.371241e+01 4.736302e+01 1.555625e+01 1.902830e+01 6.504288e-02 1.793316e-02 2.326111e-02 1.170389e-02 2.082489e-02 5.618803e-02 5.320224e+00 5.437223e+00
<GCONST> 6.110093e+01
<TRANSP> 5
 0.000000e+00 1.000000e+00 0.000000e+00 0.000000e+00 0.000000e+00
 0.000000e+00 7.096994e-01 2.903006e-01 0.000000e+00 0.000000e+00
 0.000000e+00 0.000000e+00 8.468392e-01 1.531608e-01 0.000000e+00
 0.000000e+00 0.000000e+00 0.000000e+00 9.098607e-01 9.013930e-02
 0.000000e+00 0.000000e+00 0.000000e+00 0.000000e+00 0.000000e+00
<ENDHMM>
