~o
<STREAMINFO> 1 22
<VECSIZE> 22<NULLD><MFCC_0><DIAGC>
~h "BN"
<BEGINHMM>
<NUMSTATES> 5
<STATE> 2
<NUMMIXES> 2
<MIXTURE> 1 3.260364e-001
<MEAN> 22
 8.929062e+000 1.366883e+001 5.186010e+000 5.451188e+000 1.815513e+001 2.194141e+001 8.133173e+001 7.381168e+001 5.907361e+001 5.584647e+001 1.776692e+002 1.683264e+002 1.103731e+002 1.082899e+002 6.887958e+000 5.026175e+000 6.066553e+000 5.902692e+000 5.815773e+000 6.122631e+000 2.404707e+000 2.215469e+000
<VARIANCE> 22
 2.333488e+003 1.577435e+003 1.878460e+003 1.187427e+003 4.097684e+002 4.087028e+002 5.999100e+002 5.687485e+002 6.498554e+001 5.904610e+001 8.949185e+002 1.019442e+003 1.636768e+002 1.651818e+002 1.630206e-001 1.531052e-001 6.212373e-002 8.783901e-002 1.562925e-001 2.366534e-001 5.712114e+000 3.967504e+000
<GCONST> 1.180418e+002
<MIXTURE> 2 6.739639e-001
<MEAN> 22
 6.001765e+000 8.122737e+000 1.640104e+000 2.699797e+000 1.447067e+002 1.578359e+002 7.177455e+001 8.489137e+001 7.006487e+001 7.181484e+001 1.079715e+002 7.291583e+001 9.328611e+001 9.215157e+001 3.039830e+000 2.481066e+000 4.677558e+000 4.062200e+000 4.063945e+000 2.080135e+000 2.288053e+000 2.373649e+000
<VARIANCE> 22
 1.252907e+002 2.308789e+002 1.019033e+001 1.634227e+001 3.284219e+004 1.701101e+004 2.332558e+003 2.681550e+003 9.724148e+002 1.148414e+003 5.843632e+003 3.364629e+003 1.734044e+003 1.335310e+003 8.177092e+000 2.129487e+000 7.475101e+000 3.323798e+000 3.674050e+000 5.332181e+000 6.090609e+000 5.746716e+000
<GCONST> 1.495865e+002
<STATE> 3
<NUMMIXES> 2
<MIXTURE> 1 3.975821e-001
<MEAN> 22
 1.490824e+000 2.080741e+001 4.989348e-001 5.297004e+000 7.514411e+000 1.386452e+002 1.005678e+002 1.024916e+002 6.230045e+001 8.601228e+001 2.038814e+002 8.213837e+001 1.219494e+002 1.106755e+002 6.998811e+000 2.996137e+000 6.106243e+000 4.601675e+000 5.998233e+000 2.509149e+000 1.744893e+000 3.622741e+000
<VARIANCE> 22
 9.901507e+000 3.742419e+002 3.300596e+000 2.864757e+001 9.919955e+001 5.705279e+003 3.273977e+002 1.651682e+003 6.865456e+001 5.702748e+002 6.649091e+002 2.829047e+003 2.267779e+002 1.765249e+002 6.504287e-002 1.210377e+000 9.554676e-002 8.790119e-001 2.082488e-002 5.589898e+000 5.520561e+000 5.340048e+000
<GCONST> 1.114812e+002
<MIXTURE> 2 6.024199e-001
<MEAN> 22
 8.914870e-001 4.828270e+000 4.301311e-001 1.547836e+000 9.871744e+000 1.724078e+002 8.675278e+001 1.186539e+002 5.620422e+001 8.844408e+001 1.805775e+002 3.176908e+001 1.097335e+002 9.642268e+001 6.932278e+000 2.060800e+000 6.004008e+000 3.674014e+000 5.960306e+000 1.102570e+000 1.362478e+000 2.640769e+000
<VARIANCE> 22
 4.801632e+000 4.240645e+001 3.300596e+000 3.456513e+000 5.847726e+002 9.706758e+002 1.345352e+002 1.999314e+002 5.521676e+001 2.624231e+002 4.123750e+002 3.321404e+002 6.133781e+001 8.156075e+001 3.671485e-001 1.161323e-001 2.312118e-001 4.743577e-001 1.163423e-001 3.021501e-001 4.857085e+000 5.966476e+000
<GCONST> 9.621271e+001
<STATE> 4
<NUMMIXES> 2
<MIXTURE> 1 4.289410e-001
<MEAN> 22
 1.390331e+001 5.141717e+000 3.107450e+000 1.675951e+000 5.175910e+001 2.393249e+001 8.758647e+001 9.486555e+001 7.135345e+001 5.805378e+001 1.551691e+002 1.940001e+002 1.144769e+002 1.168250e+002 4.900121e+000 4.993020e+000 6.399440e+000 5.850740e+000 5.213272e+000 6.010676e+000 3.643625e+000 2.795409e+000
<VARIANCE> 22
 3.030165e+002 6.895159e+001 2.001980e+001 6.402688e+000 2.784098e+003 8.692013e+002 6.160945e+002 3.239146e+002 2.765157e+002 6.515546e+001 3.777759e+003 5.102335e+002 2.717580e+002 1.199389e+002 8.409218e+000 2.135172e-002 2.424691e-001 1.269827e-001 1.737602e+000 5.618803e-002 5.922242e+000 6.573177e+000
<GCONST> 1.129370e+002
<MIXTURE> 2 5.710586e-001
<MEAN> 22
 6.158082e+000 1.617792e+000 2.551422e+000 7.412741e-001 1.634916e+002 1.816728e+001 1.267594e+002 8.623115e+001 9.190315e+001 5.856569e+001 3.476781e+001 1.794939e+002 9.924453e+001 1.151026e+002 1.971282e+000 4.712286e+000 7.927667e-001 5.818460e+000 2.864459e+000 5.641916e+000 3.002069e+000 1.928680e+000
<VARIANCE> 22
 8.380132e+001 1.235515e+001 1.790418e+001 2.164982e+000 3.856388e+003 7.581271e+002 3.805199e+002 7.989802e+002 3.248635e+002 6.819885e+001 3.783618e+002 1.722222e+003 2.208683e+002 1.706326e+002 3.711034e-001 4.321466e-001 1.706611e+000 1.844619e-001 2.660871e-001 2.617040e+000 6.209219e+000 5.666309e+000
<GCONST> 1.126892e+002
<TRANSP> 5
 0.000000e+000 1.000000e+000 0.000000e+000 0.000000e+000 0.000000e+000
 0.000000e+000 8.135742e-001 1.864258e-001 0.000000e+000 0.000000e+000
 0.000000e+000 0.000000e+000 9.554708e-001 4.452921e-002 0.000000e+000
 0.000000e+000 0.000000e+000 0.000000e+000 9.269363e-001 7.306369e-002
 0.000000e+000 0.000000e+000 0.000000e+000 0.000000e+000 0.000000e+000
<ENDHMM>
~h "BS"
<BEGINHMM>
<NUMSTATES> 5
<STATE> 2
<NUMMIXES> 2
<MIXTURE> 1 6.943285e-002
<MEAN> 22
 3.628549e+001 3.420053e+001 2.237710e+001 1.941565e+001 4.427424e+002 3.207156e+002 1.036783e+002 9.488791e+001 6.818698e+001 6.613375e+001 1.603037e+002 1.472830e+002 1.129589e+002 1.129139e+002 1.542106e+000 3.840103e+000 6.708115e+000 5.317414e+000 3.310492e+000 4.118654e+000 1.840765e+000 2.432433e+000
<VARIANCE> 22
 9.816236e+003 7.306493e+003 8.615187e+003 5.660099e+003 3.455155e+004 1.467395e+004 1.746103e+003 1.431356e+003 3.421959e+001 2.156146e+001 1.305622e+003 8.842806e+002 1.214412e+002 7.801703e+001 6.922427e+000 1.450117e+000 2.066884e-001 2.337457e-001 8.715819e+000 3.369018e+000 5.757565e+000 6.073523e+000
<GCONST> 1.469295e+002
<MIXTURE> 2 9.305669e-001
<MEAN> 22
 1.365422e+001 1.340026e+001 2.290196e+000 2.341477e+000 5.230592e+001 5.118905e+001 6.341132e+001 6.136880e+001 6.345602e+001 6.026989e+001 1.539583e+002 1.504388e+002 1.089169e+002 1.083909e+002 5.700775e+000 4.626878e+000 5.996829e+000 5.829153e+000 5.388703e+000 5.597613e+000 2.757628e+000 1.974265e+000
<VARIANCE> 22
 1.695137e+002 1.538926e+002 5.936744e+000 6.467324e+000 4.224984e+003 3.150862e+003 1.027925e+003 9.443439e+002 1.476261e+002 1.493760e+002 1.849577e+003 1.900871e+003 3.233897e+002 2.885843e+002 5.554321e+000 1.384825e+000 5.733513e-001 5.034007e-001 9.744082e-001 4.146854e+000 3.102890e+000 3.805260e+000
<GCONST> 1.256208e+002
<STATE> 3
<NUMMIXES> 2
<MIXTURE> 1 4.249085e-001
<MEAN> 22
 1.453146e+001 1.481293e+001 3.541718e+000 3.448057e+000 1.315172e+002 1.238523e+002 1.463479e+002 1.415247e+002 8.900276e+001 7.871449e+001 1.535920e+002 1.609437e+002 1.164672e+002 1.149501e+002 4.447928e-001 3.719190e+000 4.412363e+000 4.723962e+000 1.803778e+000 3.839874e+000 2.931735e+000 3.881827e+000
<VARIANCE> 22
 4.193297e+002 4.344071e+002 1.885376e+001 2.084896e+001 1.498478e+003 1.697453e+003 9.906738e+002 8.807632e+002 1.811632e+002 2.639775e+002 2.127261e+003 1.286990e+003 1.771709e+002 1.373660e+002 3.203610e-001 3.390123e-001 1.127870e+001 2.563316e-001 6.084349e+000 9.147813e-001 6.452682e+000 5.590548e+000
<GCONST> 1.267897e+002
<MIXTURE> 2 5.750904e-001
<MEAN> 22
 2.173394e+001 2.247364e+001 3.728779e+000 3.648304e+000 9.341190e+001 9.602649e+001 4.794843e+001 4.918948e+001 6.507055e+001 6.078229e+001 9.404501e+001 9.282202e+001 1.003815e+002 1.011411e+002 2.107657e+000 2.793873e+000 6.148329e+000 5.751150e+000 4.115798e+000 2.321385e+000 2.702641e+000 2.850035e+000
<VARIANCE> 22
 3.528836e+002 3.676682e+002 2.362117e+001 1.826599e+001 1.593869e+003 1.265260e+003 6.507531e+002 6.589946e+002 1.185072e+002 1.240375e+002 9.079968e+002 8.118362e+002 1.176131e+002 9.988181e+001 3.912977e+000 2.122882e+000 3.765462e-001 3.773985e-001 1.920078e+000 7.600275e+000 5.401044e+000 4.383101e+000
<GCONST> 1.242479e+002
<STATE> 4
<NUMMIXES> 2
<MIXTURE> 1 4.469734e-001
<MEAN> 22
 9.209763e+000 8.848845e+000 2.484193e+000 2.143974e+000 3.442958e+001 3.514473e+001 1.024137e+002 9.967513e+001 6.544439e+001 6.011630e+001 1.934650e+002 1.913495e+002 1.152940e+002 1.146467e+002 6.725608e+000 4.942481e+000 6.440564e+000 5.518992e+000 6.058855e+000 5.833999e+000 3.869183e+000 3.684211e+000
<VARIANCE> 22
 8.317924e+001 7.906175e+001 7.269739e+000 5.493500e+000 1.081542e+003 8.338849e+002 5.918755e+002 4.305003e+002 1.053078e+002 8.693502e+001 7.754581e+002 6.622739e+002 1.879335e+002 1.459498e+002 1.619143e+000 1.313144e-001 2.840932e-001 2.502567e-001 1.952543e-001 3.229832e-001 4.478629e+000 8.363382e+000
<GCONST> 1.082304e+002
<MIXTURE> 2 5.530258e-001
<MEAN> 22
 6.318695e+000 6.041865e+000 1.763158e+000 1.640361e+000 9.045732e+001 8.904066e+001 1.168640e+002 1.179399e+002 6.844331e+001 6.378563e+001 1.566202e+002 1.560413e+002 1.052407e+002 1.048736e+002 7.460391e-003 3.999267e+000 6.999477e+000 5.000000e+000 3.507031e+000 4.355140e+000 3.059571e+000 3.801820e+000
<VARIANCE> 22
 6.468904e+001 5.842044e+001 5.962274e+000 5.045708e+000 7.143337e+002 6.518039e+002 5.855878e+002 5.117315e+002 9.778832e+001 1.269106e+002 4.206804e+002 4.566246e+002 7.295631e+001 7.969801e+001 6.504287e-002 1.793315e-002 2.326111e-002 1.170389e-002 1.191341e+001 2.650433e-001 6.493592e+000 7.383177e+000
<GCONST> 9.805338e+001
<TRANSP> 5
 0.000000e+000 1.000000e+000 0.000000e+000 0.000000e+000 0.000000e+000
 0.000000e+000 7.770089e-001 2.229911e-001 0.000000e+000 0.000000e+000
 0.000000e+000 0.000000e+000 9.231192e-001 7.688078e-002 0.000000e+000
 0.000000e+000 0.000000e+000 0.000000e+000 9.481677e-001 5.183233e-002
 0.000000e+000 0.000000e+000 0.000000e+000 0.000000e+000 0.000000e+000
<ENDHMM>
~h "CF"
<BEGINHMM>
<NUMSTATES> 5
<STATE> 2
<NUMMIXES> 2
<MIXTURE> 1 1.604879e-001
<MEAN> 22
 2.472515e+001 1.423566e+001 1.194830e+001 8.119374e+000 4.312808e+001 2.739726e+001 9.636787e+001 8.509457e+001 7.232692e+001 6.063682e+001 1.559032e+002 1.787932e+002 1.126972e+002 1.157366e+002 5.360339e+000 4.772527e+000 5.656199e+000 5.811387e+000 5.224999e+000 5.911421e+000 2.891981e+000 2.504480e+000
<VARIANCE> 22
 3.590426e+003 2.393176e+003 2.933013e+003 1.749444e+003 3.110923e+003 1.144040e+003 9.051154e+002 7.945790e+002 4.135599e+002 1.364424e+002 4.494374e+003 1.528934e+003 2.984884e+002 1.729991e+002 6.504287e+000 4.138668e-001 2.757730e+000 1.780315e-001 1.775082e+000 1.070114e+000 5.799379e+000 4.998455e+000
<GCONST> 1.422444e+002
<MIXTURE> 2 8.395125e-001
<MEAN> 22
 6.227668e+000 6.810458e+000 2.484061e+000 2.330447e+000 8.334669e+001 8.789238e+001 8.332153e+001 6.803342e+001 7.881484e+001 6.548534e+001 8.756673e+001 1.013027e+002 9.476124e+001 1.021251e+002 2.804803e+000 3.166816e+000 4.546521e+000 5.003559e+000 3.813899e+000 3.339833e+000 2.843612e+000 2.632502e+000
<VARIANCE> 22
 8.836628e+001 1.173536e+002 1.345093e+001 1.363935e+001 8.430323e+003 7.091811e+003 2.329488e+003 1.752638e+003 6.745090e+002 5.618171e+002 3.384541e+003 3.285286e+003 6.431868e+002 5.422452e+002 5.174099e+000 2.293255e+000 6.007395e+000 2.060835e+000 2.308585e+000 7.801317e+000 6.072790e+000 5.558796e+000
<GCONST> 1.412519e+002
<STATE> 3
<NUMMIXES> 2
<MIXTURE> 1 3.756598e-001
<MEAN> 22
 2.638252e+000 2.261987e+001 9.733869e-001 5.664795e+000 1.647821e+001 1.121286e+002 9.903843e+001 8.937140e+001 6.296783e+001 8.315303e+001 1.929544e+002 1.028058e+002 1.172977e+002 1.043560e+002 6.851809e+000 3.462605e+000 6.184221e+000 4.870625e+000 5.910057e+000 3.390043e+000 2.072134e+000 3.732967e+000
<VARIANCE> 22
 2.377788e+001 4.721941e+002 3.300596e+000 3.911486e+001 9.321771e+002 6.144431e+003 5.277607e+002 1.891691e+003 1.244664e+002 5.072293e+002 1.395177e+003 3.380970e+003 2.829597e+002 2.634065e+002 7.205664e-001 1.538644e+000 5.453833e-001 1.606472e+000 2.377953e-001 7.545903e+000 5.974277e+000 5.089725e+000
<GCONST> 1.256037e+002
<MIXTURE> 2 6.243405e-001
<MEAN> 22
 9.472848e-001 6.485020e+000 4.623440e-001 3.071310e+000 5.915251e+000 1.946110e+002 9.023532e+001 1.289998e+002 5.719450e+001 1.020609e+002 1.860348e+002 3.126286e+001 1.110692e+002 8.363139e+001 7.000000e+000 2.000000e+000 6.008887e+000 2.939312e+000 5.999990e+000 9.939299e-001 1.420350e+000 2.541154e+000
<VARIANCE> 22
 4.801632e+000 9.472593e+001 3.300596e+000 1.929605e+001 4.956259e+001 9.287939e+002 1.852675e+002 4.351992e+002 5.012414e+001 3.956989e+002 3.660949e+002 1.500049e+002 1.045411e+002 2.392208e+002 6.504287e-002 1.793315e-002 2.326111e-002 1.253540e+000 2.082488e-002 5.618803e-002 5.142059e+000 5.751495e+000
<GCONST> 9.002509e+001
<STATE> 4
<NUMMIXES> 2
<MIXTURE> 1 4.239036e-001
<MEAN> 22
 9.094426e+000 5.571399e+000 2.716148e+000 2.080245e+000 2.922443e+001 2.388874e+001 9.042454e+001 9.735239e+001 6.578870e+001 6.071176e+001 1.867429e+002 1.946987e+002 1.164550e+002 1.164718e+002 6.331919e+000 5.000443e+000 6.198280e+000 5.714409e+000 5.884235e+000 5.989800e+000 3.382246e+000 3.025080e+000
<VARIANCE> 22
 1.793432e+002 5.734498e+001 1.418817e+001 7.453011e+000 7.970908e+002 5.788885e+002 6.434437e+002 3.199538e+002 1.553110e+002 9.061344e+001 1.049407e+003 5.049714e+002 2.009610e+002 1.278303e+002 4.014123e+000 1.793315e-002 1.589655e-001 2.049109e-001 1.248620e-001 5.618803e-002 6.403959e+000 6.399879e+000
<GCONST> 1.051942e+002
<MIXTURE> 2 5.760961e-001
<MEAN> 22
 1.058451e+001 1.553635e+000 3.861776e+000 8.079039e-001 1.726445e+002 2.492159e+001 1.211149e+002 9.683941e+001 9.688242e+001 5.760674e+001 3.812992e+001 1.915966e+002 8.565100e+001 1.134182e+002 1.912246e+000 4.976928e+000 2.478575e+000 5.676909e+000 3.034352e+000 5.952868e+000 3.148976e+000 2.042825e+000
<VARIANCE> 22
 2.124606e+002 8.443684e+000 2.883787e+001 2.164982e+000 3.403352e+003 1.101397e+003 1.186712e+003 2.391626e+002 4.560909e+002 8.354869e+001 5.091569e+002 4.442020e+002 4.437536e+002 1.193768e+002 2.203839e-001 6.675526e-002 4.621962e+000 2.401662e-001 2.153789e-001 2.204757e-001 6.221075e+000 5.598490e+000
<GCONST> 1.098956e+002
<TRANSP> 5
 0.000000e+000 1.000000e+000 0.000000e+000 0.000000e+000 0.000000e+000
 0.000000e+000 8.125247e-001 1.874752e-001 0.000000e+000 0.000000e+000
 0.000000e+000 0.000000e+000 9.523918e-001 4.760823e-002 0.000000e+000
 0.000000e+000 0.000000e+000 0.000000e+000 9.299532e-001 7.004679e-002
 0.000000e+000 0.000000e+000 0.000000e+000 0.000000e+000 0.000000e+000
<ENDHMM>
~h "CN"
<BEGINHMM>
<NUMSTATES> 5
<STATE> 2
<NUMMIXES> 2
<MIXTURE> 1 4.180562e-001
<MEAN> 22
 8.700896e+000 8.182714e+000 2.877669e+000 2.753285e+000 2.115493e+001 2.358976e+001 9.285321e+001 8.873853e+001 6.386821e+001 5.942838e+001 1.920658e+002 1.885802e+002 1.189348e+002 1.170496e+002 6.999014e+000 5.000000e+000 6.131793e+000 5.935070e+000 5.999413e+000 6.016302e+000 2.756833e+000 1.962900e+000
<VARIANCE> 22
 5.289259e+002 4.141679e+002 3.706927e+002 2.725808e+002 3.517714e+002 5.060234e+002 5.984329e+002 4.011652e+002 9.206535e+001 6.773242e+001 8.176615e+002 6.562710e+002 2.511163e+002 1.908695e+002 6.504287e-002 1.793315e-002 1.144235e-001 6.071469e-002 2.082488e-002 5.618803e-002 3.245592e+000 3.991908e+000
<GCONST> 1.055282e+002
<MIXTURE> 2 5.819438e-001
<MEAN> 22
 2.082296e+001 2.062774e+001 2.608566e+000 2.903669e+000 9.213592e+001 8.796926e+001 4.347954e+001 4.549507e+001 6.553179e+001 6.209652e+001 9.968568e+001 9.900885e+001 1.054019e+002 1.045977e+002 3.024463e+000 3.332075e+000 6.018563e+000 5.874737e+000 4.292521e+000 3.084482e+000 2.630292e+000 2.040825e+000
<VARIANCE> 22
 3.262655e+002 3.052793e+002 9.532877e+000 1.169203e+001 2.100030e+003 2.060529e+003 4.794083e+002 6.300276e+002 1.155027e+002 1.088813e+002 1.443884e+003 1.663866e+003 1.637481e+002 1.346828e+002 6.084322e+000 2.084484e+000 1.917829e-001 4.293398e-001 7.589546e-001 9.844651e+000 2.245506e+000 3.094280e+000
<GCONST> 1.226804e+002
<STATE> 3
<NUMMIXES> 2
<MIXTURE> 1 4.723734e-001
<MEAN> 22
 8.865604e+000 8.492476e+000 1.148429e+000 1.049039e+000 1.649447e+002 1.588917e+002 8.566957e+001 8.253172e+001 6.857461e+001 6.683283e+001 3.962263e+001 4.336404e+001 1.062726e+002 1.082635e+002 2.067816e+000 1.833579e+000 5.531120e+000 5.870769e+000 3.112428e+000 8.262786e-001 2.971261e+000 2.897408e+000
<VARIANCE> 22
 1.565933e+002 1.790968e+002 3.300596e+000 2.164982e+000 1.620788e+003 1.404904e+003 4.325377e+002 5.330352e+002 1.594322e+002 1.770140e+002 4.136530e+002 5.475070e+002 2.461586e+002 1.863902e+002 1.290962e-001 2.193634e-001 1.590379e+000 1.185130e+000 1.407887e-001 2.320047e-001 5.989705e+000 6.028780e+000
<GCONST> 1.101748e+002
<MIXTURE> 2 5.276270e-001
<MEAN> 22
 6.330619e+000 7.484672e+000 1.234218e+000 9.916411e-001 1.319519e+002 1.260096e+002 6.149607e+001 5.954295e+001 6.479916e+001 6.189923e+001 4.466224e+001 4.667431e+001 1.005038e+002 1.012248e+002 2.006652e+000 2.000000e+000 6.000000e+000 6.000000e+000 3.228976e+000 7.553749e-001 3.370440e+000 3.298963e+000
<VARIANCE> 22
 5.936906e+001 9.249503e+001 3.544605e+000 2.164982e+000 1.159663e+003 9.033962e+002 2.930860e+002 3.344433e+002 5.040892e+001 5.501920e+001 2.308601e+002 2.880574e+002 5.126538e+001 5.084975e+001 6.504287e-002 1.793315e-002 2.326111e-002 1.170389e-002 1.765443e-001 1.847853e-001 6.008622e+000 5.987445e+000
<GCONST> 8.853325e+001
<STATE> 4
<NUMMIXES> 2
<MIXTURE> 1 3.998255e-001
<MEAN> 22
 1.056814e+001 9.610854e+000 3.177807e+000 2.752772e+000 3.901849e+001 3.142556e+001 9.932428e+001 9.546355e+001 6.505856e+001 6.061740e+001 1.954212e+002 1.929734e+002 1.163741e+002 1.154771e+002 6.989958e+000 4.999999e+000 6.281498e+000 5.778780e+000 6.013036e+000 5.978701e+000 3.788905e+000 3.697326e+000
<VARIANCE> 22
 1.181060e+002 9.679809e+001 8.597247e+000 7.194618e+000 7.101560e+003 4.430993e+003 4.348699e+002 3.484294e+002 9.385059e+001 6.488847e+001 5.078673e+002 4.674182e+002 1.503209e+002 1.186678e+002 6.504287e-002 1.793315e-002 2.022576e-001 1.722834e-001 2.082488e-002 5.618803e-002 7.951077e+000 4.567136e+000
<GCONST> 1.007070e+002
<MIXTURE> 2 6.001742e-001
<MEAN> 22
 1.666087e+001 1.614376e+001 2.169211e+000 2.431577e+000 9.278178e+001 9.100030e+001 5.292547e+001 5.110906e+001 6.767673e+001 6.552567e+001 1.161210e+002 1.105409e+002 1.069077e+002 1.073507e+002 3.579335e+000 3.307632e+000 6.065443e+000 5.906765e+000 4.446741e+000 3.090061e+000 4.224660e+000 4.102536e+000
<VARIANCE> 22
 4.064773e+002 3.463096e+002 1.069392e+001 1.586562e+001 3.631655e+003 3.091306e+003 1.221891e+003 1.271005e+003 2.200017e+002 1.602851e+002 1.824684e+003 1.904077e+003 3.023848e+002 1.847592e+002 5.911110e+000 3.698647e+000 3.490289e-001 3.304131e-001 1.480826e+000 9.471144e+000 6.843322e+000 5.201530e+000
<GCONST> 1.315116e+002
<TRANSP> 5
 0.000000e+000 1.000000e+000 0.000000e+000 0.000000e+000 0.000000e+000
 0.000000e+000 8.406981e-001 1.593020e-001 0.000000e+000 0.000000e+000
 0.000000e+000 0.000000e+000 9.636782e-001 3.632183e-002 0.000000e+000
 0.000000e+000 0.000000e+000 0.000000e+000 9.189646e-001 8.103538e-002
 0.000000e+000 0.000000e+000 0.000000e+000 0.000000e+000 0.000000e+000
<ENDHMM>
~h "CP"
<BEGINHMM>
<NUMSTATES> 5
<STATE> 2
<NUMMIXES> 2
<MIXTURE> 1 8.060766e-001
<MEAN> 22
 1.376211e+001 1.169180e+001 4.046085e+000 3.432429e+000 5.214802e+001 5.258691e+001 1.089579e+002 1.076026e+002 7.709850e+001 7.033033e+001 1.881282e+002 1.911898e+002 1.263377e+002 1.222344e+002 4.240557e+000 4.646805e+000 6.692857e+000 5.459746e+000 5.468984e+000 5.556251e+000 3.254671e+000 3.165457e+000
<VARIANCE> 22
 6.175951e+002 4.131063e+002 4.122888e+002 2.362662e+002 1.367187e+003 1.472653e+003 1.294898e+003 1.263410e+003 2.003143e+002 1.821278e+002 2.194847e+003 1.241063e+003 4.263038e+002 2.438558e+002 1.120093e+001 3.061377e-001 2.162739e-001 2.483882e-001 3.598588e+000 7.695516e-001 5.441965e+000 5.477682e+000
<GCONST> 1.327882e+002
<MIXTURE> 2 1.939231e-001
<MEAN> 22
 6.853647e+000 4.284618e+000 9.964584e-001 1.072984e+000 3.136476e+002 2.302067e+002 5.940485e+001 4.754954e+001 3.487579e+001 3.238377e+001 5.093087e+001 6.299075e+001 5.173419e+001 5.311251e+001 1.089277e+000 1.662488e+000 1.364996e+000 2.630336e+000 1.281087e+000 1.486757e+000 1.445797e+000 1.718174e+000
<VARIANCE> 22
 4.033679e+002 7.933441e+001 4.331638e+000 4.746333e+000 3.264292e+004 2.099870e+004 4.805699e+003 3.693752e+003 1.472950e+003 1.213748e+003 4.333056e+003 5.542074e+003 3.013245e+003 3.027211e+003 3.275886e+000 3.706791e+000 6.044030e+000 7.537149e+000 3.180679e+000 4.921118e+000 5.209348e+000 6.165005e+000
<GCONST> 1.508201e+002
<STATE> 3
<NUMMIXES> 2
<MIXTURE> 1 4.994817e-001
<MEAN> 22
 1.145735e+001 1.115535e+001 2.711057e+000 2.921713e+000 5.321254e+001 4.374374e+001 8.747184e+001 9.250133e+001 7.249167e+001 6.813361e+001 1.777789e+002 1.808477e+002 1.199634e+002 1.191609e+002 5.363351e+000 4.681439e+000 6.481048e+000 5.387999e+000 5.983049e+000 5.752584e+000 3.623224e+000 3.454314e+000
<VARIANCE> 22
 1.068747e+002 1.071151e+002 9.068870e+000 1.081864e+001 1.496081e+003 7.678497e+002 5.188589e+002 5.293942e+002 1.255440e+002 1.256100e+002 7.260439e+002 6.914706e+002 1.579234e+002 1.337336e+002 8.707750e+000 2.526546e-001 3.102318e-001 2.623524e-001 2.675817e-001 4.561402e-001 5.144759e+000 5.056385e+000
<GCONST> 1.130281e+002
<MIXTURE> 2 5.005162e-001
<MEAN> 22
 1.062745e+001 1.110233e+001 3.034872e+000 2.896287e+000 6.707345e+001 5.972770e+001 5.784074e+001 6.181846e+001 7.146470e+001 6.782878e+001 1.151507e+002 1.173521e+002 1.025665e+002 1.025985e+002 2.791465e-001 3.741365e+000 6.797838e+000 5.191123e+000 5.183935e+000 4.778363e+000 3.375284e+000 3.129585e+000
<VARIANCE> 22
 1.156236e+002 1.062482e+002 1.510615e+001 1.275749e+001 5.812206e+002 7.787230e+002 2.644992e+002 3.493666e+002 1.204993e+002 1.711375e+002 3.628795e+002 4.280844e+002 9.069048e+001 9.079302e+001 4.457401e-001 4.736229e-001 1.629467e-001 1.545981e-001 2.093004e+000 5.449821e+000 5.217772e+000 5.087018e+000
<GCONST> 1.109472e+002
<STATE> 4
<NUMMIXES> 2
<MIXTURE> 1 6.443137e-001
<MEAN> 22
 7.005360e+000 6.876661e+000 1.914571e+000 2.063035e+000 3.025895e+001 2.891531e+001 8.718287e+001 8.782300e+001 6.341224e+001 6.043264e+001 1.804236e+002 1.813385e+002 1.128931e+002 1.129160e+002 6.995560e+000 4.999482e+000 6.239213e+000 5.669174e+000 6.001707e+000 5.983658e+000 3.913181e+000 3.729376e+000
<VARIANCE> 22
 4.623201e+001 4.580803e+001 4.167415e+000 4.896176e+000 6.812542e+002 5.165945e+002 3.322034e+002 2.919832e+002 7.653015e+001 8.365932e+001 4.904481e+002 4.622461e+002 1.081557e+002 1.009081e+002 6.504287e-002 1.793315e-002 1.819871e-001 2.213846e-001 2.082488e-002 5.618803e-002 5.600941e+000 5.783360e+000
<GCONST> 9.251623e+001
<MIXTURE> 2 3.556862e-001
<MEAN> 22
 6.831637e+000 6.890553e+000 1.195173e+000 1.121488e+000 4.685774e+001 4.358541e+001 6.137574e+001 6.219382e+001 6.050426e+001 5.802880e+001 1.379988e+002 1.393222e+002 9.956770e+001 9.884077e+001 3.359712e+000 4.451386e+000 6.545909e+000 5.392179e+000 5.908875e+000 5.961189e+000 3.292377e+000 3.095386e+000
<VARIANCE> 22
 4.671711e+001 4.321341e+001 3.300596e+000 2.164982e+000 4.222955e+002 3.295210e+002 2.882554e+002 3.593894e+002 6.405303e+001 8.468633e+001 2.580662e+002 3.012920e+002 4.835645e+001 5.808893e+001 1.194073e+001 3.600720e-001 3.073915e-001 2.628252e-001 3.696868e-001 4.774366e-001 5.276145e+000 5.117407e+000
<GCONST> 1.017062e+002
<TRANSP> 5
 0.000000e+000 1.000000e+000 0.000000e+000 0.000000e+000 0.000000e+000
 0.000000e+000 7.384347e-001 2.615653e-001 0.000000e+000 0.000000e+000
 0.000000e+000 0.000000e+000 9.224815e-001 7.751852e-002 0.000000e+000
 0.000000e+000 0.000000e+000 0.000000e+000 9.457853e-001 5.421471e-002
 0.000000e+000 0.000000e+000 0.000000e+000 0.000000e+000 0.000000e+000
<ENDHMM>
~h "CV"
<BEGINHMM>
<NUMSTATES> 5
<STATE> 2
<NUMMIXES> 2
<MIXTURE> 1 4.080882e-001
<MEAN> 22
 8.920031e+000 9.624503e+000 3.133980e+000 2.970678e+000 2.048584e+001 2.145396e+001 9.072757e+001 8.609086e+001 6.259386e+001 5.822061e+001 1.874035e+002 1.836521e+002 1.158562e+002 1.153491e+002 6.987840e+000 4.993920e+000 6.151780e+000 5.907849e+000 5.993914e+000 6.011593e+000 2.737417e+000 2.271784e+000
<VARIANCE> 22
 5.345902e+002 4.703722e+002 5.172621e+002 3.212831e+002 3.771616e+002 3.684289e+002 5.279301e+002 4.475718e+002 7.954163e+001 5.784654e+001 7.317299e+002 7.030067e+002 1.832687e+002 1.482848e+002 6.504287e-002 2.023041e-002 1.287424e-001 8.568575e-002 2.082488e-002 8.846966e-002 3.262948e+000 4.062831e+000
<GCONST> 1.060464e+002
<MIXTURE> 2 5.919112e-001
<MEAN> 22
 1.972290e+001 1.937483e+001 3.384431e+000 3.225143e+000 1.030279e+002 9.670505e+001 6.532230e+001 6.613761e+001 6.874465e+001 6.037222e+001 1.012148e+002 1.113704e+002 1.089703e+002 1.076897e+002 2.339957e+000 3.524003e+000 6.009276e+000 5.396283e+000 4.084763e+000 3.496875e+000 2.690211e+000 2.583277e+000
<VARIANCE> 22
 4.549767e+002 4.143477e+002 1.524140e+001 1.347931e+001 8.569307e+003 5.906275e+003 9.616561e+002 9.841875e+002 2.278359e+002 1.301206e+002 2.789938e+003 2.510399e+003 3.652552e+002 3.271618e+002 6.472217e+000 1.394541e+000 2.759677e+000 7.213713e-001 2.090796e+000 7.033866e+000 3.855386e+000 3.792977e+000
<GCONST> 1.354152e+002
<STATE> 3
<NUMMIXES> 2
<MIXTURE> 1 3.901691e-001
<MEAN> 22
 8.623618e+000 8.673419e+000 2.664722e+000 2.910107e+000 1.682046e+002 1.633512e+002 9.993517e+001 9.879955e+001 7.233868e+001 6.915699e+001 4.733096e+001 5.224496e+001 1.131814e+002 1.132215e+002 1.679911e+000 2.414253e+000 4.492814e+000 4.769454e+000 2.647169e+000 1.495307e+000 3.396048e+000 3.286939e+000
<VARIANCE> 22
 1.372009e+002 1.344377e+002 1.543573e+001 2.032866e+001 1.817646e+003 1.423136e+003 5.214994e+002 6.561332e+002 1.360782e+002 1.011078e+002 4.628074e+002 4.712330e+002 2.947357e+002 1.948259e+002 3.511772e-001 3.016141e-001 1.018533e+001 7.236124e-001 3.443244e-001 4.458755e-001 5.513572e+000 5.717144e+000
<GCONST> 1.176230e+002
<MIXTURE> 2 6.098318e-001
<MEAN> 22
 6.038772e+000 6.439419e+000 1.253742e+000 1.323703e+000 1.202994e+002 1.212552e+002 6.937897e+001 6.963311e+001 6.073578e+001 5.750369e+001 5.256204e+001 5.291823e+001 9.880991e+001 9.949426e+001 1.340359e+000 2.562893e+000 6.885480e+000 5.183384e+000 2.872570e+000 1.212833e+000 3.497027e+000 3.364620e+000
<VARIANCE> 22
 6.030360e+001 5.886751e+001 3.300596e+000 2.617085e+000 1.220039e+003 8.530902e+002 2.332716e+002 2.756793e+002 3.286410e+001 4.358494e+001 1.977660e+002 2.162220e+002 6.042700e+001 6.277061e+001 2.389831e-001 2.999970e-001 1.025690e-001 2.662567e-001 2.330130e-001 2.893855e-001 5.631796e+000 5.967801e+000
<GCONST> 9.644479e+001
<STATE> 4
<NUMMIXES> 2
<MIXTURE> 1 4.833326e-001
<MEAN> 22
 1.065671e+001 9.597130e+000 3.054674e+000 2.607753e+000 2.313634e+001 2.307060e+001 9.478535e+001 9.247052e+001 6.403144e+001 5.839367e+001 1.911359e+002 1.903980e+002 1.154875e+002 1.146586e+002 6.993742e+000 5.000479e+000 6.223359e+000 5.832383e+000 6.021918e+000 5.989728e+000 4.228471e+000 4.051093e+000
<VARIANCE> 22
 1.081758e+002 9.958300e+001 9.442038e+000 7.311330e+000 4.958466e+002 4.522806e+002 4.503578e+002 3.445319e+002 8.916479e+001 6.614770e+001 6.589652e+002 5.804971e+002 1.768944e+002 1.415934e+002 6.504287e-002 1.793315e-002 1.734674e-001 1.395222e-001 2.154612e-002 5.618803e-002 6.772515e+000 5.024457e+000
<GCONST> 9.622636e+001
<MIXTURE> 2 5.166675e-001
<MEAN> 22
 1.577269e+001 1.573838e+001 2.650434e+000 3.011928e+000 7.757958e+001 6.819906e+001 4.512339e+001 5.029796e+001 6.517322e+001 6.003482e+001 1.061488e+002 1.136981e+002 1.040982e+002 1.042953e+002 2.528097e+000 3.538294e+000 6.144155e+000 5.762167e+000 4.452698e+000 3.460066e+000 4.317745e+000 4.248744e+000
<VARIANCE> 22
 2.781158e+002 2.567962e+002 1.571457e+001 1.645923e+001 1.399457e+003 1.416166e+003 5.584534e+002 6.983112e+002 1.070633e+002 8.992817e+001 1.343822e+003 1.673245e+003 1.566764e+002 1.175261e+002 6.483274e+000 1.981260e+000 2.258668e-001 2.516720e-001 9.618462e-001 9.466919e+000 5.834257e+000 5.570365e+000
<GCONST> 1.235332e+002
<TRANSP> 5
 0.000000e+000 1.000000e+000 0.000000e+000 0.000000e+000 0.000000e+000
 0.000000e+000 8.449253e-001 1.550747e-001 0.000000e+000 0.000000e+000
 0.000000e+000 0.000000e+000 9.470654e-001 5.293470e-002 0.000000e+000
 0.000000e+000 0.000000e+000 0.000000e+000 9.189822e-001 8.101781e-002
 0.000000e+000 0.000000e+000 0.000000e+000 0.000000e+000 0.000000e+000
<ENDHMM>
~h "DC"
<BEGINHMM>
<NUMSTATES> 5
<STATE> 2
<NUMMIXES> 2
<MIXTURE> 1 4.207379e-001
<MEAN> 22
 9.773914e+000 9.278735e+000 3.799772e+000 3.332759e+000 4.241471e+001 4.006963e+001 8.997663e+001 8.656464e+001 6.349012e+001 5.940986e+001 1.879645e+002 1.851735e+002 1.177559e+002 1.168161e+002 6.975574e+000 4.993261e+000 6.178967e+000 5.862872e+000 5.962276e+000 6.008658e+000 2.484563e+000 2.113644e+000
<VARIANCE> 22
 8.956210e+002 6.477593e+002 8.327552e+002 5.129523e+002 1.055891e+004 6.621697e+003 6.839907e+002 4.727707e+002 9.912106e+001 6.141254e+001 8.735087e+002 7.511766e+002 2.312853e+002 1.799597e+002 1.307892e-001 1.793315e-002 1.469360e-001 1.183243e-001 8.374796e-002 1.103557e-001 3.092191e+000 3.479182e+000
<GCONST> 1.177475e+002
<MIXTURE> 2 5.792608e-001
<MEAN> 22
 1.387923e+001 1.344373e+001 2.699556e+000 2.815629e+000 1.078355e+002 9.945163e+001 4.510906e+001 4.574200e+001 6.518317e+001 6.152765e+001 1.106243e+002 1.136552e+002 1.048962e+002 1.029397e+002 2.006576e+000 3.476202e+000 6.057885e+000 5.565299e+000 4.512078e+000 4.251132e+000 2.526641e+000 1.994893e+000
<VARIANCE> 22
 1.603416e+002 1.394137e+002 1.262922e+001 1.329333e+001 1.064505e+004 7.275608e+003 6.739548e+002 7.308720e+002 2.822465e+002 2.179435e+002 1.251803e+003 1.362012e+003 6.417650e+002 5.278844e+002 6.932158e+000 2.160885e+000 1.464665e+000 1.226954e+000 1.986775e+000 9.363748e+000 2.857691e+000 3.192956e+000
<GCONST> 1.333802e+002
<STATE> 3
<NUMMIXES> 2
<MIXTURE> 1 4.898227e-001
<MEAN> 22
 1.382523e+001 1.535341e+001 2.866984e+000 3.246407e+000 1.366381e+002 1.344119e+002 6.710496e+001 6.835027e+001 6.834660e+001 6.544944e+001 5.984298e+001 6.037790e+001 9.864063e+001 9.915453e+001 1.916412e+000 2.220217e+000 5.874105e+000 5.716773e+000 3.406281e+000 8.459662e-001 2.730094e+000 2.679339e+000
<VARIANCE> 22
 2.701710e+002 3.478484e+002 2.648380e+001 3.103926e+001 2.342761e+003 1.697446e+003 6.006025e+002 6.297222e+002 1.130744e+002 1.592002e+002 5.260633e+002 5.745094e+002 1.984361e+002 2.083950e+002 5.137230e-001 5.049017e-001 8.010602e-001 7.172874e-001 3.540641e-001 1.039629e+000 5.482631e+000 5.476906e+000
<GCONST> 1.201813e+002
<MIXTURE> 2 5.101766e-001
<MEAN> 22
 8.819448e+000 9.013546e+000 1.085538e+000 1.162609e+000 1.112421e+002 1.075452e+002 3.097854e+001 3.374756e+001 6.315709e+001 6.069683e+001 8.000229e+001 8.098394e+001 9.957472e+001 1.002527e+002 2.000301e+000 2.006605e+000 6.000144e+000 6.005679e+000 4.000406e+000 2.806474e-002 2.760749e+000 2.442099e+000
<VARIANCE> 22
 1.368898e+002 1.262852e+002 3.300596e+000 2.319509e+000 4.737941e+002 5.204611e+002 1.173748e+002 1.329357e+002 6.826204e+001 8.807137e+001 1.695533e+002 1.788888e+002 9.720469e+001 9.490579e+001 6.044235e-001 8.901321e-001 2.326111e-002 1.016917e-001 2.082488e-002 5.618803e-002 5.405856e+000 5.827907e+000
<GCONST> 9.248117e+001
<STATE> 4
<NUMMIXES> 2
<MIXTURE> 1 5.529576e-001
<MEAN> 22
 9.971385e+000 9.201605e+000 3.176500e+000 2.825832e+000 2.252748e+001 2.219105e+001 9.603060e+001 9.357703e+001 6.417931e+001 5.972724e+001 1.909792e+002 1.902782e+002 1.146132e+002 1.146106e+002 6.996800e+000 5.001558e+000 6.305465e+000 5.722429e+000 6.012825e+000 5.997248e+000 4.101539e+000 3.912828e+000
<VARIANCE> 22
 8.476299e+001 8.093833e+001 8.453078e+000 7.126379e+000 3.602864e+002 3.715101e+002 3.884908e+002 3.444993e+002 9.093253e+001 7.880527e+001 5.160510e+002 4.739698e+002 1.533861e+002 1.267688e+002 6.504287e-002 1.793315e-002 2.121532e-001 2.005228e-001 2.082488e-002 5.618803e-002 7.138010e+000 4.409709e+000
<GCONST> 9.492128e+001
<MIXTURE> 2 4.470425e-001
<MEAN> 22
 1.858324e+001 1.834943e+001 2.898632e+000 2.681650e+000 7.442648e+001 6.680368e+001 3.989777e+001 4.354039e+001 6.627448e+001 6.160046e+001 1.222434e+002 1.270726e+002 1.035815e+002 1.038194e+002 3.539848e+000 4.219932e+000 6.109894e+000 5.809748e+000 4.890613e+000 5.560546e+000 4.287701e+000 4.231516e+000
<VARIANCE> 22
 3.659164e+002 3.576069e+002 2.243453e+001 1.736152e+001 1.405607e+003 1.180816e+003 5.053282e+002 4.915472e+002 1.208276e+002 1.231582e+002 7.966345e+002 8.563300e+002 1.522091e+002 1.221343e+002 8.853530e+000 2.125792e+000 1.647519e-001 2.078004e-001 6.918641e-001 6.042507e+000 7.301854e+000 4.696117e+000
<GCONST> 1.223220e+002
<TRANSP> 5
 0.000000e+000 1.000000e+000 0.000000e+000 0.000000e+000 0.000000e+000
 0.000000e+000 8.699961e-001 1.300040e-001 0.000000e+000 0.000000e+000
 0.000000e+000 0.000000e+000 9.550791e-001 4.492094e-002 0.000000e+000
 0.000000e+000 0.000000e+000 0.000000e+000 9.082885e-001 9.171154e-002
 0.000000e+000 0.000000e+000 0.000000e+000 0.000000e+000 0.000000e+000
<ENDHMM>
~h "FM"
<BEGINHMM>
<NUMSTATES> 5
<STATE> 2
<NUMMIXES> 2
<MIXTURE> 1 1.318142e-001
<MEAN> 22
 1.293265e+001 1.755010e+001 7.740437e+000 7.769634e+000 4.839654e+001 6.826252e+001 6.970293e+001 7.331873e+001 7.148275e+001 7.548733e+001 1.519997e+002 1.309511e+002 1.077779e+002 1.096643e+002 4.626282e+000 3.967065e+000 5.997154e+000 5.351251e+000 5.213037e+000 5.284364e+000 2.695485e+000 3.096278e+000
<VARIANCE> 22
 2.381873e+003 2.388337e+003 1.908436e+003 1.233955e+003 3.652165e+003 3.718329e+003 1.127423e+003 1.223817e+003 4.738353e+002 3.753827e+002 2.159130e+003 2.257541e+003 7.174225e+002 3.388485e+002 9.205325e+000 1.140536e+000 1.496926e+000 5.492545e-001 1.517402e+000 4.863840e+000 7.079965e+000 5.337963e+000
<GCONST> 1.488968e+002
<MIXTURE> 2 8.681858e-001
<MEAN> 22
 7.135642e+000 1.292878e+000 2.006020e+000 6.288823e-001 6.411050e+001 8.921515e+000 6.346757e+001 1.009479e+002 9.514185e+001 5.728806e+001 1.408036e+002 2.011183e+002 1.144441e+002 1.192522e+002 2.260170e+000 5.000000e+000 6.523442e+000 5.904313e+000 5.281949e+000 5.998955e+000 3.142671e+000 1.831390e+000
<VARIANCE> 22
 6.426603e+001 4.063125e+000 7.817208e+000 2.164982e+000 7.998645e+002 7.039103e+001 7.994677e+002 2.056384e+002 4.993726e+002 7.209200e+001 1.169451e+003 3.740389e+002 1.766760e+002 1.307303e+002 1.023507e+001 1.793315e-002 2.494504e-001 8.653025e-002 3.492693e-001 5.618803e-002 6.393492e+000 5.542860e+000
<GCONST> 9.940878e+001
<STATE> 3
<NUMMIXES> 2
<MIXTURE> 1 4.382191e-001
<MEAN> 22
 2.340487e+000 9.210287e+000 8.699197e-001 3.182242e+000 1.566606e+001 5.262337e+001 1.048589e+002 8.151618e+001 6.420074e+001 9.157940e+001 2.058567e+002 1.618808e+002 1.213846e+002 1.165560e+002 6.991038e+000 4.482050e+000 6.140025e+000 5.269948e+000 5.992493e+000 6.297155e+000 2.213104e+000 3.326699e+000
<VARIANCE> 22
 1.759487e+001 8.220846e+001 3.300596e+000 1.692367e+001 6.621965e+002 1.025725e+003 4.521585e+002 4.988982e+002 8.310902e+001 5.883638e+002 8.127455e+002 9.742651e+002 3.300101e+002 1.641990e+002 6.504287e-002 2.820839e-001 1.542681e-001 2.212515e-001 3.754469e-002 3.254102e-001 6.285355e+000 5.625293e+000
<GCONST> 1.045528e+002
<MIXTURE> 2 5.617804e-001
<MEAN> 22
 8.115781e-001 5.916452e+000 3.602446e-001 1.204555e+000 5.708238e+000 6.202789e+001 8.840080e+001 5.095234e+001 5.314347e+001 8.198230e+001 1.830077e+002 1.202367e+002 1.100864e+002 9.870819e+001 6.962924e+000 4.055765e+000 6.002518e+000 5.408139e+000 5.994465e+000 6.291728e+000 1.359157e+000 3.126645e+000
<VARIANCE> 22
 4.801632e+000 3.688923e+001 3.300596e+000 2.164982e+000 4.956259e+001 2.720212e+002 7.068951e+001 2.913619e+002 3.650817e+001 1.431221e+002 1.511263e+002 3.804914e+002 4.138095e+001 5.046274e+001 2.457120e-001 2.796639e-001 2.326111e-002 2.422971e-001 2.082488e-002 2.382348e+000 4.936301e+000 5.828939e+000
<GCONST> 8.668314e+001
<STATE> 4
<NUMMIXES> 2
<MIXTURE> 1 9.018111e-001
<MEAN> 22
 6.316014e+000 5.418769e+000 1.616943e+000 1.648524e+000 4.386394e+001 3.382402e+001 6.035790e+001 5.577428e+001 7.928784e+001 6.525470e+001 1.357845e+002 1.335594e+002 1.055161e+002 1.033606e+002 2.911431e+000 3.988960e+000 6.441388e+000 5.612112e+000 5.303101e+000 5.282603e+000 2.681163e+000 2.561143e+000
<VARIANCE> 22
 7.586566e+001 6.072857e+001 6.332225e+000 8.718111e+000 7.495960e+002 6.934714e+002 8.023282e+002 8.270400e+002 3.801745e+002 1.853811e+002 1.173142e+003 1.364470e+003 1.143609e+002 1.234713e+002 1.030333e+001 1.535104e+000 2.571159e-001 2.386192e-001 5.018755e-001 5.892656e+000 5.831573e+000 6.276040e+000
<GCONST> 1.191050e+002
<MIXTURE> 2 9.818906e-002
<MEAN> 22
 2.114533e-001 1.916303e+000 5.726863e-002 4.889873e-001 4.969780e+002 3.758194e+002 2.887144e+001 2.325996e+001 1.550592e+001 2.032272e+001 5.165454e+001 4.249533e+001 2.734259e+001 2.745011e+001 1.757709e+000 1.127754e+000 1.612333e+000 1.334800e+000 1.506607e+000 1.475772e+000 2.511014e-001 8.986771e-001
<VARIANCE> 22
 4.801632e+000 2.215612e+001 3.300596e+000 2.164982e+000 3.248384e+003 8.365347e+002 2.487265e+003 1.708871e+003 7.176965e+002 1.294392e+003 7.958704e+003 5.511306e+003 2.230314e+003 2.248537e+003 9.214381e+000 3.855941e+000 7.814466e+000 5.368093e+000 6.769808e+000 6.522507e+000 1.007431e+000 3.844354e+000
<GCONST> 1.363595e+002
<TRANSP> 5
 0.000000e+000 1.000000e+000 0.000000e+000 0.000000e+000 0.000000e+000
 0.000000e+000 8.890923e-001 1.109077e-001 0.000000e+000 0.000000e+000
 0.000000e+000 0.000000e+000 9.556205e-001 4.437951e-002 0.000000e+000
 0.000000e+000 0.000000e+000 0.000000e+000 8.369284e-001 1.630717e-001
 0.000000e+000 0.000000e+000 0.000000e+000 0.000000e+000 0.000000e+000
<ENDHMM>
~h "FN"
<BEGINHMM>
<NUMSTATES> 5
<STATE> 2
<NUMMIXES> 2
<MIXTURE> 1 5.420157e-001
<MEAN> 22
 1.773401e+001 4.170294e+000 6.627519e+000 3.102651e+000 1.700025e+002 1.408536e+001 1.129804e+002 1.022434e+002 8.320023e+001 6.049945e+001 5.191084e+001 2.028570e+002 1.034322e+002 1.207301e+002 1.953165e+000 4.975717e+000 3.120039e+000 5.854655e+000 3.110149e+000 5.957073e+000 3.875418e+000 2.074766e+000
<VARIANCE> 22
 1.613982e+003 9.242598e+002 1.226040e+003 7.140878e+002 3.130426e+003 3.690135e+002 1.173418e+003 2.559192e+002 1.996356e+002 6.752905e+001 2.426648e+003 6.385249e+002 3.844115e+002 1.181262e+002 1.430954e+000 6.260771e-002 8.344326e+000 1.401094e-001 1.044836e+000 1.987779e-001 6.135135e+000 6.061900e+000
<GCONST> 1.291776e+002
<MIXTURE> 2 4.579842e-001
<MEAN> 22
 4.737700e+000 1.086780e+001 1.331889e+000 2.661814e+000 1.204296e+002 1.536162e+002 8.406089e+001 9.119897e+001 6.571795e+001 6.444310e+001 1.529855e+002 9.052491e+001 1.007364e+002 9.863780e+001 4.654819e+000 3.017374e+000 5.511938e+000 4.529951e+000 5.060361e+000 2.837273e+000 2.334801e+000 2.621289e+000
<VARIANCE> 22
 7.817088e+001 2.228333e+002 5.986718e+000 1.393193e+001 3.442765e+004 1.738154e+004 1.763303e+003 1.556837e+003 5.922449e+002 4.984835e+002 5.238534e+003 5.981072e+003 1.646651e+003 1.042196e+003 8.701547e+000 2.498191e+000 3.928495e+000 3.056383e+000 2.973847e+000 6.169273e+000 6.183532e+000 5.384219e+000
<GCONST> 1.458481e+002
<STATE> 3
<NUMMIXES> 2
<MIXTURE> 1 5.126106e-001
<MEAN> 22
 2.151654e+000 1.721385e+001 7.489550e-001 3.684411e+000 1.009418e+001 9.137214e+001 9.801130e+001 8.346135e+001 6.077710e+001 6.843233e+001 1.977204e+002 1.173447e+002 1.174715e+002 1.092678e+002 6.993280e+000 3.738047e+000 6.139019e+000 5.298546e+000 5.996238e+000 3.867187e+000 2.113394e+000 3.818421e+000
<VARIANCE> 22
 1.545761e+001 3.040262e+002 3.300596e+000 2.234463e+001 1.958211e+002 4.921717e+003 2.956142e+002 1.350023e+003 6.903580e+001 2.060856e+002 5.141934e+002 3.899057e+003 1.592764e+002 1.626320e+002 6.504287e-002 1.591434e+000 1.290925e-001 8.676728e-001 2.082488e-002 6.786736e+000 6.268984e+000 5.265702e+000
<GCONST> 1.111838e+002
<MIXTURE> 2 4.873893e-001
<MEAN> 22
 8.755882e-001 8.812718e+000 4.563324e-001 2.452010e+000 7.318139e+000 1.679331e+002 8.645590e+001 1.058754e+002 5.580440e+001 6.547499e+001 1.823120e+002 2.625160e+001 1.085655e+002 9.216589e+001 6.946145e+000 2.054231e+000 6.000741e+000 4.244063e+000 5.969593e+000 1.255881e+000 1.299553e+000 3.126029e+000
<VARIANCE> 22
 4.801632e+000 1.032536e+002 3.300596e+000 9.808101e+000 3.310786e+002 1.069492e+003 1.348749e+002 4.772591e+002 3.446919e+001 9.256293e+001 3.754688e+002 3.247391e+002 8.250405e+001 1.829050e+002 2.521339e-001 8.179215e-002 2.326111e-002 1.482434e+000 7.737067e-002 3.028067e-001 4.558230e+000 5.497292e+000
<GCONST> 9.558614e+001
<STATE> 4
<NUMMIXES> 2
<MIXTURE> 1 6.748050e-001
<MEAN> 22
 1.029187e+001 2.393541e+000 2.733542e+000 8.969467e-001 1.003035e+002 2.071411e+001 1.020800e+002 9.692522e+001 7.154796e+001 5.641466e+001 1.097100e+002 1.967718e+002 1.063414e+002 1.172921e+002 3.702740e+000 4.998140e+000 4.705361e+000 5.807546e+000 4.207704e+000 5.988081e+000 3.403923e+000 2.110565e+000
<VARIANCE> 22
 1.637063e+002 1.474214e+001 1.328332e+001 2.164982e+000 5.420953e+003 8.973849e+002 1.250118e+003 2.543701e+002 1.951936e+002 7.332897e+001 6.719701e+003 4.575282e+002 4.442599e+002 1.507549e+002 7.161570e+000 1.793315e-002 6.812765e+000 1.554157e-001 2.916126e+000 5.618803e-002 6.064267e+000 5.996082e+000
<GCONST> 1.150574e+002
<MIXTURE> 2 3.251954e-001
<MEAN> 22
 6.953341e+000 7.095584e+000 1.856930e+000 1.724184e+000 4.996788e+001 3.993749e+001 5.601744e+001 3.900817e+001 6.490239e+001 5.668244e+001 8.177415e+001 1.026977e+002 9.898490e+001 1.004698e+002 2.880170e+000 3.117612e+000 5.630002e+000 5.725458e+000 3.900511e+000 2.969366e+000 2.830395e+000 2.630811e+000
<VARIANCE> 22
 1.308781e+002 2.008546e+002 1.077898e+001 7.824457e+000 1.422126e+003 1.319232e+003 1.302681e+003 4.679166e+002 8.548017e+001 4.595224e+001 2.322553e+003 1.018452e+003 1.494557e+002 8.962345e+001 4.251582e+000 2.585641e+000 2.784577e+000 5.676786e-001 9.377085e-001 1.031205e+001 6.425717e+000 6.279653e+000
<GCONST> 1.240869e+002
<TRANSP> 5
 0.000000e+000 1.000000e+000 0.000000e+000 0.000000e+000 0.000000e+000
 0.000000e+000 8.204905e-001 1.795094e-001 0.000000e+000 0.000000e+000
 0.000000e+000 0.000000e+000 9.549749e-001 4.502500e-002 0.000000e+000
 0.000000e+000 0.000000e+000 0.000000e+000 9.058419e-001 9.415811e-002
 0.000000e+000 0.000000e+000 0.000000e+000 0.000000e+000 0.000000e+000
<ENDHMM>
~h "FU"
<BEGINHMM>
<NUMSTATES> 5
<STATE> 2
<NUMMIXES> 2
<MIXTURE> 1 8.055825e-001
<MEAN> 22
 9.850121e+000 1.312661e+000 2.367793e+000 6.945094e-001 1.380123e+002 1.889673e+001 1.027336e+002 9.420514e+001 6.509918e+001 5.468064e+001 5.159245e+001 1.916830e+002 9.893594e+001 1.126441e+002 2.544693e+000 5.000000e+000 3.295434e+000 5.848847e+000 3.241809e+000 5.996484e+000 3.226463e+000 1.949301e+000
<VARIANCE> 22
 2.439318e+002 4.063125e+000 1.036036e+001 2.164982e+000 4.880315e+003 7.362006e+002 9.696562e+002 1.754526e+002 1.994209e+002 5.461315e+001 3.170276e+003 3.220911e+002 2.183165e+002 1.352239e+002 3.221009e+000 1.793315e-002 7.840959e+000 1.283078e-001 1.449951e+000 5.618803e-002 6.258682e+000 5.677342e+000
<GCONST> 1.092239e+002
<MIXTURE> 2 1.944179e-001
<MEAN> 22
 8.578605e+000 9.200946e+000 2.814983e+000 2.329443e+000 5.541428e+001 5.630443e+001 7.907190e+001 5.818713e+001 6.250302e+001 5.719584e+001 8.921801e+001 1.143654e+002 9.883418e+001 1.003639e+002 3.400162e+000 3.626902e+000 5.214442e+000 5.526173e+000 4.080959e+000 4.095566e+000 2.909278e+000 2.835160e+000
<VARIANCE> 22
 1.894888e+002 1.466833e+002 2.909101e+001 1.271360e+001 2.999734e+003 2.939572e+003 1.450925e+003 9.132885e+002 1.318637e+002 9.410317e+001 4.190752e+003 2.301810e+003 2.616058e+002 1.445101e+002 5.779549e+000 2.078283e+000 4.275424e+000 6.020768e-001 1.952080e+000 7.692108e+000 5.921696e+000 5.165525e+000
<GCONST> 1.322778e+002
<STATE> 3
<NUMMIXES> 2
<MIXTURE> 1 4.334483e-001
<MEAN> 22
 2.142605e+000 1.883323e+001 7.016167e-001 3.382785e+000 7.663444e+000 1.379003e+002 1.025683e+002 9.139011e+001 6.229486e+001 6.955473e+001 2.046584e+002 7.293536e+001 1.213006e+002 1.072639e+002 6.998036e+000 2.909081e+000 6.153227e+000 4.869282e+000 5.998923e+000 2.615295e+000 2.036038e+000 3.232000e+000
<VARIANCE> 22
 2.234947e+001 3.701839e+002 3.300596e+000 1.477457e+001 9.898463e+001 5.759621e+003 3.932345e+002 1.684012e+003 8.813270e+001 1.779423e+002 7.863215e+002 3.261994e+003 2.720684e+002 1.809410e+002 6.504287e-002 1.471733e+000 1.297503e-001 1.526392e+000 2.082488e-002 5.819562e+000 6.279478e+000 5.634780e+000
<GCONST> 1.127104e+002
<MIXTURE> 2 5.665522e-001
<MEAN> 22
 9.756957e-001 3.753577e+000 5.250942e-001 1.284272e+000 7.637193e+000 1.627010e+002 8.247353e+001 1.033393e+002 5.246166e+001 5.790624e+001 1.745549e+002 2.029657e+001 1.043418e+002 8.944320e+001 6.933598e+000 2.034192e+000 6.015271e+000 4.149877e+000 5.961655e+000 1.305241e+000 1.381707e+000 2.628779e+000
<VARIANCE> 22
 4.801632e+000 3.188693e+001 3.300596e+000 2.430712e+000 4.403577e+002 7.643204e+002 8.808692e+001 2.249227e+002 3.534564e+001 9.514770e+001 3.107081e+002 3.277486e+002 6.010781e+001 7.090046e+001 3.575620e-001 9.163888e-002 6.463481e-002 2.211290e+000 1.105172e-001 4.189043e-001 4.875041e+000 6.679914e+000
<GCONST> 9.322327e+001
<STATE> 4
<NUMMIXES> 2
<MIXTURE> 1 6.881794e-001
<MEAN> 22
 4.559955e+000 1.120212e+001 2.006424e+000 3.292160e+000 1.523072e+001 2.408265e+001 9.818501e+001 9.043911e+001 6.073293e+001 5.801675e+001 1.963011e+002 1.881028e+002 1.168353e+002 1.136412e+002 6.992824e+000 5.001050e+000 6.119371e+000 5.832647e+000 5.998915e+000 6.003741e+000 2.880936e+000 3.658065e+000
<VARIANCE> 22
 2.291185e+002 3.222418e+002 1.603799e+002 1.057911e+002 1.686123e+002 4.763112e+002 2.547549e+002 3.032741e+002 7.669749e+001 8.447066e+001 4.115009e+002 4.890136e+002 1.400486e+002 1.224022e+002 6.504287e-002 1.793315e-002 1.051222e-001 1.393468e-001 2.082488e-002 5.618803e-002 6.683295e+000 5.500208e+000
<GCONST> 1.005447e+002
<MIXTURE> 2 3.118205e-001
<MEAN> 22
 6.096966e+000 7.581685e+000 1.410937e+000 3.013812e+000 2.224769e+002 1.879142e+002 6.443425e+001 6.392852e+001 5.146777e+001 5.233099e+001 1.175265e+002 9.106412e+001 8.331166e+001 7.440534e+001 3.791691e+000 2.977973e+000 4.482103e+000 3.913791e+000 4.004830e+000 3.396262e+000 2.221331e+000 2.219216e+000
<VARIANCE> 22
 1.499385e+002 2.188958e+002 7.620197e+000 5.890275e+001 4.453468e+004 2.338921e+004 2.258395e+003 2.530398e+003 9.584179e+002 1.118988e+003 7.663496e+003 6.135747e+003 2.549831e+003 2.315862e+003 9.350253e+000 4.677241e+000 6.979180e+000 5.903434e+000 5.818736e+000 8.264678e+000 6.767883e+000 6.346562e+000
<GCONST> 1.555340e+002
<TRANSP> 5
 0.000000e+000 1.000000e+000 0.000000e+000 0.000000e+000 0.000000e+000
 0.000000e+000 9.246755e-001 7.532447e-002 0.000000e+000 0.000000e+000
 0.000000e+000 0.000000e+000 9.467809e-001 5.321912e-002 0.000000e+000
 0.000000e+000 0.000000e+000 0.000000e+000 8.349620e-001 1.650380e-001
 0.000000e+000 0.000000e+000 0.000000e+000 0.000000e+000 0.000000e+000
<ENDHMM>
~h "MC"
<BEGINHMM>
<NUMSTATES> 5
<STATE> 2
<NUMMIXES> 2
<MIXTURE> 1 9.540918e-002
<MEAN> 22
 1.824956e+001 2.193670e+001 1.141702e+001 9.666284e+000 1.491288e+002 1.686216e+002 1.123190e+002 6.042523e+001 7.436055e+001 7.814910e+001 1.910159e+002 1.128002e+002 1.290206e+002 1.163658e+002 5.441673e+000 3.195109e+000 6.138116e+000 5.748970e+000 5.293139e+000 2.894145e+000 2.282231e+000 2.937083e+000
<VARIANCE> 22
 2.880996e+003 2.211093e+003 2.550505e+003 1.494214e+003 4.620807e+004 2.038600e+004 2.068269e+003 1.002640e+003 2.682838e+002 2.015607e+002 8.317623e+003 2.811597e+003 1.553925e+003 5.399211e+002 5.433280e+000 1.425756e+000 1.211179e+000 4.468658e-001 1.276531e+000 8.909240e+000 6.009635e+000 5.285432e+000
<GCONST> 1.552908e+002
<MIXTURE> 2 9.045908e-001
<MEAN> 22
 5.672330e+000 6.997469e+000 1.542321e+000 2.097176e+000 4.841144e+001 5.657042e+001 6.100808e+001 5.027433e+001 7.111068e+001 6.622427e+001 1.139327e+002 1.084763e+002 1.015268e+002 1.012589e+002 3.641013e+000 3.415862e+000 6.185227e+000 5.726647e+000 4.756086e+000 3.782602e+000 2.887224e+000 2.728200e+000
<VARIANCE> 22
 5.435003e+001 7.416190e+001 3.884232e+000 7.608517e+000 1.242130e+003 1.706537e+003 7.217997e+002 7.452778e+002 2.136237e+002 2.416754e+002 2.845906e+003 1.860720e+003 1.478479e+002 1.245110e+002 7.831532e+000 1.689657e+000 2.599618e-001 2.133789e-001 1.404071e+000 9.691210e+000 6.083053e+000 5.592695e+000
<GCONST> 1.218666e+002
<STATE> 3
<NUMMIXES> 2
<MIXTURE> 1 2.858335e-001
<MEAN> 22
 2.627218e+000 1.398993e+001 7.861655e-001 4.337852e+000 1.063569e+001 1.131767e+002 1.088986e+002 7.887843e+001 6.586231e+001 9.155357e+001 2.122854e+002 1.058018e+002 1.261410e+002 1.134465e+002 6.885669e+000 3.370647e+000 6.183240e+000 5.342934e+000 5.967405e+000 2.660301e+000 2.186794e+000 3.456203e+000
<VARIANCE> 22
 2.137698e+001 1.644185e+002 3.300596e+000 2.415685e+001 4.098016e+002 4.157604e+003 3.541016e+002 1.289902e+003 5.974968e+001 6.666832e+002 6.629573e+002 3.264552e+003 1.557719e+002 1.364611e+002 6.303486e-001 1.420029e+000 1.656304e-001 5.493296e-001 7.562315e-002 8.126074e+000 6.088031e+000 5.186065e+000
<GCONST> 1.159590e+002
<MIXTURE> 2 7.141674e-001
<MEAN> 22
 1.041056e+000 8.254370e+000 5.897280e-001 2.362916e+000 6.052640e+000 1.012969e+002 8.692778e+001 5.139339e+001 5.294353e+001 7.623225e+001 1.806024e+002 7.692902e+001 1.077413e+002 9.329275e+001 6.999999e+000 2.900427e+000 6.002036e+000 5.739589e+000 6.000000e+000 2.147677e+000 1.658541e+000 3.160307e+000
<VARIANCE> 22
 4.801632e+000 5.906798e+001 3.300596e+000 6.350881e+000 4.956259e+001 1.249267e+003 8.312749e+001 4.276674e+002 4.394422e+001 2.449477e+002 1.466972e+002 1.314001e+003 5.052730e+001 1.673089e+002 6.504287e-002 1.087178e+000 2.326111e-002 2.345219e-001 2.082488e-002 8.410093e+000 5.538118e+000 5.084934e+000
<GCONST> 9.486689e+001
<STATE> 4
<NUMMIXES> 2
<MIXTURE> 1 9.411125e-001
<MEAN> 22
 8.768830e+000 2.703697e+000 2.744684e+000 1.014856e+000 8.163174e+001 1.431669e+001 6.497593e+001 9.770979e+001 7.602295e+001 5.609007e+001 1.202713e+002 1.962452e+002 1.098359e+002 1.161621e+002 3.249974e+000 5.000000e+000 6.262613e+000 5.804312e+000 4.631313e+000 5.994595e+000 3.272974e+000 2.594922e+000
<VARIANCE> 22
 7.994943e+001 1.471136e+001 1.250308e+001 2.164982e+000 2.713140e+003 1.952042e+002 8.696716e+002 2.513461e+002 4.632081e+002 5.678671e+001 3.331478e+003 4.321037e+002 2.687638e+002 1.255319e+002 7.973900e+000 1.793315e-002 2.154613e-001 1.573962e-001 1.321515e+000 5.618803e-002 5.906007e+000 6.243859e+000
<GCONST> 1.067387e+002
<MIXTURE> 2 5.888771e-002
<MEAN> 22
 4.387497e+000 2.651824e+001 1.167789e+000 4.595875e+000 1.217472e+002 1.190052e+002 6.704166e+001 6.993867e+001 6.122344e+001 5.554131e+001 1.309349e+002 1.181741e+002 9.885600e+001 9.514749e+001 3.811054e+000 3.265677e+000 5.191130e+000 4.527077e+000 4.321160e+000 3.861354e+000 1.892175e+000 3.144593e+000
<VARIANCE> 22
 8.196326e+001 2.991852e+003 4.890635e+000 3.803241e+001 2.829054e+004 1.661031e+004 2.031389e+003 2.248353e+003 1.073899e+003 7.288030e+002 6.581006e+003 6.511080e+003 2.245761e+003 2.075353e+003 1.014466e+001 3.592726e+000 6.047580e+000 4.793806e+000 4.826208e+000 7.870511e+000 5.506592e+000 6.463252e+000
<GCONST> 1.540419e+002
<TRANSP> 5
 0.000000e+000 1.000000e+000 0.000000e+000 0.000000e+000 0.000000e+000
 0.000000e+000 8.745580e-001 1.254419e-001 0.000000e+000 0.000000e+000
 0.000000e+000 0.000000e+000 9.591442e-001 4.085581e-002 0.000000e+000
 0.000000e+000 0.000000e+000 0.000000e+000 9.010136e-001 9.898642e-002
 0.000000e+000 0.000000e+000 0.000000e+000 0.000000e+000 0.000000e+000
<ENDHMM>
~h "NU"
<BEGINHMM>
<NUMSTATES> 5
<STATE> 2
<NUMMIXES> 2
<MIXTURE> 1 8.049488e-001
<MEAN> 22
 8.164544e+000 1.180888e+001 2.995454e+000 2.919908e+000 9.677049e+001 8.853387e+001 9.535157e+001 8.257380e+001 7.169081e+001 6.364489e+001 1.651066e+002 1.461581e+002 1.135567e+002 1.156364e+002 5.073615e+000 4.087888e+000 5.904973e+000 5.571543e+000 5.141528e+000 4.227977e+000 2.673053e+000 2.521801e+000
<VARIANCE> 22
 6.185900e+002 1.122814e+003 4.406632e+002 2.797561e+002 2.106193e+004 1.304472e+004 1.430388e+003 9.464142e+002 2.252987e+002 1.247672e+002 4.338270e+003 3.688506e+003 9.204697e+002 2.536857e+002 7.454411e+000 1.295070e+000 2.510542e+000 3.831065e-001 2.224001e+000 6.026610e+000 6.105254e+000 5.065433e+000
<GCONST> 1.466048e+002
<MIXTURE> 2 1.950512e-001
<MEAN> 22
 0.000000e+000 0.000000e+000 0.000000e+000 0.000000e+000 5.315967e+002 4.080165e+002 0.000000e+000 0.000000e+000 0.000000e+000 0.000000e+000 0.000000e+000 0.000000e+000 0.000000e+000 0.000000e+000 0.000000e+000 0.000000e+000 0.000000e+000 0.000000e+000 0.000000e+000 0.000000e+000 0.000000e+000 0.000000e+000
<VARIANCE> 22
 4.801632e+000 4.063125e+000 3.300596e+000 2.164982e+000 3.309068e+003 2.711516e+003 9.838196e+000 1.115232e+001 2.936353e+000 3.516743e+000 3.745900e+001 4.440890e+001 4.184655e+000 3.870682e+000 6.504287e-002 1.793315e-002 2.326111e-002 1.170389e-002 2.082488e-002 5.618803e-002 6.153807e-002 6.060927e-002
<GCONST> 5.130988e+001
<STATE> 3
<NUMMIXES> 2
<MIXTURE> 1 5.584003e-001
<MEAN> 22
 1.411323e+000 1.344408e+001 5.130729e-001 3.342930e+000 7.097228e+000 8.719366e+001 9.865203e+001 7.321381e+001 6.036754e+001 6.669820e+001 1.989179e+002 1.155081e+002 1.182486e+002 1.097863e+002 6.998994e+000 3.763980e+000 6.085266e+000 5.397679e+000 6.000000e+000 3.843141e+000 1.699520e+000 3.477820e+000
<VARIANCE> 22
 8.358598e+000 1.687411e+002 3.300596e+000 1.410789e+001 5.549150e+001 3.363699e+003 2.766120e+002 9.349517e+002 6.619178e+001 1.589406e+002 5.492398e+002 2.582113e+003 2.004773e+002 1.721187e+002 6.504287e-002 1.102272e+000 7.799485e-002 4.261950e-001 2.082488e-002 6.727102e+000 5.587377e+000 5.035918e+000
<GCONST> 1.053331e+002
<MIXTURE> 2 4.415998e-001
<MEAN> 22
 7.893733e-001 2.475544e+000 3.983431e-001 1.101946e+000 1.134863e+001 1.121858e+002 8.553172e+001 6.714941e+001 5.521523e+001 6.126528e+001 1.779100e+002 6.666341e+001 1.070367e+002 9.780717e+001 6.895170e+000 2.761104e+000 6.069114e+000 5.179447e+000 5.939754e+000 1.266612e+000 1.212219e+000 2.827112e+000
<VARIANCE> 22
 4.801632e+000 7.572851e+000 3.300596e+000 2.164982e+000 7.677323e+002 9.118434e+002 1.606490e+002 4.328441e+002 4.468429e+001 6.866048e+001 4.070372e+002 6.049059e+002 6.390036e+001 9.760622e+001 5.952929e-001 2.689752e-001 1.050242e-001 3.191583e-001 1.643918e-001 9.556525e-001 4.427554e+000 6.159058e+000
<GCONST> 9.601032e+001
<STATE> 4
<NUMMIXES> 2
<MIXTURE> 1 5.492243e-001
<MEAN> 22
 8.240075e+000 3.706105e+000 2.447043e+000 1.279875e+000 7.413072e+001 1.368485e+001 8.271071e+001 9.778331e+001 6.978515e+001 5.620300e+001 1.367044e+002 1.970823e+002 1.137669e+002 1.170019e+002 3.953736e+000 5.000000e+000 6.512681e+000 5.908435e+000 4.642880e+000 5.996293e+000 3.296208e+000 2.567394e+000
<VARIANCE> 22
 9.931779e+001 2.965620e+001 9.629702e+000 3.256829e+000 3.054807e+003 2.084231e+002 7.090370e+002 2.552875e+002 2.319739e+002 6.245567e+001 3.811938e+003 4.199924e+002 2.322386e+002 1.239021e+002 9.206082e+000 1.793315e-002 2.536940e-001 8.318218e-002 2.693080e+000 5.618803e-002 6.224660e+000 6.367294e+000
<GCONST> 1.076034e+002
<MIXTURE> 2 4.507756e-001
<MEAN> 22
 4.776937e+000 5.936130e+000 1.366470e+000 2.021437e+000 6.082185e+001 6.616327e+001 6.155729e+001 5.784105e+001 6.738816e+001 5.676124e+001 9.584963e+001 9.940217e+001 1.021390e+002 9.986778e+001 2.311966e+000 3.162217e+000 5.923064e+000 5.426102e+000 3.975227e+000 2.824440e+000 2.651129e+000 2.774447e+000
<VARIANCE> 22
 5.530939e+001 9.293528e+001 4.070570e+000 1.138259e+001 2.700734e+003 2.708900e+003 1.208390e+003 9.973347e+002 1.430665e+002 5.552275e+001 2.293917e+003 1.622836e+003 1.204970e+002 1.442355e+002 5.088940e+000 1.445767e+000 3.221301e+000 3.935219e-001 1.867886e+000 7.152256e+000 6.213897e+000 6.289814e+000
<GCONST> 1.249857e+002
<TRANSP> 5
 0.000000e+000 1.000000e+000 0.000000e+000 0.000000e+000 0.000000e+000
 0.000000e+000 7.030085e-001 2.969914e-001 0.000000e+000 0.000000e+000
 0.000000e+000 0.000000e+000 9.480629e-001 5.193710e-002 0.000000e+000
 0.000000e+000 0.000000e+000 0.000000e+000 9.213632e-001 7.863681e-002
 0.000000e+000 0.000000e+000 0.000000e+000 0.000000e+000 0.000000e+000
<ENDHMM>
~h "OK"
<BEGINHMM>
<NUMSTATES> 5
<STATE> 2
<NUMMIXES> 2
<MIXTURE> 1 6.467375e-001
<MEAN> 22
 1.509617e+001 3.091220e+000 4.526986e+000 1.522317e+000 1.242322e+002 1.759943e+001 1.043359e+002 9.789207e+001 7.979656e+001 5.453448e+001 8.287521e+001 2.009683e+002 1.095453e+002 1.187764e+002 2.410875e+000 4.997761e+000 4.352792e+000 5.900702e+000 3.451543e+000 5.994371e+000 3.526119e+000 2.252871e+000
<VARIANCE> 22
 5.565774e+002 2.402134e+002 2.885808e+002 1.650263e+002 4.473644e+003 4.742878e+002 9.329807e+002 2.051583e+002 2.341813e+002 5.698544e+001 3.831044e+003 3.375592e+002 3.577192e+002 1.112238e+002 5.249736e+000 1.793315e-002 9.694796e+000 8.943731e-002 2.323579e+000 5.618803e-002 5.931639e+000 6.010910e+000
<GCONST> 1.229328e+002
<MIXTURE> 2 3.532629e-001
<MEAN> 22
 8.682927e+000 7.232540e+000 2.032021e+000 1.928134e+000 5.327239e+001 5.918115e+001 7.427709e+001 5.187754e+001 6.950656e+001 6.023777e+001 9.281008e+001 9.941201e+001 9.898812e+001 1.010929e+002 2.787080e+000 3.226783e+000 4.799088e+000 5.501825e+000 3.959936e+000 3.604791e+000 3.016761e+000 2.586554e+000
<VARIANCE> 22
 1.779758e+002 1.569019e+002 1.592566e+001 1.490158e+001 1.998198e+003 3.203063e+003 1.787512e+003 1.029177e+003 1.370232e+002 1.125115e+002 2.857104e+003 1.485324e+003 3.652573e+002 1.368520e+002 5.352032e+000 1.596432e+000 6.681009e+000 6.355264e-001 2.185417e+000 8.971378e+000 6.541249e+000 5.968755e+000
<GCONST> 1.321923e+002
<STATE> 3
<NUMMIXES> 2
<MIXTURE> 1 4.984929e-001
<MEAN> 22
 2.199307e+000 1.984342e+001 7.523149e-001 4.176228e+000 1.016185e+001 9.733741e+001 1.011719e+002 8.929888e+001 6.167588e+001 7.438321e+001 2.027420e+002 1.179265e+002 1.205087e+002 1.126461e+002 6.998163e+000 3.780246e+000 6.127330e+000 5.137406e+000 5.999214e+000 3.950931e+000 2.127052e+000 3.786612e+000
<VARIANCE> 22
 1.947849e+001 3.882841e+002 3.300596e+000 2.078297e+001 2.147192e+002 5.587952e+003 3.791432e+002 1.270168e+003 8.608534e+001 2.903731e+002 7.198883e+002 3.267784e+003 2.560640e+002 1.924901e+002 6.504287e-002 1.233179e+000 1.118431e-001 6.267890e-001 2.082488e-002 6.076143e+000 6.400915e+000 5.206156e+000
<GCONST> 1.125362e+002
<MIXTURE> 2 5.015071e-001
<MEAN> 22
 9.942690e-001 6.603829e+000 6.358557e-001 2.139724e+000 7.871425e+000 1.452572e+002 8.473345e+001 9.721205e+001 5.250055e+001 6.823354e+001 1.812232e+002 4.631839e+001 1.088062e+002 9.708872e+001 6.937743e+000 2.451684e+000 6.014577e+000 4.521636e+000 5.978273e+000 1.533863e+000 1.581832e+000 3.148625e+000
<VARIANCE> 22
 4.801632e+000 7.193788e+001 3.300596e+000 6.772737e+000 3.694466e+002 1.095038e+003 8.995000e+001 4.880599e+002 3.755964e+001 8.264966e+001 2.251268e+002 3.237031e+002 5.101464e+001 8.189094e+001 3.610111e-001 2.853147e-001 4.478091e-002 4.359331e-001 6.542978e-002 4.269426e-001 5.408015e+000 5.881465e+000
<GCONST> 9.423239e+001
<STATE> 4
<NUMMIXES> 2
<MIXTURE> 1 8.839105e-001
<MEAN> 22
 6.313989e+000 4.571101e+000 1.944327e+000 1.522547e+000 4.317451e+001 2.735515e+001 9.243940e+001 9.211252e+001 6.273013e+001 5.515507e+001 1.735894e+002 1.911507e+002 1.136220e+002 1.147141e+002 5.928936e+000 4.999174e+000 6.252754e+000 5.885193e+000 5.475076e+000 6.000021e+000 2.895923e+000 2.845279e+000
<VARIANCE> 22
 8.935995e+001 5.275715e+001 7.314644e+000 4.518343e+000 2.355619e+003 1.075891e+003 4.161438e+002 1.860644e+002 9.243926e+001 6.405851e+001 2.725549e+003 3.409601e+002 1.787029e+002 1.038499e+002 5.373433e+000 1.793315e-002 1.888718e-001 1.016269e-001 1.775092e+000 5.618803e-002 6.051230e+000 6.428665e+000
<GCONST> 1.057125e+002
<MIXTURE> 2 1.160897e-001
<MEAN> 22
 2.802008e+000 2.192564e+000 1.197630e+000 8.017768e-001 2.797505e+002 1.957326e+002 5.423121e+001 3.322881e+001 3.666338e+001 2.969183e+001 3.575311e+001 7.912798e+001 5.066484e+001 5.618126e+001 1.311437e+000 2.447763e+000 1.032825e+000 3.204322e+000 1.634398e+000 3.070573e+000 1.587742e+000 1.511904e+000
<VARIANCE> 22
 3.300043e+001 3.418868e+001 7.295594e+000 5.297492e+000 4.537751e+004 3.401248e+004 3.016303e+003 1.231238e+003 1.144756e+003 7.570336e+002 2.578278e+003 5.809868e+003 2.197938e+003 2.597102e+003 3.251864e+000 5.463793e+000 4.899722e+000 8.447167e+000 3.291175e+000 9.578456e+000 5.012355e+000 5.035664e+000
<GCONST> 1.464326e+002
<TRANSP> 5
 0.000000e+000 1.000000e+000 0.000000e+000 0.000000e+000 0.000000e+000
 0.000000e+000 8.916085e-001 1.083915e-001 0.000000e+000 0.000000e+000
 0.000000e+000 0.000000e+000 9.315405e-001 6.845953e-002 0.000000e+000
 0.000000e+000 0.000000e+000 0.000000e+000 8.538174e-001 1.461826e-001
 0.000000e+000 0.000000e+000 0.000000e+000 0.000000e+000 0.000000e+000
<ENDHMM>
~h "PF"
<BEGINHMM>
<NUMSTATES> 5
<STATE> 2
<NUMMIXES> 2
<MIXTURE> 1 3.213503e-001
<MEAN> 22
 1.042185e+001 1.305782e+001 7.135910e+000 7.225816e+000 1.706671e+002 1.401337e+002 1.010589e+002 9.218069e+001 6.315138e+001 6.310978e+001 1.987360e+002 1.866962e+002 1.153735e+002 1.162277e+002 6.986757e+000 4.949132e+000 6.136693e+000 5.791277e+000 5.983121e+000 6.017187e+000 2.440566e+000 2.439255e+000
<VARIANCE> 22
 2.957066e+003 2.402656e+003 2.564290e+003 1.704376e+003 4.935995e+004 3.046036e+004 2.892138e+002 5.902084e+002 4.474573e+001 1.104651e+002 5.097292e+002 9.752616e+002 1.116897e+002 1.376973e+002 6.604042e-002 1.505126e-001 1.180081e-001 1.969417e-001 5.240626e-002 3.122555e-001 6.369242e+000 5.751310e+000
<GCONST> 1.270569e+002
<MIXTURE> 2 6.786497e-001
<MEAN> 22
 7.121192e+000 1.056139e+001 2.137657e+000 2.873795e+000 1.101979e+002 1.618786e+002 8.291919e+001 1.175627e+002 7.168897e+001 7.737737e+001 1.332223e+002 7.907925e+001 9.985461e+001 9.328380e+001 3.459348e+000 2.643749e+000 5.348349e+000 4.125545e+000 4.749164e+000 2.207139e+000 2.468489e+000 2.886098e+000
<VARIANCE> 22
 1.863660e+002 2.585953e+002 3.151255e+001 1.603724e+001 2.040283e+004 9.726086e+003 1.970727e+003 3.176565e+003 5.804958e+002 8.029890e+002 5.213063e+003 3.825163e+003 1.154417e+003 7.030145e+002 9.354381e+000 1.544940e+000 5.008361e+000 2.408198e+000 2.892261e+000 3.852473e+000 6.194829e+000 5.067677e+000
<GCONST> 1.466827e+002
<STATE> 3
<NUMMIXES> 2
<MIXTURE> 1 3.657850e-001
<MEAN> 22
 2.252377e+000 2.185754e+001 9.053223e-001 4.558033e+000 1.128081e+001 5.432195e+001 9.382429e+001 8.620356e+001 5.900057e+001 6.574520e+001 1.930932e+002 1.566998e+002 1.153241e+002 1.107521e+002 6.994439e+000 4.397626e+000 6.039106e+000 5.495106e+000 5.999020e+000 5.077479e+000 2.300911e+000 3.774209e+000
<VARIANCE> 22
 1.216900e+001 4.406332e+002 3.300596e+000 2.240573e+001 1.568533e+002 1.808855e+003 2.066573e+002 6.094874e+002 4.303865e+001 1.810916e+002 3.832198e+002 2.415382e+003 1.194307e+002 1.412471e+002 6.504287e-002 7.415890e-001 3.757636e-002 2.699897e-001 2.082488e-002 3.609974e+000 6.163890e+000 5.687200e+000
<GCONST> 1.034024e+002
<MIXTURE> 2 6.342152e-001
<MEAN> 22
 1.345792e+000 9.576191e+000 6.207500e-001 3.557281e+000 1.010378e+001 1.897916e+002 9.245979e+001 1.371159e+002 5.799038e+001 8.579899e+001 1.878402e+002 5.587693e+001 1.129773e+002 9.138766e+001 6.922002e+000 2.418503e+000 6.060454e+000 3.539504e+000 5.956290e+000 1.712453e+000 1.689951e+000 3.313737e+000
<VARIANCE> 22
 8.084544e+000 1.277219e+002 3.300596e+000 1.966599e+001 6.348314e+002 1.597772e+003 2.713207e+002 7.362220e+002 7.077536e+001 2.605683e+002 6.830935e+002 9.499046e+002 1.320644e+002 2.089667e+002 4.016443e-001 3.162838e-001 2.828437e-001 5.825496e-001 1.265862e-001 4.996555e-001 5.836934e+000 4.370388e+000
<GCONST> 1.076234e+002
<STATE> 4
<NUMMIXES> 2
<MIXTURE> 1 7.493328e-001
<MEAN> 22
 1.213010e+001 1.551083e+000 3.605681e+000 7.582264e-001 1.361732e+002 1.919368e+001 1.314947e+002 9.920684e+001 8.411025e+001 5.645331e+001 1.085263e+002 1.988120e+002 1.038973e+002 1.180609e+002 2.722413e+000 5.000000e+000 3.090364e+000 5.817479e+000 3.341917e+000 5.999060e+000 3.420917e+000 2.300294e+000
<VARIANCE> 22
 2.261400e+002 4.999490e+000 2.323143e+001 2.164982e+000 6.481359e+003 6.880947e+002 1.715427e+003 2.128293e+002 4.299956e+002 6.912574e+001 4.436647e+003 4.023962e+002 4.110569e+002 1.310460e+002 6.325462e+000 1.793315e-002 8.505630e+000 1.492103e-001 3.630458e+000 5.618803e-002 6.854509e+000 6.096915e+000
<GCONST> 1.152941e+002
<MIXTURE> 2 2.506674e-001
<MEAN> 22
 6.883935e+000 7.270219e+000 2.612271e+000 2.354462e+000 5.727343e+001 2.742944e+001 8.498790e+001 4.743260e+001 7.745963e+001 5.794281e+001 9.300915e+001 1.178636e+002 9.864803e+001 1.033870e+002 2.815661e+000 3.491359e+000 4.241633e+000 5.631491e+000 3.740363e+000 3.509605e+000 2.753285e+000 2.792905e+000
<VARIANCE> 22
 1.369935e+002 1.294819e+002 2.283710e+001 1.236746e+001 2.226410e+003 7.293713e+002 3.285615e+003 8.183568e+002 3.718276e+002 6.598477e+001 2.566371e+003 1.226729e+003 2.674054e+002 8.628880e+001 4.902141e+000 2.053037e+000 6.496649e+000 2.921815e-001 1.787810e+000 9.491067e+000 6.557445e+000 6.314293e+000
<GCONST> 1.295865e+002
<TRANSP> 5
 0.000000e+000 1.000000e+000 0.000000e+000 0.000000e+000 0.000000e+000
 0.000000e+000 6.799631e-001 3.200369e-001 0.000000e+000 0.000000e+000
 0.000000e+000 0.000000e+000 9.550685e-001 4.493151e-002 0.000000e+000
 0.000000e+000 0.000000e+000 0.000000e+000 9.150828e-001 8.491720e-002
 0.000000e+000 0.000000e+000 0.000000e+000 0.000000e+000 0.000000e+000
<ENDHMM>
~h "PR"
<BEGINHMM>
<NUMSTATES> 5
<STATE> 2
<NUMMIXES> 2
<MIXTURE> 1 8.020592e-001
<MEAN> 22
 9.410022e+000 1.157943e+001 4.386153e+000 4.891700e+000 3.402419e+001 6.481493e+001 8.832394e+001 9.430728e+001 7.370425e+001 6.624971e+001 1.719882e+002 1.471850e+002 1.125003e+002 1.121264e+002 4.913585e+000 4.131862e+000 6.423983e+000 5.326910e+000 5.646776e+000 4.541962e+000 2.465217e+000 2.966998e+000
<VARIANCE> 22
 1.320946e+003 1.019309e+003 1.009882e+003 6.574669e+002 1.313749e+003 3.337311e+003 1.332997e+003 1.044280e+003 2.961413e+002 2.135319e+002 3.193576e+003 2.493132e+003 8.784285e+002 3.056121e+002 9.211761e+000 9.893237e-001 3.014250e-001 4.908038e-001 1.048509e+000 3.730900e+000 6.044613e+000 5.792402e+000
<GCONST> 1.420559e+002
<MIXTURE> 2 1.979407e-001
<MEAN> 22
 2.922569e+000 2.043822e+000 9.111344e-001 6.709339e-001 3.842223e+002 2.799280e+002 4.615377e+001 3.207629e+001 2.854734e+001 2.470688e+001 5.281220e+001 6.011331e+001 4.194560e+001 4.373989e+001 1.370460e+000 1.641039e+000 1.555960e+000 2.247247e+000 1.421480e+000 1.736469e+000 1.020879e+000 9.492452e-001
<VARIANCE> 22
 5.728161e+001 2.888132e+001 5.841428e+000 4.104264e+000 2.486488e+004 2.272074e+004 3.553975e+003 1.919668e+003 1.298057e+003 9.566289e+002 5.991942e+003 6.703795e+003 2.723346e+003 2.929952e+003 6.266737e+000 4.592369e+000 7.185153e+000 7.705801e+000 4.823502e+000 7.173803e+000 3.376316e+000 3.610001e+000
<GCONST> 1.477605e+002
<STATE> 3
<NUMMIXES> 2
<MIXTURE> 1 7.472602e-001
<MEAN> 22
 1.334109e+000 1.200337e+001 5.962495e-001 3.839834e+000 7.778272e+000 9.084505e+001 9.589899e+001 8.555502e+001 5.933414e+001 6.637481e+001 1.934169e+002 1.156387e+002 1.148706e+002 1.053443e+002 6.999286e+000 3.683683e+000 6.064407e+000 5.098572e+000 5.999721e+000 3.789359e+000 1.874361e+000 3.796722e+000
<VARIANCE> 22
 6.091311e+000 1.605239e+002 3.300596e+000 2.136536e+001 7.289854e+001 2.518841e+003 2.525887e+002 7.930920e+002 6.057634e+001 1.734855e+002 4.934969e+002 1.867198e+003 1.595271e+002 2.262152e+002 6.504287e-002 7.572200e-001 6.025847e-002 3.787884e-001 2.082488e-002 4.147932e+000 6.051254e+000 5.874077e+000
<GCONST> 1.037213e+002
<MIXTURE> 2 2.527406e-001
<MEAN> 22
 8.658158e-001 2.652724e+000 4.079362e-001 1.307834e+000 1.582153e+001 1.136448e+002 8.177195e+001 8.688276e+001 5.527841e+001 5.850502e+001 1.708343e+002 7.151674e+001 1.052814e+002 9.375824e+001 6.725977e+000 2.930511e+000 6.114772e+000 4.895617e+000 5.870831e+000 2.118871e+000 1.117068e+000 3.045925e+000
<VARIANCE> 22
 4.801632e+000 9.965026e+000 3.300596e+000 2.385071e+000 1.130407e+003 1.426359e+003 1.250895e+002 4.045619e+002 6.265571e+001 8.505427e+001 4.825750e+002 1.111784e+003 6.559969e+001 1.247028e+002 1.561305e+000 3.550001e-001 1.905176e-001 2.959794e-001 4.480922e-001 1.253148e+000 4.034738e+000 7.361232e+000
<GCONST> 1.016215e+002
<STATE> 4
<NUMMIXES> 2
<MIXTURE> 1 7.059945e-001
<MEAN> 22
 8.817091e+000 2.247938e+000 2.562438e+000 1.006470e+000 7.097321e+001 1.582665e+001 8.413910e+001 9.603683e+001 6.947286e+001 5.544801e+001 1.268727e+002 1.949849e+002 1.094164e+002 1.155733e+002 3.225917e+000 5.000285e+000 6.609110e+000 5.844427e+000 4.221375e+000 5.997941e+000 3.559370e+000 2.260052e+000
<VARIANCE> 22
 1.163583e+002 1.210297e+001 1.108402e+001 2.164982e+000 2.560763e+003 2.802560e+002 6.125858e+002 1.919817e+002 2.218908e+002 6.178665e+001 3.558235e+003 3.455699e+002 2.337168e+002 1.065288e+002 9.076070e+000 1.793315e-002 2.387982e-001 1.313739e-001 3.806142e+000 5.618803e-002 5.835618e+000 6.022970e+000
<GCONST> 1.064306e+002
<MIXTURE> 2 2.940059e-001
<MEAN> 22
 9.666519e+000 4.801008e+000 2.542555e+000 1.413208e+000 5.659806e+001 2.946685e+001 8.038309e+001 5.401572e+001 7.557351e+001 5.923945e+001 9.259376e+001 1.285827e+002 1.035783e+002 1.011388e+002 1.861453e+000 3.767779e+000 5.126337e+000 5.638432e+000 3.242225e+000 4.592654e+000 2.670801e+000 2.431654e+000
<VARIANCE> 22
 1.776108e+002 7.162940e+001 1.304157e+001 7.028836e+000 2.253262e+003 8.887069e+002 1.792156e+003 1.076198e+003 1.462047e+002 5.536797e+001 1.252581e+003 1.412484e+003 1.211446e+002 1.016511e+002 4.213504e+000 1.199027e+000 7.550778e+000 2.820943e-001 2.317396e+000 7.416257e+000 5.908311e+000 6.271675e+000
<GCONST> 1.250209e+002
<TRANSP> 5
 0.000000e+000 1.000000e+000 0.000000e+000 0.000000e+000 0.000000e+000
 0.000000e+000 6.796747e-001 3.203253e-001 0.000000e+000 0.000000e+000
 0.000000e+000 0.000000e+000 9.495683e-001 5.043169e-002 0.000000e+000
 0.000000e+000 0.000000e+000 0.000000e+000 9.164565e-001 8.354351e-002
 0.000000e+000 0.000000e+000 0.000000e+000 0.000000e+000 0.000000e+000
<ENDHMM>
~h "SP"
<BEGINHMM>
<NUMSTATES> 5
<STATE> 2
<NUMMIXES> 2
<MIXTURE> 1 8.289928e-001
<MEAN> 22
 1.073346e+001 1.445415e+001 6.313738e+000 7.104215e+000 4.429455e+001 1.175201e+002 9.497774e+001 1.172075e+002 7.638880e+001 8.679848e+001 1.646463e+002 1.093137e+002 1.147372e+002 1.076115e+002 4.460311e+000 3.379112e+000 6.037897e+000 4.443953e+000 5.491462e+000 3.109453e+000 2.382899e+000 2.656985e+000
<VARIANCE> 22
 2.709842e+003 1.839786e+003 2.200098e+003 1.327775e+003 3.174490e+003 9.056533e+003 1.638373e+003 1.872751e+003 3.692433e+002 1.081217e+003 4.481747e+003 3.782285e+003 6.104162e+002 3.188749e+002 9.853986e+000 1.626291e+000 2.366223e+000 1.661367e+000 1.239582e+000 5.637125e+000 5.876937e+000 4.916462e+000
<GCONST> 1.540266e+002
<MIXTURE> 2 1.710073e-001
<MEAN> 22
 1.295320e-002 1.569320e-002 1.990185e-002 2.717373e-002 5.152759e+002 3.924945e+002 6.735961e-001 4.046820e+000 2.163531e+000 2.298827e+000 3.112091e+000 1.479458e+000 2.652728e+000 2.510754e+000 1.628497e-011 6.539538e-002 1.981269e-001 9.771794e-002 1.655179e-001 6.245414e-002 1.379030e-002 5.387182e-002
<VARIANCE> 22
 4.801632e+000 4.063125e+000 3.300596e+000 2.164982e+000 1.070248e+004 3.834680e+003 1.903396e+001 4.871072e+002 1.422535e+002 1.606947e+002 2.883281e+002 6.554482e+001 2.095153e+002 1.880410e+002 6.504287e-002 1.272689e-001 1.168335e+000 2.836029e-001 8.161326e-001 1.183183e-001 6.153807e-002 2.670400e-001
<GCONST> 9.015614e+001
<STATE> 3
<NUMMIXES> 2
<MIXTURE> 1 5.056507e-001
<MEAN> 22
 1.606483e+000 1.920550e+001 6.240236e-001 5.439091e+000 9.165617e+000 1.273418e+002 1.004554e+002 1.119231e+002 6.265215e+001 8.001161e+001 1.998048e+002 1.062592e+002 1.190553e+002 1.051830e+002 6.998515e+000 3.394955e+000 6.130272e+000 4.524051e+000 5.999257e+000 3.390501e+000 2.026093e+000 3.659723e+000
<VARIANCE> 22
 8.290747e+000 3.711354e+002 3.300596e+000 3.846961e+001 1.190474e+002 7.779409e+003 3.469617e+002 1.752347e+003 7.771002e+001 5.708858e+002 5.884546e+002 3.426270e+003 1.924597e+002 2.123768e+002 6.504287e-002 1.460118e+000 1.133005e-001 1.234275e+000 2.082488e-002 5.007456e+000 6.162850e+000 5.434891e+000
<GCONST> 1.131301e+002
<MIXTURE> 2 4.943490e-001
<MEAN> 22
 1.122647e+000 3.958434e+000 4.666024e-001 2.034916e+000 1.100678e+001 1.848993e+002 8.817110e+001 1.347552e+002 5.764266e+001 8.771115e+001 1.772714e+002 4.704081e+001 1.067537e+002 8.597868e+001 6.883899e+000 2.115214e+000 6.019639e+000 3.200303e+000 5.943123e+000 1.490045e+000 1.360126e+000 2.498450e+000
<VARIANCE> 22
 7.507681e+000 3.062492e+001 3.300596e+000 8.131504e+000 7.442380e+002 1.400579e+003 2.186094e+002 3.480679e+002 7.322231e+001 3.555124e+002 4.922571e+002 4.964124e+002 7.083053e+001 1.436383e+002 6.194974e-001 1.872814e-001 4.109906e-001 3.031960e-001 2.346895e-001 5.642505e-001 4.846040e+000 5.981880e+000
<GCONST> 1.031672e+002
<STATE> 4
<NUMMIXES> 2
<MIXTURE> 1 7.162900e-001
<MEAN> 22
 1.260258e+001 1.262390e+000 4.140983e+000 5.904684e-001 1.519916e+002 1.406912e+001 1.279640e+002 9.713687e+001 9.278387e+001 5.698106e+001 8.727312e+001 1.948450e+002 9.466122e+001 1.157656e+002 2.555223e+000 5.000000e+000 2.897229e+000 5.833055e+000 3.498470e+000 5.991287e+000 3.389980e+000 1.901883e+000
<VARIANCE> 22
 3.266523e+002 4.568361e+000 5.279409e+001 2.164982e+000 6.456784e+003 6.515185e+002 1.406515e+003 1.890480e+002 4.883376e+002 5.217205e+001 3.317713e+003 3.355423e+002 4.215832e+002 1.094615e+002 4.694012e+000 1.793315e-002 7.690710e+000 1.390761e-001 2.706507e+000 5.618803e-002 6.264013e+000 5.748458e+000
<GCONST> 1.143240e+002
<MIXTURE> 2 2.837097e-001
<MEAN> 22
 7.518959e+000 6.468252e+000 2.679858e+000 2.289923e+000 6.823748e+001 2.868861e+001 1.006952e+002 4.897851e+001 8.542024e+001 5.956128e+001 9.275032e+001 1.162870e+002 9.713372e+001 1.030900e+002 2.943559e+000 3.529955e+000 3.895679e+000 5.637164e+000 3.858094e+000 3.217621e+000 3.005464e+000 2.637131e+000
<VARIANCE> 22
 1.163612e+002 1.320199e+002 1.824357e+001 1.206609e+001 2.531076e+003 9.426594e+002 2.757816e+003 7.866334e+002 6.911639e+002 7.315964e+001 2.850129e+003 1.535384e+003 2.539646e+002 1.128022e+002 5.169579e+000 1.544350e+000 6.912172e+000 3.370179e-001 1.695277e+000 9.624167e+000 6.626230e+000 6.704219e+000
<GCONST> 1.306367e+002
<TRANSP> 5
 0.000000e+000 1.000000e+000 0.000000e+000 0.000000e+000 0.000000e+000
 0.000000e+000 6.338847e-001 3.661153e-001 0.000000e+000 0.000000e+000
 0.000000e+000 0.000000e+000 9.582314e-001 4.176854e-002 0.000000e+000
 0.000000e+000 0.000000e+000 0.000000e+000 9.241280e-001 7.587197e-002
 0.000000e+000 0.000000e+000 0.000000e+000 0.000000e+000 0.000000e+000
<ENDHMM>
~h "ST"
<BEGINHMM>
<NUMSTATES> 5
<STATE> 2
<NUMMIXES> 2
<MIXTURE> 1 1.802262e-001
<MEAN> 22
 1.713016e+001 2.557344e+001 1.154664e+001 8.718655e+000 1.897883e+002 2.041314e+002 1.255017e+002 9.155437e+001 7.888364e+001 8.017976e+001 2.169939e+002 1.268154e+002 1.337842e+002 1.230385e+002 6.140231e+000 3.382943e+000 6.659440e+000 5.820403e+000 5.646045e+000 3.223031e+000 2.400758e+000 2.926758e+000
<VARIANCE> 22
 3.281601e+003 3.348273e+003 2.934459e+003 1.768716e+003 5.553204e+004 2.363584e+004 1.824101e+003 8.686367e+002 2.583898e+002 2.727292e+002 5.818728e+003 5.778706e+003 1.255341e+003 3.803272e+002 3.981041e+000 2.534796e+000 3.135595e-001 5.451669e-001 6.590588e-001 7.575924e+000 6.771684e+000 6.223521e+000
<GCONST> 1.548431e+002
<MIXTURE> 2 8.197727e-001
<MEAN> 22
 4.663658e+000 7.531926e+000 1.109978e+000 2.124367e+000 7.011514e+001 8.922744e+001 7.567364e+001 7.696194e+001 6.752497e+001 7.210912e+001 1.418553e+002 1.053396e+002 1.051677e+002 1.065472e+002 4.302894e+000 3.216005e+000 5.901582e+000 5.473190e+000 4.861342e+000 2.848377e+000 2.714600e+000 2.704340e+000
<VARIANCE> 22
 6.049957e+001 1.094246e+002 3.300596e+000 8.057978e+000 1.132713e+004 6.533372e+003 1.114407e+003 1.065481e+003 3.672516e+002 5.683896e+002 3.287047e+003 4.666726e+003 8.041208e+002 6.333437e+002 9.018242e+000 2.358814e+000 2.159308e+000 1.453184e+000 2.984612e+000 7.422126e+000 6.400981e+000 5.726764e+000
<GCONST> 1.374549e+002
<STATE> 3
<NUMMIXES> 2
<MIXTURE> 1 4.436820e-001
<MEAN> 22
 2.269220e+000 1.555484e+001 7.821819e-001 3.496180e+000 1.598277e+001 8.743803e+001 9.832912e+001 7.243031e+001 6.221453e+001 7.756327e+001 1.977505e+002 1.130527e+002 1.187458e+002 1.121919e+002 6.920396e+000 3.636123e+000 6.175478e+000 5.718041e+000 5.967883e+000 3.724932e+000 1.913918e+000 3.327866e+000
<VARIANCE> 22
 1.699092e+001 2.159662e+002 3.300596e+000 1.526832e+001 7.570593e+002 4.006088e+003 3.335076e+002 8.076308e+002 7.494299e+001 4.640970e+002 7.790374e+002 3.907759e+003 1.928492e+002 1.472808e+002 3.929478e-001 1.895119e+000 1.570585e-001 4.013592e-001 7.422909e-002 8.446287e+000 5.628876e+000 5.341661e+000
<GCONST> 1.155074e+002
<MIXTURE> 2 5.563172e-001
<MEAN> 22
 7.442150e-001 7.196901e+000 3.573064e-001 1.240346e+000 5.814272e+000 1.320596e+002 8.773229e+001 6.485917e+001 5.605858e+001 8.123969e+001 1.844107e+002 4.780134e+001 1.104812e+002 1.002989e+002 6.999974e+000 2.052257e+000 6.000039e+000 5.930172e+000 6.000000e+000 3.883986e-001 1.256775e+000 2.775597e+000
<VARIANCE> 22
 4.801632e+000 8.286183e+001 3.300596e+000 2.177265e+000 4.956259e+001 7.668064e+002 1.017429e+002 4.501352e+002 2.954677e+001 1.888486e+002 2.053038e+002 3.443383e+002 5.677168e+001 6.724487e+001 6.504287e-002 8.644289e-002 2.326111e-002 3.222037e-001 2.082488e-002 2.395723e-001 4.585787e+000 6.020320e+000
<GCONST> 8.565255e+001
<STATE> 4
<NUMMIXES> 2
<MIXTURE> 1 7.717297e-001
<MEAN> 22
 1.032154e+001 1.520343e+000 2.334271e+000 6.385286e-001 9.998066e+001 1.833530e+001 7.762509e+001 9.854448e+001 8.308592e+001 5.704481e+001 9.466576e+001 1.989601e+002 1.100968e+002 1.183430e+002 3.165611e+000 5.000000e+000 6.206034e+000 5.906088e+000 4.260866e+000 5.995033e+000 3.283181e+000 1.994481e+000
<VARIANCE> 22
 1.437057e+002 5.565015e+000 9.645739e+000 2.164982e+000 3.773123e+003 7.140618e+002 6.608901e+002 1.882734e+002 3.761481e+002 4.927793e+001 4.754863e+003 3.670217e+002 2.762950e+002 1.253008e+002 6.003414e+000 1.793315e-002 3.045156e-001 8.509401e-002 1.566695e+000 5.618803e-002 6.122433e+000 5.817729e+000
<GCONST> 1.066076e+002
<MIXTURE> 2 2.282701e-001
<MEAN> 22
 7.722360e+000 7.233067e+000 1.599150e+000 2.455118e+000 5.302176e+001 3.001874e+001 7.105599e+001 5.465619e+001 7.597417e+001 5.984977e+001 9.053609e+001 1.351585e+002 1.041536e+002 1.056107e+002 2.848730e+000 4.167702e+000 5.415522e+000 5.783915e+000 4.143321e+000 5.348677e+000 2.725538e+000 2.682581e+000
<VARIANCE> 22
 8.989408e+001 1.135014e+002 4.997204e+000 1.342675e+001 3.416628e+003 1.104630e+003 1.125949e+003 9.929384e+002 3.388984e+002 7.254536e+001 4.054594e+003 1.873379e+003 1.475136e+002 1.206136e+002 6.037608e+000 1.084308e+000 3.980799e+000 2.345912e-001 1.579537e+000 5.663303e+000 5.881825e+000 6.162138e+000
<GCONST> 1.262721e+002
<TRANSP> 5
 0.000000e+000 1.000000e+000 0.000000e+000 0.000000e+000 0.000000e+000
 0.000000e+000 7.033990e-001 2.966010e-001 0.000000e+000 0.000000e+000
 0.000000e+000 0.000000e+000 9.569523e-001 4.304763e-002 0.000000e+000
 0.000000e+000 0.000000e+000 0.000000e+000 9.202704e-001 7.972956e-002
 0.000000e+000 0.000000e+000 0.000000e+000 0.000000e+000 0.000000e+000
<ENDHMM>
~h "TT"
<BEGINHMM>
<NUMSTATES> 5
<STATE> 2
<NUMMIXES> 2
<MIXTURE> 1 4.652739e-001
<MEAN> 22
 2.000924e+001 5.448026e+000 8.460746e+000 3.310659e+000 2.252282e+002 8.456792e+000 1.725685e+002 1.041146e+002 1.225584e+002 6.044971e+001 9.631663e+001 2.014251e+002 1.039985e+002 1.189882e+002 1.376936e+000 4.997138e+000 1.225655e+000 5.917586e+000 2.315127e+000 5.991395e+000 3.686853e+000 2.313363e+000
<VARIANCE> 22
 1.929749e+003 1.197380e+003 1.381451e+003 8.857899e+002 2.533111e+003 1.343504e+002 1.313077e+003 2.694428e+002 5.380799e+002 1.116329e+002 8.690966e+002 3.930559e+002 3.198232e+002 1.381740e+002 4.543907e-001 1.793315e-002 2.713230e+000 7.562229e-002 5.956269e-001 5.618803e-002 5.677776e+000 6.447125e+000
<GCONST> 1.228680e+002
<MIXTURE> 2 5.347261e-001
<MEAN> 22
 9.327121e+000 1.206224e+001 2.872005e+000 3.883438e+000 4.600890e+001 1.113695e+002 9.156704e+001 1.202231e+002 7.439449e+001 8.779324e+001 1.775505e+002 1.397283e+002 1.158371e+002 1.119079e+002 5.198817e+000 3.747641e+000 6.368563e+000 4.723989e+000 5.710987e+000 3.867376e+000 3.047728e+000 2.793151e+000
<VARIANCE> 22
 1.967494e+002 3.147828e+002 2.355852e+001 3.427671e+001 2.574013e+003 1.098668e+004 1.946996e+003 2.849358e+003 3.135692e+002 1.217668e+003 3.093370e+003 2.986119e+003 5.614124e+002 2.589539e+002 8.484104e+000 1.629267e+000 4.706877e-001 1.789839e+000 5.960156e-001 5.519279e+000 6.798410e+000 5.110120e+000
<GCONST> 1.388197e+002
<STATE> 3
<NUMMIXES> 2
<MIXTURE> 1 4.014875e-001
<MEAN> 22
 2.262908e+000 2.562505e+001 8.831543e-001 7.092483e+000 1.089293e+001 7.434116e+001 9.451685e+001 1.027088e+002 5.949787e+001 7.346682e+001 1.924229e+002 1.510535e+002 1.155468e+002 1.089775e+002 6.991241e+000 4.161096e+000 6.075410e+000 5.118844e+000 5.997163e+000 4.759470e+000 2.220741e+000 3.872227e+000
<VARIANCE> 22
 1.467858e+001 5.379515e+002 3.300596e+000 6.624742e+001 1.556859e+002 3.776513e+003 2.650698e+002 8.913475e+002 7.218645e+001 4.589441e+002 5.013835e+002 2.476055e+003 1.537094e+002 2.184488e+002 6.504287e-002 8.275909e-001 6.972449e-002 5.142974e-001 2.082488e-002 2.975596e+000 5.850901e+000 5.075620e+000
<GCONST> 1.096734e+002
<MIXTURE> 2 5.985126e-001
<MEAN> 22
 1.581277e+000 1.076265e+001 6.918877e-001 4.535850e+000 9.923862e+000 2.272804e+002 9.459090e+001 1.761632e+002 5.855066e+001 1.259808e+002 1.903897e+002 8.808630e+001 1.139159e+002 9.361880e+001 6.967777e+000 2.410366e+000 6.088608e+000 3.101113e+000 5.991280e+000 1.611479e+000 1.834623e+000 3.541929e+000
<VARIANCE> 22
 1.083826e+001 1.151420e+002 3.300596e+000 3.451679e+001 3.108791e+002 1.208162e+003 2.910203e+002 6.826495e+002 9.793806e+001 4.208068e+002 4.917176e+002 5.730126e+002 1.503614e+002 3.214846e+002 1.751144e-001 2.598406e-001 1.239062e-001 1.473910e-001 3.522969e-002 3.094038e-001 5.810225e+000 5.666303e+000
<GCONST> 1.031773e+002
<STATE> 4
<NUMMIXES> 2
<MIXTURE> 1 7.389037e-001
<MEAN> 22
 1.513522e+001 2.139475e+000 5.205279e+000 1.020180e+000 1.402551e+002 2.685775e+001 1.388876e+002 9.709875e+001 9.758893e+001 5.607500e+001 1.206926e+002 1.943920e+002 1.023084e+002 1.158484e+002 2.740534e+000 5.000016e+000 3.281875e+000 5.827605e+000 3.559158e+000 5.987915e+000 3.349005e+000 2.347270e+000
<VARIANCE> 22
 3.661134e+002 1.068572e+001 6.114017e+001 2.164982e+000 8.234675e+003 9.235804e+002 2.287577e+003 2.450592e+002 1.032422e+003 5.245689e+001 2.987917e+003 4.260004e+002 3.887229e+002 1.345676e+002 6.662291e+000 1.793315e-002 8.542849e+000 1.426726e-001 3.731344e+000 5.618803e-002 5.513626e+000 6.232738e+000
<GCONST> 1.185412e+002
<MIXTURE> 2 2.610964e-001
<MEAN> 22
 1.026171e+001 6.273810e+000 4.133279e+000 2.503527e+000 1.305623e+002 6.691042e+001 9.015934e+001 3.777726e+001 8.708979e+001 5.306087e+001 9.106868e+001 1.024762e+002 8.722620e+001 9.222990e+001 2.063456e+000 3.043729e+000 3.671770e+000 5.176062e+000 3.386082e+000 2.663589e+000 2.744824e+000 2.216287e+000
<VARIANCE> 22
 2.513923e+002 1.199699e+002 4.583036e+001 2.306186e+001 1.882581e+004 1.415841e+004 5.192333e+003 1.104355e+003 2.151902e+003 4.417371e+002 2.331301e+003 2.434752e+003 1.147050e+003 1.120479e+003 4.247268e+000 3.023607e+000 7.387158e+000 3.487276e+000 2.893634e+000 1.014730e+001 6.338078e+000 6.064481e+000
<GCONST> 1.488871e+002
<TRANSP> 5
 0.000000e+000 1.000000e+000 0.000000e+000 0.000000e+000 0.000000e+000
 0.000000e+000 8.329025e-001 1.670974e-001 0.000000e+000 0.000000e+000
 0.000000e+000 0.000000e+000 9.534065e-001 4.659354e-002 0.000000e+000
 0.000000e+000 0.000000e+000 0.000000e+000 9.197943e-001 8.020574e-002
 0.000000e+000 0.000000e+000 0.000000e+000 0.000000e+000 0.000000e+000
<ENDHMM>
~h "VA"
<BEGINHMM>
<NUMSTATES> 5
<STATE> 2
<NUMMIXES> 2
<MIXTURE> 1 4.338407e-001
<MEAN> 22
 1.643053e+001 1.240380e+001 7.643607e+000 5.022208e+000 8.234820e+001 3.586971e+001 1.178730e+002 9.537264e+001 8.692044e+001 6.257864e+001 1.538311e+002 1.879043e+002 1.130555e+002 1.168096e+002 4.298056e+000 4.813178e+000 4.964547e+000 5.685642e+000 4.635211e+000 5.891368e+000 2.946115e+000 2.481585e+000
<VARIANCE> 22
 1.850378e+003 1.611060e+003 1.331452e+003 8.244802e+002 8.779968e+003 1.600495e+003 3.276031e+003 6.476261e+002 9.676519e+002 1.428894e+002 5.051366e+003 1.129072e+003 4.585567e+002 1.919534e+002 8.573052e+000 2.121384e-001 6.589361e+000 2.380898e-001 3.428601e+000 4.155702e-001 5.642939e+000 5.310559e+000
<GCONST> 1.438573e+002
<MIXTURE> 2 5.661604e-001
<MEAN> 22
 8.033698e+000 1.209881e+001 3.637920e+000 4.455574e+000 1.728816e+002 2.328887e+002 8.014228e+001 1.167694e+002 6.580816e+001 9.018263e+001 1.173012e+002 6.848002e+001 8.426421e+001 7.904967e+001 3.197573e+000 2.103245e+000 4.507590e+000 3.304109e+000 4.094559e+000 1.342561e+000 2.498745e+000 2.662247e+000
<VARIANCE> 22
 3.333795e+002 2.171879e+002 7.301649e+001 3.587552e+001 3.788228e+004 1.000306e+004 3.173920e+003 5.753244e+003 1.297237e+003 2.308591e+003 6.589264e+003 2.276474e+003 2.308768e+003 1.503727e+003 9.118827e+000 1.255992e+000 7.229667e+000 3.215271e+000 4.812243e+000 1.733070e+000 6.226181e+000 5.100336e+000
<GCONST> 1.536268e+002
<STATE> 3
<NUMMIXES> 2
<MIXTURE> 1 5.627946e-001
<MEAN> 22
 1.767331e+000 1.996971e+001 7.528341e-001 7.099944e+000 8.088849e+000 8.728706e+001 9.119659e+001 8.795712e+001 5.701626e+001 8.003236e+001 1.888514e+002 1.174766e+002 1.130718e+002 9.984158e+001 6.996016e+000 3.753707e+000 6.022967e+000 5.224641e+000 6.000000e+000 4.053744e+000 2.013360e+000 3.718726e+000
<VARIANCE> 22
 8.124043e+000 3.730213e+002 3.300596e+000 5.063739e+001 7.592838e+001 3.786745e+003 2.120229e+002 7.976501e+002 6.427100e+001 4.486928e+002 4.137036e+002 3.899553e+003 1.209265e+002 4.108605e+002 6.504287e-002 1.358679e+000 2.326111e-002 5.889025e-001 2.082488e-002 6.667039e+000 5.955094e+000 5.223944e+000
<GCONST> 1.082990e+002
<MIXTURE> 2 4.372065e-001
<MEAN> 22
 2.861664e+000 9.762184e+000 1.514566e+000 3.916873e+000 1.542432e+001 2.215497e+002 9.058843e+001 1.685206e+002 5.643010e+001 1.154789e+002 1.846657e+002 8.182030e+001 1.118966e+002 7.917597e+001 6.832960e+000 2.353388e+000 6.060298e+000 3.125429e+000 5.907508e+000 1.753587e+000 2.336547e+000 3.294272e+000
<VARIANCE> 22
 2.446418e+001 1.282614e+002 1.135372e+001 2.136080e+001 8.899590e+002 2.803804e+003 4.204323e+002 1.449211e+003 1.386508e+002 5.518514e+002 1.030951e+003 1.131271e+003 2.196740e+002 3.553419e+002 8.924571e-001 3.629472e-001 3.444147e-001 6.892442e-001 2.076126e-001 7.120551e-001 6.287787e+000 5.441178e+000
<GCONST> 1.175610e+002
<STATE> 4
<NUMMIXES> 2
<MIXTURE> 1 7.456750e-001
<MEAN> 22
 1.472965e+001 2.700065e+000 5.259256e+000 1.278504e+000 1.391194e+002 1.808409e+001 1.350825e+002 9.831725e+001 9.966110e+001 5.592417e+001 1.237183e+002 1.963443e+002 9.757990e+001 1.159964e+002 3.111325e+000 5.001886e+000 3.704593e+000 5.847014e+000 3.797509e+000 5.987095e+000 3.344188e+000 2.466496e+000
<VARIANCE> 22
 2.957122e+002 2.017382e+001 4.273088e+001 3.965825e+000 8.583446e+003 6.540003e+002 2.823461e+003 2.206986e+002 8.876727e+002 8.779658e+001 4.444921e+003 3.565993e+002 5.297784e+002 1.266817e+002 7.103873e+000 1.793315e-002 8.647049e+000 1.295812e-001 3.709059e+000 5.618803e-002 5.996547e+000 6.299966e+000
<GCONST> 1.199136e+002
<MIXTURE> 2 2.543245e-001
<MEAN> 22
 6.917565e+000 6.483279e+000 3.009572e+000 2.821323e+000 7.505775e+001 3.599474e+001 9.522710e+001 4.589913e+001 8.541588e+001 5.646361e+001 7.523259e+001 1.040708e+002 9.216935e+001 1.016841e+002 2.302145e+000 3.079329e+000 3.803824e+000 5.546189e+000 3.395946e+000 2.812180e+000 2.976004e+000 2.653750e+000
<VARIANCE> 22
 1.039883e+002 1.774276e+002 2.395087e+001 2.336100e+001 2.794192e+003 1.033030e+003 3.747359e+003 4.603454e+002 3.831847e+002 1.108655e+002 1.418801e+003 7.498881e+002 4.215441e+002 1.066868e+002 2.076213e+000 1.485072e+000 6.790739e+000 2.973690e-001 1.078745e+000 8.300439e+000 6.303200e+000 6.291901e+000
<GCONST> 1.287689e+002
<TRANSP> 5
 0.000000e+000 1.000000e+000 0.000000e+000 0.000000e+000 0.000000e+000
 0.000000e+000 7.372168e-001 2.627833e-001 0.000000e+000 0.000000e+000
 0.000000e+000 0.000000e+000 9.438700e-001 5.613000e-002 0.000000e+000
 0.000000e+000 0.000000e+000 0.000000e+000 9.209824e-001 7.901765e-002
 0.000000e+000 0.000000e+000 0.000000e+000 0.000000e+000 0.000000e+000
<ENDHMM>
~h "VQ"
<BEGINHMM>
<NUMSTATES> 5
<STATE> 2
<NUMMIXES> 2
<MIXTURE> 1 1.766410e-001
<MEAN> 22
 2.175823e+001 3.035093e+001 1.426270e+001 1.563156e+001 5.346573e+001 1.229789e+002 7.533230e+001 9.504910e+001 6.703698e+001 6.528211e+001 1.367911e+002 7.268256e+001 9.815647e+001 9.355823e+001 4.228943e+000 2.883470e+000 5.675280e+000 4.576632e+000 5.083541e+000 2.505038e+000 2.829441e+000 3.239350e+000
<VARIANCE> 22
 5.839938e+003 4.329636e+003 4.604463e+003 2.955943e+003 7.239434e+003 5.168043e+003 1.249094e+003 1.283816e+003 2.833624e+002 2.533871e+002 3.043638e+003 1.834521e+003 7.206750e+002 3.516235e+002 8.963766e+000 9.693146e-001 3.231887e+000 1.008845e+000 2.139484e+000 3.351535e+000 6.556606e+000 4.745000e+000
<GCONST> 1.535419e+002
<MIXTURE> 2 8.233587e-001
<MEAN> 22
 1.165378e+001 3.010648e+000 4.086820e+000 1.319465e+000 1.064686e+002 2.217558e+001 1.011678e+002 7.222712e+001 7.850935e+001 5.487207e+001 8.259088e+001 1.595816e+002 9.693378e+001 1.097885e+002 2.363703e+000 4.235631e+000 3.485159e+000 5.710964e+000 3.269154e+000 4.908433e+000 3.532923e+000 2.494643e+000
<VARIANCE> 22
 2.031472e+002 2.094414e+001 3.027000e+001 4.704361e+000 5.679320e+003 4.522950e+002 2.460866e+003 1.012770e+003 3.436748e+002 6.421516e+001 2.970059e+003 2.075460e+003 3.680826e+002 1.308722e+002 3.978841e+000 1.654920e+000 8.925207e+000 2.056122e-001 2.345441e+000 5.286461e+000 5.923015e+000 5.936338e+000
<GCONST> 1.282235e+002
<STATE> 3
<NUMMIXES> 2
<MIXTURE> 1 5.108413e-001
<MEAN> 22
 2.636542e+000 1.978950e+001 8.508346e-001 5.762944e+000 9.080323e+000 1.024218e+002 9.883212e+001 9.545850e+001 6.014055e+001 7.198608e+001 2.001381e+002 1.194876e+002 1.197123e+002 1.054206e+002 6.997579e+000 3.748876e+000 6.122424e+000 5.043097e+000 5.998555e+000 4.024778e+000 2.171481e+000 3.840569e+000
<VARIANCE> 22
 2.284503e+001 3.279700e+002 3.300596e+000 5.380164e+001 1.278776e+002 7.164449e+003 4.297414e+002 1.991345e+003 8.826689e+001 3.617421e+002 7.893452e+002 3.171962e+003 2.592558e+002 2.574533e+002 6.504287e-002 1.309069e+000 1.074351e-001 1.055230e+000 2.082488e-002 5.494931e+000 6.172596e+000 4.881182e+000
<GCONST> 1.147326e+002
<MIXTURE> 2 4.891587e-001
<MEAN> 22
 1.136783e+000 6.081895e+000 7.137682e-001 3.047473e+000 1.003560e+001 1.641839e+002 8.414597e+001 1.148896e+002 5.274409e+001 7.436006e+001 1.791746e+002 4.565665e+001 1.073508e+002 8.147749e+001 6.943743e+000 2.387773e+000 6.050692e+000 4.091290e+000 5.961885e+000 1.754519e+000 1.686127e+000 3.483879e+000
<VARIANCE> 22
 4.801632e+000 3.799671e+001 3.300596e+000 1.419725e+001 6.348232e+002 1.482223e+003 1.826129e+002 7.209473e+002 5.972136e+001 2.017276e+002 4.158491e+002 4.140735e+002 8.770596e+001 2.410751e+002 2.957075e-001 2.821240e-001 1.502124e-001 6.693085e-001 1.168710e-001 3.432351e-001 5.437741e+000 6.168041e+000
<GCONST> 1.019573e+002
<STATE> 4
<NUMMIXES> 2
<MIXTURE> 1 9.052422e-001
<MEAN> 22
 1.039549e+001 3.038322e+000 3.884558e+000 1.222964e+000 9.583228e+001 2.348439e+001 1.054294e+002 9.443381e+001 7.504885e+001 5.372717e+001 1.079578e+002 1.928718e+002 1.003691e+002 1.143089e+002 3.262945e+000 4.999475e+000 4.282025e+000 5.860784e+000 3.897746e+000 5.995295e+000 3.501328e+000 2.457403e+000
<VARIANCE> 22
 1.649942e+002 2.873586e+001 3.040110e+001 4.226829e+000 5.259433e+003 9.909745e+002 9.815306e+002 2.030936e+002 4.316870e+002 6.475561e+001 4.820984e+003 3.132252e+002 4.000701e+002 1.148141e+002 7.741976e+000 1.793315e-002 8.725130e+000 1.198333e-001 3.559759e+000 5.618803e-002 5.859650e+000 6.149224e+000
<GCONST> 1.166686e+002
<MIXTURE> 2 9.475765e-002
<MEAN> 22
 2.836330e+000 3.913023e+000 1.389049e+000 1.644936e+000 4.122702e+002 3.210731e+002 3.872687e+001 3.702863e+001 2.575592e+001 2.696276e+001 5.228645e+001 3.222324e+001 3.947249e+001 3.944686e+001 1.772954e+000 1.211280e+000 2.068947e+000 1.906636e+000 1.711841e+000 9.312409e-001 9.536142e-001 1.627350e+000
<VARIANCE> 22
 6.891080e+001 8.658354e+001 1.298565e+001 1.620959e+001 4.649716e+004 1.969726e+004 2.833607e+003 2.626992e+003 1.027077e+003 1.136953e+003 5.907649e+003 2.241923e+003 2.452818e+003 2.416517e+003 7.648085e+000 2.529022e+000 8.567645e+000 5.692098e+000 5.857581e+000 2.628783e+000 3.579566e+000 5.914578e+000
<GCONST> 1.495360e+002
<TRANSP> 5
 0.000000e+000 1.000000e+000 0.000000e+000 0.000000e+000 0.000000e+000
 0.000000e+000 8.546792e-001 1.453208e-001 0.000000e+000 0.000000e+000
 0.000000e+000 0.000000e+000 9.443805e-001 5.561941e-002 0.000000e+000
 0.000000e+000 0.000000e+000 0.000000e+000 8.852546e-001 1.147454e-001
 0.000000e+000 0.000000e+000 0.000000e+000 0.000000e+000 0.000000e+000
<ENDHMM>
~h "SIL"
<BEGINHMM>
<NUMSTATES> 5
<STATE> 2
<NUMMIXES> 2
<MIXTURE> 1 1.629903e-001
<MEAN> 22
 4.894739e+002 4.131851e+002 4.452313e+002 3.568178e+002 8.731928e-001 1.241321e+000 3.966317e+001 3.896040e+001 2.806143e+001 2.653942e+001 7.762571e+001 7.460808e+001 4.930700e+001 4.856849e+001 2.752677e+000 1.992036e+000 2.639204e+000 2.526535e+000 2.480578e+000 2.332329e+000 4.667087e+000 4.664100e+000
<VARIANCE> 22
 6.507087e+003 4.032597e+003 4.541303e+003 3.278796e+003 6.609768e+001 1.564513e+002 2.347863e+003 2.294124e+003 1.092338e+003 1.015280e+003 8.563299e+003 8.144650e+003 3.232067e+003 3.132195e+003 1.120226e+001 5.742915e+000 9.250869e+000 8.403753e+000 8.294338e+000 8.441536e+000 4.023278e+000 4.056828e+000
<GCONST> 1.624440e+002
<MIXTURE> 2 8.370096e-001
<MEAN> 22
 0.000000e+000 0.000000e+000 0.000000e+000 0.000000e+000 3.661403e+001 2.963422e+001 0.000000e+000 0.000000e+000 0.000000e+000 0.000000e+000 0.000000e+000 0.000000e+000 0.000000e+000 0.000000e+000 0.000000e+000 0.000000e+000 0.000000e+000 0.000000e+000 0.000000e+000 0.000000e+000 0.000000e+000 0.000000e+000
<VARIANCE> 22
 4.801632e+000 4.063125e+000 3.300596e+000 2.164982e+000 1.817519e+004 1.195246e+004 9.838196e+000 1.115232e+001 2.936353e+000 3.516743e+000 3.745900e+001 4.440890e+001 4.184655e+000 3.870682e+000 6.504287e-002 1.793315e-002 2.326111e-002 1.170389e-002 2.082488e-002 5.618803e-002 6.153807e-002 6.060927e-002
<GCONST> 5.449670e+001
<STATE> 3
<NUMMIXES> 2
<MIXTURE> 1 7.787733e-001
<MEAN> 22
 1.418150e+000 1.831535e+000 6.015339e-001 7.578855e-001 7.965622e+000 9.868000e+000 1.013228e+002 9.786552e+001 6.365753e+001 5.941143e+001 1.987197e+002 1.964181e+002 1.187886e+002 1.174185e+002 6.999701e+000 5.000002e+000 6.125863e+000 5.906620e+000 6.001801e+000 6.000599e+000 1.986344e+000 2.013530e+000
<VARIANCE> 22
 4.960114e+000 7.103432e+000 3.300596e+000 2.164982e+000 7.003915e+001 1.202747e+002 3.575496e+002 2.296704e+002 1.047172e+002 8.038830e+001 5.980933e+002 4.446826e+002 2.082406e+002 1.457300e+002 6.504287e-002 1.793315e-002 1.099518e-001 8.471522e-002 2.082488e-002 5.618803e-002 5.623926e+000 5.625116e+000
<GCONST> 8.343989e+001
<MIXTURE> 2 2.212341e-001
<MEAN> 22
 8.911173e+000 1.135072e+001 2.261456e+000 2.856562e+000 5.413383e+001 6.148265e+001 8.169855e+001 7.929776e+001 6.957423e+001 6.417667e+001 1.451307e+002 1.412520e+002 1.086247e+002 1.089615e+002 4.585732e+000 4.079768e+000 5.907499e+000 5.525789e+000 5.057443e+000 4.547054e+000 2.480292e+000 2.487449e+000
<VARIANCE> 22
 1.793759e+002 2.153909e+002 1.473109e+001 1.610301e+001 2.829659e+003 2.822597e+003 1.370097e+003 1.259896e+003 2.696967e+002 2.064571e+002 3.521181e+003 3.549716e+003 3.796953e+002 2.126553e+002 8.455379e+000 1.674000e+000 2.148128e+000 4.966128e-001 2.024165e+000 6.074871e+000 5.213150e+000 4.714591e+000
<GCONST> 1.337124e+002
<STATE> 4
<NUMMIXES> 2
<MIXTURE> 1 2.367440e-001
<MEAN> 22
 5.721798e-001 1.102837e+000 2.791539e-001 6.299580e-001 3.997619e+000 4.113814e+000 1.063404e+002 1.138193e+002 6.400739e+001 6.616875e+001 2.298156e+002 2.340913e+002 1.356094e+002 1.379908e+002 7.000000e+000 5.000000e+000 6.000167e+000 5.997328e+000 6.000000e+000 6.000000e+000 9.866683e-001 1.466859e+000
<VARIANCE> 22
 4.801632e+000 5.043553e+000 3.300596e+000 2.193389e+000 4.956259e+001 5.429972e+001 1.151919e+001 1.309193e+001 3.931818e+000 7.120865e+000 3.745900e+001 4.440890e+001 6.503174e+000 7.725028e+000 6.504287e-002 1.793315e-002 2.326111e-002 1.170389e-002 2.082488e-002 5.618803e-002 3.580250e+000 4.656753e+000
<GCONST> 5.427972e+001
<MIXTURE> 2 7.632582e-001
<MEAN> 22
 1.023740e+000 1.611396e+000 4.000610e-001 6.270370e-001 4.852088e+000 6.054580e+000 8.670901e+001 8.621444e+001 5.627057e+001 5.497385e+001 1.822912e+002 1.819061e+002 1.105360e+002 1.100619e+002 6.990263e+000 4.994122e+000 6.006935e+000 5.976602e+000 5.996634e+000 5.992775e+000 1.769687e+000 1.903394e+000
<VARIANCE> 22
 4.801632e+000 1.133875e+001 3.300596e+000 2.164982e+000 7.009199e+001 8.368967e+001 5.061737e+001 5.366429e+001 2.205134e+001 4.099133e+001 1.101772e+002 1.286836e+002 3.359754e+001 3.760548e+001 6.504287e-002 1.793315e-002 2.326111e-002 2.465924e-002 2.082488e-002 5.618803e-002 5.367958e+000 5.870874e+000
<GCONST> 6.897115e+001
<TRANSP> 5
 0.000000e+000 1.000000e+000 0.000000e+000 0.000000e+000 0.000000e+000
 0.000000e+000 9.079386e-001 9.206139e-002 0.000000e+000 0.000000e+000
 0.000000e+000 0.000000e+000 9.973093e-001 2.690732e-003 0.000000e+000
 0.000000e+000 0.000000e+000 0.000000e+000 9.924698e-001 7.530212e-003
 0.000000e+000 0.000000e+000 0.000000e+000 0.000000e+000 0.000000e+000
<ENDHMM>
