~o
<STREAMINFO> 1 39
<VECSIZE> 39<NULLD><MFCC_D_A_C_K_0><DIAGC>
~s "silst"
<NUMMIXES> 2
<MIXTURE> 1 5.000000e-01
<MEAN> 39
 -1.282092e+01 -8.228553e+00 -1.042355e+01 -1.075714e+01 -9.268384e+00 -1.599591e+01 -1.093173e+01 -1.011535e+01 -5.603925e+00 -3.315733e+00 -5.845091e+00 -1.253237e+00 6.067937e+01 1.461393e-01 1.652304e-01 1.988592e-01 2.315564e-01 2.514742e-01 2.671641e-01 2.775491e-01 2.955096e-01 3.003176e-01 3.001174e-01 2.847777e-01 2.715432e-01 1.195758e-01 6.232503e-02 6.890830e-02 8.476887e-02 9.234546e-02 1.095811e-01 1.170617e-01 1.305974e-01 1.413970e-01 1.431327e-01 1.379556e-01 1.371318e-01 1.263960e-01 5.618597e-02
<VARIANCE> 39
 1.757030e+01 1.427475e+01 1.980660e+01 2.265544e+01 2.745373e+01 2.790121e+01 3.155651e+01 3.562316e+01 3.613548e+01 2.942844e+01 3.282058e+01 2.524739e+01 2.921902e+01 5.919802e-01 6.674336e-01 9.622752e-01 1.229899e+00 1.573718e+00 1.789119e+00 2.077759e+00 2.355042e+00 2.395247e+00 2.295236e+00 2.168650e+00 1.922111e+00 4.545023e-01 9.324643e-02 1.157929e-01 1.709599e-01 2.282345e-01 2.925553e-01 3.420914e-01 4.003002e-01 4.580303e-01 4.711599e-01 4.549886e-01 4.282560e-01 3.845171e-01 6.064080e-02
<GCONST> 1.003274e+02
<MIXTURE> 2 5.000000e-01
<MEAN> 39
 -1.449760e+01 -9.739831e+00 -1.220373e+01 -1.266105e+01 -1.136424e+01 -1.810877e+01 -1.317873e+01 -1.250275e+01 -8.008437e+00 -5.485653e+00 -8.136662e+00 -3.263109e+00 5.851719e+01 -1.616217e-01 -1.615560e-01 -1.935233e-01 -2.120469e-01 -2.503174e-01 -2.678677e-01 -2.990282e-01 -3.183362e-01 -3.187459e-01 -3.058841e-01 -3.042757e-01 -2.830177e-01 -1.500913e-01 -5.982009e-02 -6.720512e-02 -8.062033e-02 -9.875011e-02 -1.067724e-01 -1.168926e-01 -1.224797e-01 -1.293147e-01 -1.314317e-01 -1.318558e-01 -1.246333e-01 -1.216418e-01 -4.231545e-02
<VARIANCE> 39
 1.757030e+01 1.427475e+01 1.980660e+01 2.265544e+01 2.745373e+01 2.790121e+01 3.155651e+01 3.562316e+01 3.613548e+01 2.942844e+01 3.282058e+01 2.524739e+01 2.921902e+01 5.919802e-01 6.674336e-01 9.622752e-01 1.229899e+00 1.573718e+00 1.789119e+00 2.077759e+00 2.355042e+00 2.395247e+00 2.295236e+00 2.168650e+00 1.922111e+00 4.545023e-01 9.324643e-02 1.157929e-01 1.709599e-01 2.282345e-01 2.925553e-01 3.420914e-01 4.003002e-01 4.580303e-01 4.711599e-01 4.549886e-01 4.282560e-01 3.845171e-01 6.064080e-02
<GCONST> 1.003274e+02
~h "sp"
<BEGINHMM>
<NUMSTATES> 3
<STATE> 2
~s "silst"
<TRANSP> 3
 0.000000e+00 3.251815e-01 6.748185e-01
 0.000000e+00 9.908646e-01 9.135397e-03
 0.000000e+00 0.000000e+00 0.000000e+00
<ENDHMM>
~h "oov"
<BEGINHMM>
<NUMSTATES> 3
<STATE> 2
<NUMMIXES> 2
<MIXTURE> 1 5.000000e-01
<MEAN> 39
 -9.276310e+00 -7.695644e+00 -8.160655e+00 -1.428540e+01 -7.746055e+00 -1.512399e+01 -7.100401e+00 -4.615555e+00 -5.107654e-01 -8.585069e-01 -2.894349e-01 7.076116e-01 7.226897e+01 3.615182e-01 2.968716e-01 3.293219e-01 3.166563e-01 4.159080e-01 4.237579e-01 4.815401e-01 5.131963e-01 4.777877e-01 4.268653e-01 4.515036e-01 3.974038e-01 4.028614e-01 1.168167e-01 1.162635e-01 1.269334e-01 1.660360e-01 1.628488e-01 1.753082e-01 1.598528e-01 1.630127e-01 1.550834e-01 1.624904e-01 1.423541e-01 1.481499e-01 7.075922e-02
<VARIANCE> 39
 7.143885e+01 6.465636e+01 8.201100e+01 6.629733e+01 1.060967e+02 1.017403e+02 8.941671e+01 9.243330e+01 8.076910e+01 7.459605e+01 7.562034e+01 6.336073e+01 5.157402e+01 2.667243e+00 2.413030e+00 3.031675e+00 3.431730e+00 4.418348e+00 4.471931e+00 4.656299e+00 5.281232e+00 4.722570e+00 4.310182e+00 4.196207e+00 3.463834e+00 2.453417e+00 3.732657e-01 3.547203e-01 4.604047e-01 5.543501e-01 7.126034e-01 7.581189e-01 7.962019e-01 9.101495e-01 8.312212e-01 7.721900e-01 7.338857e-01 6.282762e-01 3.023950e-01
<GCONST> 1.383825e+02
<MIXTURE> 2 5.000000e-01
<MEAN> 39
 -1.265717e+01 -1.091201e+01 -1.178305e+01 -1.754232e+01 -1.186619e+01 -1.915865e+01 -1.088282e+01 -8.461245e+00 -4.105630e+00 -4.313267e+00 -3.767833e+00 -2.476367e+00 6.939637e+01 -2.917496e-01 -3.244856e-01 -3.671464e-01 -4.243409e-01 -4.248866e-01 -4.221197e-01 -3.815983e-01 -4.060409e-01 -3.914713e-01 -4.035738e-01 -3.678822e-01 -3.470513e-01 -2.236741e-01 -1.275652e-01 -1.219701e-01 -1.444791e-01 -1.317827e-01 -1.748146e-01 -1.729719e-01 -1.970678e-01 -2.185944e-01 -2.096020e-01 -1.890070e-01 -2.003144e-01 -1.689056e-01 -1.492026e-01
<VARIANCE> 39
 7.143885e+01 6.465636e+01 8.201100e+01 6.629733e+01 1.060967e+02 1.017403e+02 8.941671e+01 9.243330e+01 8.076910e+01 7.459605e+01 7.562034e+01 6.336073e+01 5.157402e+01 2.667243e+00 2.413030e+00 3.031675e+00 3.431730e+00 4.418348e+00 4.471931e+00 4.656299e+00 5.281232e+00 4.722570e+00 4.310182e+00 4.196207e+00 3.463834e+00 2.453417e+00 3.732657e-01 3.547203e-01 4.604047e-01 5.543501e-01 7.126034e-01 7.581189e-01 7.962019e-01 9.101495e-01 8.312212e-01 7.721900e-01 7.338857e-01 6.282762e-01 3.023950e-01
<GCONST> 1.383825e+02
<TRANSP> 3
 0.000000e+00 1.000000e+00 0.000000e+00
 0.000000e+00 9.812834e-01 1.871662e-02
 0.000000e+00 0.000000e+00 0.000000e+00
<ENDHMM>
~h "sil"
<BEGINHMM>
<NUMSTATES> 3
<STATE> 2
~s "silst"
<TRANSP> 3
 0.000000e+00 1.000000e+00 0.000000e+00
 0.000000e+00 9.991013e-01 8.986839e-04
 0.000000e+00 0.000000e+00 0.000000e+00
<ENDHMM>
~h "noise"
<BEGINHMM>
<NUMSTATES> 3
<STATE> 2
~s "silst"
<TRANSP> 3
 0.000000e+00 1.000000e+00 0.000000e+00
 0.000000e+00 9.819029e-01 1.809706e-02
 0.000000e+00 0.000000e+00 0.000000e+00
<ENDHMM>
