~o
<STREAMINFO> 1 22
<VECSIZE> 22<NULLD><MFCC_0><DIAGC>
~h "BN"
<BEGINHMM>
<NUMSTATES> 5
<STATE> 2
<NUMMIXES> 2
<MIXTURE> 1 5.068100e-001
<MEAN> 22
 7.684541e+000 1.920766e+001 3.858173e+000 5.752639e+000 1.993691e+001 4.378038e+001 8.978953e+001 7.647871e+001 6.154090e+001 6.145633e+001 1.869713e+002 1.573329e+002 1.152506e+002 1.105170e+002 6.794873e+000 4.578133e+000 6.099879e+000 5.656600e+000 5.873099e+000 5.670320e+000 2.150107e+000 2.224930e+000
<VARIANCE> 22
 1.595567e+003 1.264925e+003 1.233428e+003 7.824510e+002 1.314203e+003 1.779762e+003 5.329152e+002 6.704487e+002 1.130575e+002 1.281746e+002 9.826577e+002 2.193701e+003 2.267963e+002 1.898474e+002 9.758192e-001 6.254486e-001 1.401310e-001 3.113362e-001 1.784323e-001 2.217615e+000 5.589597e+000 3.073249e+000
<GCONST> 1.293084e+002
<MIXTURE> 2 4.931891e-001
<MEAN> 22
 4.914586e+000 5.711941e+000 1.448865e+000 2.455904e+000 1.738126e+002 1.906620e+002 7.003950e+001 9.090775e+001 6.712741e+001 7.260574e+001 1.075467e+002 6.150179e+001 8.873558e+001 8.706920e+001 2.762722e+000 2.264605e+000 4.627106e+000 3.594862e+000 3.927834e+000 1.874496e+000 2.090557e+000 2.300441e+000
<VARIANCE> 22
 7.955107e+001 8.768541e+001 6.725813e+000 1.327480e+001 4.111744e+004 1.840788e+004 2.584461e+003 2.819354e+003 1.200544e+003 1.457960e+003 6.409259e+003 3.183992e+003 2.217467e+003 1.679471e+003 8.475860e+000 2.070640e+000 7.751726e+000 3.442932e+000 4.345395e+000 4.422217e+000 5.689843e+000 5.993010e+000
<GCONST> 1.489930e+002
<STATE> 3
<NUMMIXES> 2
<MIXTURE> 1 3.993314e-001
<MEAN> 22
 1.602461e+000 1.630559e+001 5.837681e-001 4.622935e+000 9.823919e+000 1.669229e+002 1.020372e+002 1.133356e+002 6.373846e+001 9.227689e+001 2.056451e+002 5.750276e+001 1.224570e+002 1.104974e+002 6.999435e+000 2.488175e+000 6.142616e+000 4.231950e+000 5.999578e+000 1.480831e+000 1.820093e+000 3.343613e+000
<VARIANCE> 22
 1.127706e+001 3.298608e+002 3.300596e+000 2.832409e+001 3.259357e+002 3.826577e+003 2.800408e+002 1.448270e+003 6.941479e+001 5.027857e+002 5.599218e+002 1.149929e+003 1.996175e+002 1.565849e+002 6.504287e-002 5.143960e-001 1.224753e-001 7.914260e-001 2.082488e-002 2.274612e+000 5.817481e+000 5.645714e+000
<GCONST> 1.090383e+002
<MIXTURE> 2 6.006696e-001
<MEAN> 22
 8.144647e-001 5.136471e+000 3.858671e-001 1.611048e+000 9.003170e+000 1.708300e+002 8.467434e+001 1.172613e+002 5.502024e+001 8.745095e+001 1.780584e+002 3.173333e+001 1.086521e+002 9.514627e+001 6.924602e+000 2.062520e+000 5.974596e+000 3.694902e+000 5.956611e+000 1.109196e+000 1.267730e+000 2.666237e+000
<VARIANCE> 22
 4.801632e+000 4.785653e+001 3.300596e+000 3.832829e+000 5.067242e+002 8.626483e+002 1.064532e+002 2.185679e+002 4.143297e+001 2.745833e+002 3.718382e+002 3.459094e+002 5.089083e+001 6.673994e+001 4.037518e-001 1.216769e-001 2.216381e-001 5.098681e-001 1.234628e-001 3.181411e-001 4.555050e+000 5.940057e+000
<GCONST> 9.555262e+001
<STATE> 4
<NUMMIXES> 2
<MIXTURE> 1 5.018147e-001
<MEAN> 22
 1.263615e+001 8.586115e+000 3.278814e+000 2.267334e+000 6.610214e+001 2.428229e+001 9.625926e+001 9.576895e+001 7.293047e+001 6.032503e+001 1.460084e+002 1.941502e+002 1.151066e+002 1.176798e+002 4.837463e+000 4.971064e+000 5.473888e+000 5.791349e+000 5.013900e+000 6.012325e+000 3.414660e+000 3.187973e+000
<VARIANCE> 22
 2.780553e+002 2.081214e+002 2.703010e+001 1.104325e+001 5.390747e+003 7.570720e+002 7.829976e+002 3.866191e+002 2.937843e+002 8.865108e+001 4.878508e+003 6.520670e+002 2.210333e+002 1.387466e+002 7.874884e+000 3.546062e-002 4.530181e+000 1.651152e-001 2.069613e+000 5.618803e-002 6.220023e+000 6.767105e+000
<GCONST> 1.204339e+002
<MIXTURE> 2 4.981849e-001
<MEAN> 22
 4.804731e+000 1.982159e+000 1.830098e+000 7.034728e-001 1.450182e+002 2.014684e+001 1.175542e+002 7.823196e+001 8.940207e+001 5.777777e+001 4.081664e+001 1.678054e+002 9.720514e+001 1.117934e+002 2.131083e+000 4.578852e+000 1.415899e+000 5.825502e+000 3.023895e+000 5.423982e+000 2.937222e+000 1.867525e+000
<VARIANCE> 22
 4.846858e+001 2.121102e+001 6.715611e+000 2.164982e+000 4.798766e+003 8.140570e+002 9.308029e+002 9.285762e+002 4.013887e+002 6.951572e+001 8.881180e+002 1.918063e+003 2.080263e+002 1.636276e+002 1.214710e+000 8.159239e-001 4.608459e+000 1.850863e-001 6.040871e-001 3.942942e+000 6.244390e+000 5.609327e+000
<GCONST> 1.181694e+002
<TRANSP> 5
 0.000000e+000 1.000000e+000 0.000000e+000 0.000000e+000 0.000000e+000
 0.000000e+000 8.110964e-001 1.889037e-001 0.000000e+000 0.000000e+000
 0.000000e+000 0.000000e+000 9.516581e-001 4.834194e-002 0.000000e+000
 0.000000e+000 0.000000e+000 0.000000e+000 9.356013e-001 6.439869e-002
 0.000000e+000 0.000000e+000 0.000000e+000 0.000000e+000 0.000000e+000
<ENDHMM>
~h "BS"
<BEGINHMM>
<NUMSTATES> 5
<STATE> 2
<NUMMIXES> 2
<MIXTURE> 1 3.135624e-001
<MEAN> 22
 1.443247e+001 1.344058e+001 6.076539e+000 5.515516e+000 9.568598e+001 7.165911e+001 9.408428e+001 9.249160e+001 6.621594e+001 6.170055e+001 1.879927e+002 1.862246e+002 1.188457e+002 1.184888e+002 5.978715e+000 4.869085e+000 6.217580e+000 5.807165e+000 5.447345e+000 5.813074e+000 2.617244e+000 2.034827e+000
<VARIANCE> 22
 1.986043e+003 1.518143e+003 1.664539e+003 1.101867e+003 3.205452e+004 1.498349e+004 7.533352e+002 4.831129e+002 6.673607e+001 5.305898e+001 7.567942e+002 6.938556e+002 1.524753e+002 1.136135e+002 5.764028e+000 2.353408e-001 1.726979e-001 1.556492e-001 2.697654e+000 5.631192e-001 3.864661e+000 4.492054e+000
<GCONST> 1.336333e+002
<MIXTURE> 2 6.864377e-001
<MEAN> 22
 1.669601e+001 1.678531e+001 2.431766e+000 2.563945e+000 7.401212e+001 7.188687e+001 4.578511e+001 4.304893e+001 6.319855e+001 6.090128e+001 1.292760e+002 1.249849e+002 1.035187e+002 1.034337e+002 4.761714e+000 4.257626e+000 5.968937e+000 5.819784e+000 5.019349e+000 5.004798e+000 2.732259e+000 2.091247e+000
<VARIANCE> 22
 1.866615e+002 1.831547e+002 6.758138e+000 8.121680e+000 5.336611e+003 4.029279e+003 6.603463e+002 5.775464e+002 1.600442e+002 1.836559e+002 1.218095e+003 1.112649e+003 2.800955e+002 2.537343e+002 7.255543e+000 2.485301e+000 6.452848e-001 5.773708e-001 1.085342e+000 7.729379e+000 3.148390e+000 3.783831e+000
<GCONST> 1.267023e+002
<STATE> 3
<NUMMIXES> 2
<MIXTURE> 1 4.818345e-001
<MEAN> 22
 1.695439e+001 1.713735e+001 4.155024e+000 3.887078e+000 1.317671e+002 1.262528e+002 1.394659e+002 1.369930e+002 8.677557e+001 7.781568e+001 1.453026e+002 1.535269e+002 1.140027e+002 1.129160e+002 5.191069e-001 3.672258e+000 4.510836e+000 4.744322e+000 1.509153e+000 3.714676e+000 2.695888e+000 3.866137e+000
<VARIANCE> 22
 5.150810e+002 5.309404e+002 3.138639e+001 2.556172e+001 1.633961e+003 1.457386e+003 1.297587e+003 1.104387e+003 1.949027e+002 2.667778e+002 1.922291e+003 1.313498e+003 1.553790e+002 1.235029e+002 5.614943e-001 3.385043e-001 1.089661e+001 2.630930e-001 4.621616e+000 1.074826e+000 6.549224e+000 5.015923e+000
<GCONST> 1.284487e+002
<MIXTURE> 2 5.181660e-001
<MEAN> 22
 2.068170e+001 2.145177e+001 3.359840e+000 3.374582e+000 9.268752e+001 9.644382e+001 4.856949e+001 4.970015e+001 6.397685e+001 5.952892e+001 9.126565e+001 8.944818e+001 9.900981e+001 9.974848e+001 1.895309e+000 2.645882e+000 6.151168e+000 5.756816e+000 4.070718e+000 2.079780e+000 2.701378e+000 2.889174e+000
<VARIANCE> 22
 3.085061e+002 3.152135e+002 1.403067e+001 1.426761e+001 1.435230e+003 1.141279e+003 6.257598e+002 5.901349e+002 1.088741e+002 1.062918e+002 8.110178e+002 6.842266e+002 8.717644e+001 7.494956e+001 3.195729e+000 1.827667e+000 3.933702e-001 3.892429e-001 2.059691e+000 6.816445e+000 5.690464e+000 4.404504e+000
<GCONST> 1.214651e+002
<STATE> 4
<NUMMIXES> 2
<MIXTURE> 1 4.553928e-001
<MEAN> 22
 1.067390e+001 1.022124e+001 2.947242e+000 2.580855e+000 5.094275e+001 4.929301e+001 1.168421e+002 1.135170e+002 7.150406e+001 6.553929e+001 1.985960e+002 1.970091e+002 1.189559e+002 1.182766e+002 5.027924e+000 4.723742e+000 6.602335e+000 5.392159e+000 5.813814e+000 5.549282e+000 3.965027e+000 4.035093e+000
<VARIANCE> 22
 1.044448e+002 9.678356e+001 9.607950e+000 7.207838e+000 1.929261e+003 1.530681e+003 7.296998e+002 5.210934e+002 1.547755e+002 1.186926e+002 6.619163e+002 4.591615e+002 1.632666e+002 1.113608e+002 9.797316e+000 2.254830e-001 2.751735e-001 2.383792e-001 2.756726e+000 4.921990e-001 4.744757e+000 7.883182e+000
<GCONST> 1.158856e+002
<MIXTURE> 2 5.446064e-001
<MEAN> 22
 4.742190e+000 4.622353e+000 1.315779e+000 1.228338e+000 7.724770e+001 7.694678e+001 1.065715e+002 1.073839e+002 6.453012e+001 5.979518e+001 1.544464e+002 1.529698e+002 1.034245e+002 1.028722e+002 1.318148e+000 4.165285e+000 6.872810e+000 5.100208e+000 3.880937e+000 4.589219e+000 3.088701e+000 3.497659e+000
<VARIANCE> 22
 3.103787e+001 3.003297e+001 3.300596e+000 2.524048e+000 1.065136e+003 1.043811e+003 5.946288e+002 5.860762e+002 7.112037e+001 1.010945e+002 3.392544e+002 3.679106e+002 5.577010e+001 5.959456e+001 7.324388e+000 2.155834e-001 1.120249e-001 9.365751e-002 1.067285e+001 7.417232e-001 5.986859e+000 7.922976e+000
<GCONST> 1.066254e+002
<TRANSP> 5
 0.000000e+000 1.000000e+000 0.000000e+000 0.000000e+000 0.000000e+000
 0.000000e+000 8.131081e-001 1.868918e-001 0.000000e+000 0.000000e+000
 0.000000e+000 0.000000e+000 9.173787e-001 8.262131e-002 0.000000e+000
 0.000000e+000 0.000000e+000 0.000000e+000 9.482682e-001 5.173182e-002
 0.000000e+000 0.000000e+000 0.000000e+000 0.000000e+000 0.000000e+000
<ENDHMM>
~h "CF"
<BEGINHMM>
<NUMSTATES> 5
<STATE> 2
<NUMMIXES> 2
<MIXTURE> 1 3.035796e-001
<MEAN> 22
 2.339918e+001 8.732663e+000 9.102175e+000 4.411892e+000 8.483874e+001 2.386738e+001 9.675908e+001 9.387333e+001 8.182166e+001 6.219629e+001 1.245058e+002 1.860080e+002 1.106543e+002 1.176948e+002 4.024481e+000 4.784301e+000 5.132491e+000 5.723895e+000 4.664762e+000 5.792368e+000 3.899044e+000 2.664754e+000
<VARIANCE> 22
 1.493085e+003 9.259650e+002 1.065573e+003 6.321334e+002 6.072263e+003 9.255187e+002 1.166689e+003 7.378883e+002 5.668105e+002 1.171396e+002 5.403601e+003 1.661090e+003 2.881694e+002 1.438246e+002 8.005856e+000 4.095694e-001 5.206539e+000 2.366771e-001 2.205283e+000 1.376840e+000 6.237840e+000 5.692264e+000
<GCONST> 1.410230e+002
<MIXTURE> 2 6.964195e-001
<MEAN> 22
 5.430697e+000 4.952358e+000 2.173764e+000 1.664702e+000 1.219729e+002 6.887756e+001 9.423486e+001 8.044378e+001 8.496684e+001 6.542126e+001 7.583929e+001 1.278722e+002 9.383783e+001 1.062692e+002 2.733616e+000 3.650180e+000 3.653816e+000 5.136351e+000 3.700343e+000 3.943733e+000 2.946922e+000 2.442025e+000
<VARIANCE> 22
 5.846143e+001 7.694486e+001 8.133293e+000 7.165060e+000 9.686916e+003 6.713095e+003 2.327083e+003 1.611810e+003 8.114912e+002 4.459402e+002 3.338295e+003 4.671547e+003 5.496063e+002 5.085268e+002 4.381312e+000 2.528726e+000 6.673397e+000 1.756443e+000 1.995140e+000 7.163046e+000 6.343163e+000 5.450483e+000
<GCONST> 1.390092e+002
<STATE> 3
<NUMMIXES> 2
<MIXTURE> 1 4.511790e-001
<MEAN> 22
 2.353430e+000 2.056641e+001 8.944752e-001 5.743460e+000 1.059767e+001 1.491571e+002 1.031878e+002 1.047615e+002 6.389566e+001 9.398299e+001 2.029955e+002 8.198388e+001 1.207374e+002 1.021007e+002 6.985256e+000 2.977398e+000 6.202750e+000 4.311110e+000 5.989669e+000 2.614495e+000 2.086778e+000 3.535328e+000
<VARIANCE> 22
 2.023840e+001 4.551524e+002 3.300596e+000 4.336050e+001 1.935023e+002 6.917180e+003 4.175927e+002 2.321150e+003 9.779142e+001 6.695322e+002 7.681802e+002 2.871403e+003 2.325282e+002 3.183535e+002 7.152923e-002 1.371844e+000 1.916076e-001 2.222397e+000 2.489935e-002 6.486647e+000 6.178632e+000 5.324942e+000
<GCONST> 1.178198e+002
<MIXTURE> 2 5.488206e-001
<MEAN> 22
 8.101128e-001 5.605235e+000 4.102885e-001 2.596808e+000 6.419615e+000 1.857854e+002 8.560608e+001 1.244249e+002 5.537934e+001 9.818009e+001 1.787883e+002 2.994778e+001 1.075795e+002 8.128487e+001 6.970817e+000 2.017534e+000 6.007068e+000 2.975827e+000 5.984141e+000 9.958462e-001 1.263055e+000 2.481298e+000
<VARIANCE> 22
 4.801632e+000 7.014959e+001 3.300596e+000 1.189547e+001 1.276378e+002 7.225178e+002 1.024062e+002 3.343088e+002 3.004205e+001 3.381567e+002 2.100996e+002 1.678664e+002 5.588441e+001 1.657576e+002 1.583024e-001 3.074946e-002 2.326111e-002 1.294838e+000 4.120259e-002 9.368860e-002 4.727233e+000 5.800317e+000
<GCONST> 8.955327e+001
<STATE> 4
<NUMMIXES> 2
<MIXTURE> 1 5.064721e-001
<MEAN> 22
 9.202501e+000 6.856538e+000 2.803358e+000 2.425647e+000 3.178046e+001 2.550065e+001 9.037730e+001 9.632911e+001 6.539783e+001 6.076276e+001 1.807354e+002 1.939284e+002 1.161552e+002 1.161595e+002 6.226859e+000 4.998052e+000 6.163573e+000 5.715578e+000 5.736160e+000 5.986197e+000 3.227316e+000 3.163050e+000
<VARIANCE> 22
 1.970959e+002 9.452116e+001 1.952078e+001 9.875825e+000 1.340012e+003 6.512570e+002 6.369589e+002 3.103765e+002 1.383790e+002 9.971041e+001 1.969140e+003 4.978725e+002 1.949149e+002 1.304245e+002 4.022450e+000 1.793315e-002 2.392692e-001 2.035259e-001 4.958460e-001 5.618803e-002 6.241229e+000 6.366693e+000
<GCONST> 1.093229e+002
<MIXTURE> 2 4.935278e-001
<MEAN> 22
 7.940953e+000 1.848981e+000 3.035155e+000 8.539556e-001 1.563209e+002 3.012685e+001 1.218132e+002 8.897282e+001 9.404890e+001 5.532493e+001 3.942606e+001 1.824935e+002 8.121304e+001 1.099806e+002 1.975580e+000 4.915508e+000 2.621021e+000 5.689300e+000 3.029779e+000 5.946714e+000 2.823380e+000 1.981624e+000
<VARIANCE> 22
 1.320204e+002 1.444316e+001 1.683327e+001 2.164982e+000 4.512336e+003 1.370918e+003 1.186839e+003 3.873910e+002 4.323814e+002 7.513393e+001 6.627470e+002 6.446074e+002 4.228408e+002 1.074618e+002 6.035656e-001 1.683853e-001 4.582082e+000 2.439302e-001 3.037623e-001 4.446965e-001 5.772296e+000 5.505360e+000
<GCONST> 1.136181e+002
<TRANSP> 5
 0.000000e+000 1.000000e+000 0.000000e+000 0.000000e+000 0.000000e+000
 0.000000e+000 8.760102e-001 1.239897e-001 0.000000e+000 0.000000e+000
 0.000000e+000 0.000000e+000 9.504261e-001 4.957389e-002 0.000000e+000
 0.000000e+000 0.000000e+000 0.000000e+000 9.192108e-001 8.078922e-002
 0.000000e+000 0.000000e+000 0.000000e+000 0.000000e+000 0.000000e+000
<ENDHMM>
~h "CN"
<BEGINHMM>
<NUMSTATES> 5
<STATE> 2
<NUMMIXES> 2
<MIXTURE> 1 4.145807e-001
<MEAN> 22
 8.824018e+000 8.444273e+000 3.016739e+000 2.898001e+000 2.533030e+001 2.716286e+001 9.555652e+001 9.169140e+001 6.553085e+001 6.043527e+001 1.960688e+002 1.927262e+002 1.213758e+002 1.194016e+002 6.957715e+000 4.997008e+000 6.155468e+000 5.931134e+000 5.957776e+000 6.016609e+000 2.747161e+000 2.011997e+000
<VARIANCE> 22
 5.797358e+002 4.575582e+002 3.982994e+002 2.930218e+002 1.749426e+003 1.397539e+003 5.730825e+002 3.386436e+002 1.021216e+002 6.597755e+001 6.876877e+002 5.190766e+002 2.235646e+002 1.611601e+002 2.669727e-001 1.793315e-002 1.312980e-001 6.412421e-002 4.307278e-002 5.618803e-002 3.415792e+000 4.251177e+000
<GCONST> 1.101004e+002
<MIXTURE> 2 5.854186e-001
<MEAN> 22
 2.000648e+001 1.969008e+001 2.375174e+000 2.676212e+000 8.218787e+001 7.725544e+001 4.260430e+001 4.336808e+001 6.411193e+001 6.079911e+001 1.047912e+002 1.054047e+002 1.042597e+002 1.032880e+002 3.320125e+000 3.563133e+000 6.053302e+000 5.857727e+000 4.497652e+000 3.501284e+000 2.651905e+000 1.903590e+000
<VARIANCE> 22
 2.702629e+002 2.580848e+002 6.733972e+000 9.321955e+000 2.355684e+003 2.129743e+003 4.261530e+002 5.374791e+002 1.034900e+002 9.825459e+001 1.390575e+003 1.441320e+003 1.180550e+002 1.118613e+002 7.118513e+000 1.957730e+000 1.172549e-001 3.890598e-001 9.012924e-001 9.959616e+000 1.994537e+000 2.609873e+000
<GCONST> 1.201132e+002
<STATE> 3
<NUMMIXES> 2
<MIXTURE> 1 3.678929e-001
<MEAN> 22
 1.154770e+001 1.230352e+001 1.712794e+000 1.498773e+000 1.706318e+002 1.654466e+002 8.124599e+001 7.980148e+001 7.270469e+001 7.186987e+001 4.855592e+001 4.821262e+001 1.110278e+002 1.135121e+002 2.081779e+000 1.877618e+000 5.573326e+000 5.840785e+000 3.231404e+000 7.626067e-001 3.113427e+000 3.132568e+000
<VARIANCE> 22
 2.291046e+002 2.609065e+002 6.222060e+000 4.158033e+000 1.335381e+003 1.233817e+003 5.792066e+002 7.041063e+002 1.561512e+002 1.462391e+002 4.378774e+002 5.477675e+002 2.676917e+002 1.574550e+002 1.747685e-001 1.861676e-001 1.086697e+000 1.094764e+000 2.076666e-001 2.672982e-001 5.871803e+000 5.769848e+000
<GCONST> 1.123709e+002
<MIXTURE> 2 6.321091e-001
<MEAN> 22
 5.572901e+000 5.734076e+000 9.752792e-001 8.240100e-001 1.344718e+002 1.282294e+002 6.871233e+001 6.556530e+001 6.323351e+001 6.008973e+001 3.877200e+001 4.324557e+001 9.880773e+001 9.955723e+001 2.005304e+000 1.948974e+000 5.895329e+000 5.993573e+000 3.132887e+000 8.089920e-001 3.201194e+000 3.065981e+000
<VARIANCE> 22
 4.434574e+001 5.949096e+001 3.300596e+000 2.164982e+000 1.342649e+003 9.848218e+002 3.795742e+002 3.778622e+002 4.612349e+001 5.583263e+001 2.303891e+002 3.237671e+002 3.911300e+001 4.130175e+001 6.504287e-002 7.563055e-002 6.175115e-001 2.596569e-001 1.309129e-001 1.693361e-001 6.098434e+000 6.169172e+000
<GCONST> 9.538037e+001
<STATE> 4
<NUMMIXES> 2
<MIXTURE> 1 5.110952e-001
<MEAN> 22
 1.341588e+001 1.280593e+001 3.300368e+000 3.084980e+000 4.456001e+001 3.877751e+001 9.516908e+001 9.302978e+001 6.629745e+001 6.219261e+001 1.899071e+002 1.872134e+002 1.155436e+002 1.148926e+002 6.523068e+000 4.967058e+000 6.305361e+000 5.737095e+000 5.951522e+000 5.936051e+000 4.025870e+000 3.899564e+000
<VARIANCE> 22
 2.527840e+002 2.379009e+002 1.262736e+001 1.411811e+001 5.878678e+003 3.958598e+003 7.544006e+002 6.506125e+002 1.209676e+002 1.034944e+002 7.246614e+002 7.104549e+002 1.627237e+002 1.256852e+002 2.645025e+000 1.638144e-001 2.171147e-001 1.971314e-001 1.932697e-001 3.670451e-001 7.694163e+000 4.584779e+000
<GCONST> 1.161298e+002
<MIXTURE> 2 4.889041e-001
<MEAN> 22
 1.461991e+001 1.408109e+001 1.696242e+000 1.898702e+000 9.923317e+001 9.715338e+001 4.395986e+001 4.155345e+001 6.639024e+001 6.426671e+001 1.015776e+002 9.527731e+001 1.052257e+002 1.054318e+002 3.227852e+000 2.886556e+000 5.975116e+000 5.998425e+000 4.130834e+000 2.336632e+000 4.067878e+000 4.031656e+000
<VARIANCE> 22
 3.323749e+002 2.684247e+002 5.498005e+000 9.428624e+000 3.273888e+003 2.796729e+003 8.140449e+002 8.031320e+002 2.149344e+002 1.426779e+002 1.044242e+003 1.102752e+003 3.016513e+002 1.794903e+002 4.540406e+000 3.657603e+000 3.051685e-001 2.897061e-001 1.066622e+000 9.083000e+000 6.896893e+000 5.394730e+000
<GCONST> 1.266591e+002
<TRANSP> 5
 0.000000e+000 1.000000e+000 0.000000e+000 0.000000e+000 0.000000e+000
 0.000000e+000 8.306940e-001 1.693060e-001 0.000000e+000 0.000000e+000
 0.000000e+000 0.000000e+000 9.638984e-001 3.610161e-002 0.000000e+000
 0.000000e+000 0.000000e+000 0.000000e+000 9.202763e-001 7.972363e-002
 0.000000e+000 0.000000e+000 0.000000e+000 0.000000e+000 0.000000e+000
<ENDHMM>
~h "CP"
<BEGINHMM>
<NUMSTATES> 5
<STATE> 2
<NUMMIXES> 2
<MIXTURE> 1 8.099101e-001
<MEAN> 22
 1.366847e+001 1.169998e+001 3.904007e+000 3.415951e+000 5.479511e+001 5.447325e+001 1.052035e+002 1.061086e+002 7.439365e+001 6.956759e+001 1.830215e+002 1.867609e+002 1.234757e+002 1.198748e+002 3.888514e+000 4.580451e+000 6.645009e+000 5.474473e+000 5.382878e+000 5.477255e+000 3.180619e+000 3.141759e+000
<VARIANCE> 22
 6.964130e+002 4.288159e+002 4.314090e+002 2.486125e+002 1.743398e+003 1.609449e+003 1.114109e+003 1.304500e+003 1.709803e+002 1.819220e+002 2.010627e+003 1.253018e+003 3.678180e+002 2.088248e+002 1.154231e+001 3.516760e-001 3.275359e-001 2.494269e-001 4.050166e+000 9.795847e-001 5.207061e+000 5.224288e+000
<GCONST> 1.335713e+002
<MIXTURE> 2 1.900893e-001
<MEAN> 22
 5.589526e+000 3.780395e+000 8.870578e-001 9.164551e-001 3.325654e+002 2.431717e+002 5.801887e+001 4.794868e+001 3.289948e+001 3.023890e+001 4.501166e+001 6.068769e+001 4.775341e+001 4.955726e+001 7.959573e-001 1.542821e+000 1.066201e+000 2.378961e+000 1.015808e+000 1.541490e+000 1.354851e+000 1.412593e+000
<VARIANCE> 22
 2.070251e+002 6.441988e+001 3.338421e+000 4.016445e+000 2.961950e+004 2.005841e+004 5.041042e+003 3.887934e+003 1.506983e+003 1.232299e+003 4.071332e+003 5.806233e+003 2.984279e+003 3.057057e+003 1.851408e+000 3.621315e+000 4.878928e+000 7.195364e+000 2.273479e+000 5.014917e+000 4.943681e+000 5.136836e+000
<GCONST> 1.480897e+002
<STATE> 3
<NUMMIXES> 2
<MIXTURE> 1 4.542032e-001
<MEAN> 22
 1.215969e+001 1.222559e+001 3.160367e+000 3.172924e+000 5.366399e+001 4.919290e+001 7.767107e+001 8.291354e+001 7.125241e+001 6.770589e+001 1.586411e+002 1.625099e+002 1.118929e+002 1.119451e+002 3.835443e+000 4.484035e+000 6.601972e+000 5.280842e+000 5.931545e+000 5.759490e+000 3.854926e+000 3.726429e+000
<VARIANCE> 22
 1.198239e+002 1.152651e+002 1.421159e+001 1.259965e+001 1.069634e+003 7.019808e+002 3.579758e+002 4.319309e+002 1.633503e+002 1.577119e+002 6.755580e+002 6.577131e+002 1.294882e+002 1.253613e+002 1.203127e+001 2.832847e-001 2.920767e-001 2.232476e-001 4.198344e-001 4.859604e-001 5.201517e+000 4.942810e+000
<GCONST> 1.136411e+002
<MIXTURE> 2 5.457972e-001
<MEAN> 22
 7.889878e+000 8.361339e+000 1.748469e+000 1.777754e+000 5.756154e+001 5.136013e+001 5.532923e+001 5.711525e+001 6.516860e+001 6.204762e+001 1.206908e+002 1.214253e+002 9.994567e+001 9.933682e+001 1.461619e+000 4.000974e+000 6.629353e+000 5.364003e+000 5.426349e+000 5.182962e+000 3.154242e+000 2.964254e+000
<VARIANCE> 22
 6.081506e+001 6.419521e+001 5.143434e+000 5.671566e+000 5.035279e+002 6.468880e+002 2.506320e+002 3.290996e+002 9.221517e+001 1.235683e+002 3.539880e+002 3.963745e+002 5.802461e+001 6.554903e+001 6.965261e+000 6.288578e-001 2.350428e-001 2.315024e-001 1.524551e+000 4.445854e+000 5.132114e+000 5.058723e+000
<GCONST> 1.092628e+002
<STATE> 4
<NUMMIXES> 2
<MIXTURE> 1 4.687258e-001
<MEAN> 22
 9.513104e+000 8.479740e+000 2.703396e+000 2.763343e+000 3.612657e+001 3.247431e+001 1.035895e+002 1.033279e+002 7.081837e+001 6.593535e+001 2.009649e+002 2.014231e+002 1.244628e+002 1.237016e+002 6.998459e+000 4.997344e+000 6.352245e+000 5.564412e+000 6.014976e+000 5.931921e+000 3.888411e+000 3.631181e+000
<VARIANCE> 22
 8.151216e+001 7.486208e+001 7.797541e+000 8.189128e+000 1.125110e+003 6.527957e+002 4.185741e+002 2.253276e+002 1.005794e+002 7.889030e+001 4.588597e+002 3.260191e+002 1.469702e+002 8.531500e+001 6.504287e-002 1.793315e-002 2.281648e-001 2.458487e-001 4.108958e-002 8.851044e-002 5.799525e+000 5.877778e+000
<GCONST> 9.687669e+001
<MIXTURE> 2 5.312740e-001
<MEAN> 22
 5.569911e+000 5.720297e+000 1.282776e+000 1.351192e+000 3.360756e+001 3.003960e+001 7.485583e+001 7.592824e+001 6.017770e+001 5.757169e+001 1.625562e+002 1.639531e+002 1.059873e+002 1.058244e+002 6.584595e+000 4.902819e+000 6.273962e+000 5.625492e+000 5.970772e+000 5.956964e+000 3.677894e+000 3.468937e+000
<VARIANCE> 22
 2.932138e+001 2.860360e+001 3.300596e+000 2.164982e+000 7.028590e+002 4.384644e+002 1.572356e+002 1.777448e+002 6.856667e+001 9.635838e+001 2.785496e+002 2.852241e+002 6.190344e+001 6.561787e+001 2.618559e+000 1.234430e-001 2.480816e-001 2.544629e-001 1.092068e-001 1.667849e-001 5.369701e+000 5.647547e+000
<GCONST> 9.591085e+001
<TRANSP> 5
 0.000000e+000 1.000000e+000 0.000000e+000 0.000000e+000 0.000000e+000
 0.000000e+000 7.243718e-001 2.756282e-001 0.000000e+000 0.000000e+000
 0.000000e+000 0.000000e+000 9.397535e-001 6.024642e-002 0.000000e+000
 0.000000e+000 0.000000e+000 0.000000e+000 9.330741e-001 6.692588e-002
 0.000000e+000 0.000000e+000 0.000000e+000 0.000000e+000 0.000000e+000
<ENDHMM>
~h "CV"
<BEGINHMM>
<NUMSTATES> 5
<STATE> 2
<NUMMIXES> 2
<MIXTURE> 1 4.347627e-001
<MEAN> 22
 1.018068e+001 1.094207e+001 3.421278e+000 3.386263e+000 2.460272e+001 2.544453e+001 9.308128e+001 8.827004e+001 6.425053e+001 5.939838e+001 1.904362e+002 1.847860e+002 1.179892e+002 1.170924e+002 6.862042e+000 4.932832e+000 6.184632e+000 5.858735e+000 5.963345e+000 5.952692e+000 2.813780e+000 2.348850e+000
<VARIANCE> 22
 6.391008e+002 5.923727e+002 5.185400e+002 3.251254e+002 1.092555e+003 9.234420e+002 5.254129e+002 3.985704e+002 8.857982e+001 5.954120e+001 7.347280e+002 7.272612e+002 1.764274e+002 1.250410e+002 8.537345e-001 1.141719e-001 1.505430e-001 1.233276e-001 7.307231e-002 2.596211e-001 3.554701e+000 4.409510e+000
<GCONST> 1.156227e+002
<MIXTURE> 2 5.652390e-001
<MEAN> 22
 1.711982e+001 1.691669e+001 3.114735e+000 2.836310e+000 9.957436e+001 9.066074e+001 6.169718e+001 6.011731e+001 6.547445e+001 5.863702e+001 1.048434e+002 1.084621e+002 1.050010e+002 1.041045e+002 2.584695e+000 3.572744e+000 5.895538e+000 5.431501e+000 4.319813e+000 3.578421e+000 2.694535e+000 2.618818e+000
<VARIANCE> 22
 3.133059e+002 2.752260e+002 1.240281e+001 9.226328e+000 9.025612e+003 6.020284e+003 9.527369e+002 8.544747e+002 2.329791e+002 1.338506e+002 2.393706e+003 1.974389e+003 3.463024e+002 3.103615e+002 7.517392e+000 1.478353e+000 3.024725e+000 8.141949e-001 2.061663e+000 7.606847e+000 3.811748e+000 3.833044e+000
<GCONST> 1.340036e+002
<STATE> 3
<NUMMIXES> 2
<MIXTURE> 1 4.019505e-001
<MEAN> 22
 1.203699e+001 1.162256e+001 3.014900e+000 3.324259e+000 1.594615e+002 1.558401e+002 9.308987e+001 9.249795e+001 7.241660e+001 6.891453e+001 5.352394e+001 5.809620e+001 1.135847e+002 1.136895e+002 1.572383e+000 2.489461e+000 4.898811e+000 4.868328e+000 2.762787e+000 1.447161e+000 3.500142e+000 3.443850e+000
<VARIANCE> 22
 2.550754e+002 2.221302e+002 1.740408e+001 2.280058e+001 2.182472e+003 1.745253e+003 7.574589e+002 8.514232e+002 1.324245e+002 1.024006e+002 6.572203e+002 6.015884e+002 2.692643e+002 1.765524e+002 3.993028e-001 3.576928e-001 9.183938e+000 6.673503e-001 4.972173e-001 6.663469e-001 5.612608e+000 5.681043e+000
<GCONST> 1.212875e+002
<MIXTURE> 2 5.980510e-001
<MEAN> 22
 5.776330e+000 6.200688e+000 1.182574e+000 1.274182e+000 1.176714e+002 1.181589e+002 6.713556e+001 6.733706e+001 6.047056e+001 5.739290e+001 5.410890e+001 5.416591e+001 9.838663e+001 9.907149e+001 1.411947e+000 2.501083e+000 6.722570e+000 5.254015e+000 2.961651e+000 1.125978e+000 3.471767e+000 3.318888e+000
<VARIANCE> 22
 5.147948e+001 5.279549e+001 3.300596e+000 2.478454e+000 1.381094e+003 1.028891e+003 3.163570e+002 3.579467e+002 3.036146e+001 4.339841e+001 2.396286e+002 2.565065e+002 5.784040e+001 5.922032e+001 3.205239e-001 3.694551e-001 5.438241e-001 3.503181e-001 3.249747e-001 3.593406e-001 5.684172e+000 6.079165e+000
<GCONST> 1.001991e+002
<STATE> 4
<NUMMIXES> 2
<MIXTURE> 1 5.805840e-001
<MEAN> 22
 1.180578e+001 1.065102e+001 3.343157e+000 2.854271e+000 2.910613e+001 2.600391e+001 9.602037e+001 9.584199e+001 6.655661e+001 6.041530e+001 1.921429e+002 1.935319e+002 1.180201e+002 1.169733e+002 6.663581e+000 4.960926e+000 6.268218e+000 5.767188e+000 5.961013e+000 5.962295e+000 4.138412e+000 3.993799e+000
<VARIANCE> 22
 1.718555e+002 1.705420e+002 1.479209e+001 1.025621e+001 8.856018e+002 6.271008e+002 5.146944e+002 2.881258e+002 1.024582e+002 6.872006e+001 7.465751e+002 5.040345e+002 1.576761e+002 1.128447e+002 1.965957e+000 4.471740e-002 2.220555e-001 1.813000e-001 1.636228e-001 7.551647e-002 6.730857e+000 5.133018e+000
<GCONST> 1.058644e+002
<MIXTURE> 2 4.194180e-001
<MEAN> 22
 1.465941e+001 1.527814e+001 2.271683e+000 2.584889e+000 5.886702e+001 5.075497e+001 4.451828e+001 5.065555e+001 6.349415e+001 5.689869e+001 1.150485e+002 1.306919e+002 1.023354e+002 1.024040e+002 3.447801e+000 4.229819e+000 6.064871e+000 5.864309e+000 4.814953e+000 5.044363e+000 4.618640e+000 4.461214e+000
<VARIANCE> 22
 1.994440e+002 1.916628e+002 7.609094e+000 9.207776e+000 1.193233e+003 1.034639e+003 4.337631e+002 6.930080e+002 9.934087e+001 6.984296e+001 1.192208e+003 1.247866e+003 1.036900e+002 9.328798e+001 8.969567e+000 1.498541e+000 6.965670e-002 1.222557e-001 9.277769e-001 6.914976e+000 5.438590e+000 4.851800e+000
<GCONST> 1.170725e+002
<TRANSP> 5
 0.000000e+000 1.000000e+000 0.000000e+000 0.000000e+000 0.000000e+000
 0.000000e+000 8.354571e-001 1.645429e-001 0.000000e+000 0.000000e+000
 0.000000e+000 0.000000e+000 9.531888e-001 4.681125e-002 0.000000e+000
 0.000000e+000 0.000000e+000 0.000000e+000 9.023710e-001 9.762896e-002
 0.000000e+000 0.000000e+000 0.000000e+000 0.000000e+000 0.000000e+000
<ENDHMM>
~h "DC"
<BEGINHMM>
<NUMSTATES> 5
<STATE> 2
<NUMMIXES> 2
<MIXTURE> 1 4.401068e-001
<MEAN> 22
 1.078554e+001 1.014579e+001 4.248812e+000 3.725484e+000 4.659423e+001 4.347496e+001 8.903277e+001 8.614922e+001 6.456458e+001 6.031471e+001 1.862850e+002 1.841891e+002 1.183242e+002 1.174187e+002 6.781549e+000 4.945726e+000 6.188137e+000 5.835730e+000 5.901939e+000 6.000871e+000 2.527194e+000 2.158940e+000
<VARIANCE> 22
 8.979169e+002 6.442739e+002 8.079207e+002 5.058226e+002 1.081109e+004 6.725971e+003 7.619931e+002 5.013636e+002 1.030188e+002 6.238447e+001 1.055421e+003 8.477326e+002 2.362295e+002 1.759945e+002 1.259788e+000 1.053749e-001 1.659395e-001 1.372859e-001 1.992432e-001 2.672395e-001 3.222480e+000 3.548232e+000
<GCONST> 1.243879e+002
<MIXTURE> 2 5.598916e-001
<MEAN> 22
 1.329504e+001 1.296986e+001 2.556435e+000 3.004039e+000 1.084873e+002 9.996758e+001 4.528010e+001 4.659618e+001 6.538000e+001 6.092260e+001 1.084835e+002 1.122386e+002 1.046611e+002 1.018871e+002 2.136117e+000 3.490125e+000 5.986671e+000 5.534970e+000 4.484185e+000 4.416142e+000 2.569630e+000 1.997319e+000
<VARIANCE> 22
 1.496923e+002 1.398455e+002 9.362340e+000 1.901748e+001 1.078399e+004 7.496604e+003 6.827004e+002 7.413524e+002 3.083005e+002 2.252718e+002 1.270725e+003 1.354900e+003 6.649985e+002 5.543433e+002 7.240063e+000 2.247724e+000 1.702721e+000 1.309073e+000 2.054399e+000 8.888132e+000 3.002479e+000 3.248904e+000
<GCONST> 1.340054e+002
<STATE> 3
<NUMMIXES> 2
<MIXTURE> 1 4.008913e-001
<MEAN> 22
 1.654619e+001 1.828851e+001 3.510520e+000 3.655677e+000 1.430576e+002 1.387902e+002 6.762976e+001 6.898854e+001 7.171902e+001 6.945451e+001 6.445641e+001 6.461975e+001 1.024418e+002 1.032882e+002 1.994956e+000 2.306917e+000 5.832778e+000 5.656797e+000 3.499259e+000 1.106001e+000 2.897651e+000 2.832463e+000
<VARIANCE> 22
 3.256489e+002 4.028587e+002 3.277131e+001 3.000239e+001 2.204280e+003 1.618579e+003 7.676929e+002 7.839651e+002 8.912247e+001 1.155208e+002 7.814659e+002 8.806664e+002 2.574508e+002 2.248439e+002 7.337043e-001 6.906651e-001 7.440565e-001 6.751082e-001 4.279882e-001 2.422598e+000 5.499577e+000 5.585922e+000
<GCONST> 1.232441e+002
<MIXTURE> 2 5.991092e-001
<MEAN> 22
 8.282969e+000 8.425676e+000 1.036913e+000 1.146077e+000 1.081385e+002 1.065201e+002 3.450650e+001 3.693671e+001 6.161590e+001 5.888125e+001 7.674000e+001 7.780037e+001 9.722619e+001 9.786501e+001 1.905536e+000 2.021604e+000 6.038707e+000 6.009821e+000 3.914944e+000 1.082672e-001 2.697711e+000 2.449045e+000
<VARIANCE> 22
 1.221036e+002 1.121440e+002 3.300596e+000 2.164982e+000 6.440519e+002 6.133403e+002 1.663851e+002 1.813155e+002 5.801025e+001 9.320090e+001 2.334037e+002 2.116817e+002 6.206465e+001 8.373418e+001 6.681877e-001 8.748142e-001 6.620637e-002 1.738466e-001 1.528424e-001 9.679508e-002 5.546596e+000 5.788377e+000
<GCONST> 9.733880e+001
<STATE> 4
<NUMMIXES> 2
<MIXTURE> 1 5.986859e-001
<MEAN> 22
 1.060390e+001 9.952842e+000 3.373522e+000 2.994830e+000 2.295356e+001 2.220134e+001 9.696732e+001 9.504104e+001 6.503578e+001 6.036277e+001 1.923766e+002 1.921494e+002 1.156234e+002 1.156414e+002 6.989771e+000 5.007670e+000 6.314582e+000 5.714677e+000 5.994735e+000 6.002618e+000 4.046499e+000 3.892737e+000
<VARIANCE> 22
 1.220290e+002 1.425386e+002 1.091146e+001 9.756418e+000 3.819097e+002 3.772223e+002 3.630897e+002 2.896372e+002 9.700134e+001 7.976540e+001 4.597515e+002 4.019253e+002 1.407641e+002 1.116152e+002 6.504287e-002 1.793315e-002 2.156230e-001 2.039095e-001 3.317748e-002 5.618803e-002 7.193338e+000 4.446558e+000
<GCONST> 9.635135e+001
<MIXTURE> 2 4.013144e-001
<MEAN> 22
 1.729002e+001 1.697318e+001 2.165488e+000 2.180691e+000 6.734610e+001 5.821152e+001 4.182778e+001 4.403146e+001 6.421701e+001 5.965693e+001 1.258918e+002 1.301023e+002 1.015779e+002 1.017837e+002 3.975977e+000 4.582456e+000 6.105261e+000 5.826398e+000 5.041043e+000 6.145301e+000 4.485121e+000 4.370690e+000
<VARIANCE> 22
 2.914814e+002 2.621650e+002 7.326071e+000 7.994412e+000 1.379573e+003 1.024828e+003 4.426026e+002 3.866387e+002 1.075901e+002 1.128051e+002 6.611056e+002 6.745637e+002 1.066818e+002 9.643821e+001 9.216842e+000 1.136924e+000 1.660967e-001 1.780521e-001 6.938871e-001 2.874626e+000 7.048698e+000 4.143404e+000
<GCONST> 1.165035e+002
<TRANSP> 5
 0.000000e+000 1.000000e+000 0.000000e+000 0.000000e+000 0.000000e+000
 0.000000e+000 8.701325e-001 1.298675e-001 0.000000e+000 0.000000e+000
 0.000000e+000 0.000000e+000 9.570000e-001 4.299997e-002 0.000000e+000
 0.000000e+000 0.000000e+000 0.000000e+000 8.990018e-001 1.009982e-001
 0.000000e+000 0.000000e+000 0.000000e+000 0.000000e+000 0.000000e+000
<ENDHMM>
~h "FM"
<BEGINHMM>
<NUMSTATES> 5
<STATE> 2
<NUMMIXES> 2
<MIXTURE> 1 1.386812e-001
<MEAN> 22
 1.697917e+001 1.060860e+001 9.583364e+000 5.459086e+000 4.931532e+001 1.455107e+001 1.045370e+002 1.099011e+002 9.150300e+001 6.472031e+001 1.916442e+002 2.098869e+002 1.268903e+002 1.273406e+002 5.389631e+000 4.965423e+000 6.752539e+000 5.879653e+000 5.885443e+000 5.997482e+000 3.801381e+000 2.340239e+000
<VARIANCE> 22
 2.048549e+003 2.078893e+003 1.655662e+003 1.082427e+003 1.369641e+003 5.108705e+002 7.138497e+002 2.626681e+002 4.223708e+002 1.299871e+002 1.248345e+003 6.074599e+002 2.418579e+002 1.215504e+002 8.576048e+000 4.896404e-002 1.862242e-001 1.136547e-001 1.585520e-001 9.512161e-002 7.369863e+000 5.899376e+000
<GCONST> 1.252924e+002
<MIXTURE> 2 8.613195e-001
<MEAN> 22
 6.413682e+000 1.962274e+000 1.551975e+000 7.209648e-001 6.302531e+001 1.441516e+001 5.710217e+001 8.771330e+001 9.289465e+001 5.816236e+001 1.305768e+002 1.829925e+002 1.101408e+002 1.139585e+002 1.727169e+000 4.822443e+000 6.482517e+000 5.853621e+000 5.189251e+000 6.041795e+000 2.923088e+000 1.928360e+000
<VARIANCE> 22
 5.282492e+001 1.302541e+001 4.216525e+000 2.164982e+000 9.455656e+002 4.106315e+002 4.604745e+002 6.761085e+002 5.179695e+002 1.172551e+002 7.194722e+002 1.293814e+003 1.882775e+002 1.673685e+002 8.442554e+000 2.307903e-001 3.419014e-001 1.531754e-001 3.894759e-001 4.859577e-001 6.175415e+000 5.599792e+000
<GCONST> 1.094093e+002
<STATE> 3
<NUMMIXES> 2
<MIXTURE> 1 4.286898e-001
<MEAN> 22
 2.317493e+000 9.129292e+000 8.569061e-001 3.202327e+000 1.390819e+001 5.322108e+001 1.075125e+002 8.277377e+001 6.442229e+001 9.170182e+001 2.093823e+002 1.643813e+002 1.231176e+002 1.176590e+002 6.993266e+000 4.502765e+000 6.132636e+000 5.283253e+000 5.994879e+000 6.294353e+000 2.216005e+000 3.289589e+000
<VARIANCE> 22
 1.691717e+001 7.971241e+001 3.300596e+000 1.741282e+001 5.925372e+002 1.029887e+003 3.467984e+002 4.808527e+002 7.909436e+001 5.904863e+002 6.134380e+002 9.078646e+002 2.764953e+002 1.389849e+002 6.504287e-002 2.784774e-001 1.504329e-001 2.282972e-001 3.542921e-002 3.093652e-001 6.329329e+000 5.623978e+000
<GCONST> 1.032519e+002
<MIXTURE> 2 5.713105e-001
<MEAN> 22
 7.994629e-001 5.973320e+000 3.649143e-001 1.229735e+000 6.690903e+000 6.060365e+001 8.777505e+001 5.137991e+001 5.347624e+001 8.226610e+001 1.822514e+002 1.208228e+002 1.098219e+002 9.875185e+001 6.957466e+000 4.079865e+000 6.005069e+000 5.395323e+000 5.992628e+000 6.394005e+000 1.361147e+000 3.129618e+000
<VARIANCE> 22
 4.801632e+000 3.772198e+001 3.300596e+000 2.164982e+000 8.059702e+001 2.900384e+002 7.584860e+001 2.742588e+002 4.042861e+001 1.480017e+002 1.607418e+002 3.569504e+002 4.291752e+001 4.980644e+001 2.776065e-001 2.454041e-001 2.326111e-002 2.390412e-001 2.082488e-002 1.756320e+000 4.915909e+000 5.821870e+000
<GCONST> 8.709010e+001
<STATE> 4
<NUMMIXES> 2
<MIXTURE> 1 8.279176e-001
<MEAN> 22
 6.121861e+000 6.914345e+000 1.599577e+000 2.201174e+000 4.950496e+001 5.071737e+001 6.642536e+001 6.431553e+001 7.355531e+001 6.965326e+001 1.480639e+002 1.344168e+002 1.052783e+002 1.042689e+002 4.148637e+000 4.131442e+000 6.347309e+000 5.457917e+000 5.501849e+000 5.241742e+000 2.691763e+000 2.902597e+000
<VARIANCE> 22
 8.899429e+001 9.733153e+001 7.336462e+000 1.269569e+001 5.914480e+003 3.913697e+003 7.808475e+002 1.003813e+003 4.322477e+002 2.632416e+002 1.226781e+003 1.757611e+003 1.964391e+002 1.853561e+002 1.086264e+001 8.916354e-001 2.387450e-001 2.752819e-001 4.443909e-001 5.469978e+000 5.938302e+000 6.436031e+000
<GCONST> 1.253719e+002
<MIXTURE> 2 1.720825e-001
<MEAN> 22
 7.922229e-001 2.104049e+000 4.422280e-001 3.567205e-001 2.723995e+002 2.163433e+002 1.905226e+001 1.918006e+001 3.716093e+001 3.538223e+001 6.240758e+001 5.879270e+001 5.823125e+001 5.740234e+001 1.923319e+000 8.165631e-001 3.218370e+000 3.233580e+000 2.312360e+000 6.674649e-001 8.819563e-001 1.175894e+000
<VARIANCE> 22
 4.801632e+000 2.657257e+001 3.300596e+000 2.164982e+000 5.008752e+004 2.551817e+004 1.208826e+003 7.360302e+002 1.194967e+003 1.112267e+003 3.942948e+003 3.246529e+003 2.816133e+003 2.730213e+003 5.458296e+000 1.863531e+000 9.352951e+000 8.611758e+000 4.902245e+000 3.623232e+000 3.356386e+000 4.200329e+000
<GCONST> 1.404678e+002
<TRANSP> 5
 0.000000e+000 1.000000e+000 0.000000e+000 0.000000e+000 0.000000e+000
 0.000000e+000 8.981624e-001 1.018377e-001 0.000000e+000 0.000000e+000
 0.000000e+000 0.000000e+000 9.546086e-001 4.539143e-002 0.000000e+000
 0.000000e+000 0.000000e+000 0.000000e+000 8.285192e-001 1.714808e-001
 0.000000e+000 0.000000e+000 0.000000e+000 0.000000e+000 0.000000e+000
<ENDHMM>
~h "FN"
<BEGINHMM>
<NUMSTATES> 5
<STATE> 2
<NUMMIXES> 2
<MIXTURE> 1 2.628942e-001
<MEAN> 22
 2.830904e+001 1.716370e+001 1.263122e+001 8.201484e+000 1.567055e+002 8.284376e+001 1.134862e+002 1.015656e+002 7.847487e+001 6.445255e+001 1.472445e+002 1.898228e+002 1.185535e+002 1.231441e+002 4.318193e+000 4.692133e+000 5.011600e+000 5.738033e+000 4.685579e+000 5.501067e+000 3.602609e+000 2.533055e+000
<VARIANCE> 22
 3.989613e+003 2.829090e+003 3.226752e+003 1.892947e+003 2.886176e+004 1.955907e+004 1.604286e+003 5.961786e+002 3.120214e+002 8.224942e+001 6.902637e+003 2.747034e+003 4.697178e+002 1.874025e+002 7.984505e+000 6.386805e-001 6.130659e+000 2.718508e-001 3.004089e+000 2.341500e+000 6.671776e+000 6.310847e+000
<GCONST> 1.523470e+002
<MIXTURE> 2 7.371055e-001
<MEAN> 22
 5.273175e+000 7.227808e+000 1.281840e+000 1.866850e+000 1.253052e+002 1.121434e+002 8.387878e+001 8.607369e+001 6.750180e+001 6.119801e+001 1.073467e+002 1.003052e+002 9.521147e+001 9.859525e+001 3.570401e+000 3.141232e+000 4.381169e+000 4.792055e+000 4.280120e+000 3.056027e+000 2.509843e+000 2.501466e+000
<VARIANCE> 22
 6.680747e+001 1.100697e+002 3.305904e+000 7.914811e+000 2.046989e+004 1.287382e+004 1.912348e+003 1.552554e+003 5.789627e+002 4.128596e+002 5.576853e+003 6.100092e+003 1.237125e+003 8.744352e+002 7.218750e+000 2.805909e+000 7.103910e+000 3.067290e+000 3.032680e+000 6.826517e+000 6.202870e+000 5.582228e+000
<GCONST> 1.431797e+002
<STATE> 3
<NUMMIXES> 2
<MIXTURE> 1 5.234668e-001
<MEAN> 22
 2.029623e+000 1.632753e+001 7.562918e-001 3.735986e+000 1.088169e+001 1.035581e+002 1.002162e+002 9.162217e+001 6.180724e+001 7.034087e+001 2.013428e+002 1.095145e+002 1.189227e+002 1.101386e+002 6.996740e+000 3.600807e+000 6.134092e+000 5.095498e+000 6.000136e+000 3.841622e+000 2.118270e+000 3.671803e+000
<VARIANCE> 22
 1.266216e+001 3.014484e+002 3.300596e+000 2.372881e+001 2.330479e+002 5.896701e+003 2.521348e+002 1.306236e+003 5.934964e+001 2.059915e+002 4.461633e+002 4.579752e+003 1.474254e+002 1.571185e+002 6.504287e-002 1.818830e+000 1.161063e-001 1.117125e+000 2.082488e-002 6.407237e+000 6.240357e+000 5.325689e+000
<GCONST> 1.111836e+002
<MIXTURE> 2 4.765333e-001
<MEAN> 22
 9.037802e-001 9.574497e+000 4.377953e-001 2.358941e+000 7.831304e+000 1.555457e+002 8.374755e+001 9.714660e+001 5.458751e+001 6.322315e+001 1.768232e+002 3.323857e+001 1.065919e+002 9.074988e+001 6.906399e+000 2.177739e+000 6.000156e+000 4.446192e+000 5.945195e+000 1.239037e+000 1.250714e+000 3.286012e+000
<VARIANCE> 22
 4.801632e+000 1.160414e+002 3.300596e+000 7.845417e+000 4.952005e+002 1.587483e+003 9.842748e+001 7.615516e+002 3.037936e+001 7.008331e+001 4.218423e+002 8.041122e+002 5.535769e+001 1.451810e+002 4.416568e-001 2.328602e-001 4.614029e-002 1.581916e+000 1.401270e-001 6.451443e-001 4.366386e+000 5.595491e+000
<GCONST> 1.000998e+002
<STATE> 4
<NUMMIXES> 2
<MIXTURE> 1 6.437644e-001
<MEAN> 22
 1.138650e+001 3.180675e+000 2.991554e+000 1.189332e+000 1.027924e+002 2.119307e+001 1.013382e+002 1.007138e+002 7.416767e+001 5.885700e+001 1.124936e+002 2.022290e+002 1.103645e+002 1.204066e+002 3.692724e+000 4.997130e+000 4.929325e+000 5.804845e+000 4.246331e+000 5.989751e+000 3.591220e+000 2.267791e+000
<VARIANCE> 22
 1.757828e+002 4.252660e+001 1.472867e+001 3.469857e+000 5.991869e+003 8.635278e+002 1.285891e+003 2.399259e+002 2.024860e+002 7.263207e+001 6.456104e+003 3.929737e+002 3.333821e+002 1.111294e+002 7.327014e+000 1.793315e-002 6.315301e+000 1.570661e-001 2.859848e+000 5.618803e-002 6.229621e+000 6.198623e+000
<GCONST> 1.160356e+002
<MIXTURE> 2 3.562356e-001
<MEAN> 22
 6.850143e+000 3.533624e+000 1.985876e+000 1.004637e+000 8.101254e+001 2.635045e+001 7.339838e+001 5.061045e+001 6.753232e+001 5.431848e+001 5.984173e+001 1.249364e+002 9.295457e+001 1.019413e+002 2.334435e+000 3.723778e+000 4.553568e+000 5.793515e+000 3.452159e+000 3.929134e+000 2.994685e+000 2.069484e+000
<VARIANCE> 22
 1.065909e+002 5.089584e+001 9.005362e+000 3.422704e+000 3.738181e+003 7.854576e+002 1.845153e+003 6.656861e+002 1.185537e+002 4.719676e+001 1.762337e+003 1.539175e+003 2.294741e+002 5.522207e+001 2.425130e+000 2.436260e+000 6.460838e+000 2.324668e-001 7.559804e-001 9.169243e+000 6.290996e+000 5.846974e+000
<GCONST> 1.219886e+002
<TRANSP> 5
 0.000000e+000 1.000000e+000 0.000000e+000 0.000000e+000 0.000000e+000
 0.000000e+000 7.659089e-001 2.340911e-001 0.000000e+000 0.000000e+000
 0.000000e+000 0.000000e+000 9.551297e-001 4.487027e-002 0.000000e+000
 0.000000e+000 0.000000e+000 0.000000e+000 9.155602e-001 8.443982e-002
 0.000000e+000 0.000000e+000 0.000000e+000 0.000000e+000 0.000000e+000
<ENDHMM>
~h "FU"
<BEGINHMM>
<NUMSTATES> 5
<STATE> 2
<NUMMIXES> 2
<MIXTURE> 1 5.534613e-001
<MEAN> 22
 1.350976e+001 2.547060e+000 3.035165e+000 1.052621e+000 1.125144e+002 1.596943e+001 9.854288e+001 9.796607e+001 6.962787e+001 5.727496e+001 9.295246e+001 1.980473e+002 1.081568e+002 1.178682e+002 3.582940e+000 4.996888e+000 4.379930e+000 5.871826e+000 4.059165e+000 5.998624e+000 3.410718e+000 1.867759e+000
<VARIANCE> 22
 3.213886e+002 2.322163e+001 1.935731e+001 3.795644e+000 7.013572e+003 4.841555e+002 1.212696e+003 2.202473e+002 1.648395e+002 5.370350e+001 5.841572e+003 3.698230e+002 2.063843e+002 1.168696e+002 6.450857e+000 1.793315e-002 7.247408e+000 1.124362e-001 2.228622e+000 5.618803e-002 6.321407e+000 5.244625e+000
<GCONST> 1.140082e+002
<MIXTURE> 2 4.465383e-001
<MEAN> 22
 4.517263e+000 3.488506e+000 1.733517e+000 9.925100e-001 1.207371e+002 3.522859e+001 1.018747e+002 7.697437e+001 5.875152e+001 5.319339e+001 3.836689e+001 1.581853e+002 9.123351e+001 1.031055e+002 2.274379e+000 4.547213e+000 3.073724e+000 5.693966e+000 2.963096e+000 5.413833e+000 2.851600e+000 2.391313e+000
<VARIANCE> 22
 5.787613e+001 5.584342e+001 5.472501e+000 2.867752e+000 4.552826e+003 1.999861e+003 8.165054e+002 5.241046e+002 1.460558e+002 6.804973e+001 1.991818e+003 1.784781e+003 1.857485e+002 9.342409e+001 1.705524e+000 9.393520e-001 7.283036e+000 3.366876e-001 1.059072e+000 3.031269e+000 6.085070e+000 5.769816e+000
<GCONST> 1.204012e+002
<STATE> 3
<NUMMIXES> 2
<MIXTURE> 1 3.886240e-001
<MEAN> 22
 2.054589e+000 1.736920e+001 7.578653e-001 3.366243e+000 8.215018e+000 1.591891e+002 1.042555e+002 9.855908e+001 6.304184e+001 7.101667e+001 2.074454e+002 5.588166e+001 1.224610e+002 1.067560e+002 6.997859e+000 2.527138e+000 6.156310e+000 4.589164e+000 5.999130e+000 1.846838e+000 1.998103e+000 3.065483e+000
<VARIANCE> 22
 1.995130e+001 3.502393e+002 3.300596e+000 1.546217e+001 2.480949e+002 4.550862e+003 3.624453e+002 1.664669e+003 8.216697e+001 1.787724e+002 7.172273e+002 2.011197e+003 2.557903e+002 1.744842e+002 6.504287e-002 8.477600e-001 1.319890e-001 1.695722e+000 2.082488e-002 3.408307e+000 6.159327e+000 5.711991e+000
<GCONST> 1.114681e+002
<MIXTURE> 2 6.113766e-001
<MEAN> 22
 9.536586e-001 4.234528e+000 5.084456e-001 1.338810e+000 7.523636e+000 1.618062e+002 8.209088e+001 1.025124e+002 5.234077e+001 5.771459e+001 1.739875e+002 2.054786e+001 1.041437e+002 8.938247e+001 6.930375e+000 2.036058e+000 6.014550e+000 4.188949e+000 5.958741e+000 1.303209e+000 1.374096e+000 2.656070e+000
<VARIANCE> 22
 4.801632e+000 4.319541e+001 3.300596e+000 2.755199e+000 3.680726e+002 7.440172e+002 8.257945e+001 2.411608e+002 3.399677e+001 9.270345e+001 3.086848e+002 3.238255e+002 5.786906e+001 6.776943e+001 3.636395e-001 8.897257e-002 6.556445e-002 2.198928e+000 1.137684e-001 4.131652e-001 4.833616e+000 6.659192e+000
<GCONST> 9.328396e+001
<STATE> 4
<NUMMIXES> 2
<MIXTURE> 1 7.522361e-001
<MEAN> 22
 4.072293e+000 1.549094e+001 1.638047e+000 3.719462e+000 1.724796e+001 3.223172e+001 9.414520e+001 7.936644e+001 5.946141e+001 5.968091e+001 1.914669e+002 1.743054e+002 1.151127e+002 1.098162e+002 6.943415e+000 4.978964e+000 6.098722e+000 5.832288e+000 5.944557e+000 6.162248e+000 2.761100e+000 3.975855e+000
<VARIANCE> 22
 2.005509e+002 4.355181e+002 1.332268e+002 1.020139e+002 5.356875e+002 6.624468e+002 4.118980e+002 6.706874e+002 7.109770e+001 1.303940e+002 6.933027e+002 1.054247e+003 1.780939e+002 2.134530e+002 8.866110e-002 2.272378e-001 1.040618e-001 1.395842e-001 6.214785e-002 2.445638e-001 6.634643e+000 5.194920e+000
<GCONST> 1.110359e+002
<MIXTURE> 2 2.477647e-001
<MEAN> 22
 5.399217e+000 5.699537e+000 1.151932e+000 2.332049e+000 2.446645e+002 2.040139e+002 5.563373e+001 5.950393e+001 5.028287e+001 4.977731e+001 9.383531e+001 7.525183e+001 7.730305e+001 7.145725e+001 2.790613e+000 2.314167e+000 4.228056e+000 3.792793e+000 3.546860e+000 2.377157e+000 1.989967e+000 2.030364e+000
<VARIANCE> 22
 1.611332e+002 1.490030e+002 7.231821e+000 3.133453e+001 4.645387e+004 2.382896e+004 2.203956e+003 2.608910e+003 1.055362e+003 1.144123e+003 6.776537e+003 5.091101e+003 2.584130e+003 2.377373e+003 7.899951e+000 3.838944e+000 7.529127e+000 6.233199e+000 5.686419e+000 7.315549e+000 6.631585e+000 6.209299e+000
<GCONST> 1.540304e+002
<TRANSP> 5
 0.000000e+000 1.000000e+000 0.000000e+000 0.000000e+000 0.000000e+000
 0.000000e+000 9.282202e-001 7.177988e-002 0.000000e+000 0.000000e+000
 0.000000e+000 0.000000e+000 9.429076e-001 5.709238e-002 0.000000e+000
 0.000000e+000 0.000000e+000 0.000000e+000 8.502636e-001 1.497364e-001
 0.000000e+000 0.000000e+000 0.000000e+000 0.000000e+000 0.000000e+000
<ENDHMM>
~h "MC"
<BEGINHMM>
<NUMSTATES> 5
<STATE> 2
<NUMMIXES> 2
<MIXTURE> 1 1.270473e-001
<MEAN> 22
 1.794509e+001 2.829283e+001 1.138629e+001 8.156066e+000 5.255494e+001 7.818710e+001 1.136992e+002 8.658828e+001 8.696585e+001 7.154578e+001 1.915234e+002 1.584772e+002 1.389055e+002 1.291683e+002 4.916326e+000 3.925568e+000 6.600296e+000 5.870701e+000 5.189429e+000 4.052041e+000 2.490968e+000 2.734211e+000
<VARIANCE> 22
 2.698734e+003 4.168041e+003 2.443512e+003 1.451340e+003 3.978266e+003 6.428312e+003 1.959379e+003 1.088138e+003 3.332786e+002 1.550948e+002 7.693245e+003 4.500544e+003 9.374839e+002 2.399385e+002 7.748379e+000 1.783901e+000 3.511168e-001 1.805361e-001 1.333843e+000 7.280520e+000 6.231897e+000 5.414649e+000
<GCONST> 1.495767e+002
<MIXTURE> 2 8.729514e-001
<MEAN> 22
 6.722648e+000 7.682984e+000 1.989044e+000 2.351858e+000 6.848512e+001 6.005122e+001 6.347647e+001 6.963091e+001 7.473512e+001 6.737559e+001 1.253057e+002 1.287228e+002 1.050049e+002 1.066880e+002 3.737217e+000 3.772899e+000 6.266191e+000 5.680382e+000 4.966662e+000 3.965892e+000 2.857788e+000 2.768280e+000
<VARIANCE> 22
 7.802985e+001 8.165901e+001 9.047388e+000 8.964271e+000 2.548059e+003 2.202154e+003 6.556763e+002 1.043227e+003 3.711537e+002 2.880943e+002 2.356378e+003 3.497957e+003 1.982971e+002 2.005730e+002 8.758423e+000 1.731201e+000 3.617589e-001 2.880752e-001 1.254401e+000 8.195322e+000 6.029640e+000 5.662560e+000
<GCONST> 1.269787e+002
<STATE> 3
<NUMMIXES> 2
<MIXTURE> 1 4.308683e-001
<MEAN> 22
 2.463588e+000 1.297448e+001 8.108649e-001 3.912156e+000 1.077446e+001 9.167826e+001 1.026718e+002 7.344003e+001 6.299860e+001 8.259628e+001 2.037086e+002 1.161747e+002 1.208075e+002 1.106801e+002 6.989938e+000 3.665907e+000 6.133730e+000 5.500883e+000 5.993534e+000 3.406493e+000 2.258825e+000 3.389491e+000
<VARIANCE> 22
 1.644727e+001 1.400145e+002 3.300596e+000 1.955731e+001 2.866583e+002 4.099487e+003 3.141826e+002 1.116985e+003 6.506030e+001 6.373774e+002 5.358997e+002 3.226134e+003 1.688794e+002 1.353382e+002 6.504287e-002 1.496811e+000 1.258968e-001 4.662430e-001 2.082488e-002 8.687222e+000 6.110744e+000 5.242657e+000
<GCONST> 1.107130e+002
<MIXTURE> 2 5.691314e-001
<MEAN> 22
 9.112765e-001 7.157520e+000 5.291721e-001 2.061051e+000 5.911012e+000 1.077730e+002 8.557298e+001 5.074142e+001 5.225425e+001 7.697641e+001 1.786275e+002 6.871485e+001 1.069977e+002 9.128740e+001 6.980151e+000 2.682044e+000 6.000761e+000 5.737139e+000 5.994378e+000 1.706643e+000 1.563453e+000 3.119083e+000
<VARIANCE> 22
 4.801632e+000 4.402668e+001 3.300596e+000 4.666934e+000 4.956259e+001 8.548533e+002 7.305129e+001 4.281564e+002 4.360919e+001 2.433529e+002 1.544528e+002 7.981660e+002 4.574662e+001 1.612455e+002 1.132927e-001 7.520186e-001 2.326111e-002 2.398734e-001 2.082488e-002 7.202689e+000 5.364955e+000 5.067616e+000
<GCONST> 9.317872e+001
<STATE> 4
<NUMMIXES> 2
<MIXTURE> 1 5.136175e-001
<MEAN> 22
 1.020633e+001 4.642174e+000 3.288189e+000 1.756797e+000 8.279730e+001 2.927274e+001 7.270146e+001 9.647125e+001 8.053391e+001 5.988429e+001 1.409298e+002 1.953582e+002 1.160512e+002 1.177035e+002 3.898467e+000 4.903588e+000 6.303618e+000 5.804785e+000 5.019724e+000 5.890610e+000 3.242387e+000 2.929895e+000
<VARIANCE> 22
 1.124686e+002 6.070586e+001 1.720576e+001 8.490806e+000 9.398134e+003 4.893324e+003 9.895632e+002 5.184330e+002 4.630775e+002 9.477454e+001 3.244462e+003 1.002413e+003 2.264103e+002 1.339959e+002 9.318850e+000 1.647190e-001 2.343349e-001 1.571042e-001 1.152414e+000 8.541785e-001 6.008077e+000 6.244582e+000
<GCONST> 1.217784e+002
<MIXTURE> 2 4.863819e-001
<MEAN> 22
 5.980226e+000 2.426111e+000 1.567970e+000 7.964635e-001 8.250846e+001 3.101858e+001 4.670956e+001 5.843707e+001 6.579614e+001 5.505818e+001 6.836708e+001 1.379714e+002 9.325697e+001 1.006120e+002 1.696374e+000 4.013979e+000 5.944557e+000 5.658803e+000 3.653983e+000 4.949737e+000 3.120674e+000 2.218685e+000
<VARIANCE> 22
 3.638405e+001 2.054019e+001 3.300596e+000 2.164982e+000 4.777760e+003 2.936380e+003 5.774340e+002 9.445168e+002 2.412290e+002 1.544232e+002 8.553791e+002 2.175358e+003 2.806765e+002 2.944307e+002 1.207124e+000 1.993715e+000 9.504952e-001 8.196130e-001 7.600253e-001 6.768781e+000 6.111266e+000 5.825274e+000
<GCONST> 1.208052e+002
<TRANSP> 5
 0.000000e+000 1.000000e+000 0.000000e+000 0.000000e+000 0.000000e+000
 0.000000e+000 8.388796e-001 1.611203e-001 0.000000e+000 0.000000e+000
 0.000000e+000 0.000000e+000 9.612265e-001 3.877342e-002 0.000000e+000
 0.000000e+000 0.000000e+000 0.000000e+000 9.052417e-001 9.475831e-002
 0.000000e+000 0.000000e+000 0.000000e+000 0.000000e+000 0.000000e+000
<ENDHMM>
~h "NU"
<BEGINHMM>
<NUMSTATES> 5
<STATE> 2
<NUMMIXES> 2
<MIXTURE> 1 7.973648e-001
<MEAN> 22
 7.955544e+000 1.143084e+001 2.956559e+000 2.718941e+000 1.001390e+002 8.847289e+001 9.360390e+001 8.033894e+001 7.183481e+001 6.315003e+001 1.632537e+002 1.457776e+002 1.130378e+002 1.154512e+002 4.960795e+000 4.111490e+000 5.859628e+000 5.634393e+000 5.134134e+000 4.238433e+000 2.597625e+000 2.519224e+000
<VARIANCE> 22
 6.417379e+002 1.157829e+003 4.598918e+002 2.908338e+002 2.196911e+004 1.352128e+004 1.476298e+003 9.450501e+002 2.333967e+002 1.182290e+002 4.385318e+003 3.473043e+003 9.496779e+002 2.567480e+002 7.716532e+000 1.285367e+000 2.570822e+000 3.259242e-001 2.111634e+000 6.215836e+000 6.086476e+000 5.279071e+000
<GCONST> 1.467438e+002
<MIXTURE> 2 2.026352e-001
<MEAN> 22
 -1.830406e-007 1.069431e-006 3.899243e-009 -3.901661e-007 5.294363e+002 4.070396e+002 3.165991e-001 4.086042e-001 2.122001e-001 3.445721e-001 6.932976e-001 5.167859e-002 4.132674e-001 3.727509e-001 2.860818e-002 8.172847e-003 2.452101e-002 2.125409e-006 2.452179e-002 4.086403e-003 5.898651e-007 5.605859e-007
<VARIANCE> 22
 4.801632e+000 4.063125e+000 3.300596e+000 2.164982e+000 4.432802e+003 2.932964e+003 2.442436e+001 4.068806e+001 1.097264e+001 2.893398e+001 1.171286e+002 4.440890e+001 4.161644e+001 3.386207e+001 1.994328e-001 1.793315e-002 1.465219e-001 1.170389e-002 1.465239e-001 5.618803e-002 6.153807e-002 6.060927e-002
<GCONST> 6.782790e+001
<STATE> 3
<NUMMIXES> 2
<MIXTURE> 1 5.047223e-001
<MEAN> 22
 2.025551e+000 1.270989e+001 6.893578e-001 3.221040e+000 1.108864e+001 8.284396e+001 1.009185e+002 7.899625e+001 6.203281e+001 6.719695e+001 2.018074e+002 1.229599e+002 1.197383e+002 1.119996e+002 6.997235e+000 3.877808e+000 6.150248e+000 5.413216e+000 5.998654e+000 4.007308e+000 1.976784e+000 3.433828e+000
<VARIANCE> 22
 1.445391e+001 1.870148e+002 3.300596e+000 1.528459e+001 2.079527e+002 3.884106e+003 2.931360e+002 9.078742e+002 6.140812e+001 1.612973e+002 5.245796e+002 3.114480e+003 1.926589e+002 1.561070e+002 6.504287e-002 1.218176e+000 1.276763e-001 4.432233e-001 2.082488e-002 6.210979e+000 6.003874e+000 5.293926e+000
<GCONST> 1.081751e+002
<MIXTURE> 2 4.952773e-001
<MEAN> 22
 7.619137e-001 4.391907e+000 3.685303e-001 1.576405e+000 9.396406e+000 1.066693e+002 8.351587e+001 6.395911e+001 5.444633e+001 6.038779e+001 1.760977e+002 7.156821e+001 1.064635e+002 9.738260e+001 6.909756e+000 2.867764e+000 6.015058e+000 5.210951e+000 5.930799e+000 1.655245e+000 1.189618e+000 2.963979e+000
<VARIANCE> 22
 4.801632e+000 3.295538e+001 3.300596e+000 4.218635e+000 5.977598e+002 9.735435e+002 1.525576e+002 4.269647e+002 3.479676e+001 6.560799e+001 3.763465e+002 7.048845e+002 6.016845e+001 9.627487e+001 4.691508e-001 3.599699e-001 4.862468e-002 3.272355e-001 1.512692e-001 2.952435e+000 4.363254e+000 5.915509e+000
<GCONST> 9.790099e+001
<STATE> 4
<NUMMIXES> 2
<MIXTURE> 1 5.383729e-001
<MEAN> 22
 9.337832e+000 4.857448e+000 2.711878e+000 1.566569e+000 7.599458e+001 1.724105e+001 8.282773e+001 9.816946e+001 7.223306e+001 5.733738e+001 1.377466e+002 1.972536e+002 1.152769e+002 1.179369e+002 3.856257e+000 4.981927e+000 6.522478e+000 5.864846e+000 4.717023e+000 5.971900e+000 3.322733e+000 2.678618e+000
<VARIANCE> 22
 1.136920e+002 6.041922e+001 1.095751e+001 5.330701e+000 3.048769e+003 3.979140e+002 8.011119e+002 3.362016e+002 2.212927e+002 5.955290e+001 3.523482e+003 5.338770e+002 2.035306e+002 1.150526e+002 9.342964e+000 4.617047e-002 2.887794e-001 1.168846e-001 2.563766e+000 8.609018e-002 6.251386e+000 6.422118e+000
<GCONST> 1.117952e+002
<MIXTURE> 2 4.616267e-001
<MEAN> 22
 4.173051e+000 3.880968e+000 1.260930e+000 1.391030e+000 6.883868e+001 5.958700e+001 6.016991e+001 5.798906e+001 6.672324e+001 5.556744e+001 8.057535e+001 1.034778e+002 1.002647e+002 9.966859e+001 1.551767e+000 3.221047e+000 5.965531e+000 5.516216e+000 3.519544e+000 2.878803e+000 2.672696e+000 2.455449e+000
<VARIANCE> 22
 4.397802e+001 4.228283e+001 3.300596e+000 6.200250e+000 2.833210e+003 2.968337e+003 1.151861e+003 9.774526e+002 1.609268e+002 6.352924e+001 1.481046e+003 1.775424e+003 1.228260e+002 1.243733e+002 1.783648e+000 1.547987e+000 3.518067e+000 3.697547e-001 1.518585e+000 7.373294e+000 6.203457e+000 6.063180e+000
<GCONST> 1.218295e+002
<TRANSP> 5
 0.000000e+000 1.000000e+000 0.000000e+000 0.000000e+000 0.000000e+000
 0.000000e+000 6.927218e-001 3.072783e-001 0.000000e+000 0.000000e+000
 0.000000e+000 0.000000e+000 9.516174e-001 4.838258e-002 0.000000e+000
 0.000000e+000 0.000000e+000 0.000000e+000 9.123950e-001 8.760501e-002
 0.000000e+000 0.000000e+000 0.000000e+000 0.000000e+000 0.000000e+000
<ENDHMM>
~h "OK"
<BEGINHMM>
<NUMSTATES> 5
<STATE> 2
<NUMMIXES> 2
<MIXTURE> 1 3.950802e-001
<MEAN> 22
 1.990267e+001 4.156013e+000 6.047627e+000 2.124736e+000 9.985388e+001 1.555190e+001 9.878194e+001 1.018993e+002 8.003009e+001 5.721783e+001 1.156784e+002 2.063719e+002 1.184496e+002 1.221376e+002 3.240183e+000 4.988289e+000 5.654822e+000 5.923233e+000 4.206732e+000 5.994712e+000 3.672448e+000 2.292333e+000
<VARIANCE> 22
 7.887330e+002 4.041571e+002 4.636088e+002 2.726250e+002 5.029199e+003 3.849644e+002 9.115705e+002 2.012493e+002 2.364066e+002 4.817455e+001 4.915673e+003 3.208310e+002 2.138199e+002 1.011585e+002 8.253004e+000 2.610107e-002 5.613039e+000 7.087415e-002 2.817299e+000 5.618803e-002 5.967785e+000 6.178224e+000
<GCONST> 1.243490e+002
<MIXTURE> 2 6.049194e-001
<MEAN> 22
 9.469255e+000 3.697964e+000 2.349700e+000 1.137319e+000 1.067480e+002 3.667537e+001 9.772579e+001 7.372468e+001 7.329470e+001 5.418231e+001 6.640361e+001 1.535981e+002 1.000229e+002 1.085106e+002 2.057250e+000 4.321310e+000 3.822081e+000 5.747306e+000 3.105952e+000 5.089089e+000 3.315482e+000 2.259207e+000
<VARIANCE> 22
 1.553310e+002 6.312479e+001 7.988328e+000 4.228551e+000 4.347145e+003 2.453681e+003 1.291266e+003 8.835745e+002 2.032728e+002 8.933640e+001 2.200386e+003 2.613510e+003 2.233462e+002 1.324979e+002 3.204774e+000 1.126267e+000 9.878181e+000 3.185424e-001 1.794804e+000 4.873971e+000 6.063537e+000 5.796423e+000
<GCONST> 1.270991e+002
<STATE> 3
<NUMMIXES> 2
<MIXTURE> 1 5.256294e-001
<MEAN> 22
 2.757498e+000 1.429074e+001 1.046839e+000 3.349493e+000 1.366363e+001 7.812958e+001 1.012830e+002 9.522768e+001 6.247387e+001 6.977842e+001 2.031728e+002 1.443235e+002 1.205617e+002 1.155204e+002 6.997659e+000 4.168891e+000 6.101308e+000 5.344706e+000 5.999986e+000 4.603726e+000 2.383145e+000 3.446939e+000
<VARIANCE> 22
 2.292413e+001 3.379862e+002 3.876670e+000 1.748113e+001 2.505107e+002 5.503783e+003 2.561974e+002 8.630494e+002 6.376815e+001 3.019831e+002 4.510350e+002 3.860714e+003 1.665889e+002 1.250377e+002 6.504287e-002 1.208707e+000 9.104478e-002 6.353262e-001 2.082488e-002 4.799760e+000 6.476525e+000 5.697406e+000
<GCONST> 1.101396e+002
<MIXTURE> 2 4.743701e-001
<MEAN> 22
 9.860554e-001 8.822901e+000 5.629863e-001 2.396096e+000 7.633886e+000 1.365024e+002 8.434091e+001 9.246591e+001 5.237722e+001 6.755845e+001 1.807457e+002 5.318766e+001 1.086003e+002 9.707278e+001 6.950119e+000 2.590691e+000 6.010583e+000 4.613266e+000 5.981986e+000 1.804086e+000 1.607664e+000 3.301634e+000
<VARIANCE> 22
 4.801632e+000 1.207498e+002 3.300596e+000 8.320975e+000 3.405770e+002 1.639251e+003 8.436102e+001 6.402961e+002 3.575794e+001 8.789730e+001 1.980860e+002 7.200217e+002 5.099014e+001 8.147488e+001 2.823207e-001 4.530489e-001 3.813641e-002 4.791236e-001 5.178814e-002 1.824197e+000 5.464821e+000 5.833631e+000
<GCONST> 9.753505e+001
<STATE> 4
<NUMMIXES> 2
<MIXTURE> 1 7.408081e-001
<MEAN> 22
 7.094212e+000 7.694625e+000 2.087574e+000 2.095988e+000 5.247342e+001 3.452670e+001 8.344810e+001 8.013590e+001 6.374983e+001 5.697321e+001 1.568756e+002 1.685910e+002 1.076116e+002 1.098205e+002 5.312594e+000 4.817654e+000 6.186219e+000 5.809146e+000 5.260670e+000 5.791869e+000 2.746375e+000 3.194661e+000
<VARIANCE> 22
 1.160425e+002 1.442360e+002 1.625479e+001 1.045284e+001 2.582509e+003 1.688800e+003 1.019946e+003 5.830609e+002 1.296007e+002 1.082189e+002 3.438824e+003 1.645128e+003 4.882628e+002 1.869686e+002 6.909826e+000 5.370753e-001 8.970402e-001 1.889932e-001 1.918201e+000 1.820932e+000 5.910786e+000 6.553330e+000
<GCONST> 1.248410e+002
<MIXTURE> 2 2.591914e-001
<MEAN> 22
 1.757722e+000 1.923781e+000 7.497346e-001 5.055817e-001 2.125705e+002 1.780506e+002 4.365314e+001 3.977728e+001 4.652869e+001 4.089583e+001 6.480669e+001 6.145605e+001 6.339207e+001 6.662273e+001 1.554296e+000 1.635695e+000 2.895491e+000 3.565696e+000 2.603948e+000 1.508786e+000 1.432232e+000 1.538115e+000
<VARIANCE> 22
 1.560805e+001 1.493367e+001 3.300596e+000 2.164982e+000 4.785250e+004 2.727420e+004 2.716041e+003 1.676380e+003 1.209954e+003 9.638819e+002 4.933020e+003 3.391962e+003 2.753623e+003 2.439536e+003 3.471984e+000 2.849005e+000 9.479583e+000 7.071241e+000 4.869496e+000 5.629219e+000 4.757684e+000 4.794634e+000
<GCONST> 1.434296e+002
<TRANSP> 5
 0.000000e+000 1.000000e+000 0.000000e+000 0.000000e+000 0.000000e+000
 0.000000e+000 8.918136e-001 1.081864e-001 0.000000e+000 0.000000e+000
 0.000000e+000 0.000000e+000 9.424687e-001 5.753133e-002 0.000000e+000
 0.000000e+000 0.000000e+000 0.000000e+000 7.530017e-001 2.469983e-001
 0.000000e+000 0.000000e+000 0.000000e+000 0.000000e+000 0.000000e+000
<ENDHMM>
~h "PF"
<BEGINHMM>
<NUMSTATES> 5
<STATE> 2
<NUMMIXES> 2
<MIXTURE> 1 2.406520e-001
<MEAN> 22
 1.765652e+001 2.354128e+001 1.164455e+001 1.130365e+001 2.486283e+002 2.128955e+002 1.044799e+002 1.000267e+002 6.599049e+001 7.037011e+001 1.991379e+002 1.599807e+002 1.164966e+002 1.159126e+002 6.665606e+000 4.387830e+000 6.150527e+000 5.367152e+000 5.829569e+000 5.010451e+000 2.889093e+000 2.861550e+000
<VARIANCE> 22
 4.300363e+003 3.565407e+003 3.615125e+003 2.371018e+003 6.783991e+004 3.618439e+004 7.232409e+002 1.102065e+003 7.677831e+001 2.153686e+002 2.136560e+003 4.254625e+003 4.480483e+002 2.748771e+002 1.539405e+000 1.335346e+000 5.592537e-001 8.234264e-001 4.598724e-001 4.127991e+000 6.542905e+000 6.233358e+000
<GCONST> 1.499044e+002
<MIXTURE> 2 7.593473e-001
<MEAN> 22
 6.129790e+000 7.775756e+000 1.570792e+000 2.256973e+000 8.814391e+001 1.433882e+002 8.116670e+001 1.139516e+002 7.063802e+001 7.367803e+001 1.320533e+002 9.090501e+001 9.937717e+001 9.359004e+001 3.694169e+000 2.906573e+000 5.341879e+000 4.284060e+000 4.826468e+000 2.689659e+000 2.433617e+000 2.675519e+000
<VARIANCE> 22
 9.982298e+001 1.140819e+002 9.445573e+000 7.981830e+000 1.470926e+004 9.930729e+003 1.760158e+003 3.064555e+003 5.727971e+002 7.839678e+002 4.587235e+003 4.365197e+003 1.031587e+003 6.527701e+002 9.465681e+000 1.947406e+000 4.874437e+000 2.524705e+000 2.781360e+000 4.865998e+000 6.248930e+000 4.957897e+000
<GCONST> 1.431071e+002
<STATE> 3
<NUMMIXES> 2
<MIXTURE> 1 5.467794e-001
<MEAN> 22
 2.100233e+000 1.949651e+001 8.616030e-001 4.766710e+000 1.046558e+001 1.078237e+002 9.897197e+001 1.072188e+002 6.108937e+001 7.583691e+001 1.996324e+002 1.241111e+002 1.186647e+002 1.083090e+002 6.997725e+000 3.711464e+000 6.091488e+000 4.843728e+000 5.999558e+000 3.919096e+000 2.263482e+000 3.721905e+000
<VARIANCE> 22
 1.188582e+001 3.824620e+002 3.300596e+000 2.769620e+001 1.544389e+002 7.127140e+003 2.421420e+002 1.598834e+003 5.001784e+001 4.059475e+002 4.152682e+002 3.854964e+003 1.378593e+002 1.607045e+002 6.504287e-002 1.463019e+000 8.311771e-002 1.158112e+000 2.082488e-002 5.064794e+000 6.343686e+000 5.177052e+000
<GCONST> 1.109086e+002
<MIXTURE> 2 4.532198e-001
<MEAN> 22
 1.000469e+000 7.842805e+000 5.205067e-001 2.959521e+000 1.104617e+001 1.802736e+002 8.611683e+001 1.321216e+002 5.497787e+001 8.215798e+001 1.780954e+002 5.307215e+001 1.079820e+002 8.635563e+001 6.887494e+000 2.428141e+000 6.006492e+000 3.528988e+000 5.936462e+000 1.714346e+000 1.455938e+000 3.216094e+000
<VARIANCE> 22
 4.801632e+000 8.297921e+001 3.300596e+000 1.126832e+001 8.941078e+002 1.503129e+003 1.417965e+002 6.114048e+002 5.108789e+001 2.020758e+002 5.054476e+002 9.400230e+002 4.758849e+001 1.354940e+002 5.822367e-001 3.497413e-001 3.262706e-001 6.354154e-001 1.869641e-001 5.989597e-001 5.262690e+000 4.374915e+000
<GCONST> 1.043855e+002
<STATE> 4
<NUMMIXES> 2
<MIXTURE> 1 7.139025e-001
<MEAN> 22
 1.194219e+001 2.711904e+000 3.498259e+000 1.090250e+000 1.269819e+002 2.158244e+001 1.296659e+002 1.010723e+002 8.342879e+001 5.804192e+001 1.219592e+002 2.013324e+002 1.072864e+002 1.196233e+002 3.237315e+000 5.000151e+000 3.488948e+000 5.814513e+000 3.689942e+000 5.998505e+000 3.403531e+000 2.473641e+000
<VARIANCE> 22
 2.302356e+002 3.385767e+001 2.382569e+001 4.044246e+000 7.347281e+003 9.109521e+002 1.766816e+003 1.821936e+002 4.494513e+002 6.329428e+001 4.647446e+003 3.443046e+002 3.555125e+002 1.097114e+002 7.605123e+000 1.793315e-002 8.490698e+000 1.510837e-001 4.015882e+000 5.618803e-002 6.828001e+000 6.349813e+000
<GCONST> 1.180115e+002
<MIXTURE> 2 2.860979e-001
<MEAN> 22
 7.228274e+000 3.565673e+000 2.769752e+000 1.332466e+000 8.577819e+001 2.607635e+001 9.288385e+001 5.096428e+001 7.777402e+001 5.415099e+001 7.298107e+001 1.244073e+002 9.281282e+001 1.019434e+002 2.002822e+000 3.722198e+000 3.410080e+000 5.669574e+000 3.115610e+000 3.899736e+000 2.797255e+000 2.326128e+000
<VARIANCE> 22
 1.255527e+002 4.792711e+001 1.987913e+001 5.253538e+000 3.516579e+003 7.406982e+002 3.255453e+003 7.037479e+002 3.351431e+002 6.856884e+001 1.299973e+003 1.164097e+003 2.718331e+002 5.023693e+001 2.158992e+000 2.028925e+000 7.475745e+000 2.718287e-001 1.316154e+000 8.817439e+000 6.665250e+000 5.830855e+000
<GCONST> 1.252935e+002
<TRANSP> 5
 0.000000e+000 1.000000e+000 0.000000e+000 0.000000e+000 0.000000e+000
 0.000000e+000 6.631297e-001 3.368703e-001 0.000000e+000 0.000000e+000
 0.000000e+000 0.000000e+000 9.546671e-001 4.533291e-002 0.000000e+000
 0.000000e+000 0.000000e+000 0.000000e+000 9.175557e-001 8.244433e-002
 0.000000e+000 0.000000e+000 0.000000e+000 0.000000e+000 0.000000e+000
<ENDHMM>
~h "PR"
<BEGINHMM>
<NUMSTATES> 5
<STATE> 2
<NUMMIXES> 2
<MIXTURE> 1 6.782798e-001
<MEAN> 22
 1.047888e+001 1.353012e+001 5.098576e+000 5.729759e+000 3.493950e+001 6.958986e+001 8.971313e+001 9.449578e+001 7.360953e+001 6.620499e+001 1.718664e+002 1.429956e+002 1.142255e+002 1.102596e+002 4.759875e+000 4.069510e+000 6.406768e+000 5.290093e+000 5.546646e+000 4.412822e+000 2.458608e+000 2.990795e+000
<VARIANCE> 22
 1.593984e+003 1.268468e+003 1.221727e+003 8.000204e+002 1.836410e+003 4.052855e+003 1.216113e+003 1.027503e+003 3.370818e+002 2.085797e+002 3.214599e+003 2.722742e+003 6.592549e+002 4.411744e+002 9.618155e+000 1.073347e+000 4.186266e-001 6.331488e-001 1.321630e+000 4.057571e+000 6.105711e+000 5.807907e+000
<GCONST> 1.445871e+002
<MIXTURE> 2 3.217186e-001
<MEAN> 22
 3.015991e+000 3.026467e+000 1.022312e+000 9.659272e-001 2.613141e+002 2.084482e+002 5.468824e+001 5.695462e+001 4.586313e+001 4.082914e+001 7.727513e+001 8.085403e+001 5.934367e+001 6.218435e+001 1.793058e+000 2.252706e+000 2.909445e+000 3.154454e+000 2.747143e+000 2.249594e+000 1.470161e+000 1.693840e+000
<VARIANCE> 22
 4.082494e+001 3.093116e+001 3.709153e+000 3.398945e+000 4.201952e+004 2.506457e+004 2.822056e+003 3.277701e+003 1.477465e+003 1.180591e+003 5.645322e+003 5.849294e+003 2.657597e+003 2.656006e+003 7.269407e+000 4.201615e+000 9.888264e+000 6.744690e+000 7.076149e+000 7.081211e+000 4.674007e+000 5.652976e+000
<GCONST> 1.491857e+002
<STATE> 3
<NUMMIXES> 2
<MIXTURE> 1 4.977145e-001
<MEAN> 22
 1.697110e+000 1.230722e+001 7.044117e-001 3.902369e+000 1.189487e+001 8.477290e+001 1.028148e+002 8.958411e+001 6.293115e+001 7.047285e+001 2.035252e+002 1.284924e+002 1.204057e+002 1.122211e+002 6.999557e+000 3.833684e+000 6.129442e+000 5.169885e+000 5.999584e+000 3.929645e+000 2.095740e+000 3.658506e+000
<VARIANCE> 22
 8.992665e+000 1.840284e+002 3.300596e+000 2.282823e+001 3.617740e+002 3.065816e+003 2.391702e+002 8.197951e+002 5.652728e+001 1.720531e+002 4.089353e+002 2.136826e+003 1.526191e+002 1.484786e+002 6.504287e-002 8.196140e-001 1.126867e-001 3.730133e-001 2.082488e-002 4.500176e+000 6.350975e+000 5.967906e+000
<GCONST> 1.063304e+002
<MIXTURE> 2 5.022851e-001
<MEAN> 22
 8.623498e-001 6.791044e+000 4.164591e-001 2.455396e+000 8.490655e+000 1.054434e+002 8.269491e+001 8.217078e+001 5.426325e+001 5.822628e+001 1.729457e+002 8.406618e+001 1.051837e+002 9.405455e+001 6.864430e+000 3.208547e+000 6.044672e+000 4.964063e+000 5.936818e+000 2.879581e+000 1.306942e+000 3.525020e+000
<VARIANCE> 22
 4.801632e+000 6.799799e+001 3.300596e+000 1.012547e+001 3.644510e+002 1.332482e+003 1.002753e+002 4.870198e+002 4.094645e+001 7.450349e+001 3.242328e+002 1.159203e+003 5.406815e+001 1.073253e+002 7.796004e-001 5.070632e-001 6.480900e-002 2.842503e-001 2.174804e-001 2.896787e+000 4.704201e+000 6.698740e+000
<GCONST> 1.012125e+002
<STATE> 4
<NUMMIXES> 2
<MIXTURE> 1 6.421704e-001
<MEAN> 22
 9.291138e+000 3.011113e+000 2.797577e+000 1.275185e+000 6.726554e+001 1.639720e+001 8.624947e+001 9.794242e+001 7.146194e+001 5.669074e+001 1.337112e+002 1.981374e+002 1.118324e+002 1.174451e+002 3.518920e+000 5.000349e+000 6.531797e+000 5.838876e+000 4.464520e+000 5.997094e+000 3.548135e+000 2.411800e+000
<VARIANCE> 22
 1.294187e+002 2.994050e+001 1.321200e+001 4.042361e+000 2.713464e+003 2.869504e+002 6.528720e+002 1.822081e+002 2.057491e+002 5.958141e+001 3.529276e+003 3.014287e+002 2.060813e+002 8.833562e+001 9.411004e+000 1.793315e-002 5.039422e-001 1.351655e-001 3.488320e+000 5.618803e-002 5.921749e+000 6.159823e+000
<GCONST> 1.085274e+002
<MIXTURE> 2 3.578296e-001
<MEAN> 22
 8.784065e+000 2.924043e+000 2.129986e+000 8.214234e-001 6.441346e+001 2.568043e+001 7.604097e+001 5.778241e+001 7.024000e+001 5.625842e+001 8.628265e+001 1.345070e+002 9.980731e+001 1.000794e+002 1.682693e+000 4.012703e+000 5.603777e+000 5.693866e+000 3.007833e+000 4.955394e+000 2.859796e+000 2.137109e+000
<VARIANCE> 22
 1.444523e+002 2.853271e+001 8.910316e+000 2.331329e+000 2.069317e+003 8.008015e+002 1.438861e+003 9.244146e+002 1.975458e+002 6.706791e+001 8.489316e+002 1.226162e+003 1.274072e+002 6.758624e+001 3.587712e+000 1.198950e+000 5.994936e+000 2.550117e-001 2.363623e+000 5.971589e+000 5.842619e+000 6.034045e+000
<GCONST> 1.207136e+002
<TRANSP> 5
 0.000000e+000 1.000000e+000 0.000000e+000 0.000000e+000 0.000000e+000
 0.000000e+000 6.714760e-001 3.285240e-001 0.000000e+000 0.000000e+000
 0.000000e+000 0.000000e+000 9.501063e-001 4.989367e-002 0.000000e+000
 0.000000e+000 0.000000e+000 0.000000e+000 9.154971e-001 8.450293e-002
 0.000000e+000 0.000000e+000 0.000000e+000 0.000000e+000 0.000000e+000
<ENDHMM>
~h "SP"
<BEGINHMM>
<NUMSTATES> 5
<STATE> 2
<NUMMIXES> 2
<MIXTURE> 1 5.563048e-001
<MEAN> 22
 1.455281e+001 1.963395e+001 8.719201e+000 9.575686e+000 3.769584e+001 1.108745e+002 1.015863e+002 1.127730e+002 7.122603e+001 8.476137e+001 1.860729e+002 1.227937e+002 1.213141e+002 1.122991e+002 5.839698e+000 3.655675e+000 6.073989e+000 4.747973e+000 5.641664e+000 3.675433e+000 2.481399e+000 2.699013e+000
<VARIANCE> 22
 3.972681e+003 2.655063e+003 3.252513e+003 1.952136e+003 3.060079e+003 1.127095e+004 1.603563e+003 2.213969e+003 3.283197e+002 1.348686e+003 3.957862e+003 3.985487e+003 6.832186e+002 2.763605e+002 5.776194e+000 1.678326e+000 1.602643e+000 1.587323e+000 8.972948e-001 5.950450e+000 6.148399e+000 4.494301e+000
<GCONST> 1.546299e+002
<MIXTURE> 2 4.436948e-001
<MEAN> 22
 2.055000e+000 2.376389e+000 8.244188e-001 1.281581e+000 2.338460e+002 2.237254e+002 4.548863e+001 7.509207e+001 5.309407e+001 5.635877e+001 6.813688e+001 5.001070e+001 6.077835e+001 5.966209e+001 6.600205e-001 1.749307e+000 3.731208e+000 2.419470e+000 3.201292e+000 1.243430e+000 1.431219e+000 1.724203e+000
<VARIANCE> 22
 2.576598e+001 1.955927e+001 3.300596e+000 6.209455e+000 5.568526e+004 2.189338e+004 1.935420e+003 4.265196e+003 1.860247e+003 2.203110e+003 3.694386e+003 2.726800e+003 2.265636e+003 2.238901e+003 2.573586e+000 2.473617e+000 1.077319e+001 4.352705e+000 7.238515e+000 3.175627e+000 4.675821e+000 5.732710e+000
<GCONST> 1.454370e+002
<STATE> 3
<NUMMIXES> 2
<MIXTURE> 1 4.903703e-001
<MEAN> 22
 1.644032e+000 1.866232e+001 6.345345e-001 5.039494e+000 9.743167e+000 1.395308e+002 1.030527e+002 1.158283e+002 6.405843e+001 8.409921e+001 2.024071e+002 1.007243e+002 1.202552e+002 1.054379e+002 6.998645e+000 3.256937e+000 6.175631e+000 4.359418e+000 5.999824e+000 3.172685e+000 1.990581e+000 3.606070e+000
<VARIANCE> 22
 9.203165e+000 3.963308e+002 3.300596e+000 3.666368e+001 1.546692e+002 8.081671e+003 3.510298e+002 1.949195e+003 8.507878e+001 6.104670e+002 5.687799e+002 2.923352e+003 1.860594e+002 1.915348e+002 6.504287e-002 1.400032e+000 1.447833e-001 1.265788e+000 2.082488e-002 4.948524e+000 6.167040e+000 5.591396e+000
<GCONST> 1.137435e+002
<MIXTURE> 2 5.096287e-001
<MEAN> 22
 9.620073e-001 5.388746e+000 4.225136e-001 2.663611e+000 1.035206e+001 1.798062e+002 8.584388e+001 1.317442e+002 5.654378e+001 8.516329e+001 1.746518e+002 4.626185e+001 1.055282e+002 8.489172e+001 6.880241e+000 2.141724e+000 5.988859e+000 3.272876e+000 5.942257e+000 1.522228e+000 1.316278e+000 2.590890e+000
<VARIANCE> 22
 5.699087e+000 5.553238e+001 3.300596e+000 1.492257e+001 7.276158e+002 1.337172e+003 1.671523e+002 3.692590e+002 5.972290e+001 3.365821e+002 4.076759e+002 5.007979e+002 5.183442e+001 1.187868e+002 6.426399e-001 2.087019e-001 3.797597e-001 3.712563e-001 2.352197e-001 5.679141e-001 4.685092e+000 5.925803e+000
<GCONST> 1.031092e+002
<STATE> 4
<NUMMIXES> 2
<MIXTURE> 1 5.610148e-001
<MEAN> 22
 1.451096e+001 3.661764e+000 4.580091e+000 1.264637e+000 1.122511e+002 1.892164e+001 1.167021e+002 1.003714e+002 8.603031e+001 5.872569e+001 1.215288e+002 1.993458e+002 1.050039e+002 1.187162e+002 3.607152e+000 4.994500e+000 4.146232e+000 5.830070e+000 4.303463e+000 5.993461e+000 3.549707e+000 2.411150e+000
<VARIANCE> 22
 3.677227e+002 6.128271e+001 6.148684e+001 5.702922e+000 8.291274e+003 8.118311e+002 1.548814e+003 2.170048e+002 6.562007e+002 5.215419e+001 4.360289e+003 3.517981e+002 3.455959e+002 9.383202e+001 7.832916e+000 1.793315e-002 7.910578e+000 1.410514e-001 3.219758e+000 5.618803e-002 6.145735e+000 6.548361e+000
<GCONST> 1.199662e+002
<MIXTURE> 2 4.389853e-001
<MEAN> 22
 6.014582e+000 1.670030e+000 2.365760e+000 8.434683e-001 1.356564e+002 1.779660e+001 1.232487e+002 6.430302e+001 9.331567e+001 5.624132e+001 6.110765e+001 1.433050e+002 8.635808e+001 1.050669e+002 2.020072e+000 4.139419e+000 2.249999e+000 5.738423e+000 2.978515e+000 4.345621e+000 2.936527e+000 1.798227e+000
<VARIANCE> 22
 8.674342e+001 1.622997e+001 1.372910e+001 2.758198e+000 5.175673e+003 6.717408e+002 2.211172e+003 8.089612e+002 4.374825e+002 5.627946e+001 8.703876e+002 1.909028e+003 2.613642e+002 9.064129e+001 1.203615e+000 1.450166e+000 5.265289e+000 2.512045e-001 8.250981e-001 7.598458e+000 6.457498e+000 5.448639e+000
<GCONST> 1.215163e+002
<TRANSP> 5
 0.000000e+000 1.000000e+000 0.000000e+000 0.000000e+000 0.000000e+000
 0.000000e+000 6.345735e-001 3.654266e-001 0.000000e+000 0.000000e+000
 0.000000e+000 0.000000e+000 9.570183e-001 4.298167e-002 0.000000e+000
 0.000000e+000 0.000000e+000 0.000000e+000 9.278013e-001 7.219864e-002
 0.000000e+000 0.000000e+000 0.000000e+000 0.000000e+000 0.000000e+000
<ENDHMM>
~h "ST"
<BEGINHMM>
<NUMSTATES> 5
<STATE> 2
<NUMMIXES> 2
<MIXTURE> 1 2.437892e-001
<MEAN> 22
 1.345891e+001 1.887035e+001 7.551575e+000 6.304373e+000 1.241540e+002 1.351793e+002 1.170173e+002 9.471822e+001 7.559585e+001 7.416953e+001 2.118363e+002 1.528434e+002 1.303848e+002 1.234712e+002 6.319123e+000 3.918193e+000 6.507535e+000 5.841504e+000 5.739277e+000 4.152760e+000 2.499895e+000 2.836531e+000
<VARIANCE> 22
 2.018021e+003 2.108834e+003 1.758658e+003 1.059458e+003 3.959924e+004 2.185483e+004 1.508866e+003 7.388408e+002 2.250378e+002 2.695575e+002 4.204760e+003 5.338915e+003 9.382552e+002 2.856432e+002 3.227862e+000 2.236824e+000 3.142582e-001 3.887176e-001 5.039632e-001 6.858942e+000 6.584062e+000 5.701081e+000
<GCONST> 1.498164e+002
<MIXTURE> 2 7.562101e-001
<MEAN> 22
 4.588050e+000 7.187105e+000 1.110751e+000 1.942955e+000 7.072774e+001 8.647909e+001 7.086176e+001 7.067509e+001 6.743172e+001 7.088442e+001 1.297089e+002 9.605862e+001 1.025067e+002 1.037583e+002 4.036281e+000 3.103741e+000 6.001252e+000 5.518216e+000 4.737217e+000 2.666054e+000 2.717895e+000 2.740300e+000
<VARIANCE> 22
 5.245997e+001 9.978522e+001 3.300596e+000 6.849830e+000 9.916388e+003 5.961746e+003 9.020892e+002 1.025243e+003 3.360287e+002 5.269783e+002 2.881366e+003 3.802465e+003 6.421658e+002 5.255342e+002 8.833380e+000 2.262404e+000 1.967008e+000 1.289807e+000 2.934771e+000 7.645649e+000 6.372916e+000 6.052114e+000
<GCONST> 1.354594e+002
<STATE> 3
<NUMMIXES> 2
<MIXTURE> 1 4.869919e-001
<MEAN> 22
 2.040711e+000 1.446875e+001 7.829746e-001 3.266138e+000 1.235381e+001 1.016745e+002 1.012655e+002 7.662519e+001 6.275480e+001 8.093672e+001 2.029923e+002 1.016165e+002 1.202087e+002 1.131393e+002 6.996794e+000 3.359127e+000 6.130629e+000 5.689366e+000 5.998491e+000 3.156901e+000 1.948760e+000 3.257015e+000
<VARIANCE> 22
 1.386904e+001 2.179720e+002 3.300596e+000 1.475020e+001 4.564897e+002 4.242289e+003 2.414664e+002 6.762979e+002 5.445586e+001 4.660075e+002 4.392307e+002 4.218505e+003 1.581597e+002 1.139276e+002 6.504287e-002 2.010800e+000 1.235927e-001 4.846597e-001 2.082488e-002 8.162293e+000 5.778203e+000 5.559007e+000
<GCONST> 1.100337e+002
<MIXTURE> 2 5.130082e-001
<MEAN> 22
 6.884089e-001 7.449803e+000 2.965304e-001 1.230837e+000 7.118849e+000 1.233640e+002 8.409596e+001 6.025504e+001 5.482444e+001 7.841696e+001 1.787874e+002 5.350406e+001 1.085842e+002 9.849214e+001 6.937977e+000 2.170022e+000 6.005896e+000 5.976170e+000 5.976276e+000 6.397187e-001 1.147760e+000 2.769403e+000
<VARIANCE> 22
 4.801632e+000 8.141564e+001 3.300596e+000 2.164982e+000 2.037249e+002 9.184596e+002 7.220024e+001 4.319713e+002 3.020083e+001 1.721302e+002 2.518426e+002 6.520606e+002 3.926680e+001 5.187542e+001 3.365963e-001 3.362153e-001 2.326111e-002 2.222256e-001 4.899513e-002 2.056109e+000 4.238432e+000 5.910477e+000
<GCONST> 9.252168e+001
<STATE> 4
<NUMMIXES> 2
<MIXTURE> 1 6.009059e-001
<MEAN> 22
 1.159280e+001 3.243698e+000 2.734737e+000 1.171504e+000 8.990221e+001 1.726527e+001 8.166528e+001 1.028078e+002 8.517627e+001 5.976529e+001 1.198785e+002 2.050951e+002 1.173484e+002 1.219504e+002 3.819155e+000 4.999251e+000 6.215489e+000 5.903926e+000 4.671283e+000 5.997844e+000 3.398558e+000 2.361059e+000
<VARIANCE> 22
 1.598654e+002 3.998458e+001 1.225651e+001 4.918977e+000 4.622688e+003 6.707682e+002 7.696274e+002 1.872778e+002 4.695337e+002 4.689959e+001 4.998531e+003 3.258446e+002 1.791419e+002 1.033766e+002 7.556949e+000 1.793315e-002 6.030410e-001 8.684529e-002 1.620940e+000 5.618803e-002 6.118318e+000 6.134532e+000
<GCONST> 1.105317e+002
<MIXTURE> 2 3.990949e-001
<MEAN> 22
 7.410885e+000 2.112735e+000 1.399491e+000 9.097721e-001 9.323026e+001 2.405349e+001 6.939117e+001 7.002389e+001 7.722840e+001 5.455833e+001 5.310382e+001 1.585237e+002 9.626157e+001 1.066824e+002 1.989383e+000 4.655859e+000 5.718204e+000 5.841339e+000 3.558146e+000 5.814646e+000 2.825570e+000 1.832850e+000
<VARIANCE> 22
 8.406554e+001 2.386869e+001 3.300596e+000 3.778940e+000 3.343799e+003 9.117564e+002 7.081730e+002 7.631839e+002 2.071783e+002 5.209140e+001 1.506556e+003 1.415735e+003 1.008792e+002 8.344628e+001 1.572361e+000 4.466120e-001 2.204159e+000 1.725096e-001 6.842291e-001 2.248284e+000 5.839237e+000 5.524627e+000
<GCONST> 1.141732e+002
<TRANSP> 5
 0.000000e+000 1.000000e+000 0.000000e+000 0.000000e+000 0.000000e+000
 0.000000e+000 7.629110e-001 2.370891e-001 0.000000e+000 0.000000e+000
 0.000000e+000 0.000000e+000 9.564083e-001 4.359169e-002 0.000000e+000
 0.000000e+000 0.000000e+000 0.000000e+000 9.165695e-001 8.343047e-002
 0.000000e+000 0.000000e+000 0.000000e+000 0.000000e+000 0.000000e+000
<ENDHMM>
~h "TT"
<BEGINHMM>
<NUMSTATES> 5
<STATE> 2
<NUMMIXES> 2
<MIXTURE> 1 2.213926e-001
<MEAN> 22
 3.729674e+001 1.698922e+001 1.931930e+001 1.118611e+001 1.580409e+002 2.049740e+001 1.532102e+002 1.164177e+002 1.099575e+002 6.854456e+001 1.394191e+002 2.172148e+002 1.235667e+002 1.285840e+002 2.683985e+000 4.934696e+000 3.078072e+000 5.783124e+000 3.538323e+000 5.883944e+000 3.526519e+000 3.410817e+000
<VARIANCE> 22
 6.092265e+003 4.553999e+003 4.852292e+003 3.233253e+003 8.411996e+003 9.353116e+002 1.487081e+003 2.384928e+002 8.486102e+002 1.376910e+002 4.388695e+003 7.395337e+002 3.665676e+002 1.416634e+002 6.857970e+000 1.055727e-001 9.562237e+000 2.069872e-001 4.096618e+000 3.164715e-001 5.346932e+000 6.207459e+000
<GCONST> 1.444382e+002
<MIXTURE> 2 7.786068e-001
<MEAN> 22
 6.863290e+000 1.162268e+001 2.229973e+000 3.879730e+000 4.613632e+001 1.103857e+002 7.246397e+001 1.103514e+002 6.738137e+001 8.660035e+001 1.548237e+002 1.242538e+002 1.052199e+002 1.054373e+002 5.133158e+000 3.595492e+000 6.193538e+000 4.652536e+000 5.552879e+000 3.578402e+000 2.895130e+000 2.804297e+000
<VARIANCE> 22
 9.259265e+001 2.110154e+002 1.748048e+001 3.052871e+001 2.745442e+003 7.965218e+003 1.068583e+003 2.879196e+003 1.914160e+002 1.219810e+003 1.778497e+003 2.088861e+003 2.224674e+002 1.687846e+002 8.217949e+000 1.711159e+000 3.829230e-001 1.800847e+000 6.857401e-001 6.011243e+000 7.167446e+000 5.131714e+000
<GCONST> 1.337485e+002
<STATE> 3
<NUMMIXES> 2
<MIXTURE> 1 5.327283e-001
<MEAN> 22
 2.158444e+000 2.264284e+001 8.690318e-001 6.843031e+000 1.101355e+001 1.340319e+002 1.041863e+002 1.332110e+002 6.406146e+001 9.634465e+001 2.041996e+002 1.383743e+002 1.217136e+002 1.117665e+002 6.997220e+000 3.664996e+000 6.154104e+000 4.473755e+000 5.999409e+000 3.805984e+000 2.250682e+000 3.815871e+000
<VARIANCE> 22
 1.251934e+001 4.761181e+002 3.300596e+000 6.371922e+001 1.811751e+002 1.058875e+004 4.517254e+002 2.685725e+003 1.234875e+002 1.416400e+003 6.885129e+002 2.277549e+003 2.254987e+002 2.115906e+002 6.504287e-002 1.197271e+000 1.303540e-001 1.249704e+000 2.082488e-002 4.248733e+000 6.120745e+000 5.095215e+000
<GCONST> 1.167087e+002
<MIXTURE> 2 4.672720e-001
<MEAN> 22
 1.321591e+000 1.060005e+001 6.138155e-001 4.282949e+000 1.092651e+001 2.100905e+002 8.712075e+001 1.652413e+002 5.479416e+001 1.169418e+002 1.792870e+002 8.304198e+001 1.083881e+002 8.688213e+001 6.914372e+000 2.416811e+000 5.993581e+000 3.199962e+000 5.958415e+000 1.699702e+000 1.633449e+000 3.549041e+000
<VARIANCE> 22
 8.238031e+000 1.149010e+002 3.300596e+000 2.820502e+001 6.351837e+002 1.565101e+003 1.286966e+002 7.995107e+002 7.676637e+001 4.603899e+002 2.706577e+002 5.687291e+002 5.047038e+001 1.793400e+002 4.627678e-001 3.135357e-001 2.919893e-001 3.360547e-001 1.486695e-001 5.651471e-001 5.174613e+000 5.750978e+000
<GCONST> 1.053631e+002
<STATE> 4
<NUMMIXES> 2
<MIXTURE> 1 8.032435e-001
<MEAN> 22
 1.506411e+001 2.640622e+000 5.072140e+000 1.209082e+000 1.503421e+002 2.230591e+001 1.430078e+002 9.856037e+001 1.005510e+002 5.681606e+001 1.205731e+002 1.958055e+002 1.030563e+002 1.163550e+002 2.686965e+000 5.000019e+000 3.096524e+000 5.847034e+000 3.496708e+000 5.991400e+000 3.447673e+000 2.334509e+000
<VARIANCE> 22
 3.493358e+002 2.657300e+001 5.656540e+001 6.009067e+000 8.843170e+003 7.883231e+002 2.307587e+003 2.345270e+002 1.048114e+003 6.243094e+001 2.855012e+003 3.835177e+002 3.684823e+002 1.294543e+002 6.448290e+000 1.793315e-002 8.227722e+000 1.295716e-001 3.597528e+000 5.618803e-002 5.634705e+000 6.272932e+000
<GCONST> 1.199976e+002
<MIXTURE> 2 1.967567e-001
<MEAN> 22
 1.041709e+001 4.572889e+000 4.204104e+000 1.510971e+000 1.371962e+002 6.775920e+001 9.165092e+001 3.170229e+001 8.927094e+001 5.140164e+001 8.442396e+001 9.627611e+001 8.472229e+001 8.970676e+001 1.733037e+000 2.949148e+000 3.438231e+000 5.168147e+000 3.176648e+000 2.526038e+000 2.793792e+000 1.948482e+000
<VARIANCE> 22
 2.566956e+002 8.625250e+001 4.498224e+001 8.966970e+000 1.920969e+004 1.516413e+004 5.545256e+003 6.997675e+002 2.279693e+003 4.130650e+002 1.818936e+003 1.914703e+003 1.163703e+003 1.145414e+003 2.922488e+000 3.076851e+000 7.447388e+000 3.751452e+000 2.626587e+000 1.028443e+001 6.253064e+000 5.433095e+000
<GCONST> 1.463694e+002
<TRANSP> 5
 0.000000e+000 1.000000e+000 0.000000e+000 0.000000e+000 0.000000e+000
 0.000000e+000 7.051852e-001 2.948148e-001 0.000000e+000 0.000000e+000
 0.000000e+000 0.000000e+000 9.532227e-001 4.677734e-002 0.000000e+000
 0.000000e+000 0.000000e+000 0.000000e+000 9.339710e-001 6.602902e-002
 0.000000e+000 0.000000e+000 0.000000e+000 0.000000e+000 0.000000e+000
<ENDHMM>
~h "VA"
<BEGINHMM>
<NUMSTATES> 5
<STATE> 2
<NUMMIXES> 2
<MIXTURE> 1 4.985456e-001
<MEAN> 22
 1.864357e+001 1.699810e+001 8.593203e+000 6.524759e+000 8.606631e+001 6.870619e+001 1.126769e+002 9.701779e+001 8.555427e+001 7.132095e+001 1.510027e+002 1.593247e+002 1.106621e+002 1.115694e+002 4.225356e+000 4.287819e+000 4.986523e+000 5.385961e+000 4.666780e+000 4.881129e+000 2.903602e+000 2.587913e+000
<VARIANCE> 22
 1.896179e+003 1.555461e+003 1.238071e+003 7.528021e+002 1.015057e+004 6.215603e+003 3.326147e+003 1.202112e+003 9.538021e+002 5.732061e+002 5.306012e+003 3.428355e+003 6.384675e+002 3.415064e+002 8.751272e+000 1.162539e+000 6.236896e+000 7.630413e-001 3.207778e+000 4.374440e+000 5.796689e+000 4.935329e+000
<GCONST> 1.543325e+002
<MIXTURE> 2 5.014533e-001
<MEAN> 22
 4.967916e+000 7.552056e+000 2.525215e+000 2.920797e+000 1.885231e+002 2.367875e+002 7.283056e+001 1.177832e+002 6.354631e+001 8.577031e+001 1.033444e+002 6.942416e+001 7.729324e+001 7.382593e+001 2.816706e+000 2.041250e+000 4.288960e+000 3.112754e+000 3.861269e+000 1.456421e+000 2.401614e+000 2.626079e+000
<VARIANCE> 22
 6.921718e+001 8.617188e+001 1.861650e+001 1.414610e+001 3.893461e+004 1.078162e+004 3.209203e+003 6.206765e+003 1.400419e+003 2.532421e+003 5.414997e+003 2.607341e+003 2.148066e+003 1.537154e+003 8.445694e+000 1.421855e+000 7.387644e+000 3.314673e+000 4.922854e+000 2.020180e+000 6.055103e+000 5.556448e+000
<GCONST> 1.494140e+002
<STATE> 3
<NUMMIXES> 2
<MIXTURE> 1 5.769866e-001
<MEAN> 22
 2.662863e+000 2.017105e+001 1.264699e+000 7.021878e+000 9.280832e+000 1.077614e+002 9.762206e+001 1.050853e+002 5.946013e+001 8.846100e+001 1.975041e+002 1.272084e+002 1.176433e+002 1.044193e+002 6.995931e+000 3.774657e+000 6.066305e+000 4.916253e+000 5.999701e+000 4.174420e+000 2.330176e+000 3.659105e+000
<VARIANCE> 22
 1.941427e+001 3.800727e+002 8.164382e+000 5.210587e+001 9.302365e+001 7.957777e+003 2.900490e+002 2.338529e+003 7.417469e+001 9.685164e+002 5.313608e+002 3.088387e+003 1.764240e+002 2.716355e+002 6.504287e-002 1.358482e+000 6.190860e-002 1.240465e+000 2.082488e-002 5.872360e+000 6.254156e+000 5.096942e+000
<GCONST> 1.149728e+002
<MIXTURE> 2 4.230136e-001
<MEAN> 22
 1.818829e+000 9.066461e+000 8.714074e-001 3.854677e+000 1.432123e+001 1.937503e+002 8.332612e+001 1.461491e+002 5.370173e+001 1.039911e+002 1.741920e+002 7.094633e+001 1.063472e+002 7.378312e+001 6.825739e+000 2.357091e+000 6.028663e+000 3.555063e+000 5.908597e+000 1.632586e+000 1.947903e+000 3.351377e+000
<VARIANCE> 22
 1.122650e+001 9.582966e+001 3.300596e+000 1.774176e+001 9.335101e+002 3.431712e+003 2.237092e+002 2.137582e+003 1.170041e+002 4.388775e+002 5.936604e+002 1.282226e+003 8.780306e+001 2.633998e+002 9.177503e-001 3.800536e-001 3.264627e-001 1.310300e+000 2.125604e-001 1.146666e+000 5.884680e+000 5.722688e+000
<GCONST> 1.141822e+002
<STATE> 4
<NUMMIXES> 2
<MIXTURE> 1 7.013659e-001
<MEAN> 22
 1.537264e+001 3.415021e+000 5.437225e+000 1.490633e+000 1.335506e+002 1.793904e+001 1.330517e+002 9.955065e+001 9.875749e+001 5.711746e+001 1.293168e+002 1.980228e+002 1.002955e+002 1.172335e+002 3.263529e+000 4.998080e+000 3.878987e+000 5.841586e+000 3.927076e+000 5.988857e+000 3.406525e+000 2.547473e+000
<VARIANCE> 22
 3.128816e+002 5.939599e+001 4.482425e+001 7.521741e+000 9.039938e+003 6.423210e+002 2.914323e+003 2.160670e+002 9.411208e+002 8.457282e+001 4.426646e+003 3.455880e+002 4.746084e+002 1.117129e+002 7.642119e+000 1.793315e-002 8.715796e+000 1.333184e-001 3.876059e+000 5.618803e-002 5.992946e+000 6.393531e+000
<GCONST> 1.216995e+002
<MIXTURE> 2 2.986343e-001
<MEAN> 22
 6.889582e+000 3.687943e+000 2.956794e+000 1.973262e+000 1.013095e+002 3.055837e+001 1.085178e+002 5.205047e+001 9.122573e+001 5.324512e+001 6.736362e+001 1.165954e+002 8.679398e+001 1.017547e+002 1.954344e+000 3.403978e+000 3.248853e+000 5.610139e+000 3.060936e+000 3.301579e+000 2.925975e+000 2.362045e+000
<VARIANCE> 22
 8.873257e+001 5.213042e+001 2.022810e+001 1.171698e+001 4.491211e+003 8.971756e+002 3.973316e+003 5.904176e+002 4.064185e+002 9.927789e+001 6.749363e+002 1.302636e+003 4.392214e+002 6.806192e+001 4.253127e-001 1.771335e+000 6.710811e+000 2.743829e-001 6.296036e-001 8.249638e+000 6.203748e+000 5.928863e+000
<GCONST> 1.243954e+002
<TRANSP> 5
 0.000000e+000 1.000000e+000 0.000000e+000 0.000000e+000 0.000000e+000
 0.000000e+000 7.325479e-001 2.674521e-001 0.000000e+000 0.000000e+000
 0.000000e+000 0.000000e+000 9.446884e-001 5.531157e-002 0.000000e+000
 0.000000e+000 0.000000e+000 0.000000e+000 9.197317e-001 8.026834e-002
 0.000000e+000 0.000000e+000 0.000000e+000 0.000000e+000 0.000000e+000
<ENDHMM>
~h "VQ"
<BEGINHMM>
<NUMSTATES> 5
<STATE> 2
<NUMMIXES> 2
<MIXTURE> 1 7.167390e-002
<MEAN> 22
 6.984397e+001 4.300058e+001 4.288607e+001 2.686692e+001 9.652230e+001 2.988463e+001 1.171989e+002 1.011997e+002 8.441666e+001 6.125850e+001 1.435480e+002 1.898328e+002 1.146552e+002 1.188625e+002 3.677931e+000 4.791746e+000 4.715614e+000 5.741659e+000 4.422217e+000 5.671544e+000 4.330352e+000 3.178071e+000
<VARIANCE> 22
 1.361794e+004 1.126351e+004 1.162508e+004 7.681179e+003 6.422694e+003 2.723091e+003 1.363858e+003 3.905545e+002 3.920225e+002 7.995760e+001 6.374544e+003 2.374081e+003 6.727965e+002 2.929827e+002 8.916358e+000 5.649074e-001 8.546587e+000 4.580323e-001 3.928214e+000 1.497843e+000 5.412399e+000 6.340461e+000
<GCONST> 1.548181e+002
<MIXTURE> 2 9.283266e-001
<MEAN> 22
 1.045728e+001 4.773492e+000 3.660111e+000 1.951781e+000 1.093577e+002 3.943538e+001 1.040555e+002 8.411501e+001 7.856523e+001 5.641879e+001 8.885416e+001 1.560517e+002 9.695765e+001 1.092734e+002 2.514404e+000 4.333885e+000 3.635146e+000 5.524888e+000 3.476007e+000 4.961525e+000 3.602256e+000 2.520225e+000
<VARIANCE> 22
 1.416906e+002 6.707811e+001 2.095933e+001 1.264666e+001 6.919317e+003 2.801433e+003 1.824920e+003 8.377854e+002 4.346786e+002 1.140580e+002 3.425603e+003 3.173309e+003 3.746820e+002 2.023039e+002 5.453447e+000 1.125289e+000 9.114489e+000 4.882128e-001 2.882919e+000 4.220200e+000 5.883959e+000 5.660192e+000
<GCONST> 1.337530e+002
<STATE> 3
<NUMMIXES> 2
<MIXTURE> 1 5.238491e-001
<MEAN> 22
 2.913757e+000 1.754074e+001 9.432312e-001 5.359944e+000 1.012067e+001 1.028141e+002 1.003650e+002 1.002572e+002 6.088958e+001 7.205388e+001 2.018379e+002 1.235731e+002 1.205419e+002 1.058459e+002 6.996662e+000 3.798222e+000 6.149481e+000 4.997748e+000 5.998658e+000 4.206231e+000 2.295823e+000 3.648983e+000
<VARIANCE> 22
 2.377471e+001 3.338642e+002 3.300596e+000 6.193486e+001 1.335303e+002 7.971364e+003 3.857879e+002 1.913005e+003 8.094483e+001 3.803994e+002 6.945924e+002 3.517641e+003 2.301358e+002 2.615587e+002 6.504287e-002 1.421704e+000 1.271363e-001 1.165820e+000 2.082488e-002 5.104272e+000 6.246500e+000 5.252162e+000
<GCONST> 1.151309e+002
<MIXTURE> 2 4.761511e-001
<MEAN> 22
 1.075722e+000 7.585753e+000 6.875181e-001 3.295431e+000 9.795650e+000 1.567823e+002 8.195377e+001 1.095190e+002 5.199793e+001 7.266468e+001 1.770015e+002 4.748553e+001 1.063516e+002 8.189728e+001 6.939446e+000 2.435187e+000 6.028992e+000 4.213791e+000 5.961789e+000 1.721703e+000 1.620436e+000 3.545101e+000
<VARIANCE> 22
 4.801632e+000 7.065366e+001 3.300596e+000 1.622528e+001 6.120646e+002 1.522772e+003 1.478920e+002 8.388294e+002 5.032024e+001 1.931347e+002 3.458563e+002 4.413176e+002 7.277902e+001 2.422547e+002 3.199985e-001 2.892030e-001 8.436946e-002 7.523157e-001 1.014165e-001 4.433734e-001 5.271574e+000 6.033222e+000
<GCONST> 1.018299e+002
<STATE> 4
<NUMMIXES> 2
<MIXTURE> 1 8.283662e-001
<MEAN> 22
 1.093110e+001 3.446526e+000 4.006949e+000 1.415320e+000 9.977090e+001 2.264494e+001 1.060292e+002 9.046552e+001 7.535676e+001 5.338803e+001 9.768734e+001 1.873455e+002 9.747497e+001 1.126420e+002 2.927404e+000 4.947897e+000 4.050630e+000 5.829118e+000 3.663650e+000 5.978026e+000 3.508857e+000 2.596446e+000
<VARIANCE> 22
 1.791858e+002 4.260583e+001 3.157728e+001 6.379505e+000 4.815937e+003 8.297319e+002 1.133115e+003 3.384049e+002 3.931409e+002 6.629044e+001 4.377079e+003 5.563186e+002 4.058522e+002 1.295632e+002 6.847184e+000 6.059194e-002 9.152595e+000 1.424197e-001 3.405108e+000 9.594264e-002 5.853463e+000 6.262782e+000
<GCONST> 1.203491e+002
<MIXTURE> 2 1.716346e-001
<MEAN> 22
 3.013641e+000 3.215556e+000 1.791545e+000 1.221548e+000 2.512524e+002 1.969936e+002 3.460675e+001 3.242279e+001 4.536217e+001 4.081312e+001 6.729559e+001 5.833648e+001 6.512219e+001 6.669908e+001 2.052907e+000 1.348320e+000 3.519033e+000 3.643029e+000 2.640512e+000 6.728862e-001 1.366241e+000 1.807166e+000
<VARIANCE> 22
 5.317033e+001 3.846221e+001 1.652984e+001 7.971784e+000 5.939492e+004 3.078740e+004 2.343161e+003 1.596105e+003 1.077312e+003 8.809520e+002 3.530699e+003 2.040629e+003 2.472918e+003 2.310563e+003 4.480380e+000 1.988341e+000 8.722755e+000 7.095344e+000 4.596122e+000 2.194386e+000 4.527608e+000 5.958315e+000
<GCONST> 1.464293e+002
<TRANSP> 5
 0.000000e+000 1.000000e+000 0.000000e+000 0.000000e+000 0.000000e+000
 0.000000e+000 8.367182e-001 1.632818e-001 0.000000e+000 0.000000e+000
 0.000000e+000 0.000000e+000 9.468859e-001 5.311409e-002 0.000000e+000
 0.000000e+000 0.000000e+000 0.000000e+000 8.840420e-001 1.159579e-001
 0.000000e+000 0.000000e+000 0.000000e+000 0.000000e+000 0.000000e+000
<ENDHMM>
~h "SIL"
<BEGINHMM>
<NUMSTATES> 5
<STATE> 2
<NUMMIXES> 2
<MIXTURE> 1 2.228624e-001
<MEAN> 22
 3.371953e+002 2.880754e+002 3.040057e+002 2.442377e+002 3.374416e+001 4.115642e+001 6.289487e+001 6.314227e+001 4.340153e+001 4.526664e+001 9.748933e+001 8.963145e+001 6.841088e+001 6.745403e+001 3.035586e+000 2.390641e+000 3.148356e+000 3.323872e+000 2.946577e+000 2.610192e+000 4.098873e+000 4.217146e+000
<VARIANCE> 22
 5.371408e+004 3.623809e+004 4.530343e+004 2.906477e+004 6.153041e+003 6.831246e+003 3.420384e+003 3.813650e+003 1.430800e+003 1.679928e+003 8.114223e+003 7.174864e+003 3.144355e+003 2.972921e+003 1.005840e+001 4.860881e+000 9.192257e+000 7.503397e+000 7.284394e+000 7.686608e+000 5.550553e+000 4.852807e+000
<GCONST> 1.808237e+002
<MIXTURE> 2 7.771377e-001
<MEAN> 22
 -1.861061e-010 9.943905e-011 2.959340e-009 -7.646965e-010 3.661410e+001 2.963464e+001 -8.673306e-014 7.142027e-015 -1.137348e-014 -3.369991e-017 -3.083464e-014 -6.484623e-015 3.228797e-014 1.668357e-014 9.943935e-016 -9.048566e-016 1.381081e-015 -1.609755e-016 -2.433851e-015 -4.768887e-015 2.139232e-012 -6.046919e-012
<VARIANCE> 22
 4.801632e+000 4.063125e+000 3.300596e+000 2.164982e+000 1.817521e+004 1.195248e+004 9.838196e+000 1.115232e+001 2.936353e+000 3.516743e+000 3.745900e+001 4.440890e+001 4.184655e+000 3.870682e+000 6.504287e-002 1.793315e-002 2.326111e-002 1.170389e-002 2.082488e-002 5.618803e-002 6.153807e-002 6.060927e-002
<GCONST> 5.449671e+001
<STATE> 3
<NUMMIXES> 2
<MIXTURE> 1 7.376156e-001
<MEAN> 22
 2.423638e+000 2.302053e+000 9.390888e-001 9.281231e-001 1.260708e+001 1.202962e+001 1.047131e+002 1.015798e+002 6.676134e+001 6.045115e+001 2.022791e+002 2.007777e+002 1.213831e+002 1.195935e+002 6.972815e+000 5.000059e+000 6.213574e+000 5.896473e+000 5.995886e+000 5.994690e+000 2.161169e+000 2.142617e+000
<VARIANCE> 22
 2.284992e+001 1.431675e+001 4.036106e+000 2.377516e+000 2.745791e+002 1.827181e+002 4.889241e+002 2.396588e+002 1.203128e+002 8.140691e+001 7.804663e+002 4.768761e+002 2.905904e+002 1.530612e+002 1.648542e-001 1.793315e-002 1.695338e-001 9.282762e-002 2.082488e-002 5.618803e-002 5.721651e+000 5.689066e+000
<GCONST> 9.045570e+001
<MIXTURE> 2 2.624105e-001
<MEAN> 22
 8.481297e+000 1.039948e+001 1.959769e+000 2.512753e+000 5.847127e+001 6.482061e+001 7.577992e+001 7.432021e+001 6.893275e+001 6.281109e+001 1.284871e+002 1.304539e+002 1.038673e+002 1.054566e+002 3.993021e+000 3.966356e+000 5.798919e+000 5.509072e+000 4.813152e+000 4.342458e+000 2.432731e+000 2.415428e+000
<VARIANCE> 22
 1.837669e+002 2.130448e+002 1.095374e+001 1.493656e+001 3.056631e+003 2.942067e+003 1.282245e+003 1.238410e+003 2.882246e+002 2.286023e+002 2.923768e+003 2.990120e+003 2.744294e+002 1.610371e+002 8.710396e+000 1.850063e+000 2.600797e+000 5.337398e-001 2.273609e+000 6.619206e+000 5.181782e+000 4.816035e+000
<GCONST> 1.332077e+002
<STATE> 4
<NUMMIXES> 2
<MIXTURE> 1 4.588768e-001
<MEAN> 22
 1.092162e+000 1.551626e+000 4.923933e-001 7.134530e-001 5.524199e+000 6.388595e+000 1.059048e+002 1.044367e+002 6.548270e+001 6.335594e+001 2.124879e+002 2.113875e+002 1.257640e+002 1.262572e+002 6.999980e+000 4.999979e+000 6.046470e+000 5.942273e+000 6.001624e+000 5.999758e+000 1.801603e+000 1.761418e+000
<VARIANCE> 22
 4.801632e+000 8.978520e+000 3.300596e+000 2.164982e+000 4.956259e+001 5.429972e+001 1.153750e+002 1.075444e+002 3.922894e+001 3.991740e+001 2.664190e+002 2.990672e+002 8.570611e+001 8.911579e+001 6.504287e-002 1.793315e-002 4.429301e-002 5.441192e-002 2.082488e-002 5.618803e-002 5.422562e+000 5.301502e+000
<GCONST> 7.489626e+001
<MIXTURE> 2 5.411181e-001
<MEAN> 22
 1.238526e+000 2.850478e+000 4.269176e-001 8.925450e-001 5.853315e+000 1.176845e+001 8.400253e+001 8.260423e+001 5.447219e+001 5.433370e+001 1.777529e+002 1.736532e+002 1.083070e+002 1.069982e+002 6.944351e+000 4.921031e+000 6.005597e+000 5.913577e+000 5.983057e+000 5.895131e+000 1.658769e+000 1.972675e+000
<VARIANCE> 22
 1.103370e+001 3.997826e+001 3.300596e+000 2.946903e+000 1.453808e+002 5.074598e+002 5.883671e+001 1.167458e+002 2.269782e+001 6.281727e+001 1.611280e+002 4.627190e+002 3.112335e+001 3.879932e+001 3.412244e-001 1.711874e-001 2.326111e-002 9.248126e-002 3.937548e-002 6.254734e-001 5.136999e+000 5.659442e+000
<GCONST> 8.510316e+001
<TRANSP> 5
 0.000000e+000 1.000000e+000 0.000000e+000 0.000000e+000 0.000000e+000
 0.000000e+000 9.145238e-001 8.547617e-002 0.000000e+000 0.000000e+000
 0.000000e+000 0.000000e+000 9.957103e-001 4.289720e-003 0.000000e+000
 0.000000e+000 0.000000e+000 0.000000e+000 9.963030e-001 3.696956e-003
 0.000000e+000 0.000000e+000 0.000000e+000 0.000000e+000 0.000000e+000
<ENDHMM>
