~o
<STREAMINFO> 1 22
<VECSIZE> 22<NULLD><MFCC_0><DIAGC>
~h "BN"
<BEGINHMM>
<NUMSTATES> 5
<STATE> 2
<NUMMIXES> 2
<MIXTURE> 1 3.205987e-001
<MEAN> 22
 9.113039e+000 1.368745e+001 5.302765e+000 5.512308e+000 1.847833e+001 2.192790e+001 8.091494e+001 7.345974e+001 5.903684e+001 5.567895e+001 1.770231e+002 1.678523e+002 1.101010e+002 1.080253e+002 6.884708e+000 5.027998e+000 6.066993e+000 5.909035e+000 5.810517e+000 6.125140e+000 2.429632e+000 2.226312e+000
<VARIANCE> 22
 2.387806e+003 1.612466e+003 1.922737e+003 1.215438e+003 4.151501e+002 4.131971e+002 6.053290e+002 5.686093e+002 6.506511e+001 5.860225e+001 8.868957e+002 1.009448e+003 1.595112e+002 1.602113e+002 1.670526e-001 1.565514e-001 6.250463e-002 8.268996e-002 1.596970e-001 2.414020e-001 5.726532e+000 4.045368e+000
<GCONST> 1.181404e+002
<MIXTURE> 2 6.794014e-001
<MEAN> 22
 5.998476e+000 8.118807e+000 1.640156e+000 2.700930e+000 1.445470e+002 1.577019e+002 7.182636e+001 8.489429e+001 7.008353e+001 7.181637e+001 1.080418e+002 7.301879e+001 9.334482e+001 9.219893e+001 3.039249e+000 2.481630e+000 4.680549e+000 4.064307e+000 4.064308e+000 2.080524e+000 2.288508e+000 2.373108e+000
<VARIANCE> 22
 1.251307e+002 2.308169e+002 1.017969e+001 1.639032e+001 3.282168e+004 1.701048e+004 2.333771e+003 2.679020e+003 9.714674e+002 1.147128e+003 5.851672e+003 3.373520e+003 1.734938e+003 1.335537e+003 8.176951e+000 2.128407e+000 7.472659e+000 3.323145e+000 3.673348e+000 5.332972e+000 6.088882e+000 5.743864e+000
<GCONST> 1.495865e+002
<STATE> 3
<NUMMIXES> 2
<MIXTURE> 1 3.936429e-001
<MEAN> 22
 1.498688e+000 2.096005e+001 4.967561e-001 5.317132e+000 7.513224e+000 1.369859e+002 1.004573e+002 1.020161e+002 6.222279e+001 8.565607e+001 2.038234e+002 8.369464e+001 1.219214e+002 1.107347e+002 6.998802e+000 3.025060e+000 6.102278e+000 4.622620e+000 5.998211e+000 2.560220e+000 1.745148e+000 3.631669e+000
<VARIANCE> 22
 9.975677e+000 3.738953e+002 3.300596e+000 2.867552e+001 9.956165e+001 5.796372e+003 3.284062e+002 1.657595e+003 6.842415e+001 5.753234e+002 6.696245e+002 2.908958e+003 2.281071e+002 1.782656e+002 6.504287e-002 1.238901e+000 9.241426e-002 8.818628e-001 2.082488e-002 5.697802e+000 5.513698e+000 5.327026e+000
<GCONST> 1.115795e+002
<MIXTURE> 2 6.063588e-001
<MEAN> 22
 8.940542e-001 4.844690e+000 4.316490e-001 1.561413e+000 9.850796e+000 1.725317e+002 8.692545e+001 1.187208e+002 5.629531e+001 8.851595e+001 1.808002e+002 3.180874e+001 1.098449e+002 9.654433e+001 6.933056e+000 2.062136e+000 6.007025e+000 3.675214e+000 5.960651e+000 1.102454e+000 1.366025e+000 2.642228e+000
<VARIANCE> 22
 4.801632e+000 4.258377e+001 3.300596e+000 3.555490e+000 5.798140e+002 9.767060e+002 1.375714e+002 2.007580e+002 5.615477e+001 2.621451e+002 4.162632e+002 3.297109e+002 6.293714e+001 8.312408e+001 3.626274e-001 1.165591e-001 2.319855e-001 4.725596e-001 1.154234e-001 2.999312e-001 4.865087e+000 5.959685e+000
<GCONST> 9.630782e+001
<STATE> 4
<NUMMIXES> 2
<MIXTURE> 1 4.297965e-001
<MEAN> 22
 1.395584e+001 5.073842e+000 3.123043e+000 1.656026e+000 5.269532e+001 2.391587e+001 8.763217e+001 9.491415e+001 7.151063e+001 5.803832e+001 1.543170e+002 1.941238e+002 1.144856e+002 1.168863e+002 4.871919e+000 4.992365e+000 6.402889e+000 5.852516e+000 5.197870e+000 6.011246e+000 3.655717e+000 2.775367e+000
<VARIANCE> 22
 3.027717e+002 6.838803e+001 2.009481e+001 6.303123e+000 2.884826e+003 8.698955e+002 6.208455e+002 3.236279e+002 2.775177e+002 6.496747e+001 3.850567e+003 5.117746e+002 2.727741e+002 1.197040e+002 8.439998e+000 2.200727e-002 2.432439e-001 1.257332e-001 1.758538e+000 5.618803e-002 5.904633e+000 6.557873e+000
<GCONST> 1.130177e+002
<MIXTURE> 2 5.702032e-001
<MEAN> 22
 6.140236e+000 1.616305e+000 2.549293e+000 7.405121e-001 1.634588e+002 1.813131e+001 1.268727e+002 8.620323e+001 9.192823e+001 5.856719e+001 3.475784e+001 1.794192e+002 9.917062e+001 1.150769e+002 1.972209e+000 4.712348e+000 7.676533e-001 5.817783e+000 2.863373e+000 5.641599e+000 2.996984e+000 1.931355e+000
<VARIANCE> 22
 8.374658e+001 1.231566e+001 1.790239e+001 2.164982e+000 3.850477e+003 7.593011e+002 3.749805e+002 7.983760e+002 3.253377e+002 6.828856e+001 3.759067e+002 1.719398e+003 2.194704e+002 1.705862e+002 3.707306e-001 4.320390e-001 1.565433e+000 1.850459e-001 2.659078e-001 2.618316e+000 6.212844e+000 5.673029e+000
<GCONST> 1.125750e+002
<TRANSP> 5
 0.000000e+000 1.000000e+000 0.000000e+000 0.000000e+000 0.000000e+000
 0.000000e+000 8.123059e-001 1.876941e-001 0.000000e+000 0.000000e+000
 0.000000e+000 0.000000e+000 9.556177e-001 4.438237e-002 0.000000e+000
 0.000000e+000 0.000000e+000 0.000000e+000 9.267327e-001 7.326734e-002
 0.000000e+000 0.000000e+000 0.000000e+000 0.000000e+000 0.000000e+000
<ENDHMM>
~h "BS"
<BEGINHMM>
<NUMSTATES> 5
<STATE> 2
<NUMMIXES> 2
<MIXTURE> 1 7.325313e-002
<MEAN> 22
 3.621693e+001 3.400201e+001 2.235939e+001 1.942813e+001 4.428740e+002 3.206762e+002 1.035808e+002 9.477361e+001 6.815784e+001 6.613765e+001 1.602902e+002 1.473469e+002 1.129510e+002 1.129377e+002 1.548690e+000 3.840990e+000 6.706143e+000 5.319789e+000 3.311615e+000 4.121004e+000 1.849274e+000 2.424841e+000
<VARIANCE> 22
 9.813582e+003 7.287302e+003 8.617846e+003 5.661283e+003 3.450241e+004 1.470845e+004 1.749248e+003 1.435496e+003 3.383312e+001 2.164658e+001 1.303652e+003 8.881611e+002 1.211023e+002 7.816142e+001 6.930349e+000 1.456127e+000 2.075050e-001 2.346115e-001 8.709946e+000 3.389147e+000 5.757070e+000 6.074028e+000
<GCONST> 1.469454e+002
<MIXTURE> 2 9.267473e-001
<MEAN> 22
 1.326213e+001 1.311448e+001 2.263960e+000 2.306777e+000 5.092159e+001 5.020568e+001 6.485226e+001 6.267994e+001 6.350413e+001 6.022636e+001 1.559103e+002 1.519184e+002 1.092816e+002 1.086525e+002 5.871672e+000 4.626940e+000 5.985989e+000 5.831146e+000 5.406601e+000 5.585068e+000 2.755384e+000 1.973090e+000
<VARIANCE> 22
 1.649103e+002 1.511551e+002 5.628891e+000 6.194964e+000 4.388375e+003 3.296403e+003 1.009400e+003 9.365458e+002 1.521012e+002 1.540213e+002 1.865063e+003 1.954231e+003 3.350638e+002 2.998207e+002 4.893144e+000 1.400023e+000 5.946801e-001 5.237591e-001 9.672285e-001 4.090612e+000 3.081766e+000 3.828154e+000
<GCONST> 1.256443e+002
<STATE> 3
<NUMMIXES> 2
<MIXTURE> 1 4.198587e-001
<MEAN> 22
 1.466047e+001 1.494090e+001 3.556447e+000 3.467847e+000 1.312905e+002 1.237132e+002 1.459115e+002 1.411461e+002 8.883418e+001 7.858421e+001 1.532459e+002 1.605438e+002 1.163735e+002 1.148700e+002 4.455996e-001 3.716685e+000 4.426154e+000 4.724855e+000 1.813560e+000 3.836536e+000 2.915493e+000 3.870635e+000
<VARIANCE> 22
 4.243212e+002 4.402678e+002 1.904503e+001 2.101611e+001 1.505802e+003 1.696836e+003 1.007639e+003 8.899557e+002 1.852051e+002 2.652600e+002 2.128422e+003 1.294076e+003 1.777465e+002 1.378884e+002 3.210237e-001 3.389769e-001 1.125114e+001 2.550930e-001 6.107492e+000 9.233785e-001 6.454170e+000 5.576291e+000
<GCONST> 1.269104e+002
<MIXTURE> 2 5.801409e-001
<MEAN> 22
 2.164795e+001 2.230627e+001 3.692613e+000 3.613873e+000 9.278064e+001 9.506286e+001 4.742737e+001 4.861247e+001 6.497636e+001 6.075872e+001 9.476364e+001 9.369971e+001 1.004239e+002 1.011970e+002 2.142965e+000 2.847503e+000 6.145010e+000 5.757020e+000 4.151853e+000 2.424756e+000 2.712297e+000 2.824468e+000
<VARIANCE> 22
 3.458352e+002 3.600429e+002 2.317866e+001 1.792473e+001 1.585164e+003 1.265745e+003 6.447985e+002 6.471852e+002 1.168074e+002 1.219903e+002 9.109618e+002 8.260813e+002 1.167010e+002 9.929343e+001 4.071235e+000 2.200490e+000 3.682337e-001 3.688813e-001 1.880036e+000 7.912884e+000 5.338960e+000 4.381907e+000
<GCONST> 1.241503e+002
<STATE> 4
<NUMMIXES> 2
<MIXTURE> 1 4.465832e-001
<MEAN> 22
 9.204007e+000 8.842061e+000 2.483717e+000 2.143687e+000 3.442762e+001 3.514235e+001 1.024620e+002 9.972091e+001 6.545592e+001 6.012637e+001 1.935093e+002 1.914016e+002 1.153089e+002 1.146614e+002 6.724563e+000 4.942821e+000 6.440932e+000 5.518742e+000 6.059291e+000 5.833729e+000 3.870147e+000 3.684287e+000
<VARIANCE> 22
 8.306397e+001 7.900197e+001 7.269710e+000 5.496511e+000 1.082099e+003 8.342173e+002 5.903046e+002 4.282588e+002 1.053711e+002 8.693093e+001 7.739967e+002 6.596055e+002 1.878895e+002 1.458006e+002 1.626666e+000 1.310579e-001 2.841596e-001 2.502701e-001 1.952049e-001 3.228144e-001 4.474470e+000 8.366665e+000
<GCONST> 1.082169e+002
<MIXTURE> 2 5.534165e-001
<MEAN> 22
 6.316212e+000 6.043733e+000 1.762361e+000 1.640595e+000 9.049815e+001 8.908199e+001 1.169154e+002 1.179953e+002 6.846464e+001 6.381173e+001 1.566648e+002 1.560886e+002 1.052568e+002 1.048889e+002 7.474849e-003 3.999265e+000 6.999494e+000 5.000000e+000 3.505280e+000 4.354835e+000 3.061669e+000 3.803878e+000
<VARIANCE> 22
 6.457700e+001 5.835275e+001 5.950344e+000 5.044426e+000 7.155381e+002 6.530517e+002 5.867568e+002 5.136169e+002 9.816225e+001 1.274541e+002 4.217437e+002 4.581447e+002 7.313773e+001 7.986115e+001 6.504287e-002 1.793315e-002 2.326111e-002 1.170389e-002 1.191354e+001 2.648587e-001 6.494820e+000 7.382786e+000
<GCONST> 9.807542e+001
<TRANSP> 5
 0.000000e+000 1.000000e+000 0.000000e+000 0.000000e+000 0.000000e+000
 0.000000e+000 7.646784e-001 2.353216e-001 0.000000e+000 0.000000e+000
 0.000000e+000 0.000000e+000 9.244562e-001 7.554378e-002 0.000000e+000
 0.000000e+000 0.000000e+000 0.000000e+000 9.481804e-001 5.181960e-002
 0.000000e+000 0.000000e+000 0.000000e+000 0.000000e+000 0.000000e+000
<ENDHMM>
~h "CF"
<BEGINHMM>
<NUMSTATES> 5
<STATE> 2
<NUMMIXES> 2
<MIXTURE> 1 2.404755e-001
<MEAN> 22
 7.753489e+000 1.383257e+001 5.171676e+000 6.001183e+000 1.081091e+001 2.263134e+001 9.237820e+001 7.873946e+001 5.901310e+001 5.901698e+001 1.906362e+002 1.768470e+002 1.143389e+002 1.124805e+002 6.969064e+000 4.980677e+000 6.043839e+000 5.970817e+000 5.981756e+000 6.110820e+000 2.052153e+000 2.135922e+000
<VARIANCE> 22
 1.821223e+003 1.410626e+003 1.715076e+003 1.012614e+003 1.501584e+002 3.975988e+002 2.626560e+002 5.446876e+002 6.769459e+001 6.986827e+001 5.290892e+002 8.529005e+002 1.368043e+002 1.407389e+002 1.026007e-001 3.357278e-002 7.822783e-002 2.833134e-002 3.969738e-002 1.809037e-001 5.668473e+000 3.442770e+000
<GCONST> 1.100270e+002
<MIXTURE> 2 7.595246e-001
<MEAN> 22
 8.456083e+000 7.052933e+000 3.067645e+000 2.425495e+000 8.522684e+001 8.510909e+001 8.445413e+001 6.770042e+001 7.936177e+001 6.506878e+001 8.745840e+001 1.048333e+002 9.601987e+001 1.032578e+002 2.743362e+000 3.239137e+000 4.547757e+000 5.068185e+000 3.787441e+000 3.477768e+000 2.906882e+000 2.685014e+000
<VARIANCE> 22
 2.247162e+002 1.233348e+002 2.325811e+001 1.706960e+001 8.284538e+003 6.980213e+003 2.308595e+003 1.724230e+003 6.542094e+002 5.493077e+002 3.494419e+003 3.359210e+003 6.387708e+002 5.213367e+002 5.075886e+000 2.314294e+000 6.067601e+000 1.921407e+000 2.283510e+000 7.823508e+000 6.022979e+000 5.638341e+000
<GCONST> 1.428310e+002
<STATE> 3
<NUMMIXES> 2
<MIXTURE> 1 3.493519e-001
<MEAN> 22
 2.644390e+000 2.369303e+001 9.930957e-001 5.924422e+000 1.766134e+001 1.252925e+002 9.965099e+001 9.194779e+001 6.376525e+001 8.660809e+001 1.926332e+002 9.168973e+001 1.175124e+002 1.029282e+002 6.830661e+000 3.219609e+000 6.208177e+000 4.680839e+000 5.891544e+000 2.967490e+000 2.091325e+000 3.885087e+000
<VARIANCE> 22
 2.525203e+001 5.083433e+002 3.618390e+000 4.358229e+001 1.036848e+003 5.803734e+003 6.007003e+002 2.047358e+003 1.296479e+002 4.840730e+002 1.569060e+003 2.928380e+003 3.063658e+002 2.880066e+002 8.058518e-001 1.361705e+000 6.171015e-001 1.708558e+000 2.751543e-001 7.330408e+000 6.000726e+000 5.068029e+000
<GCONST> 1.266241e+002
<MIXTURE> 2 6.506474e-001
<MEAN> 22
 9.369966e-001 6.471814e+000 4.548461e-001 3.052824e+000 5.883859e+000 1.944549e+002 9.018010e+001 1.289012e+002 5.715763e+001 1.020017e+002 1.859567e+002 3.122483e+001 1.110279e+002 8.358788e+001 7.000000e+000 2.000000e+000 6.006855e+000 2.941767e+000 5.999996e+000 9.933448e-001 1.418658e+000 2.539063e+000
<VARIANCE> 22
 4.801632e+000 9.444424e+001 3.300596e+000 1.882503e+001 4.956259e+001 9.259738e+002 1.842133e+002 4.354562e+002 4.990658e+001 3.958655e+002 3.633638e+002 1.489843e+002 1.038406e+002 2.373569e+002 6.504287e-002 1.793315e-002 2.326111e-002 1.259263e+000 2.082488e-002 5.618803e-002 5.141214e+000 5.749441e+000
<GCONST> 8.996049e+001
<STATE> 4
<NUMMIXES> 2
<MIXTURE> 1 4.257865e-001
<MEAN> 22
 8.965407e+000 5.864840e+000 2.685257e+000 2.165478e+000 2.886311e+001 2.411081e+001 9.064831e+001 9.744720e+001 6.580270e+001 6.095694e+001 1.869783e+002 1.947087e+002 1.164920e+002 1.164843e+002 6.338232e+000 5.000435e+000 6.197741e+000 5.709041e+000 5.887440e+000 5.986261e+000 3.373257e+000 3.062294e+000
<VARIANCE> 22
 1.771275e+002 6.368597e+001 1.402958e+001 8.106699e+000 7.914800e+002 5.763263e+002 6.381589e+002 3.304732e+002 1.617753e+002 9.449416e+001 1.049033e+003 5.128600e+002 2.063474e+002 1.286651e+002 3.979731e+000 1.793315e-002 1.586431e-001 2.071729e-001 1.212556e-001 5.618803e-002 6.424653e+000 6.405570e+000
<GCONST> 1.054780e+002
<MIXTURE> 2 5.742131e-001
<MEAN> 22
 1.060338e+001 1.556102e+000 3.866542e+000 8.182776e-001 1.719971e+002 2.517794e+001 1.210017e+002 9.695677e+001 9.698705e+001 5.770278e+001 3.827351e+001 1.917289e+002 8.550488e+001 1.134979e+002 1.909870e+000 4.977096e+000 2.489748e+000 5.672701e+000 3.043278e+000 5.953179e+000 3.152951e+000 2.051351e+000
<VARIANCE> 22
 2.147878e+002 8.403275e+000 2.928868e+001 2.164982e+000 3.457936e+003 1.106489e+003 1.191977e+003 2.399037e+002 4.590836e+002 8.485063e+001 5.175067e+002 4.441166e+002 4.464988e+002 1.196880e+002 2.219591e-001 6.629011e-002 4.660463e+000 2.414883e-001 2.388119e-001 2.189940e-001 6.216483e+000 5.596175e+000
<GCONST> 1.101014e+002
<TRANSP> 5
 0.000000e+000 1.000000e+000 0.000000e+000 0.000000e+000 0.000000e+000
 0.000000e+000 8.367137e-001 1.632863e-001 0.000000e+000 0.000000e+000
 0.000000e+000 0.000000e+000 9.501738e-001 4.982619e-002 0.000000e+000
 0.000000e+000 0.000000e+000 0.000000e+000 9.306567e-001 6.934330e-002
 0.000000e+000 0.000000e+000 0.000000e+000 0.000000e+000 0.000000e+000
<ENDHMM>
~h "CN"
<BEGINHMM>
<NUMSTATES> 5
<STATE> 2
<NUMMIXES> 2
<MIXTURE> 1 4.178182e-001
<MEAN> 22
 8.700507e+000 8.182611e+000 2.877754e+000 2.753265e+000 2.115444e+001 2.359018e+001 9.285166e+001 8.873636e+001 6.386710e+001 5.942783e+001 1.920638e+002 1.885776e+002 1.189332e+002 1.170481e+002 6.999014e+000 5.000000e+000 6.131792e+000 5.935067e+000 5.999439e+000 6.016331e+000 2.756819e+000 1.962839e+000
<VARIANCE> 22
 5.289161e+002 4.141647e+002 3.706896e+002 2.725787e+002 3.517545e+002 5.060166e+002 5.984921e+002 4.012457e+002 9.204974e+001 6.772678e+001 8.177568e+002 6.563879e+002 2.511277e+002 1.908778e+002 6.504287e-002 1.793315e-002 1.144227e-001 6.071579e-002 2.082488e-002 5.618803e-002 3.245454e+000 3.991840e+000
<GCONST> 1.055285e+002
<MIXTURE> 2 5.821813e-001
<MEAN> 22
 2.081993e+001 2.063806e+001 2.607084e+000 2.902843e+000 9.228299e+001 8.804324e+001 4.352222e+001 4.550524e+001 6.557518e+001 6.212284e+001 9.964371e+001 9.900009e+001 1.054527e+002 1.046273e+002 3.022958e+000 3.330663e+000 6.018842e+000 5.875132e+000 4.291419e+000 3.081906e+000 2.631231e+000 2.041267e+000
<VARIANCE> 22
 3.272831e+002 3.068006e+002 9.519622e+000 1.168187e+001 2.107114e+003 2.063236e+003 4.795009e+002 6.297711e+002 1.165850e+002 1.092327e+002 1.444650e+003 1.663117e+003 1.650309e+002 1.349959e+002 6.080418e+000 2.085976e+000 1.921500e-001 4.293954e-001 7.594163e-001 9.841285e+000 2.249488e+000 3.096833e+000
<GCONST> 1.227184e+002
<STATE> 3
<NUMMIXES> 2
<MIXTURE> 1 4.696903e-001
<MEAN> 22
 8.758172e+000 8.372660e+000 1.135189e+000 1.035109e+000 1.648874e+002 1.589398e+002 8.570510e+001 8.256960e+001 6.858538e+001 6.672075e+001 3.922327e+001 4.321687e+001 1.063569e+002 1.083004e+002 2.063316e+000 1.835460e+000 5.535332e+000 5.867095e+000 3.107291e+000 8.285040e-001 2.962120e+000 2.882080e+000
<VARIANCE> 22
 1.528845e+002 1.745968e+002 3.300596e+000 2.164982e+000 1.658785e+003 1.421294e+003 4.296071e+002 5.323741e+002 1.591486e+002 1.754715e+002 3.951984e+002 5.447582e+002 2.420526e+002 1.856961e+002 1.240501e-001 2.200396e-001 1.587672e+000 1.189299e+000 1.344982e-001 2.283681e-001 6.000832e+000 6.035159e+000
<GCONST> 1.099768e+002
<MIXTURE> 2 5.303109e-001
<MEAN> 22
 6.378452e+000 7.530370e+000 1.236888e+000 9.938594e-001 1.319598e+002 1.260156e+002 6.145692e+001 5.951628e+001 6.481789e+001 6.192503e+001 4.472321e+001 4.672038e+001 1.005302e+002 1.012500e+002 2.006747e+000 2.000000e+000 6.000000e+000 6.000000e+000 3.230069e+000 7.547308e-001 3.372457e+000 3.300349e+000
<VARIANCE> 22
 6.075209e+001 9.381265e+001 3.560206e+000 2.164982e+000 1.159300e+003 9.036241e+002 2.929789e+002 3.341582e+002 5.075857e+001 5.548855e+001 2.318010e+002 2.884275e+002 5.172169e+001 5.124124e+001 6.504287e-002 1.793315e-002 2.326111e-002 1.170389e-002 1.771349e-001 1.851158e-001 6.006089e+000 5.983059e+000
<GCONST> 8.861480e+001
<STATE> 4
<NUMMIXES> 2
<MIXTURE> 1 3.979581e-001
<MEAN> 22
 1.057708e+001 9.616474e+000 3.178037e+000 2.752308e+000 3.901290e+001 3.142761e+001 9.929643e+001 9.543783e+001 6.505205e+001 6.061350e+001 1.953905e+002 1.929440e+002 1.163600e+002 1.154650e+002 6.989934e+000 5.000002e+000 6.281281e+000 5.778865e+000 6.012997e+000 5.978878e+000 3.789467e+000 3.697922e+000
<VARIANCE> 22
 1.183049e+002 9.688963e+001 8.598985e+000 7.190400e+000 7.098449e+003 4.429198e+003 4.349998e+002 3.490341e+002 9.375724e+001 6.486560e+001 5.077348e+002 4.677639e+002 1.501225e+002 1.186217e+002 6.504287e-002 1.793315e-002 2.021637e-001 1.722348e-001 2.082488e-002 5.618803e-002 7.951218e+000 4.567201e+000
<GCONST> 1.007072e+002
<MIXTURE> 2 6.020420e-001
<MEAN> 22
 1.669256e+001 1.618979e+001 2.177472e+000 2.439781e+000 9.362216e+001 9.165651e+001 5.334735e+001 5.149808e+001 6.763432e+001 6.569902e+001 1.160180e+002 1.101028e+002 1.067183e+002 1.072758e+002 3.574031e+000 3.290701e+000 6.050967e+000 5.911919e+000 4.441300e+000 3.068195e+000 4.223406e+000 4.114079e+000
<VARIANCE> 22
 4.073338e+002 3.485029e+002 1.064519e+001 1.577147e+001 3.626361e+003 3.095654e+003 1.234668e+003 1.278679e+003 2.196609e+002 1.635335e+002 1.811190e+003 1.918824e+003 3.095326e+002 1.863181e+002 5.864660e+000 3.699054e+000 3.843701e-001 3.364034e-001 1.477043e+000 9.450897e+000 6.806871e+000 5.162799e+000
<GCONST> 1.316656e+002
<TRANSP> 5
 0.000000e+000 1.000000e+000 0.000000e+000 0.000000e+000 0.000000e+000
 0.000000e+000 8.407916e-001 1.592084e-001 0.000000e+000 0.000000e+000
 0.000000e+000 0.000000e+000 9.635907e-001 3.640931e-002 0.000000e+000
 0.000000e+000 0.000000e+000 0.000000e+000 9.193727e-001 8.062726e-002
 0.000000e+000 0.000000e+000 0.000000e+000 0.000000e+000 0.000000e+000
<ENDHMM>
~h "CP"
<BEGINHMM>
<NUMSTATES> 5
<STATE> 2
<NUMMIXES> 2
<MIXTURE> 1 7.793978e-001
<MEAN> 22
 1.347505e+001 1.185608e+001 3.923357e+000 3.388841e+000 5.421911e+001 5.694643e+001 1.050779e+002 1.049545e+002 7.477211e+001 6.937267e+001 1.811658e+002 1.849595e+002 1.228938e+002 1.190133e+002 3.673918e+000 4.567096e+000 6.666379e+000 5.470923e+000 5.351640e+000 5.493299e+000 3.220848e+000 3.169230e+000
<VARIANCE> 22
 7.325412e+002 4.849722e+002 5.055506e+002 2.900825e+002 1.433720e+003 1.660778e+003 1.307688e+003 1.454049e+003 1.998153e+002 2.070110e+002 2.198062e+003 1.263587e+003 4.515014e+002 2.499062e+002 1.165774e+001 3.436843e-001 2.266187e-001 2.494512e-001 4.287504e+000 9.466403e-001 5.420061e+000 5.357274e+000
<GCONST> 1.346362e+002
<MIXTURE> 2 2.206019e-001
<MEAN> 22
 6.877605e+000 4.142366e+000 9.752492e-001 9.770098e-001 3.271142e+002 2.390513e+002 5.837698e+001 4.759619e+001 3.355357e+001 3.091184e+001 4.717752e+001 6.155106e+001 4.912986e+001 5.072847e+001 9.126249e-001 1.582298e+000 1.094439e+000 2.465812e+000 1.118193e+000 1.526752e+000 1.378896e+000 1.535658e+000
<VARIANCE> 22
 4.146172e+002 7.947581e+001 4.294223e+000 4.475762e+000 3.058489e+004 2.044364e+004 4.989292e+003 3.807040e+003 1.508548e+003 1.229241e+003 4.218275e+003 5.772485e+003 3.027893e+003 3.065534e+003 2.463898e+000 3.729059e+000 4.867333e+000 7.380661e+000 2.652819e+000 5.072700e+000 5.005414e+000 5.590168e+000
<GCONST> 1.500204e+002
<STATE> 3
<NUMMIXES> 2
<MIXTURE> 1 5.223057e-001
<MEAN> 22
 1.171904e+001 1.082726e+001 2.996141e+000 3.010602e+000 4.740779e+001 3.752724e+001 9.488885e+001 9.879035e+001 7.289527e+001 6.804758e+001 1.894022e+002 1.916273e+002 1.239953e+002 1.225154e+002 6.250819e+000 4.815548e+000 6.469716e+000 5.441340e+000 6.018394e+000 5.794338e+000 3.676301e+000 3.464923e+000
<VARIANCE> 22
 1.056391e+002 1.029102e+002 1.019950e+001 1.048753e+001 1.317658e+003 5.587684e+002 6.448460e+002 5.126190e+002 1.134760e+002 1.001434e+002 7.485640e+002 6.798803e+002 1.557149e+002 1.252237e+002 4.635989e+000 1.638139e-001 2.490800e-001 2.465575e-001 1.460572e-001 3.069396e-001 5.369975e+000 5.194104e+000
<GCONST> 1.101322e+002
<MIXTURE> 2 4.776929e-001
<MEAN> 22
 1.077502e+001 1.122015e+001 3.118470e+000 3.056005e+000 6.970189e+001 6.119661e+001 5.964055e+001 6.380642e+001 7.357390e+001 6.903123e+001 1.180450e+002 1.212502e+002 1.050972e+002 1.050768e+002 3.057814e-001 3.741359e+000 6.773682e+000 5.183794e+000 5.125434e+000 4.743254e+000 3.386071e+000 3.118688e+000
<VARIANCE> 22
 1.214599e+002 1.114964e+002 1.557500e+001 1.340280e+001 7.547142e+002 8.876946e+002 3.310467e+002 4.419328e+002 1.443417e+002 1.832417e+002 5.186962e+002 6.395385e+002 1.227708e+002 1.190097e+002 5.558698e-001 5.015337e-001 2.393988e-001 1.750553e-001 2.128887e+000 5.501901e+000 5.258646e+000 5.060056e+000
<GCONST> 1.143733e+002
<STATE> 4
<NUMMIXES> 2
<MIXTURE> 1 6.462197e-001
<MEAN> 22
 6.587983e+000 6.701249e+000 1.712955e+000 1.899609e+000 3.026461e+001 2.954765e+001 8.386618e+001 8.395131e+001 6.195187e+001 5.909129e+001 1.751706e+002 1.758119e+002 1.102300e+002 1.103229e+002 6.995577e+000 4.999757e+000 6.238159e+000 5.669852e+000 6.000644e+000 5.987169e+000 3.858516e+000 3.691555e+000
<VARIANCE> 22
 4.128290e+001 4.308490e+001 3.489446e+000 4.434165e+000 6.226022e+002 5.063292e+002 3.114580e+002 2.794269e+002 6.707894e+001 7.833440e+001 4.830358e+002 4.497533e+002 9.626649e+001 9.483274e+001 6.504287e-002 1.793315e-002 1.814365e-001 2.211517e-001 2.082488e-002 5.618803e-002 5.497134e+000 5.799344e+000
<GCONST> 9.140772e+001
<MIXTURE> 2 3.537801e-001
<MEAN> 22
 7.534794e+000 7.486673e+000 1.355503e+000 1.248551e+000 5.012633e+001 4.725541e+001 6.093681e+001 6.260634e+001 6.207335e+001 6.005705e+001 1.351507e+002 1.364514e+002 9.944939e+001 9.896665e+001 2.430267e+000 4.314038e+000 6.619358e+000 5.339185e+000 5.912752e+000 5.910526e+000 3.293011e+000 3.139215e+000
<VARIANCE> 22
 5.537137e+001 5.038266e+001 3.302096e+000 2.501734e+000 4.388382e+002 3.706137e+002 2.969478e+002 3.827500e+002 6.859466e+001 1.024171e+002 2.898965e+002 3.425736e+002 5.075787e+001 6.226279e+001 1.079893e+001 3.395602e-001 2.951878e-001 2.485702e-001 4.378877e-001 6.907322e-001 5.287073e+000 5.117961e+000
<GCONST> 1.033299e+002
<TRANSP> 5
 0.000000e+000 1.000000e+000 0.000000e+000 0.000000e+000 0.000000e+000
 0.000000e+000 6.868105e-001 3.131895e-001 0.000000e+000 0.000000e+000
 0.000000e+000 0.000000e+000 9.254283e-001 7.457171e-002 0.000000e+000
 0.000000e+000 0.000000e+000 0.000000e+000 9.461370e-001 5.386304e-002
 0.000000e+000 0.000000e+000 0.000000e+000 0.000000e+000 0.000000e+000
<ENDHMM>
~h "CV"
<BEGINHMM>
<NUMSTATES> 5
<STATE> 2
<NUMMIXES> 2
<MIXTURE> 1 4.067675e-001
<MEAN> 22
 8.919064e+000 9.624166e+000 3.133456e+000 2.969904e+000 2.049588e+001 2.145911e+001 9.071568e+001 8.608039e+001 6.259431e+001 5.821952e+001 1.873913e+002 1.836433e+002 1.158544e+002 1.153469e+002 6.987844e+000 4.993922e+000 6.151750e+000 5.907880e+000 5.993915e+000 6.011587e+000 2.738312e+000 2.273283e+000
<VARIANCE> 22
 5.344250e+002 4.702299e+002 5.170956e+002 3.211816e+002 3.774270e+002 3.684125e+002 5.284429e+002 4.478399e+002 7.953030e+001 5.784109e+001 7.323558e+002 7.031929e+002 1.832996e+002 1.482916e+002 6.504287e-002 2.022398e-002 1.287214e-001 8.565972e-002 2.082488e-002 8.843771e-002 3.264473e+000 4.068715e+000
<GCONST> 1.060492e+002
<MIXTURE> 2 5.932325e-001
<MEAN> 22
 1.971727e+001 1.934812e+001 3.382487e+000 3.213769e+000 1.029131e+002 9.662753e+001 6.520512e+001 6.601916e+001 6.868173e+001 6.034092e+001 1.010796e+002 1.111941e+002 1.088982e+002 1.076236e+002 2.336696e+000 3.521708e+000 6.009638e+000 5.397162e+000 4.082048e+000 3.483642e+000 2.689403e+000 2.580325e+000
<VARIANCE> 22
 4.531007e+002 4.124899e+002 1.531671e+001 1.341842e+001 8.526330e+003 5.874293e+003 9.597773e+002 9.809622e+002 2.273414e+002 1.296887e+002 2.779394e+003 2.505803e+003 3.640827e+002 3.261067e+002 6.453005e+000 1.390274e+000 2.748847e+000 7.186938e-001 2.082926e+000 7.044014e+000 3.851475e+000 3.781588e+000
<GCONST> 1.353537e+002
<STATE> 3
<NUMMIXES> 2
<MIXTURE> 1 3.932306e-001
<MEAN> 22
 8.774968e+000 8.742476e+000 2.636336e+000 2.912731e+000 1.680354e+002 1.631859e+002 9.976993e+001 9.863358e+001 7.229279e+001 6.911042e+001 4.737260e+001 5.227629e+001 1.131494e+002 1.131607e+002 1.680544e+000 2.413184e+000 4.492801e+000 4.775563e+000 2.649339e+000 1.491765e+000 3.393850e+000 3.287151e+000
<VARIANCE> 22
 1.416004e+002 1.358905e+002 1.484779e+001 2.029998e+001 1.822836e+003 1.425570e+003 5.289182e+002 6.622509e+002 1.365296e+002 1.016887e+002 4.627519e+002 4.715218e+002 2.948895e+002 1.959843e+002 3.490770e-001 3.026494e-001 1.016123e+001 7.307405e-001 3.439584e-001 4.479829e-001 5.515101e+000 5.713339e+000
<GCONST> 1.176771e+002
<MIXTURE> 2 6.067693e-001
<MEAN> 22
 5.864409e+000 6.344612e+000 1.251367e+000 1.315197e+000 1.205040e+002 1.217062e+002 6.967083e+001 6.995521e+001 6.078407e+001 5.754861e+001 5.237708e+001 5.272123e+001 9.883870e+001 9.953304e+001 1.338183e+000 2.562584e+000 6.893907e+000 5.175006e+000 2.865285e+000 1.221341e+000 3.496043e+000 3.362488e+000
<VARIANCE> 22
 5.521924e+001 5.695307e+001 3.300596e+000 2.579409e+000 1.226515e+003 8.419769e+002 2.305427e+002 2.727954e+002 3.299008e+001 4.378247e+001 1.948930e+002 2.123349e+002 6.036236e+001 6.287509e+001 2.352426e-001 2.982369e-001 9.493200e-002 2.619095e-001 2.290268e-001 2.855590e-001 5.632440e+000 5.977252e+000
<GCONST> 9.611084e+001
<STATE> 4
<NUMMIXES> 2
<MIXTURE> 1 4.800731e-001
<MEAN> 22
 1.068050e+001 9.618382e+000 3.056262e+000 2.608974e+000 2.315360e+001 2.308018e+001 9.478008e+001 9.245723e+001 6.403493e+001 5.839727e+001 1.911261e+002 1.903799e+002 1.154877e+002 1.146565e+002 6.993747e+000 5.000497e+000 6.223452e+000 5.832294e+000 6.022069e+000 5.989765e+000 4.229398e+000 4.052103e+000
<VARIANCE> 22
 1.090163e+002 1.003279e+002 9.454776e+000 7.313584e+000 4.963934e+002 4.522822e+002 4.514712e+002 3.452754e+002 8.926379e+001 6.617538e+001 6.601584e+002 5.814650e+002 1.771582e+002 1.417033e+002 6.504287e-002 1.793315e-002 1.735198e-001 1.395808e-001 2.173874e-002 5.618803e-002 6.771697e+000 5.023254e+000
<GCONST> 9.626546e+001
<MIXTURE> 2 5.199267e-001
<MEAN> 22
 1.569953e+001 1.564382e+001 2.656243e+000 2.996037e+000 7.810118e+001 6.844728e+001 4.514635e+001 5.021168e+001 6.506181e+001 5.995756e+001 1.055096e+002 1.129830e+002 1.039787e+002 1.042058e+002 2.507917e+000 3.522883e+000 6.147247e+000 5.761022e+000 4.436380e+000 3.413600e+000 4.312531e+000 4.242836e+000
<VARIANCE> 22
 2.762273e+002 2.546954e+002 1.609368e+001 1.633741e+001 1.404526e+003 1.415466e+003 5.489117e+002 6.890357e+002 1.066140e+002 8.944101e+001 1.344539e+003 1.678547e+003 1.559669e+002 1.169485e+002 6.396961e+000 1.969701e+000 2.271878e-001 2.519942e-001 9.647979e-001 9.453153e+000 5.831320e+000 5.572381e+000
<GCONST> 1.234810e+002
<TRANSP> 5
 0.000000e+000 1.000000e+000 0.000000e+000 0.000000e+000 0.000000e+000
 0.000000e+000 8.454815e-001 1.545185e-001 0.000000e+000 0.000000e+000
 0.000000e+000 0.000000e+000 9.467365e-001 5.326344e-002 0.000000e+000
 0.000000e+000 0.000000e+000 0.000000e+000 9.195907e-001 8.040935e-002
 0.000000e+000 0.000000e+000 0.000000e+000 0.000000e+000 0.000000e+000
<ENDHMM>
~h "DC"
<BEGINHMM>
<NUMSTATES> 5
<STATE> 2
<NUMMIXES> 2
<MIXTURE> 1 4.220158e-001
<MEAN> 22
 9.778558e+000 9.281354e+000 3.798020e+000 3.330016e+000 4.243139e+001 4.007942e+001 8.993372e+001 8.651545e+001 6.348356e+001 5.940443e+001 1.879064e+002 1.851116e+002 1.177351e+002 1.167948e+002 6.975563e+000 4.993269e+000 6.178850e+000 5.863034e+000 5.961856e+000 6.009146e+000 2.484760e+000 2.114179e+000
<VARIANCE> 22
 8.945750e+002 6.469880e+002 8.316547e+002 5.122729e+002 1.055631e+004 6.621269e+003 6.847463e+002 4.740921e+002 9.914929e+001 6.146453e+001 8.752433e+002 7.533724e+002 2.316116e+002 1.802881e+002 1.306536e-001 1.793315e-002 1.468615e-001 1.182071e-001 8.407300e-002 1.106993e-001 3.091166e+000 3.477423e+000
<GCONST> 1.177589e+002
<MIXTURE> 2 5.779836e-001
<MEAN> 22
 1.395413e+001 1.348567e+001 2.705635e+000 2.909960e+000 1.082887e+002 9.966315e+001 4.495967e+001 4.580347e+001 6.529581e+001 6.156190e+001 1.104565e+002 1.139060e+002 1.050408e+002 1.029206e+002 1.975952e+000 3.473233e+000 6.052796e+000 5.562896e+000 4.502016e+000 4.267167e+000 2.528838e+000 1.993888e+000
<VARIANCE> 22
 1.603557e+002 1.395477e+002 1.265936e+001 1.587978e+001 1.065219e+004 7.291354e+003 6.786151e+002 7.347049e+002 2.856735e+002 2.189883e+002 1.256038e+003 1.351538e+003 6.439226e+002 5.302878e+002 6.823676e+000 2.183025e+000 1.466164e+000 1.231023e+000 1.981329e+000 9.342639e+000 2.832583e+000 3.175897e+000
<GCONST> 1.335764e+002
<STATE> 3
<NUMMIXES> 2
<MIXTURE> 1 4.898551e-001
<MEAN> 22
 1.382229e+001 1.533448e+001 2.865310e+000 3.208491e+000 1.367030e+002 1.345833e+002 6.719078e+001 6.841847e+001 6.831930e+001 6.545386e+001 5.977050e+001 6.025956e+001 9.860165e+001 9.915812e+001 1.916778e+000 2.220246e+000 5.873752e+000 5.717113e+000 3.405162e+000 8.355080e-001 2.729327e+000 2.677725e+000
<VARIANCE> 22
 2.701385e+002 3.479678e+002 2.644641e+001 3.004890e+001 2.344459e+003 1.684365e+003 5.973953e+002 6.280303e+002 1.122786e+002 1.593432e+002 5.244677e+002 5.704749e+002 1.976272e+002 2.085211e+002 5.060299e-001 4.998993e-001 8.024585e-001 7.185214e-001 3.544335e-001 9.780008e-001 5.480108e+000 5.477329e+000
<GCONST> 1.200308e+002
<MIXTURE> 2 5.101458e-001
<MEAN> 22
 8.811183e+000 9.009425e+000 1.082606e+000 1.159188e+000 1.112838e+002 1.076278e+002 3.099928e+001 3.376694e+001 6.317087e+001 6.071383e+001 7.997706e+001 8.096848e+001 9.958329e+001 1.002585e+002 2.000462e+000 2.007330e+000 6.000123e+000 6.005719e+000 4.000214e+000 2.784594e-002 2.758219e+000 2.442124e+000
<VARIANCE> 22
 1.370634e+002 1.264015e+002 3.300596e+000 2.298139e+000 4.743212e+002 5.176389e+002 1.173911e+002 1.328958e+002 6.835755e+001 8.808635e+001 1.694125e+002 1.789020e+002 9.749519e+001 9.508450e+001 6.022087e-001 8.893150e-001 2.326111e-002 1.017009e-001 2.082488e-002 5.618803e-002 5.408837e+000 5.821091e+000
<GCONST> 9.247018e+001
<STATE> 4
<NUMMIXES> 2
<MIXTURE> 1 5.504980e-001
<MEAN> 22
 9.999472e+000 9.232691e+000 3.177961e+000 2.827057e+000 2.255101e+001 2.220811e+001 9.597102e+001 9.351945e+001 6.417278e+001 5.972173e+001 1.909172e+002 1.902170e+002 1.145886e+002 1.145869e+002 6.996800e+000 5.001608e+000 6.305046e+000 5.722824e+000 6.012838e+000 5.997475e+000 4.105135e+000 3.915473e+000
<VARIANCE> 22
 8.548224e+001 8.169733e+001 8.469483e+000 7.131675e+000 3.602113e+002 3.712664e+002 3.904015e+002 3.463253e+002 9.096412e+001 7.885543e+001 5.181061e+002 4.760718e+002 1.536909e+002 1.270948e+002 6.504287e-002 1.793315e-002 2.119976e-001 2.003515e-001 2.082488e-002 5.618803e-002 7.134982e+000 4.407587e+000
<GCONST> 9.496252e+001
<MIXTURE> 2 4.495026e-001
<MEAN> 22
 1.843155e+001 1.826318e+001 2.890239e+000 2.682291e+000 7.453483e+001 6.684196e+001 3.984511e+001 4.333223e+001 6.620986e+001 6.155177e+001 1.219117e+002 1.264116e+002 1.034816e+002 1.037763e+002 3.533134e+000 4.192574e+000 6.113363e+000 5.810386e+000 4.885264e+000 5.506444e+000 4.267384e+000 4.208398e+000
<VARIANCE> 22
 3.642864e+002 3.557452e+002 2.242392e+001 1.732007e+001 1.399638e+003 1.175842e+003 5.028551e+002 4.885227e+002 1.201937e+002 1.222689e+002 7.946055e+002 8.744949e+002 1.521761e+002 1.212741e+002 8.820171e+000 2.161880e+000 1.670837e-001 2.070768e-001 6.953362e-001 6.275794e+000 7.314946e+000 4.769650e+000
<GCONST> 1.223724e+002
<TRANSP> 5
 0.000000e+000 1.000000e+000 0.000000e+000 0.000000e+000 0.000000e+000
 0.000000e+000 8.697709e-001 1.302291e-001 0.000000e+000 0.000000e+000
 0.000000e+000 0.000000e+000 9.549690e-001 4.503094e-002 0.000000e+000
 0.000000e+000 0.000000e+000 0.000000e+000 9.088540e-001 9.114602e-002
 0.000000e+000 0.000000e+000 0.000000e+000 0.000000e+000 0.000000e+000
<ENDHMM>
~h "FM"
<BEGINHMM>
<NUMSTATES> 5
<STATE> 2
<NUMMIXES> 2
<MIXTURE> 1 1.318001e-001
<MEAN> 22
 1.293286e+001 1.755140e+001 7.740224e+000 7.770198e+000 4.839718e+001 6.826514e+001 6.970020e+001 7.331547e+001 7.148171e+001 7.548792e+001 1.519960e+002 1.309452e+002 1.077762e+002 1.096627e+002 4.626161e+000 3.966984e+000 5.997127e+000 5.351215e+000 5.212997e+000 5.284283e+000 2.695441e+000 3.096310e+000
<VARIANCE> 22
 2.381992e+003 2.388454e+003 1.908541e+003 1.234025e+003 3.652215e+003 3.718345e+003 1.127287e+003 1.223786e+003 4.738209e+002 3.753969e+002 2.158974e+003 2.257136e+003 7.173917e+002 3.388198e+002 9.205490e+000 1.140546e+000 1.496970e+000 5.492591e-001 1.517450e+000 4.864292e+000 7.079946e+000 5.337785e+000
<GCONST> 1.488967e+002
<MIXTURE> 2 8.681999e-001
<MEAN> 22
 7.135787e+000 1.292873e+000 2.006042e+000 6.288859e-001 6.410699e+001 8.922071e+000 6.347237e+001 1.009492e+002 9.514034e+001 5.728869e+001 1.408098e+002 2.011199e+002 1.144458e+002 1.192533e+002 2.260503e+000 5.000000e+000 6.523437e+000 5.904313e+000 5.282001e+000 5.998956e+000 3.142701e+000 1.831345e+000
<VARIANCE> 22
 6.426495e+001 4.063125e+000 7.818390e+000 2.164982e+000 8.000057e+002 7.039490e+001 7.997427e+002 2.056540e+002 4.993737e+002 7.209441e+001 1.169927e+003 3.740623e+002 1.767117e+002 1.307420e+002 1.023553e+001 1.793315e-002 2.494507e-001 8.653043e-002 3.492775e-001 5.618803e-002 6.393402e+000 5.542655e+000
<GCONST> 9.941039e+001
<STATE> 3
<NUMMIXES> 2
<MIXTURE> 1 4.384468e-001
<MEAN> 22
 2.339532e+000 9.210405e+000 8.697354e-001 3.181836e+000 1.566188e+001 5.262082e+001 1.048503e+002 8.150922e+001 6.419662e+001 9.157572e+001 2.058443e+002 1.618688e+002 1.213769e+002 1.165486e+002 6.991043e+000 4.482002e+000 6.139934e+000 5.269925e+000 5.992497e+000 6.297127e+000 2.212834e+000 3.326868e+000
<VARIANCE> 22
 1.758484e+001 8.219347e+001 3.300596e+000 1.691760e+001 6.619117e+002 1.025436e+003 4.520971e+002 4.987530e+002 8.310476e+001 5.882657e+002 8.127189e+002 9.739230e+002 3.299633e+002 1.642042e+002 6.504287e-002 2.820643e-001 1.541878e-001 2.212324e-001 3.752461e-002 3.253700e-001 6.285107e+000 5.625205e+000
<GCONST> 1.045484e+002
<MIXTURE> 2 5.615531e-001
<MEAN> 22
 8.113872e-001 5.915220e+000 3.601703e-001 1.204119e+000 5.707296e+000 6.203452e+001 8.839973e+001 5.094263e+001 5.314173e+001 8.198219e+001 1.830070e+002 1.202261e+002 1.100871e+002 9.870580e+001 6.962909e+000 4.055613e+000 6.002520e+000 5.408199e+000 5.994463e+000 6.291795e+000 1.358941e+000 3.126523e+000
<VARIANCE> 22
 4.801632e+000 3.687648e+001 3.300596e+000 2.164982e+000 4.956259e+001 2.717743e+002 7.062933e+001 2.911477e+002 3.650131e+001 1.430449e+002 1.510444e+002 3.802298e+002 4.135841e+001 5.044769e+001 2.458178e-001 2.795762e-001 2.326111e-002 2.423017e-001 2.082488e-002 2.383172e+000 4.935984e+000 5.828994e+000
<GCONST> 8.667793e+001
<STATE> 4
<NUMMIXES> 2
<MIXTURE> 1 9.018124e-001
<MEAN> 22
 6.315935e+000 5.418844e+000 1.616897e+000 1.648515e+000 4.386322e+001 3.382647e+001 6.035800e+001 5.577590e+001 7.928716e+001 6.525493e+001 1.357849e+002 1.335591e+002 1.055160e+002 1.033604e+002 2.911532e+000 3.988932e+000 6.441377e+000 5.612086e+000 5.303113e+000 5.282550e+000 2.681163e+000 2.561150e+000
<VARIANCE> 22
 7.586530e+001 6.072830e+001 6.332020e+000 8.718079e+000 7.496070e+002 6.936711e+002 8.023124e+002 8.271138e+002 3.801909e+002 1.853769e+002 1.173126e+003 1.364460e+003 1.143598e+002 1.234747e+002 1.030328e+001 1.535142e+000 2.571205e-001 2.386402e-001 5.018804e-001 5.892580e+000 5.831506e+000 6.275923e+000
<GCONST> 1.191054e+002
<MIXTURE> 2 9.818745e-002
<MEAN> 22
 2.114539e-001 1.916300e+000 5.726869e-002 4.889863e-001 4.969779e+002 3.758194e+002 2.887149e+001 2.325997e+001 1.550591e+001 2.032272e+001 5.165454e+001 4.249540e+001 2.734258e+001 2.745012e+001 1.757709e+000 1.127752e+000 1.612334e+000 1.334803e+000 1.506608e+000 1.475773e+000 2.511010e-001 8.986779e-001
<VARIANCE> 22
 4.801632e+000 2.215611e+001 3.300596e+000 2.164982e+000 3.248380e+003 8.365373e+002 2.487268e+003 1.708871e+003 7.176970e+002 1.294392e+003 7.958797e+003 5.511318e+003 2.230314e+003 2.248536e+003 9.214474e+000 3.855939e+000 7.814462e+000 5.368106e+000 6.769799e+000 6.522504e+000 1.007430e+000 3.844358e+000
<GCONST> 1.363595e+002
<TRANSP> 5
 0.000000e+000 1.000000e+000 0.000000e+000 0.000000e+000 0.000000e+000
 0.000000e+000 8.890988e-001 1.109012e-001 0.000000e+000 0.000000e+000
 0.000000e+000 0.000000e+000 9.556192e-001 4.438073e-002 0.000000e+000
 0.000000e+000 0.000000e+000 0.000000e+000 8.369310e-001 1.630690e-001
 0.000000e+000 0.000000e+000 0.000000e+000 0.000000e+000 0.000000e+000
<ENDHMM>
~h "FN"
<BEGINHMM>
<NUMSTATES> 5
<STATE> 2
<NUMMIXES> 2
<MIXTURE> 1 4.599104e-001
<MEAN> 22
 1.715027e+001 4.410952e+000 7.212578e+000 3.660520e+000 1.895043e+002 1.050830e+001 1.155623e+002 1.035909e+002 8.454493e+001 6.127759e+001 4.111416e+001 2.049574e+002 1.040815e+002 1.212841e+002 1.802740e+000 4.985568e+000 2.631622e+000 5.899698e+000 2.929252e+000 5.986586e+000 3.613158e+000 1.881540e+000
<VARIANCE> 22
 1.970272e+003 1.212639e+003 1.644277e+003 9.661671e+002 1.751120e+003 1.881584e+002 8.693664e+002 2.314642e+002 1.936849e+002 7.024813e+001 1.106254e+003 4.870797e+002 3.020744e+002 1.024063e+002 3.620807e-001 3.587193e-002 8.011363e+000 1.046734e-001 4.747521e-001 1.114810e-001 6.330127e+000 5.689831e+000
<GCONST> 1.234961e+002
<MIXTURE> 2 5.400892e-001
<MEAN> 22
 6.834273e+000 1.091055e+001 1.934937e+000 2.750003e+000 1.188748e+002 1.480602e+002 8.713927e+001 9.148795e+001 6.715742e+001 6.431284e+001 1.576087e+002 9.761698e+001 1.025598e+002 1.003661e+002 4.571295e+000 3.129084e+000 5.583992e+000 4.634104e+000 5.072777e+000 3.007489e+000 2.516932e+000 2.678872e+000
<VARIANCE> 22
 2.526035e+002 2.406607e+002 2.318899e+001 1.480826e+001 3.389357e+004 1.778302e+004 2.019000e+003 1.557791e+003 6.254777e+002 4.823255e+002 5.179952e+003 6.472200e+003 1.707340e+003 1.071340e+003 8.998786e+000 2.641933e+000 3.865034e+000 3.017338e+000 3.065413e+000 6.389137e+000 6.483186e+000 5.604873e+000
<GCONST> 1.490226e+002
<STATE> 3
<NUMMIXES> 2
<MIXTURE> 1 4.647513e-001
<MEAN> 22
 2.423985e+000 1.706762e+001 7.863640e-001 3.606846e+000 1.353450e+001 7.389326e+001 9.376622e+001 7.649519e+001 5.973645e+001 6.618532e+001 1.902405e+002 1.279922e+002 1.141334e+002 1.071487e+002 6.929517e+000 3.988222e+000 6.140939e+000 5.456012e+000 5.961893e+000 4.166716e+000 2.133628e+000 3.915419e+000
<VARIANCE> 22
 2.051362e+001 2.991794e+002 3.300596e+000 2.146939e+001 5.593517e+002 3.034964e+003 3.030715e+002 1.116395e+003 7.691411e+001 1.828200e+002 6.135080e+002 3.197379e+003 1.329356e+002 1.728062e+002 3.204324e-001 1.271581e+000 1.546737e-001 5.862636e-001 9.431078e-002 6.748111e+000 6.242214e+000 5.289802e+000
<GCONST> 1.143222e+002
<MIXTURE> 2 5.352486e-001
<MEAN> 22
 8.668026e-001 9.692995e+000 4.531173e-001 2.622077e+000 5.336162e+000 1.756189e+002 9.053786e+001 1.093769e+002 5.717258e+001 6.769143e+001 1.892181e+002 2.525150e+001 1.118631e+002 9.538873e+001 6.999815e+000 2.000000e+000 6.007234e+000 4.205965e+000 5.999556e+000 1.248640e+000 1.354549e+000 3.103313e+000
<VARIANCE> 22
 4.801632e+000 1.325182e+002 3.300596e+000 1.195992e+001 4.956259e+001 9.680419e+002 1.922072e+002 4.999100e+002 4.137621e+001 1.281266e+002 4.293647e+002 1.473246e+002 1.401171e+002 2.343773e+002 6.504287e-002 1.793315e-002 2.326111e-002 1.438190e+000 2.082488e-002 2.007667e-001 4.766178e+000 5.363379e+000
<GCONST> 9.045875e+001
<STATE> 4
<NUMMIXES> 2
<MIXTURE> 1 6.926461e-001
<MEAN> 22
 1.047320e+001 2.352261e+000 2.816427e+000 9.212848e-001 1.014092e+002 2.062128e+001 1.025336e+002 9.725961e+001 7.203226e+001 5.649169e+001 1.064975e+002 1.972913e+002 1.059208e+002 1.175804e+002 3.591644e+000 4.998302e+000 4.660123e+000 5.805734e+000 4.141286e+000 5.983960e+000 3.501206e+000 2.140779e+000
<VARIANCE> 22
 1.644287e+002 1.408335e+001 1.342125e+001 2.164982e+000 5.277877e+003 8.458766e+002 1.273299e+003 2.528103e+002 1.904413e+002 6.909691e+001 6.669717e+003 4.560497e+002 4.634799e+002 1.517568e+002 6.982497e+000 1.793315e-002 6.819541e+000 1.565266e-001 2.845544e+000 5.618803e-002 6.067399e+000 6.045663e+000
<GCONST> 1.148740e+002
<MIXTURE> 2 3.073539e-001
<MEAN> 22
 6.960085e+000 7.002477e+000 1.798783e+000 1.695695e+000 5.141391e+001 4.258452e+001 5.641891e+001 4.064137e+001 6.488893e+001 5.667057e+001 8.009648e+001 1.008132e+002 9.881664e+001 1.002025e+002 2.823146e+000 3.066078e+000 5.593713e+000 5.662926e+000 3.859874e+000 2.898506e+000 2.808963e+000 2.595413e+000
<VARIANCE> 22
 1.335599e+002 2.023224e+002 9.578140e+000 7.745835e+000 1.529801e+003 1.669447e+003 1.316520e+003 5.736004e+002 8.268104e+001 4.540223e+001 2.270242e+003 1.110698e+003 1.404871e+002 9.334338e+001 4.040725e+000 2.484090e+000 2.962738e+000 7.787465e-001 9.113451e-001 1.011474e+001 6.376283e+000 6.219793e+000
<GCONST> 1.247284e+002
<TRANSP> 5
 0.000000e+000 1.000000e+000 0.000000e+000 0.000000e+000 0.000000e+000
 0.000000e+000 7.931323e-001 2.068677e-001 0.000000e+000 0.000000e+000
 0.000000e+000 0.000000e+000 9.551296e-001 4.487038e-002 0.000000e+000
 0.000000e+000 0.000000e+000 0.000000e+000 9.113527e-001 8.864736e-002
 0.000000e+000 0.000000e+000 0.000000e+000 0.000000e+000 0.000000e+000
<ENDHMM>
~h "FU"
<BEGINHMM>
<NUMSTATES> 5
<STATE> 2
<NUMMIXES> 2
<MIXTURE> 1 8.053843e-001
<MEAN> 22
 9.842867e+000 1.311926e+000 2.363306e+000 6.944940e-001 1.380214e+002 1.889494e+001 1.027324e+002 9.420328e+001 6.509778e+001 5.468080e+001 5.157722e+001 1.916799e+002 9.893475e+001 1.126422e+002 2.544285e+000 5.000000e+000 3.295206e+000 5.848838e+000 3.241584e+000 5.996477e+000 3.226115e+000 1.948945e+000
<VARIANCE> 22
 2.436417e+002 4.063125e+000 1.026985e+001 2.164982e+000 4.879921e+003 7.360048e+002 9.696138e+002 1.754389e+002 1.994278e+002 5.459931e+001 3.168290e+003 3.220139e+002 2.181788e+002 1.351761e+002 3.219634e+000 1.793315e-002 7.841042e+000 1.283127e-001 1.449380e+000 5.618803e-002 6.258857e+000 5.676385e+000
<GCONST> 1.092104e+002
<MIXTURE> 2 1.946160e-001
<MEAN> 22
 8.609565e+000 9.194538e+000 2.832909e+000 2.327757e+000 5.548537e+001 5.627639e+001 7.910468e+001 5.823222e+001 6.251225e+001 5.719337e+001 8.921016e+001 1.144595e+002 9.883600e+001 1.003845e+002 3.399824e+000 3.628267e+000 5.212730e+000 5.526552e+000 4.080332e+000 4.097501e+000 2.910900e+000 2.835739e+000
<VARIANCE> 22
 1.908311e+002 1.465748e+002 2.942970e+001 1.270460e+001 3.006318e+003 2.939069e+003 1.451756e+003 9.144800e+002 1.319669e+002 9.413654e+001 4.193464e+003 2.308249e+003 2.621233e+002 1.450246e+002 5.778277e+000 2.078027e+000 4.281414e+000 6.016793e-001 1.952940e+000 7.688104e+000 5.922698e+000 5.168830e+000
<GCONST> 1.323102e+002
<STATE> 3
<NUMMIXES> 2
<MIXTURE> 1 4.331740e-001
<MEAN> 22
 2.143336e+000 1.883542e+001 7.015707e-001 3.381641e+000 7.665759e+000 1.378802e+002 1.025782e+002 9.138746e+001 6.230045e+001 6.956092e+001 2.046727e+002 7.297079e+001 1.213092e+002 1.072738e+002 6.998035e+000 2.909785e+000 6.153317e+000 4.869471e+000 5.998917e+000 2.616447e+000 2.036230e+000 3.231502e+000
<VARIANCE> 22
 2.236442e+001 3.703618e+002 3.300596e+000 1.477573e+001 9.908092e+001 5.763093e+003 3.932986e+002 1.684763e+003 8.813163e+001 1.779257e+002 7.863987e+002 3.263155e+003 2.720963e+002 1.808652e+002 6.504287e-002 1.472363e+000 1.298070e-001 1.526146e+000 2.082488e-002 5.822426e+000 6.279805e+000 5.634441e+000
<GCONST> 1.127150e+002
<MIXTURE> 2 5.668258e-001
<MEAN> 22
 9.759597e-001 3.759532e+000 5.252656e-001 1.286178e+000 7.636757e+000 1.626978e+002 8.247563e+001 1.033344e+002 5.246252e+001 5.790689e+001 1.745582e+002 2.030087e+001 1.043434e+002 8.944482e+001 6.933630e+000 2.034200e+000 6.015281e+000 4.150140e+000 5.961674e+000 1.305198e+000 1.381994e+000 2.629474e+000
<VARIANCE> 22
 4.801632e+000 3.198766e+001 3.300596e+000 2.441792e+000 4.401608e+002 7.644072e+002 8.810629e+001 2.250990e+002 3.534402e+001 9.515637e+001 3.106837e+002 3.276900e+002 6.011571e+001 7.091393e+001 3.573789e-001 9.161616e-002 6.461691e-002 2.211241e+000 1.104611e-001 4.187884e-001 4.876004e+000 6.680326e+000
<GCONST> 9.323017e+001
<STATE> 4
<NUMMIXES> 2
<MIXTURE> 1 6.882010e-001
<MEAN> 22
 4.560784e+000 1.120120e+001 2.006658e+000 3.292000e+000 1.523112e+001 2.408158e+001 9.818501e+001 9.043975e+001 6.073312e+001 5.801640e+001 1.963013e+002 1.881039e+002 1.168354e+002 1.136416e+002 6.992820e+000 5.001050e+000 6.119366e+000 5.832660e+000 5.998914e+000 6.003738e+000 2.880942e+000 3.657897e+000
<VARIANCE> 22
 2.291449e+002 3.222260e+002 1.603815e+002 1.057918e+002 1.686157e+002 4.763104e+002 2.547536e+002 3.032644e+002 7.669784e+001 8.446304e+001 4.115103e+002 4.890298e+002 1.400522e+002 1.224124e+002 6.504287e-002 1.793315e-002 1.051190e-001 1.393359e-001 2.082488e-002 5.618803e-002 6.683470e+000 5.500369e+000
<GCONST> 1.005448e+002
<MIXTURE> 2 3.117987e-001
<MEAN> 22
 6.097116e+000 7.580711e+000 1.410982e+000 3.013706e+000 2.224851e+002 1.879209e+002 6.442931e+001 6.392775e+001 5.146640e+001 5.232941e+001 1.175218e+002 9.105889e+001 8.330913e+001 7.440269e+001 3.791591e+000 2.977889e+000 4.482051e+000 3.913691e+000 4.004794e+000 3.396101e+000 2.221283e+000 2.219052e+000
<VARIANCE> 22
 1.499445e+002 2.188574e+002 7.620458e+000 5.890434e+001 4.453557e+004 2.338954e+004 2.258039e+003 2.530485e+003 9.584168e+002 1.118991e+003 7.662986e+003 6.135580e+003 2.549723e+003 2.315816e+003 9.350261e+000 4.677337e+000 6.979179e+000 5.903580e+000 5.818819e+000 8.264592e+000 6.767801e+000 6.346374e+000
<GCONST> 1.555337e+002
<TRANSP> 5
 0.000000e+000 1.000000e+000 0.000000e+000 0.000000e+000 0.000000e+000
 0.000000e+000 9.246716e-001 7.532834e-002 0.000000e+000 0.000000e+000
 0.000000e+000 0.000000e+000 9.467824e-001 5.321756e-002 0.000000e+000
 0.000000e+000 0.000000e+000 0.000000e+000 8.349653e-001 1.650347e-001
 0.000000e+000 0.000000e+000 0.000000e+000 0.000000e+000 0.000000e+000
<ENDHMM>
~h "MC"
<BEGINHMM>
<NUMSTATES> 5
<STATE> 2
<NUMMIXES> 2
<MIXTURE> 1 9.549531e-002
<MEAN> 22
 1.834252e+001 2.195104e+001 1.142109e+001 9.665427e+000 1.492494e+002 1.681108e+002 1.119761e+002 6.034608e+001 7.430666e+001 7.811813e+001 1.903148e+002 1.128810e+002 1.287599e+002 1.162442e+002 5.426959e+000 3.199485e+000 6.133116e+000 5.748424e+000 5.286722e+000 2.905996e+000 2.286153e+000 2.938436e+000
<VARIANCE> 22
 2.879836e+003 2.210463e+003 2.548604e+003 1.493195e+003 4.614229e+004 2.042607e+004 2.069119e+003 1.005759e+003 2.683709e+002 2.026776e+002 8.327902e+003 2.811430e+003 1.553230e+003 5.401755e+002 5.465749e+000 1.425920e+000 1.212858e+000 4.469710e-001 1.282215e+000 8.934196e+000 6.014636e+000 5.296220e+000
<GCONST> 1.553176e+002
<MIXTURE> 2 9.045052e-001
<MEAN> 22
 5.665948e+000 6.994204e+000 1.542339e+000 2.097060e+000 4.840480e+001 5.658148e+001 6.101017e+001 5.027998e+001 7.111084e+001 6.622565e+001 1.139542e+002 1.084776e+002 1.015317e+002 1.012620e+002 3.641666e+000 3.415643e+000 6.185481e+000 5.726618e+000 4.756442e+000 3.781776e+000 2.888027e+000 2.727926e+000
<VARIANCE> 22
 5.402390e+001 7.401520e+001 3.880133e+000 7.603321e+000 1.241800e+003 1.706796e+003 7.217270e+002 7.452615e+002 2.136275e+002 2.416720e+002 2.846385e+003 1.861114e+003 1.476877e+002 1.244600e+002 7.832955e+000 1.689784e+000 2.595103e-001 2.133891e-001 1.404111e+000 9.691326e+000 6.084589e+000 5.592808e+000
<GCONST> 1.218544e+002
<STATE> 3
<NUMMIXES> 2
<MIXTURE> 1 2.819415e-001
<MEAN> 22
 2.627414e+000 1.400003e+001 7.801956e-001 4.337148e+000 1.063586e+001 1.138135e+002 1.090617e+002 7.917583e+001 6.595028e+001 9.177434e+001 2.125492e+002 1.056272e+002 1.263248e+002 1.135475e+002 6.884120e+000 3.363765e+000 6.185718e+000 5.338048e+000 5.966957e+000 2.642273e+000 2.179918e+000 3.454474e+000
<VARIANCE> 22
 2.148769e+001 1.651444e+002 3.300596e+000 2.424346e+001 4.143729e+002 4.160882e+003 3.564182e+002 1.292663e+003 5.955574e+001 6.689084e+002 6.669881e+002 3.274940e+003 1.555380e+002 1.366719e+002 6.388075e-001 1.417656e+000 1.674144e-001 5.518829e-001 7.665057e-002 8.085393e+000 6.078020e+000 5.183602e+000
<GCONST> 1.160354e+002
<MIXTURE> 2 7.180578e-001
<MEAN> 22
 1.048309e+000 8.280885e+000 5.927745e-001 2.373405e+000 6.075723e+000 1.011094e+002 8.698905e+001 5.142741e+001 5.298115e+001 7.622375e+001 1.806790e+002 7.716251e+001 1.077748e+002 9.336613e+001 6.999998e+000 2.905880e+000 6.002148e+000 5.739416e+000 6.000000e+000 2.158025e+000 1.663907e+000 3.162668e+000
<VARIANCE> 22
 4.801632e+000 5.947081e+001 3.300596e+000 6.432788e+000 4.956259e+001 1.260025e+003 8.429516e+001 4.286842e+002 4.422091e+001 2.449559e+002 1.483689e+002 1.329054e+003 5.085163e+001 1.677952e+002 6.504287e-002 1.093928e+000 2.326111e-002 2.344939e-001 2.082488e-002 8.433226e+000 5.548320e+000 5.086775e+000
<GCONST> 9.496075e+001
<STATE> 4
<NUMMIXES> 2
<MIXTURE> 1 9.409043e-001
<MEAN> 22
 8.769521e+000 2.700020e+000 2.745245e+000 1.014153e+000 8.165782e+001 1.431270e+001 6.496784e+001 9.771674e+001 7.602943e+001 5.608983e+001 1.202476e+002 1.962552e+002 1.098351e+002 1.161659e+002 3.248523e+000 5.000000e+000 6.262699e+000 5.804392e+000 4.630750e+000 5.994590e+000 3.273274e+000 2.594369e+000
<VARIANCE> 22
 7.991953e+001 1.464650e+001 1.250619e+001 2.164982e+000 2.712261e+003 1.950686e+002 8.695377e+002 2.512586e+002 4.631156e+002 5.675979e+001 3.331102e+003 4.319373e+002 2.687552e+002 1.254970e+002 7.971499e+000 1.793315e-002 2.155112e-001 1.573477e-001 1.321331e+000 5.618803e-002 5.905666e+000 6.244025e+000
<GCONST> 1.067306e+002
<MIXTURE> 2 5.909562e-002
<MEAN> 22
 4.416059e+000 2.648665e+001 1.171370e+000 4.595469e+000 1.214859e+002 1.186998e+002 6.714935e+001 7.002810e+001 6.128623e+001 5.556468e+001 1.311159e+002 1.184203e+002 9.893486e+001 9.522411e+001 3.817698e+000 3.271783e+000 5.194841e+000 4.530237e+000 4.325781e+000 3.868709e+000 1.892441e+000 3.146696e+000
<VARIANCE> 22
 8.274025e+001 2.982639e+003 4.902217e+000 3.794192e+001 2.822723e+004 1.658659e+004 2.033481e+003 2.245668e+003 1.073328e+003 7.269455e+002 6.580823e+003 6.512568e+003 2.242330e+003 2.071316e+003 1.014609e+001 3.592202e+000 6.032712e+000 4.781931e+000 4.818314e+000 7.861104e+000 5.503183e+000 6.458846e+000
<GCONST> 1.540290e+002
<TRANSP> 5
 0.000000e+000 1.000000e+000 0.000000e+000 0.000000e+000 0.000000e+000
 0.000000e+000 8.745352e-001 1.254648e-001 0.000000e+000 0.000000e+000
 0.000000e+000 0.000000e+000 9.591508e-001 4.084921e-002 0.000000e+000
 0.000000e+000 0.000000e+000 0.000000e+000 9.009891e-001 9.901094e-002
 0.000000e+000 0.000000e+000 0.000000e+000 0.000000e+000 0.000000e+000
<ENDHMM>
~h "NU"
<BEGINHMM>
<NUMSTATES> 5
<STATE> 2
<NUMMIXES> 2
<MIXTURE> 1 8.053932e-001
<MEAN> 22
 8.168609e+000 1.181819e+001 2.996898e+000 2.927107e+000 9.660600e+001 8.855244e+001 9.535140e+001 8.257888e+001 7.165009e+001 6.362915e+001 1.652038e+002 1.460146e+002 1.135678e+002 1.156226e+002 5.082123e+000 4.085313e+000 5.905673e+000 5.570597e+000 5.143528e+000 4.224352e+000 2.677504e+000 2.525306e+000
<VARIANCE> 22
 6.169584e+002 1.120300e+003 4.394324e+002 2.790672e+002 2.101301e+004 1.301641e+004 1.428807e+003 9.457003e+002 2.247289e+002 1.246344e+002 4.331048e+003 3.697659e+003 9.182253e+002 2.534404e+002 7.434187e+000 1.298010e+000 2.503981e+000 3.828984e-001 2.219179e+000 6.025913e+000 6.117893e+000 5.068109e+000
<GCONST> 1.465789e+002
<MIXTURE> 2 1.946068e-001
<MEAN> 22
 0.000000e+000 0.000000e+000 0.000000e+000 0.000000e+000 5.315967e+002 4.080164e+002 0.000000e+000 0.000000e+000 0.000000e+000 0.000000e+000 0.000000e+000 0.000000e+000 0.000000e+000 0.000000e+000 0.000000e+000 0.000000e+000 0.000000e+000 0.000000e+000 0.000000e+000 0.000000e+000 0.000000e+000 0.000000e+000
<VARIANCE> 22
 4.801632e+000 4.063125e+000 3.300596e+000 2.164982e+000 3.309085e+003 2.711519e+003 9.838196e+000 1.115232e+001 2.936353e+000 3.516743e+000 3.745900e+001 4.440890e+001 4.184655e+000 3.870682e+000 6.504287e-002 1.793315e-002 2.326111e-002 1.170389e-002 2.082488e-002 5.618803e-002 6.153807e-002 6.060927e-002
<GCONST> 5.130989e+001
<STATE> 3
<NUMMIXES> 2
<MIXTURE> 1 5.676092e-001
<MEAN> 22
 1.388695e+000 1.337818e+001 5.063434e-001 3.303645e+000 6.998942e+000 8.750699e+001 9.841175e+001 7.288869e+001 6.025673e+001 6.659947e+001 1.985836e+002 1.147762e+002 1.180664e+002 1.095887e+002 6.999009e+000 3.748774e+000 6.081852e+000 5.398011e+000 6.000000e+000 3.792669e+000 1.687328e+000 3.479891e+000
<VARIANCE> 22
 8.139066e+000 1.664788e+002 3.300596e+000 1.368952e+001 5.305800e+001 3.317036e+003 2.759670e+002 9.309090e+002 6.594145e+001 1.576276e+002 5.488422e+002 2.564167e+003 1.997319e+002 1.722523e+002 6.504287e-002 1.098370e+000 7.515296e-002 4.234329e-001 2.082488e-002 6.772840e+000 5.566032e+000 5.025435e+000
<GCONST> 1.051284e+002
<MIXTURE> 2 4.323902e-001
<MEAN> 22
 7.951728e-001 2.314128e+000 4.000466e-001 1.085375e+000 1.146666e+001 1.124556e+002 8.553291e+001 6.738567e+001 5.522738e+001 6.127773e+001 1.778492e+002 6.646080e+001 1.070117e+002 9.777773e+001 6.892795e+000 2.758319e+000 6.071784e+000 5.174547e+000 5.938509e+000 1.273547e+000 1.209996e+000 2.805662e+000
<VARIANCE> 22
 4.801632e+000 6.256025e+000 3.300596e+000 2.164982e+000 7.819338e+002 9.192691e+002 1.626984e+002 4.309246e+002 4.533743e+001 6.927936e+001 4.125361e+002 6.103574e+002 6.444118e+001 9.828618e+001 6.084244e-001 2.717329e-001 1.082454e-001 3.199752e-001 1.680697e-001 9.530472e-001 4.417724e+000 6.179581e+000
<GCONST> 9.600050e+001
<STATE> 4
<NUMMIXES> 2
<MIXTURE> 1 5.479118e-001
<MEAN> 22
 8.226774e+000 3.662347e+000 2.445538e+000 1.266309e+000 7.417190e+001 1.369081e+001 8.274787e+001 9.783262e+001 6.980354e+001 5.620251e+001 1.367265e+002 1.971501e+002 1.137949e+002 1.170412e+002 3.951712e+000 5.000000e+000 6.513040e+000 5.907916e+000 4.641962e+000 5.996277e+000 3.297592e+000 2.563327e+000
<VARIANCE> 22
 9.906491e+001 2.854450e+001 9.615922e+000 3.135908e+000 3.053840e+003 2.089054e+002 7.097791e+002 2.544292e+002 2.316884e+002 6.239043e+001 3.818914e+003 4.186685e+002 2.324595e+002 1.237429e+002 9.206697e+000 1.793315e-002 2.536770e-001 8.360740e-002 2.694064e+000 5.618803e-002 6.223686e+000 6.358528e+000
<GCONST> 1.075231e+002
<MIXTURE> 2 4.520879e-001
<MEAN> 22
 4.787686e+000 6.008317e+000 1.368859e+000 2.063635e+000 6.070963e+001 6.600714e+001 6.168985e+001 5.793480e+001 6.737057e+001 5.679818e+001 9.625471e+001 9.957113e+001 1.021868e+002 9.989329e+001 2.331049e+000 3.166749e+000 5.925758e+000 5.426580e+000 3.984124e+000 2.833198e+000 2.653615e+000 2.786911e+000
<VARIANCE> 22
 5.562692e+001 9.397726e+001 4.086084e+000 1.204022e+001 2.694561e+003 2.704163e+003 1.208287e+003 9.960356e+002 1.430937e+002 5.618046e+001 2.322193e+003 1.630954e+003 1.208319e+002 1.439086e+002 5.158448e+000 1.447958e+000 3.209579e+000 3.929335e-001 1.877209e+000 7.156282e+000 6.209833e+000 6.303740e+000
<GCONST> 1.251038e+002
<TRANSP> 5
 0.000000e+000 1.000000e+000 0.000000e+000 0.000000e+000 0.000000e+000
 0.000000e+000 7.036852e-001 2.963147e-001 0.000000e+000 0.000000e+000
 0.000000e+000 0.000000e+000 9.479874e-001 5.201261e-002 0.000000e+000
 0.000000e+000 0.000000e+000 0.000000e+000 9.214883e-001 7.851170e-002
 0.000000e+000 0.000000e+000 0.000000e+000 0.000000e+000 0.000000e+000
<ENDHMM>
~h "OK"
<BEGINHMM>
<NUMSTATES> 5
<STATE> 2
<NUMMIXES> 2
<MIXTURE> 1 6.876590e-001
<MEAN> 22
 1.458136e+001 2.804772e+000 4.266806e+000 1.362117e+000 1.215435e+002 1.592846e+001 1.002022e+002 9.504425e+001 7.658826e+001 5.352557e+001 8.224562e+001 1.967752e+002 1.074178e+002 1.165046e+002 2.312892e+000 4.998103e+000 4.625066e+000 5.908785e+000 3.435481e+000 5.995522e+000 3.451868e+000 2.187070e+000
<VARIANCE> 22
 4.930434e+002 2.011466e+002 2.417910e+002 1.372423e+002 4.145581e+003 4.385747e+002 9.223134e+002 2.165913e+002 2.571420e+002 5.661724e+001 3.554462e+003 3.877030e+002 3.337780e+002 1.265651e+002 5.165960e+000 1.793315e-002 9.252835e+000 8.289595e-002 2.481375e+000 5.618803e-002 5.797219e+000 5.988372e+000
<GCONST> 1.222721e+002
<MIXTURE> 2 3.123411e-001
<MEAN> 22
 8.576953e+000 7.029979e+000 2.047061e+000 1.903998e+000 5.400533e+001 6.217429e+001 7.475126e+001 5.279514e+001 6.964272e+001 6.032285e+001 9.217799e+001 1.010991e+002 9.945004e+001 1.016222e+002 2.734798e+000 3.241234e+000 4.807517e+000 5.505968e+000 3.925089e+000 3.623763e+000 3.036936e+000 2.584406e+000
<VARIANCE> 22
 1.744925e+002 1.546867e+002 1.566740e+001 1.483977e+001 2.100438e+003 3.345103e+003 1.781214e+003 1.071514e+003 1.330628e+002 1.092812e+002 2.862348e+003 1.663268e+003 3.497425e+002 1.457075e+002 5.278751e+000 1.609621e+000 6.736979e+000 6.316569e-001 2.209975e+000 8.951162e+000 6.573726e+000 5.994325e+000
<GCONST> 1.323585e+002
<STATE> 3
<NUMMIXES> 2
<MIXTURE> 1 4.789352e-001
<MEAN> 22
 2.496911e+000 2.057490e+001 8.128045e-001 4.179007e+000 1.037278e+001 1.056831e+002 1.010748e+002 8.861109e+001 6.182877e+001 7.523019e+001 2.027435e+002 1.081741e+002 1.206270e+002 1.119447e+002 6.998074e+000 3.614764e+000 6.138342e+000 5.060534e+000 5.999194e+000 3.662850e+000 2.162431e+000 3.694585e+000
<VARIANCE> 22
 3.167218e+001 4.148170e+002 3.300596e+000 2.160754e+001 2.320725e+002 5.593031e+003 3.966880e+002 1.343581e+003 8.701549e+001 3.036063e+002 7.633494e+002 2.867684e+003 2.651512e+002 2.005642e+002 6.504287e-002 1.186372e+000 1.200025e-001 6.436061e-001 2.082488e-002 6.224451e+000 6.505546e+000 5.197665e+000
<GCONST> 1.134635e+002
<MIXTURE> 2 5.210651e-001
<MEAN> 22
 1.024997e+000 6.294035e+000 6.328290e-001 2.083216e+000 7.968678e+000 1.449239e+002 8.465225e+001 9.717612e+001 5.246976e+001 6.810751e+001 1.809686e+002 4.648707e+001 1.087565e+002 9.713861e+001 6.922904e+000 2.455209e+000 6.015713e+000 4.526329e+000 5.973931e+000 1.544953e+000 1.575327e+000 3.135637e+000
<VARIANCE> 22
 4.801632e+000 6.378383e+001 3.300596e+000 6.328388e+000 3.829104e+002 1.127694e+003 8.986378e+001 4.770923e+002 3.764539e+001 8.162926e+001 2.462207e+002 3.623107e+002 5.114161e+001 8.021130e+001 4.539288e-001 3.009166e-001 4.631807e-002 4.359850e-001 7.971282e-002 4.706041e-001 5.393639e+000 5.909184e+000
<GCONST> 9.487258e+001
<STATE> 4
<NUMMIXES> 2
<MIXTURE> 1 8.807786e-001
<MEAN> 22
 3.939580e+000 6.581982e+000 1.443517e+000 2.093830e+000 2.597423e+001 3.045880e+001 9.675746e+001 9.452782e+001 6.246142e+001 5.788931e+001 1.960190e+002 1.935207e+002 1.172859e+002 1.164088e+002 6.983358e+000 4.997288e+000 6.105318e+000 5.853145e+000 5.987907e+000 6.000231e+000 2.668611e+000 3.258484e+000
<VARIANCE> 22
 3.495700e+001 7.643395e+001 4.467248e+000 7.163795e+000 1.184400e+003 9.380316e+002 3.414152e+002 2.520114e+002 9.266460e+001 7.888876e+001 4.569644e+002 4.165104e+002 1.467038e+002 1.055180e+002 6.504287e-002 1.793315e-002 9.422754e-002 1.252899e-001 2.236658e-002 5.618803e-002 6.201145e+000 6.271607e+000
<GCONST> 9.356239e+001
<MIXTURE> 2 1.192216e-001
<MEAN> 22
 4.220138e+000 2.958835e+000 1.409053e+000 1.017071e+000 2.740317e+002 2.047766e+002 4.662075e+001 3.132196e+001 3.633937e+001 3.032339e+001 4.730565e+001 7.562852e+001 5.010709e+001 5.521186e+001 1.341601e+000 2.325667e+000 2.084945e+000 3.005389e+000 1.795540e+000 2.935343e+000 1.725685e+000 1.756071e+000
<VARIANCE> 22
 7.607746e+001 4.272038e+001 1.251995e+001 6.043461e+000 5.079961e+004 3.350353e+004 2.727747e+003 1.239748e+003 1.231089e+003 8.552580e+002 3.675605e+003 5.886915e+003 2.365948e+003 2.744117e+003 4.289220e+000 5.410108e+000 8.657430e+000 8.134401e+000 4.519543e+000 9.645967e+000 5.860891e+000 5.952777e+000
<GCONST> 1.503041e+002
<TRANSP> 5
 0.000000e+000 1.000000e+000 0.000000e+000 0.000000e+000 0.000000e+000
 0.000000e+000 9.043463e-001 9.565369e-002 0.000000e+000 0.000000e+000
 0.000000e+000 0.000000e+000 9.278530e-001 7.214700e-002 0.000000e+000
 0.000000e+000 0.000000e+000 0.000000e+000 8.427371e-001 1.572629e-001
 0.000000e+000 0.000000e+000 0.000000e+000 0.000000e+000 0.000000e+000
<ENDHMM>
~h "PF"
<BEGINHMM>
<NUMSTATES> 5
<STATE> 2
<NUMMIXES> 2
<MIXTURE> 1 3.170862e-001
<MEAN> 22
 1.066192e+001 1.328703e+001 7.296809e+000 7.380623e+000 1.740697e+002 1.427375e+002 1.007580e+002 9.209710e+001 6.319331e+001 6.307444e+001 1.986264e+002 1.867319e+002 1.154103e+002 1.163517e+002 6.986401e+000 4.948406e+000 6.116422e+000 5.788121e+000 5.981831e+000 6.016143e+000 2.462867e+000 2.469495e+000
<VARIANCE> 22
 3.034458e+003 2.464276e+003 2.632033e+003 1.749069e+003 5.006814e+004 3.094729e+004 2.933888e+002 5.959606e+002 4.507219e+001 1.124840e+002 5.232867e+002 9.916159e+002 1.133571e+002 1.399698e+002 6.781191e-002 1.542131e-001 1.028678e-001 1.996236e-001 5.348593e-002 3.180398e-001 6.365728e+000 5.770483e+000
<GCONST> 1.272822e+002
<MIXTURE> 2 6.829134e-001
<MEAN> 22
 7.067430e+000 1.061958e+001 2.146193e+000 2.874746e+000 1.104963e+002 1.623042e+002 8.277509e+001 1.176754e+002 7.168169e+001 7.746415e+001 1.333538e+002 7.898434e+001 9.979809e+001 9.324600e+001 3.448778e+000 2.640400e+000 5.354891e+000 4.118898e+000 4.750900e+000 2.200547e+000 2.463471e+000 2.887805e+000
<VARIANCE> 22
 1.856887e+002 2.606810e+002 3.171100e+001 1.607184e+001 2.052488e+004 9.740572e+003 1.964189e+003 3.192963e+003 5.796993e+002 8.064968e+002 5.210885e+003 3.786301e+003 1.159610e+003 7.045508e+002 9.364950e+000 1.538563e+000 4.992939e+000 2.408619e+000 2.901919e+000 3.837617e+000 6.211185e+000 5.067637e+000
<GCONST> 1.467000e+002
<STATE> 3
<NUMMIXES> 2
<MIXTURE> 1 3.343393e-001
<MEAN> 22
 2.349484e+000 2.070658e+001 9.262595e-001 4.486862e+000 1.171764e+001 4.688264e+001 9.413012e+001 8.639210e+001 5.911525e+001 6.485415e+001 1.934085e+002 1.660613e+002 1.155879e+002 1.114005e+002 6.993800e+000 4.571161e+000 6.045475e+000 5.539826e+000 5.998930e+000 5.449704e+000 2.351634e+000 3.753616e+000
<VARIANCE> 22
 1.227623e+001 4.280021e+002 3.300596e+000 2.145786e+001 1.626942e+002 1.295504e+003 2.093264e+002 6.196279e+002 4.219150e+001 1.708497e+002 3.867299e+002 1.644650e+003 1.206826e+002 1.358652e+002 6.504287e-002 4.662584e-001 4.340576e-002 2.522363e-001 2.082488e-002 2.390988e+000 6.139553e+000 5.842974e+000
<GCONST> 1.018125e+002
<MIXTURE> 2 6.656603e-001
<MEAN> 22
 1.352426e+000 1.068938e+001 6.250934e-001 3.633236e+000 9.990657e+000 1.867641e+002 9.241576e+001 1.345107e+002 5.800080e+001 8.523280e+001 1.879676e+002 5.622120e+001 1.129731e+002 9.201996e+001 6.925737e+000 2.431146e+000 6.058145e+000 3.615551e+000 5.958146e+000 1.694913e+000 1.696686e+000 3.337009e+000
<VARIANCE> 22
 8.386578e+000 1.667254e+002 3.300596e+000 2.033219e+001 6.062929e+002 1.739540e+003 2.678675e+002 8.535372e+002 6.991307e+001 2.633456e+002 6.697855e+002 9.354063e+002 1.313585e+002 2.137196e+002 3.820654e-001 3.150629e-001 2.712242e-001 6.772109e-001 1.206690e-001 5.091189e-001 5.857654e+000 4.384271e+000
<GCONST> 1.081467e+002
<STATE> 4
<NUMMIXES> 2
<MIXTURE> 1 7.466000e-001
<MEAN> 22
 1.217432e+001 1.510235e+000 3.610595e+000 7.470303e-001 1.367806e+002 1.916575e+001 1.316889e+002 9.924329e+001 8.421881e+001 5.644348e+001 1.081062e+002 1.988546e+002 1.038290e+002 1.180692e+002 2.703560e+000 5.000000e+000 3.075181e+000 5.817524e+000 3.329859e+000 5.999065e+000 3.424317e+000 2.298919e+000
<VARIANCE> 22
 2.269402e+002 4.582948e+000 2.319186e+001 2.164982e+000 6.450107e+003 6.898525e+002 1.716453e+003 2.121303e+002 4.303733e+002 6.887575e+001 4.410378e+003 4.027392e+002 4.088073e+002 1.310718e+002 6.272550e+000 1.793315e-002 8.497157e+000 1.491766e-001 3.614765e+000 5.618803e-002 6.854677e+000 6.091590e+000
<GCONST> 1.151760e+002
<MIXTURE> 2 2.533998e-001
<MEAN> 22
 6.870961e+000 7.337779e+000 2.623443e+000 2.359536e+000 5.735318e+001 2.739876e+001 8.509404e+001 4.790658e+001 7.736869e+001 5.795273e+001 9.340802e+001 1.185837e+002 9.871730e+001 1.035281e+002 2.833266e+000 3.502082e+000 4.246068e+000 5.631532e+000 3.749161e+000 3.528941e+000 2.746219e+000 2.805394e+000
<VARIANCE> 22
 1.364585e+002 1.308129e+002 2.307676e+001 1.230521e+001 2.260113e+003 7.277525e+002 3.264542e+003 8.372256e+002 3.712887e+002 6.670558e+001 2.612406e+003 1.273571e+003 2.707783e+002 8.868931e+001 4.957423e+000 2.060050e+000 6.488641e+000 2.916304e-001 1.806450e+000 9.462474e+000 6.538071e+000 6.326095e+000
<GCONST> 1.297498e+002
<TRANSP> 5
 0.000000e+000 1.000000e+000 0.000000e+000 0.000000e+000 0.000000e+000
 0.000000e+000 6.757361e-001 3.242639e-001 0.000000e+000 0.000000e+000
 0.000000e+000 0.000000e+000 9.551904e-001 4.480960e-002 0.000000e+000
 0.000000e+000 0.000000e+000 0.000000e+000 9.149398e-001 8.506021e-002
 0.000000e+000 0.000000e+000 0.000000e+000 0.000000e+000 0.000000e+000
<ENDHMM>
~h "PR"
<BEGINHMM>
<NUMSTATES> 5
<STATE> 2
<NUMMIXES> 2
<MIXTURE> 1 8.172434e-001
<MEAN> 22
 9.044580e+000 1.313921e+001 4.528386e+000 5.432683e+000 3.175405e+001 6.503170e+001 9.807662e+001 9.174190e+001 7.165734e+001 6.493633e+001 1.839797e+002 1.534792e+002 1.179353e+002 1.165853e+002 5.425339e+000 4.238963e+000 6.354965e+000 5.455047e+000 5.552703e+000 4.617578e+000 2.189409e+000 2.848768e+000
<VARIANCE> 22
 1.548416e+003 1.212828e+003 1.199995e+003 7.825842e+002 1.609827e+003 3.690545e+003 1.507738e+003 9.873720e+002 2.161704e+002 1.917617e+002 3.605541e+003 2.838141e+003 1.021814e+003 3.227101e+002 7.348405e+000 1.006217e+000 6.256763e-001 4.104021e-001 1.518580e+000 4.119169e+000 5.471494e+000 5.364625e+000
<GCONST> 1.437760e+002
<MIXTURE> 2 1.827569e-001
<MEAN> 22
 2.655367e-001 2.220340e+000 1.129943e-001 5.988697e-001 4.670564e+002 3.632090e+002 2.397149e+001 1.504009e+001 1.280262e+001 1.394908e+001 4.426205e+001 2.349571e+001 2.356823e+001 2.167837e+001 1.463275e+000 7.344641e-001 1.254237e+000 1.124295e+000 1.254239e+000 5.819212e-001 5.028247e-001 6.723161e-001
<VARIANCE> 22
 4.801632e+000 3.637513e+001 3.300596e+000 4.025513e+000 3.427067e+003 8.417037e+002 2.174897e+003 9.665797e+002 6.209566e+002 7.388066e+002 7.413733e+003 2.671209e+003 2.101983e+003 1.786551e+003 8.101742e+000 2.274130e+000 5.952301e+000 4.831997e+000 5.952312e+000 2.604876e+000 2.170894e+000 2.898262e+000
<GCONST> 1.334458e+002
<STATE> 3
<NUMMIXES> 2
<MIXTURE> 1 8.706678e-001
<MEAN> 22
 1.020934e+000 1.015875e+001 4.875933e-001 3.282143e+000 6.810834e+000 9.872304e+001 9.153418e+001 8.629625e+001 5.729483e+001 6.433231e+001 1.880291e+002 1.038148e+002 1.120162e+002 1.018307e+002 6.999995e+000 3.489354e+000 6.006381e+000 5.033627e+000 5.999862e+000 3.402727e+000 1.646649e+000 3.664367e+000
<VARIANCE> 22
 4.801632e+000 1.468078e+002 3.300596e+000 1.842006e+001 5.252444e+001 2.272686e+003 1.981247e+002 7.001024e+002 4.909941e+001 1.668508e+002 4.332650e+002 1.925065e+003 1.274213e+002 2.105087e+002 6.504287e-002 7.357933e-001 2.326111e-002 3.643535e-001 2.082488e-002 3.850772e+000 5.628335e+000 6.261117e+000
<GCONST> 1.006998e+002
<MIXTURE> 2 1.293353e-001
<MEAN> 22
 3.780741e+000 5.171015e+000 1.305564e+000 2.438151e+000 3.775821e+001 7.924241e+001 8.753871e+001 8.499713e+001 6.987189e+001 6.607743e+001 1.700724e+002 1.059018e+002 1.096097e+002 1.031243e+002 5.577966e+000 3.451916e+000 6.574675e+000 5.029608e+000 5.688531e+000 3.059219e+000 2.113280e+000 3.235195e+000
<VARIANCE> 22
 3.842299e+001 3.961114e+001 7.437086e+000 1.023688e+001 1.870978e+003 2.304046e+003 7.158961e+002 8.110594e+002 2.536884e+002 1.598857e+002 1.655357e+003 1.965071e+003 2.932791e+002 2.334075e+002 7.297135e+000 8.273697e-001 7.754566e-001 3.541190e-001 9.583617e-001 4.158078e+000 5.908482e+000 7.007854e+000
<GCONST> 1.229931e+002
<STATE> 4
<NUMMIXES> 2
<MIXTURE> 1 7.145777e-001
<MEAN> 22
 8.807005e+000 2.312549e+000 2.575903e+000 1.023261e+000 7.033080e+001 1.589411e+001 8.441697e+001 9.612137e+001 6.951704e+001 5.559867e+001 1.277536e+002 1.950787e+002 1.096106e+002 1.156548e+002 3.272076e+000 5.000269e+000 6.603737e+000 5.846125e+000 4.243646e+000 5.998033e+000 3.563214e+000 2.281277e+000
<VARIANCE> 22
 1.168662e+002 1.263415e+001 1.142766e+001 2.164982e+000 2.576212e+003 2.809749e+002 6.183431e+002 1.955844e+002 2.186708e+002 6.368031e+001 3.606720e+003 3.499461e+002 2.362324e+002 1.075757e+002 9.130725e+000 1.793315e-002 2.398687e-001 1.302017e-001 3.777595e+000 5.618803e-002 5.848503e+000 6.075358e+000
<GCONST> 1.066120e+002
<MIXTURE> 2 2.854219e-001
<MEAN> 22
 1.005461e+001 4.663273e+000 2.648912e+000 1.398218e+000 5.856486e+001 2.799351e+001 8.227595e+001 5.378683e+001 7.542420e+001 5.906813e+001 9.029289e+001 1.299793e+002 1.036330e+002 1.014793e+002 1.746571e+000 3.787726e+000 5.004460e+000 5.667306e+000 3.133423e+000 4.687573e+000 2.727119e+000 2.347211e+000
<VARIANCE> 22
 1.831734e+002 7.157404e+001 1.364317e+001 7.078253e+000 2.374332e+003 8.561501e+002 1.860017e+003 1.106758e+003 1.351262e+002 5.600103e+001 1.191067e+003 1.478304e+003 1.220244e+002 1.065313e+002 3.602211e+000 1.226476e+000 7.989138e+000 2.741756e-001 2.159561e+000 7.285452e+000 5.930703e+000 6.096421e+000
<GCONST> 1.249461e+002
<TRANSP> 5
 0.000000e+000 1.000000e+000 0.000000e+000 0.000000e+000 0.000000e+000
 0.000000e+000 6.107391e-001 3.892609e-001 0.000000e+000 0.000000e+000
 0.000000e+000 0.000000e+000 9.505858e-001 4.941416e-002 0.000000e+000
 0.000000e+000 0.000000e+000 0.000000e+000 9.174532e-001 8.254683e-002
 0.000000e+000 0.000000e+000 0.000000e+000 0.000000e+000 0.000000e+000
<ENDHMM>
~h "SP"
<BEGINHMM>
<NUMSTATES> 5
<STATE> 2
<NUMMIXES> 2
<MIXTURE> 1 8.352616e-001
<MEAN> 22
 1.052709e+001 1.441557e+001 6.225824e+000 7.061947e+000 4.442248e+001 1.156015e+002 9.508369e+001 1.171523e+002 7.639470e+001 8.640302e+001 1.648861e+002 1.108401e+002 1.150068e+002 1.079583e+002 4.444749e+000 3.397382e+000 6.045027e+000 4.444127e+000 5.493383e+000 3.153656e+000 2.342734e+000 2.613173e+000
<VARIANCE> 22
 2.678832e+003 1.824402e+003 2.175022e+003 1.313117e+003 3.155087e+003 8.966587e+003 1.639119e+003 1.845029e+003 3.562494e+002 1.079497e+003 4.481327e+003 3.847391e+003 6.160352e+002 3.127253e+002 9.892245e+000 1.662077e+000 2.356266e+000 1.658482e+000 1.235167e+000 5.686372e+000 5.844605e+000 4.866034e+000
<GCONST> 1.539318e+002
<MIXTURE> 2 1.647383e-001
<MEAN> 22
 0.000000e+000 0.000000e+000 0.000000e+000 0.000000e+000 5.310355e+002 3.993491e+002 0.000000e+000 0.000000e+000 0.000000e+000 0.000000e+000 0.000000e+000 0.000000e+000 0.000000e+000 0.000000e+000 0.000000e+000 0.000000e+000 0.000000e+000 0.000000e+000 0.000000e+000 0.000000e+000 0.000000e+000 0.000000e+000
<VARIANCE> 22
 4.801632e+000 4.063125e+000 3.300596e+000 2.164982e+000 3.435544e+003 2.506352e+003 9.838196e+000 1.115232e+001 2.936353e+000 3.516743e+000 3.745900e+001 4.440890e+001 4.184655e+000 3.870682e+000 6.504287e-002 1.793315e-002 2.326111e-002 1.170389e-002 2.082488e-002 5.618803e-002 6.153807e-002 6.060927e-002
<GCONST> 5.126871e+001
<STATE> 3
<NUMMIXES> 2
<MIXTURE> 1 4.186203e-001
<MEAN> 22
 1.779017e+000 2.265960e+001 6.516628e-001 6.497717e+000 8.989926e+000 9.992316e+001 9.416625e+001 9.889485e+001 5.969141e+001 7.134652e+001 1.917498e+002 1.142336e+002 1.144998e+002 1.036703e+002 6.997838e+000 3.656377e+000 6.061570e+000 4.837089e+000 5.998105e+000 3.810828e+000 2.033091e+000 3.818904e+000
<VARIANCE> 22
 9.840982e+000 3.735218e+002 3.300596e+000 4.232360e+001 1.136123e+002 5.175579e+003 2.572539e+002 1.059004e+003 5.222874e+001 3.100426e+002 5.113828e+002 3.744327e+003 1.569026e+002 2.674530e+002 6.504287e-002 1.326542e+000 5.777799e-002 9.264638e-001 2.082488e-002 4.924665e+000 6.103982e+000 5.068349e+000
<GCONST> 1.099609e+002
<MIXTURE> 2 5.813806e-001
<MEAN> 22
 1.114363e+000 3.692257e+000 4.768783e-001 1.772811e+000 1.078124e+001 1.961918e+002 9.439443e+001 1.407852e+002 6.046758e+001 9.279099e+001 1.863942e+002 5.014989e+001 1.118286e+002 8.992319e+001 6.901528e+000 2.116201e+000 6.080880e+000 3.174344e+000 5.952590e+000 1.466699e+000 1.463198e+000 2.556551e+000
<VARIANCE> 22
 7.049851e+000 2.730713e+001 3.300596e+000 5.392095e+000 6.497995e+002 1.784120e+003 3.682514e+002 5.379620e+002 1.031015e+002 4.087925e+002 7.678160e+002 5.051315e+002 1.740552e+002 1.944789e+002 5.279258e-001 1.746500e-001 4.073164e-001 2.646236e-001 1.933336e-001 5.152419e-001 5.143769e+000 6.075857e+000
<GCONST> 1.052036e+002
<STATE> 4
<NUMMIXES> 2
<MIXTURE> 1 7.036308e-001
<MEAN> 22
 1.268377e+001 1.128282e+000 4.175628e+000 5.688071e-001 1.541885e+002 1.404411e+001 1.285708e+002 9.718701e+001 9.328112e+001 5.699610e+001 8.561568e+001 1.948581e+002 9.432404e+001 1.157521e+002 2.488147e+000 5.000000e+000 2.844267e+000 5.833277e+000 3.457943e+000 5.991989e+000 3.401459e+000 1.872570e+000
<VARIANCE> 22
 3.303500e+002 4.063125e+000 5.342402e+001 2.164982e+000 6.261237e+003 6.597755e+002 1.403592e+003 1.893894e+002 4.780911e+002 5.201111e+001 3.189934e+003 3.354229e+002 4.185329e+002 1.097707e+002 4.458185e+000 1.793315e-002 7.645379e+000 1.389209e-001 2.650092e+000 5.618803e-002 6.268421e+000 5.689356e+000
<GCONST> 1.140538e+002
<MIXTURE> 2 2.963691e-001
<MEAN> 22
 7.489896e+000 6.699292e+000 2.664528e+000 2.279519e+000 6.729517e+001 2.836339e+001 1.007087e+002 5.055704e+001 8.481873e+001 5.946986e+001 9.579488e+001 1.188951e+002 9.761462e+001 1.034568e+002 3.064089e+000 3.592292e+000 3.977549e+000 5.642493e+000 3.925007e+000 3.334100e+000 2.986376e+000 2.697559e+000
<VARIANCE> 22
 1.171673e+002 1.325950e+002 1.829893e+001 1.187168e+001 2.597535e+003 9.320734e+002 2.674594e+003 8.369911e+002 6.872575e+002 7.356324e+001 3.062507e+003 1.677631e+003 2.657827e+002 1.183205e+002 5.514736e+000 1.577322e+000 6.911106e+000 3.311567e-001 1.799447e+000 9.562730e+000 6.642782e+000 6.765315e+000
<GCONST> 1.310672e+002
<TRANSP> 5
 0.000000e+000 1.000000e+000 0.000000e+000 0.000000e+000 0.000000e+000
 0.000000e+000 6.354312e-001 3.645688e-001 0.000000e+000 0.000000e+000
 0.000000e+000 0.000000e+000 9.582451e-001 4.175489e-002 0.000000e+000
 0.000000e+000 0.000000e+000 0.000000e+000 9.240161e-001 7.598392e-002
 0.000000e+000 0.000000e+000 0.000000e+000 0.000000e+000 0.000000e+000
<ENDHMM>
~h "ST"
<BEGINHMM>
<NUMSTATES> 5
<STATE> 2
<NUMMIXES> 2
<MIXTURE> 1 1.123915e-001
<MEAN> 22
 2.742609e+001 2.895335e+001 1.666558e+001 1.244981e+001 2.859213e+002 2.165532e+002 9.158707e+001 8.636033e+001 7.140967e+001 7.375563e+001 1.596047e+002 1.275300e+002 1.081920e+002 1.099317e+002 5.152617e+000 3.704174e+000 6.405622e+000 5.558743e+000 5.231362e+000 3.610280e+000 3.020892e+000 3.046838e+000
<VARIANCE> 22
 4.596550e+003 4.686172e+003 4.202436e+003 2.545389e+003 5.316050e+004 3.119258e+004 1.212201e+003 1.002400e+003 2.667692e+002 2.981411e+002 3.740221e+003 4.765973e+003 5.088206e+002 1.399126e+002 6.760659e+000 1.926138e+000 4.234776e-001 5.288799e-001 1.201241e+000 7.692107e+000 6.855812e+000 6.491902e+000
<GCONST> 1.549863e+002
<MIXTURE> 2 8.876081e-001
<MEAN> 22
 3.681275e+000 8.123343e+000 9.666224e-001 1.952983e+000 6.299011e+001 1.033392e+002 8.660616e+001 7.993907e+001 7.019592e+001 7.519871e+001 1.610554e+002 9.882852e+001 1.133378e+002 1.101712e+002 4.756917e+000 2.987978e+000 6.077771e+000 5.598684e+000 5.080256e+000 2.530176e+000 2.531612e+000 2.713531e+000
<VARIANCE> 22
 3.702277e+001 1.325991e+002 3.300596e+000 6.607458e+000 1.005801e+004 6.733187e+003 1.633201e+003 1.039004e+003 3.485663e+002 5.250940e+002 4.673834e+003 4.722619e+003 1.040215e+003 6.398147e+002 8.612507e+000 2.296091e+000 1.973479e+000 1.388613e+000 2.679315e+000 6.759675e+000 6.396838e+000 5.894763e+000
<GCONST> 1.373443e+002
<STATE> 3
<NUMMIXES> 2
<MIXTURE> 1 3.544338e-001
<MEAN> 22
 2.667268e+000 1.620751e+001 8.661203e-001 3.730836e+000 1.735062e+001 6.006258e+001 9.443382e+001 6.944171e+001 6.029471e+001 6.860051e+001 1.902911e+002 1.369466e+002 1.145979e+002 1.097202e+002 6.896517e+000 4.191274e+000 6.192030e+000 5.741928e+000 5.956502e+000 4.821694e+000 1.970855e+000 3.346091e+000
<VARIANCE> 22
 2.133853e+001 2.212189e+002 3.300596e+000 1.706118e+001 7.706606e+002 2.228142e+003 3.201283e+002 8.111752e+002 7.323575e+001 2.197468e+002 7.181770e+002 3.187323e+003 1.552078e+002 1.399775e+002 5.103212e-001 1.374980e+000 1.706302e-001 2.472427e-001 9.282897e-002 6.442226e+000 5.543593e+000 5.100306e+000
<GCONST> 1.133712e+002
<MIXTURE> 2 6.455657e-001
<MEAN> 22
 8.076192e-001 7.883666e+000 3.957337e-001 1.417780e+000 5.895242e+000 1.373121e+002 9.082317e+001 6.765287e+001 5.752319e+001 8.473935e+001 1.896026e+002 4.766851e+001 1.133299e+002 1.032261e+002 6.999719e+000 2.056819e+000 6.001481e+000 5.882788e+000 6.000000e+000 3.969818e-001 1.334677e+000 2.826406e+000
<VARIANCE> 22
 4.801632e+000 9.847236e+001 3.300596e+000 3.025768e+000 4.956259e+001 9.424841e+002 1.646345e+002 5.086970e+002 4.145248e+001 2.879700e+002 3.623688e+002 3.451259e+002 1.088685e+002 1.188366e+002 6.504287e-002 8.785810e-002 2.326111e-002 4.085968e-001 2.082488e-002 2.420646e-001 4.810927e+000 6.054303e+000
<GCONST> 8.983326e+001
<STATE> 4
<NUMMIXES> 2
<MIXTURE> 1 7.558922e-001
<MEAN> 22
 1.065257e+001 1.306107e+000 2.379218e+000 5.883169e-001 1.042422e+002 1.758534e+001 7.684661e+001 9.881432e+001 8.432522e+001 5.713682e+001 8.974705e+001 1.994774e+002 1.099311e+002 1.186670e+002 2.968547e+000 5.000000e+000 6.206300e+000 5.908052e+000 4.169910e+000 5.996083e+000 3.329176e+000 1.948326e+000
<VARIANCE> 22
 1.474675e+002 4.063125e+000 9.763595e+000 2.164982e+000 3.604327e+003 7.070093e+002 6.678741e+002 1.872494e+002 3.585593e+002 4.817902e+001 4.500487e+003 3.704770e+002 2.878561e+002 1.262313e+002 5.512322e+000 1.793315e-002 3.129282e-001 8.349170e-002 1.480015e+000 5.618803e-002 6.120267e+000 5.771974e+000
<GCONST> 1.060704e+002
<MIXTURE> 2 2.441080e-001
<MEAN> 22
 7.790453e+000 7.339019e+000 1.663501e+000 2.457038e+000 5.267343e+001 2.943675e+001 7.188020e+001 5.644894e+001 7.595337e+001 5.970803e+001 9.295757e+001 1.383320e+002 1.045624e+002 1.060089e+002 2.984123e+000 4.224525e+000 5.437139e+000 5.777178e+000 4.180831e+000 5.412671e+000 2.723459e+000 2.757458e+000
<VARIANCE> 22
 9.135255e+001 1.091691e+002 5.726782e+000 1.296427e+001 3.414937e+003 1.061552e+003 1.118448e+003 1.040780e+003 3.450687e+002 7.034205e+001 4.237489e+003 1.893661e+003 1.512188e+002 1.246211e+002 6.309339e+000 1.011045e+000 3.869154e+000 2.362805e-001 1.620058e+000 5.297936e+000 5.880479e+000 6.158588e+000
<GCONST> 1.263608e+002
<TRANSP> 5
 0.000000e+000 1.000000e+000 0.000000e+000 0.000000e+000 0.000000e+000
 0.000000e+000 7.296695e-001 2.703305e-001 0.000000e+000 0.000000e+000
 0.000000e+000 0.000000e+000 9.571321e-001 4.286794e-002 0.000000e+000
 0.000000e+000 0.000000e+000 0.000000e+000 9.174739e-001 8.252617e-002
 0.000000e+000 0.000000e+000 0.000000e+000 0.000000e+000 0.000000e+000
<ENDHMM>
~h "TT"
<BEGINHMM>
<NUMSTATES> 5
<STATE> 2
<NUMMIXES> 2
<MIXTURE> 1 4.670842e-001
<MEAN> 22
 1.997524e+001 5.449372e+000 8.459551e+000 3.314252e+000 2.253910e+002 8.456112e+000 1.727136e+002 1.041171e+002 1.226031e+002 6.044115e+001 9.630067e+001 2.014216e+002 1.039793e+002 1.189839e+002 1.377209e+000 4.997139e+000 1.217838e+000 5.917790e+000 2.311706e+000 5.991392e+000 3.684309e+000 2.315960e+000
<VARIANCE> 22
 1.931412e+003 1.199520e+003 1.383879e+003 8.874102e+002 2.516960e+003 1.344137e+002 1.300636e+003 2.692057e+002 5.370189e+002 1.116391e+002 8.660430e+002 3.928521e+002 3.198663e+002 1.381963e+002 4.519353e-001 1.793315e-002 2.674700e+000 7.545183e-002 5.873705e-001 5.618803e-002 5.678964e+000 6.453042e+000
<GCONST> 1.228174e+002
<MIXTURE> 2 5.329156e-001
<MEAN> 22
 9.224889e+000 1.231782e+001 2.828257e+000 3.886302e+000 4.564250e+001 1.157136e+002 9.212576e+001 1.216293e+002 7.464732e+001 8.979327e+001 1.779791e+002 1.379741e+002 1.160285e+002 1.119021e+002 5.177713e+000 3.701754e+000 6.366014e+000 4.682779e+000 5.707187e+000 3.822030e+000 3.030299e+000 2.777986e+000
<VARIANCE> 22
 2.002383e+002 3.388420e+002 2.350954e+001 3.362622e+001 2.599012e+003 1.120680e+004 1.986606e+003 2.976916e+003 3.139019e+002 1.310418e+003 3.172528e+003 2.918510e+003 5.655037e+002 2.589328e+002 8.553043e+000 1.633863e+000 4.713788e-001 1.805816e+000 6.028803e-001 5.552582e+000 6.888697e+000 5.108737e+000
<GCONST> 1.391188e+002
<STATE> 3
<NUMMIXES> 2
<MIXTURE> 1 3.470515e-001
<MEAN> 22
 2.574573e+000 2.265734e+001 9.592758e-001 5.633119e+000 1.190582e+001 5.525290e+001 9.457856e+001 9.590762e+001 5.975698e+001 6.890760e+001 1.924821e+002 1.624116e+002 1.157358e+002 1.101406e+002 6.991241e+000 4.390789e+000 6.085251e+000 5.338807e+000 5.997502e+000 5.216153e+000 2.285255e+000 3.847311e+000
<VARIANCE> 22
 1.788844e+001 4.715710e+002 3.300596e+000 3.838586e+001 1.859623e+002 1.975833e+003 2.686078e+002 5.713025e+002 7.347332e+001 3.143510e+002 5.019398e+002 2.004620e+003 1.572066e+002 2.079840e+002 6.504287e-002 6.344830e-001 7.798460e-002 2.792102e-001 2.082488e-002 2.024101e+000 5.828981e+000 5.317790e+000
<GCONST> 1.065876e+002
<MIXTURE> 2 6.529484e-001
<MEAN> 22
 1.556337e+000 1.343882e+001 6.929848e-001 5.499556e+000 9.713442e+000 2.227811e+002 9.446592e+001 1.730325e+002 5.852134e+001 1.233059e+002 1.904429e+002 8.823373e+001 1.139498e+002 9.441776e+001 6.969527e+000 2.456236e+000 6.086020e+000 3.174374e+000 5.991660e+000 1.660816e+000 1.842981e+000 3.575874e+000
<VARIANCE> 22
 1.031919e+001 2.318208e+002 3.300596e+000 5.433427e+001 2.918689e+002 1.389630e+003 2.840961e+002 7.835274e+002 9.481252e+001 4.874666e+002 4.859722e+002 6.018219e+002 1.493334e+002 3.209542e+002 1.617403e-001 2.647695e-001 1.179797e-001 2.043928e-001 3.288760e-002 3.485373e-001 5.812530e+000 5.513385e+000
<GCONST> 1.048564e+002
<STATE> 4
<NUMMIXES> 2
<MIXTURE> 1 7.369137e-001
<MEAN> 22
 1.519577e+001 2.122231e+000 5.229666e+000 1.012173e+000 1.412687e+002 2.691440e+001 1.391871e+002 9.706557e+001 9.784779e+001 5.603032e+001 1.199912e+002 1.943228e+002 1.021370e+002 1.158062e+002 2.704270e+000 5.000017e+000 3.253994e+000 5.826891e+000 3.538075e+000 5.987958e+000 3.356183e+000 2.346464e+000
<VARIANCE> 22
 3.685019e+002 1.048662e+001 6.153554e+001 2.164982e+000 8.183019e+003 9.258868e+002 2.291486e+003 2.453746e+002 1.032577e+003 5.208466e+001 2.950586e+003 4.262669e+002 3.863313e+002 1.341153e+002 6.564189e+000 1.793315e-002 8.523533e+000 1.431390e-001 3.711287e+000 5.618803e-002 5.499717e+000 6.230304e+000
<GCONST> 1.184839e+002
<MIXTURE> 2 2.630860e-001
<MEAN> 22
 1.025098e+001 6.294060e+000 4.127126e+000 2.508552e+000 1.303694e+002 6.688024e+001 9.017554e+001 3.791833e+001 8.705069e+001 5.308122e+001 9.125038e+001 1.026486e+002 8.730023e+001 9.229874e+001 2.070813e+000 3.046650e+000 3.676148e+000 5.176394e+000 3.390588e+000 2.667272e+000 2.741428e+000 2.222002e+000
<VARIANCE> 22
 2.510885e+002 1.199812e+002 4.575272e+001 2.305598e+001 1.881501e+004 1.413597e+004 5.185565e+003 1.112671e+003 2.149294e+003 4.414552e+002 2.348704e+003 2.449668e+003 1.148083e+003 1.121035e+003 4.274410e+000 3.023869e+000 7.384030e+000 3.481199e+000 2.899455e+000 1.013986e+001 6.334777e+000 6.076111e+000
<GCONST> 1.489081e+002
<TRANSP> 5
 0.000000e+000 1.000000e+000 0.000000e+000 0.000000e+000 0.000000e+000
 0.000000e+000 8.319448e-001 1.680552e-001 0.000000e+000 0.000000e+000
 0.000000e+000 0.000000e+000 9.536332e-001 4.636668e-002 0.000000e+000
 0.000000e+000 0.000000e+000 0.000000e+000 9.193356e-001 8.066444e-002
 0.000000e+000 0.000000e+000 0.000000e+000 0.000000e+000 0.000000e+000
<ENDHMM>
~h "VA"
<BEGINHMM>
<NUMSTATES> 5
<STATE> 2
<NUMMIXES> 2
<MIXTURE> 1 5.056219e-001
<MEAN> 22
 1.758359e+001 1.063512e+001 7.593633e+000 4.533453e+000 1.092617e+002 3.121102e+001 1.376923e+002 9.967133e+001 9.798439e+001 6.190327e+001 1.572750e+002 1.970171e+002 1.132522e+002 1.191614e+002 3.796419e+000 4.889310e+000 4.401988e+000 5.717656e+000 4.215710e+000 5.925954e+000 3.136113e+000 2.514483e+000
<VARIANCE> 22
 1.521020e+003 1.256367e+003 1.025889e+003 6.396561e+002 1.100666e+004 1.310850e+003 4.831911e+003 5.503550e+002 1.355726e+003 1.261811e+002 5.297286e+003 1.030626e+003 5.225529e+002 1.859275e+002 8.606378e+000 1.603766e-001 8.096428e+000 2.125378e-001 4.412130e+000 2.752649e-001 5.923303e+000 5.269754e+000
<GCONST> 1.431159e+002
<MIXTURE> 2 4.943772e-001
<MEAN> 22
 8.368951e+000 1.208705e+001 3.773057e+000 4.401854e+000 1.755608e+002 2.346282e+002 8.027170e+001 1.171259e+002 6.535532e+001 9.063384e+001 1.164180e+002 6.987884e+001 8.353681e+001 7.846850e+001 3.152900e+000 2.105803e+000 4.456308e+000 3.261382e+000 4.054122e+000 1.395191e+000 2.486137e+000 2.635297e+000
<VARIANCE> 22
 3.592646e+002 2.193663e+002 8.389868e+001 3.570851e+001 3.855868e+004 1.015494e+004 3.187403e+003 5.920641e+003 1.321263e+003 2.355831e+003 6.534925e+003 2.351531e+003 2.315734e+003 1.528241e+003 9.080825e+000 1.310642e+000 7.318100e+000 3.203235e+000 4.918353e+000 2.025041e+000 6.185387e+000 5.100023e+000
<GCONST> 1.542112e+002
<STATE> 3
<NUMMIXES> 2
<MIXTURE> 1 5.335213e-001
<MEAN> 22
 1.799009e+000 1.965072e+001 7.643604e-001 6.898221e+000 8.229774e+000 8.152124e+001 9.111037e+001 8.556922e+001 5.709247e+001 7.843163e+001 1.886283e+002 1.212846e+002 1.130008e+002 1.006468e+002 6.995821e+000 3.830983e+000 6.021202e+000 5.304317e+000 5.999989e+000 4.208585e+000 2.036564e+000 3.723275e+000
<VARIANCE> 22
 8.414660e+000 3.673928e+002 3.300596e+000 4.873457e+001 7.861261e+001 3.350060e+003 2.077372e+002 6.815936e+002 6.450882e+001 4.108075e+002 4.065856e+002 3.869365e+003 1.177511e+002 4.010534e+002 6.504287e-002 1.317976e+000 2.326111e-002 4.803575e-001 2.082488e-002 6.571991e+000 6.012670e+000 5.261340e+000
<GCONST> 1.076231e+002
<MIXTURE> 2 4.664795e-001
<MEAN> 22
 2.747515e+000 1.072513e+001 1.441949e+000 4.349463e+000 1.441935e+001 2.198642e+002 9.088898e+001 1.662643e+002 5.634768e+001 1.151039e+002 1.857336e+002 7.959406e+001 1.122285e+002 7.963065e+001 6.855398e+000 2.349501e+000 6.065641e+000 3.168031e+000 5.918130e+000 1.713608e+000 2.297938e+000 3.310524e+000
<VARIANCE> 22
 2.304474e+001 1.607415e+002 1.052400e+001 2.714261e+001 7.698633e+002 2.653926e+003 4.208351e+002 1.475455e+003 1.249017e+002 5.306072e+002 9.755327e+002 1.105703e+003 2.231503e+002 3.613940e+002 7.736548e-001 3.370451e-001 2.958358e-001 6.969324e-001 1.850749e-001 6.563585e-001 6.239905e+000 5.392925e+000
<GCONST> 1.169497e+002
<STATE> 4
<NUMMIXES> 2
<MIXTURE> 1 7.141817e-001
<MEAN> 22
 1.459828e+001 2.197696e+000 5.212708e+000 1.064199e+000 1.385755e+002 1.777982e+001 1.321506e+002 9.765673e+001 9.857769e+001 5.534630e+001 1.195740e+002 1.951700e+002 9.626891e+001 1.155159e+002 3.086285e+000 5.000084e+000 3.714577e+000 5.857158e+000 3.803325e+000 5.987222e+000 3.349868e+000 2.392324e+000
<VARIANCE> 22
 2.859513e+002 1.141076e+001 4.219304e+001 2.164982e+000 8.185876e+003 6.274772e+002 2.479804e+003 2.084072e+002 8.046730e+002 7.956965e+001 4.198724e+003 3.209583e+002 4.954033e+002 1.197606e+002 6.987098e+000 1.793315e-002 8.637622e+000 1.224394e-001 3.550351e+000 5.618803e-002 5.914865e+000 6.259390e+000
<GCONST> 1.177959e+002
<MIXTURE> 2 2.858184e-001
<MEAN> 22
 6.702675e+000 7.312633e+000 2.943085e+000 3.049306e+000 7.366935e+001 3.670353e+001 9.483401e+001 4.901051e+001 8.436370e+001 5.723798e+001 8.145378e+001 1.077568e+002 9.321188e+001 1.021878e+002 2.534594e+000 3.185501e+000 3.949600e+000 5.540131e+000 3.550992e+000 2.981119e+000 2.913664e+000 2.825381e+000
<VARIANCE> 22
 1.022249e+002 1.832775e+002 2.486766e+001 2.332191e+001 3.150997e+003 1.185044e+003 3.548365e+003 5.689131e+002 4.013339e+002 1.212590e+002 2.066949e+003 1.070872e+003 4.421289e+002 1.120026e+002 3.103150e+000 1.559747e+000 6.736978e+000 3.026938e-001 1.356782e+000 8.270876e+000 6.362437e+000 6.451088e+000
<GCONST> 1.309203e+002
<TRANSP> 5
 0.000000e+000 1.000000e+000 0.000000e+000 0.000000e+000 0.000000e+000
 0.000000e+000 7.644716e-001 2.355284e-001 0.000000e+000 0.000000e+000
 0.000000e+000 0.000000e+000 9.439604e-001 5.603955e-002 0.000000e+000
 0.000000e+000 0.000000e+000 0.000000e+000 9.179406e-001 8.205939e-002
 0.000000e+000 0.000000e+000 0.000000e+000 0.000000e+000 0.000000e+000
<ENDHMM>
~h "VQ"
<BEGINHMM>
<NUMSTATES> 5
<STATE> 2
<NUMMIXES> 2
<MIXTURE> 1 1.862667e-001
<MEAN> 22
 2.120152e+001 2.944530e+001 1.372569e+001 1.493980e+001 5.178695e+001 1.187521e+002 7.486505e+001 9.319295e+001 6.720518e+001 6.484420e+001 1.350922e+002 7.502282e+001 9.825864e+001 9.407801e+001 4.137950e+000 2.922232e+000 5.696560e+000 4.632071e+000 5.029624e+000 2.574306e+000 2.859885e+000 3.255991e+000
<VARIANCE> 22
 5.553954e+003 4.124329e+003 4.373910e+003 2.812289e+003 5.976281e+003 4.904705e+003 1.233243e+003 1.286067e+003 2.800065e+002 2.480342e+002 3.067009e+003 1.947894e+003 7.054322e+002 3.455364e+002 8.941860e+000 1.025122e+000 3.231658e+000 9.928839e-001 2.220099e+000 3.541301e+000 6.540474e+000 4.815546e+000
<GCONST> 1.532242e+002
<MIXTURE> 2 8.137325e-001
<MEAN> 22
 1.167480e+001 2.869673e+000 4.095584e+000 1.303597e+000 1.071326e+002 2.158532e+001 1.015848e+002 7.233792e+001 7.862916e+001 5.481410e+001 8.222610e+001 1.602225e+002 9.688213e+001 1.098950e+002 2.358860e+000 4.246107e+000 3.451092e+000 5.714835e+000 3.257950e+000 4.926343e+000 3.533990e+000 2.482232e+000
<VARIANCE> 22
 2.035535e+002 1.803593e+001 3.030529e+001 4.615741e+000 5.699744e+003 4.146517e+002 2.465185e+003 1.016236e+003 3.442251e+002 6.297764e+001 2.962337e+003 2.042935e+003 3.676275e+002 1.295349e+002 3.944353e+000 1.646745e+000 8.913117e+000 2.038794e-001 2.329263e+000 5.257666e+000 5.923235e+000 5.929339e+000
<GCONST> 1.278953e+002
<STATE> 3
<NUMMIXES> 2
<MIXTURE> 1 5.118023e-001
<MEAN> 22
 2.623374e+000 1.979847e+001 8.501302e-001 5.790878e+000 9.079169e+000 1.027448e+002 9.881432e+001 9.550882e+001 6.012692e+001 7.202842e+001 2.001081e+002 1.191643e+002 1.196898e+002 1.053349e+002 6.997588e+000 3.743036e+000 6.122536e+000 5.039350e+000 5.998557e+000 4.014740e+000 2.168784e+000 3.842845e+000
<VARIANCE> 22
 2.256819e+001 3.274767e+002 3.300596e+000 5.400330e+001 1.279132e+002 7.158529e+003 4.299177e+002 1.993705e+003 8.836048e+001 3.616749e+002 7.897620e+002 3.172662e+003 2.594482e+002 2.590898e+002 6.504287e-002 1.310266e+000 1.075204e-001 1.056792e+000 2.082488e-002 5.498606e+000 6.169684e+000 4.877017e+000
<GCONST> 1.147349e+002
<MIXTURE> 2 4.881968e-001
<MEAN> 22
 1.136035e+000 6.065370e+000 7.126455e-001 3.017077e+000 1.003608e+001 1.642088e+002 8.414090e+001 1.148920e+002 5.274189e+001 7.435827e+001 1.791656e+002 4.563911e+001 1.073465e+002 8.147876e+001 6.943614e+000 2.387500e+000 6.050683e+000 4.091185e+000 5.961810e+000 1.754768e+000 1.684769e+000 3.482033e+000
<VARIANCE> 22
 4.801632e+000 3.769638e+001 3.300596e+000 1.378507e+001 6.354818e+002 1.480393e+003 1.825836e+002 7.188369e+002 5.983738e+001 2.013749e+002 4.157569e+002 4.140884e+002 8.772312e+001 2.410551e+002 2.965277e-001 2.821890e-001 1.497642e-001 6.672077e-001 1.171677e-001 3.433424e-001 5.430127e+000 6.171158e+000
<GCONST> 1.019155e+002
<STATE> 4
<NUMMIXES> 2
<MIXTURE> 1 9.022952e-001
<MEAN> 22
 1.040348e+001 2.948794e+000 3.883599e+000 1.198663e+000 9.580923e+001 2.347826e+001 1.054104e+002 9.445278e+001 7.504569e+001 5.370358e+001 1.079984e+002 1.929090e+002 1.003687e+002 1.143298e+002 3.264667e+000 4.999887e+000 4.283143e+000 5.861348e+000 3.898377e+000 5.995608e+000 3.499482e+000 2.450965e+000
<VARIANCE> 22
 1.649607e+002 2.497908e+001 3.041298e+001 3.925697e+000 5.253796e+003 9.926518e+002 9.794362e+002 2.019914e+002 4.320803e+002 6.440268e+001 4.818611e+003 3.103868e+002 3.997986e+002 1.143364e+002 7.745623e+000 1.793315e-002 8.726424e+000 1.194239e-001 3.562035e+000 5.618803e-002 5.864320e+000 6.133294e+000
<GCONST> 1.164249e+002
<MIXTURE> 2 9.770470e-002
<MEAN> 22
 2.881387e+000 4.867029e+000 1.397576e+000 1.908824e+000 4.030094e+002 3.135779e+002 4.068749e+001 3.898626e+001 2.688963e+001 2.825072e+001 5.595539e+001 3.609301e+001 4.180422e+001 4.146204e+001 1.898048e+000 1.307570e+000 2.182292e+000 2.005112e+000 1.828831e+000 1.055257e+000 1.057736e+000 1.722376e+000
<VARIANCE> 22
 6.948106e+001 1.265362e+002 1.289840e+001 1.956358e+001 4.903618e+004 2.130745e+004 2.899545e+003 2.700610e+003 1.034706e+003 1.155529e+003 6.246157e+003 2.735870e+003 2.543981e+003 2.472447e+003 8.070009e+000 2.777437e+000 8.752849e+000 5.875150e+000 6.138137e+000 3.145032e+000 3.964268e+000 6.153771e+000
<GCONST> 1.511934e+002
<TRANSP> 5
 0.000000e+000 1.000000e+000 0.000000e+000 0.000000e+000 0.000000e+000
 0.000000e+000 8.546552e-001 1.453448e-001 0.000000e+000 0.000000e+000
 0.000000e+000 0.000000e+000 9.443306e-001 5.566937e-002 0.000000e+000
 0.000000e+000 0.000000e+000 0.000000e+000 8.854815e-001 1.145185e-001
 0.000000e+000 0.000000e+000 0.000000e+000 0.000000e+000 0.000000e+000
<ENDHMM>
~h "SIL"
<BEGINHMM>
<NUMSTATES> 5
<STATE> 2
<NUMMIXES> 2
<MIXTURE> 1 1.630869e-001
<MEAN> 22
 4.891560e+002 4.129213e+002 4.449447e+002 3.565912e+002 8.830032e-001 1.253327e+000 3.970091e+001 3.899959e+001 2.808093e+001 2.656066e+001 7.770034e+001 7.468681e+001 4.934257e+001 4.861433e+001 2.755681e+000 1.994163e+000 2.641581e+000 2.528992e+000 2.483067e+000 2.334923e+000 4.666280e+000 4.663312e+000
<VARIANCE> 22
 6.645366e+003 4.128211e+003 4.654134e+003 3.349064e+003 6.620039e+001 1.565510e+002 2.348214e+003 2.294683e+003 1.092107e+003 1.015198e+003 8.565135e+003 8.147648e+003 3.231608e+003 3.132958e+003 1.120714e+001 5.745252e+000 9.252275e+000 8.406289e+000 8.297250e+000 8.445085e+000 4.022598e+000 4.056156e+000
<GCONST> 1.625389e+002
<MIXTURE> 2 8.369132e-001
<MEAN> 22
 0.000000e+000 0.000000e+000 0.000000e+000 0.000000e+000 3.661407e+001 2.963488e+001 0.000000e+000 0.000000e+000 0.000000e+000 0.000000e+000 0.000000e+000 0.000000e+000 0.000000e+000 0.000000e+000 0.000000e+000 0.000000e+000 0.000000e+000 0.000000e+000 0.000000e+000 0.000000e+000 0.000000e+000 0.000000e+000
<VARIANCE> 22
 4.801632e+000 4.063125e+000 3.300596e+000 2.164982e+000 1.817521e+004 1.195247e+004 9.838196e+000 1.115232e+001 2.936353e+000 3.516743e+000 3.745900e+001 4.440890e+001 4.184655e+000 3.870682e+000 6.504287e-002 1.793315e-002 2.326111e-002 1.170389e-002 2.082488e-002 5.618803e-002 6.153807e-002 6.060927e-002
<GCONST> 5.449671e+001
<STATE> 3
<NUMMIXES> 2
<MIXTURE> 1 7.719166e-001
<MEAN> 22
 1.420281e+000 1.832393e+000 6.021776e-001 7.585807e-001 7.946080e+000 9.854862e+000 1.007657e+002 9.758169e+001 6.342173e+001 5.926798e+001 1.979617e+002 1.958633e+002 1.183428e+002 1.171087e+002 6.999708e+000 5.000000e+000 6.118795e+000 5.906117e+000 6.001799e+000 6.000446e+000 1.993698e+000 2.016468e+000
<VARIANCE> 22
 4.928141e+000 7.063939e+000 3.300596e+000 2.164982e+000 6.911980e+001 1.197715e+002 3.196938e+002 2.198668e+002 9.871498e+001 7.828935e+001 5.261180e+002 4.057658e+002 1.840569e+002 1.342821e+002 6.504287e-002 1.793315e-002 1.045692e-001 8.510384e-002 2.082488e-002 5.618803e-002 5.630084e+000 5.625103e+000
<GCONST> 8.269983e+001
<MIXTURE> 2 2.280886e-001
<MEAN> 22
 8.675769e+000 1.105878e+001 2.208086e+000 2.790233e+000 5.280655e+001 5.996522e+001 8.417357e+001 8.081894e+001 7.019013e+001 6.451577e+001 1.493192e+002 1.448014e+002 1.104431e+002 1.102677e+002 4.658803e+000 4.107618e+000 5.938005e+000 5.539029e+000 5.086013e+000 4.591492e+000 2.440702e+000 2.463592e+000
<VARIANCE> 22
 1.759682e+002 2.119306e+002 1.439491e+001 1.578638e+001 2.805515e+003 2.816122e+003 1.545677e+003 1.305298e+003 2.760828e+002 2.056099e+002 4.018840e+003 3.873447e+003 4.862410e+002 2.672898e+002 8.369322e+000 1.647751e+000 2.115784e+000 4.880731e-001 1.988743e+000 5.953192e+000 5.239374e+000 4.757018e+000
<GCONST> 1.344115e+002
<STATE> 4
<NUMMIXES> 2
<MIXTURE> 1 2.366434e-001
<MEAN> 22
 5.716397e-001 1.105690e+000 2.789522e-001 6.307850e-001 3.986174e+000 4.112335e+000 1.063355e+002 1.138265e+002 6.400089e+001 6.617458e+001 2.298199e+002 2.341068e+002 1.356085e+002 1.379984e+002 7.000000e+000 5.000000e+000 6.000167e+000 5.997326e+000 6.000000e+000 6.000000e+000 9.854599e-001 1.466409e+000
<VARIANCE> 22
 4.801632e+000 5.131176e+000 3.300596e+000 2.202879e+000 4.956259e+001 5.429972e+001 1.150025e+001 1.305775e+001 3.891013e+000 7.101841e+000 3.745900e+001 4.440890e+001 6.501577e+000 7.676366e+000 6.504287e-002 1.793315e-002 2.326111e-002 1.170389e-002 2.082488e-002 5.618803e-002 3.575704e+000 4.653269e+000
<GCONST> 5.427531e+001
<MIXTURE> 2 7.633575e-001
<MEAN> 22
 1.023617e+000 1.610290e+000 4.000145e-001 6.266643e-001 4.850754e+000 6.052126e+000 8.670897e+001 8.621272e+001 5.627117e+001 5.497402e+001 1.822909e+002 1.819042e+002 1.105362e+002 1.100612e+002 6.990259e+000 4.994119e+000 6.006896e+000 5.976641e+000 5.996632e+000 5.992772e+000 1.769384e+000 1.903009e+000
<VARIANCE> 22
 4.801632e+000 1.131820e+001 3.300596e+000 2.164982e+000 7.011533e+001 8.369553e+001 5.059225e+001 5.362292e+001 2.204960e+001 4.098835e+001 1.100683e+002 1.285710e+002 3.355887e+001 3.757112e+001 6.504287e-002 1.793315e-002 2.326111e-002 2.463086e-002 2.082488e-002 5.618803e-002 5.365733e+000 5.871664e+000
<GCONST> 6.896295e+001
<TRANSP> 5
 0.000000e+000 1.000000e+000 0.000000e+000 0.000000e+000 0.000000e+000
 0.000000e+000 9.079492e-001 9.205078e-002 0.000000e+000 0.000000e+000
 0.000000e+000 0.000000e+000 9.973099e-001 2.690155e-003 0.000000e+000
 0.000000e+000 0.000000e+000 0.000000e+000 9.924652e-001 7.534806e-003
 0.000000e+000 0.000000e+000 0.000000e+000 0.000000e+000 0.000000e+000
<ENDHMM>
