~o
<STREAMINFO> 1 22
<VECSIZE> 22<NULLD><MFCC_0><DIAGC>
~h "BN"
<BEGINHMM>
<NUMSTATES> 5
<STATE> 2
<NUMMIXES> 2
<MIXTURE> 1 3.790078e-001
<MEAN> 22
 7.920200e+000 1.436938e+001 4.479354e+000 5.265685e+000 1.680669e+001 2.448395e+001 8.365891e+001 7.404807e+001 5.951790e+001 5.695103e+001 1.809267e+002 1.684181e+002 1.119151e+002 1.092792e+002 6.903813e+000 4.981812e+000 6.069590e+000 5.872642e+000 5.839385e+000 6.123700e+000 2.260325e+000 2.192749e+000
<VARIANCE> 22
 2.004777e+003 1.377218e+003 1.610067e+003 1.018088e+003 3.934626e+002 4.579016e+002 6.057109e+002 5.913326e+002 6.671209e+001 6.468020e+001 9.382321e+002 1.099426e+003 1.877505e+002 1.860322e+002 1.412894e-001 1.744978e-001 6.474712e-002 1.111380e-001 1.399928e-001 2.308893e-001 5.668314e+000 3.672743e+000
<GCONST> 1.181088e+002
<MIXTURE> 2 6.209918e-001
<MEAN> 22
 5.758698e+000 8.265721e+000 1.603963e+000 2.831490e+000 1.496854e+002 1.686219e+002 7.057465e+001 8.861495e+001 6.947046e+001 7.346011e+001 1.127564e+002 6.877093e+001 9.269754e+001 9.120577e+001 3.182157e+000 2.419464e+000 4.801369e+000 3.906045e+000 4.141253e+000 1.930277e+000 2.208066e+000 2.413813e+000
<VARIANCE> 22
 1.237817e+002 2.295443e+002 1.000585e+001 1.722372e+001 3.483127e+004 1.701417e+004 2.349501e+003 2.723224e+003 1.035569e+003 1.241315e+003 5.921786e+003 3.304304e+003 1.862181e+003 1.419195e+003 8.790474e+000 2.067938e+000 7.149251e+000 3.297460e+000 3.835179e+000 4.758444e+000 6.004198e+000 5.817521e+000
<GCONST> 1.498702e+002
<STATE> 3
<NUMMIXES> 2
<MIXTURE> 1 4.121507e-001
<MEAN> 22
 1.471829e+000 1.991201e+001 5.178141e-001 5.133490e+000 7.778476e+000 1.474080e+002 1.008098e+002 1.049937e+002 6.272870e+001 8.786491e+001 2.037637e+002 7.337381e+001 1.218142e+002 1.102969e+002 6.998802e+000 2.829815e+000 6.123487e+000 4.484780e+000 5.998534e+000 2.207173e+000 1.758984e+000 3.564793e+000
<VARIANCE> 22
 9.588098e+000 3.793809e+002 3.300596e+000 2.862066e+001 1.089855e+002 5.142042e+003 3.158742e+002 1.609410e+003 7.239432e+001 5.498417e+002 6.399540e+002 2.279901e+003 2.184070e+002 1.653208e+002 6.504287e-002 1.024948e+000 1.088228e-001 8.451942e-001 2.082488e-002 4.858041e+000 5.566582e+000 5.431804e+000
<GCONST> 1.108591e+002
<MIXTURE> 2 5.878500e-001
<MEAN> 22
 8.778719e-001 4.766850e+000 4.201113e-001 1.502604e+000 9.714568e+000 1.720585e+002 8.609393e+001 1.184060e+002 5.562222e+001 8.803672e+001 1.798200e+002 3.160539e+001 1.093652e+002 9.583372e+001 6.926353e+000 2.056510e+000 5.988322e+000 3.669785e+000 5.961987e+000 1.104813e+000 1.330815e+000 2.626189e+000
<VARIANCE> 22
 4.801632e+000 4.174805e+001 3.300596e+000 3.141495e+000 6.042639e+002 9.294048e+002 1.156486e+002 1.983667e+002 4.616658e+001 2.621796e+002 3.898966e+002 3.463538e+002 5.506054e+001 7.429207e+001 4.004501e-001 1.166316e-001 2.269939e-001 4.859533e-001 1.167712e-001 3.135141e-001 4.764859e+000 5.961526e+000
<GCONST> 9.565377e+001
<STATE> 4
<NUMMIXES> 2
<MIXTURE> 1 4.125278e-001
<MEAN> 22
 1.346614e+001 5.951191e+000 3.040880e+000 1.871517e+000 4.568022e+001 2.454943e+001 8.789205e+001 9.500961e+001 7.063620e+001 5.843875e+001 1.619523e+002 1.939919e+002 1.150023e+002 1.168154e+002 5.115873e+000 4.996885e+000 6.358025e+000 5.837230e+000 5.343222e+000 6.006857e+000 3.548894e+000 2.958191e+000
<VARIANCE> 22
 3.095308e+002 8.815186e+001 2.172102e+001 7.321050e+000 2.296224e+003 8.682632e+002 6.139781e+002 3.187115e+002 2.720236e+002 6.763442e+001 3.247079e+003 5.047718e+002 2.690490e+002 1.207575e+002 8.119027e+000 1.793315e-002 2.785962e-001 1.362776e-001 1.515266e+000 5.618803e-002 6.071426e+000 6.669941e+000
<GCONST> 1.129643e+002
<MIXTURE> 2 5.874723e-001
<MEAN> 22
 6.394830e+000 1.695529e+000 2.516249e+000 7.498357e-001 1.602604e+002 1.887696e+001 1.242013e+002 8.501630e+001 9.096276e+001 5.853478e+001 3.543246e+001 1.774141e+002 9.943632e+001 1.146607e+002 1.961353e+000 4.661423e+000 1.065748e+000 5.817750e+000 2.875710e+000 5.577353e+000 3.054400e+000 1.929837e+000
<VARIANCE> 22
 8.411156e+001 1.381983e+001 1.615820e+001 2.164982e+000 4.031284e+003 7.595321e+002 5.320876e+002 8.399409e+002 3.282012e+002 6.745852e+001 4.067221e+002 1.849677e+003 2.163132e+002 1.739408e+002 3.770777e-001 5.647277e-001 3.175370e+000 1.826111e-001 2.764636e-001 2.925100e+000 6.211570e+000 5.663212e+000
<GCONST> 1.143189e+002
<TRANSP> 5
 0.000000e+000 1.000000e+000 0.000000e+000 0.000000e+000 0.000000e+000
 0.000000e+000 8.146011e-001 1.853989e-001 0.000000e+000 0.000000e+000
 0.000000e+000 0.000000e+000 9.543350e-001 4.566500e-002 0.000000e+000
 0.000000e+000 0.000000e+000 0.000000e+000 9.296545e-001 7.034545e-002
 0.000000e+000 0.000000e+000 0.000000e+000 0.000000e+000 0.000000e+000
<ENDHMM>
~h "BS"
<BEGINHMM>
<NUMSTATES> 5
<STATE> 2
<NUMMIXES> 2
<MIXTURE> 1 1.626864e-001
<MEAN> 22
 1.910166e+001 1.786398e+001 1.005548e+001 8.619037e+000 1.662151e+002 1.218466e+002 1.082304e+002 1.038712e+002 6.972463e+001 6.488544e+001 1.963109e+002 1.912401e+002 1.241673e+002 1.232399e+002 5.035172e+000 4.711191e+000 6.395013e+000 5.657425e+000 5.017975e+000 5.529030e+000 2.396110e+000 2.400913e+000
<VARIANCE> 22
 3.871968e+003 2.976130e+003 3.303244e+003 2.181318e+003 5.363302e+004 2.468521e+004 8.260885e+002 5.210193e+002 5.131091e+001 3.092477e+001 1.192320e+003 1.175471e+003 2.086916e+002 1.350077e+002 9.525567e+000 4.366208e-001 2.389785e-001 2.253319e-001 4.916021e+000 1.075132e+000 4.536388e+000 5.457193e+000
<GCONST> 1.416064e+002
<MIXTURE> 2 8.373136e-001
<MEAN> 22
 1.526653e+001 1.506737e+001 2.336758e+000 2.448764e+000 6.416162e+001 6.143291e+001 5.312704e+001 5.138424e+001 6.311238e+001 6.041980e+001 1.398551e+002 1.368326e+002 1.055100e+002 1.054538e+002 5.156596e+000 4.470716e+000 5.985996e+000 5.827814e+000 5.208240e+000 5.340796e+000 2.744306e+000 1.994185e+000
<VARIANCE> 22
 1.885343e+002 1.690206e+002 6.148274e+000 7.337997e+000 4.943098e+003 3.786657e+003 7.743218e+002 7.351976e+002 1.475639e+002 1.638127e+002 1.431307e+003 1.425595e+003 2.571991e+002 2.345599e+002 6.841702e+000 1.868749e+000 5.576988e-001 5.006279e-001 1.028180e+000 5.834423e+000 3.124881e+000 3.644470e+000
<GCONST> 1.257348e+002
<STATE> 3
<NUMMIXES> 2
<MIXTURE> 1 4.699086e-001
<MEAN> 22
 1.440870e+001 1.454930e+001 3.512882e+000 3.355165e+000 1.304306e+002 1.227498e+002 1.464409e+002 1.420835e+002 8.847432e+001 7.864819e+001 1.560840e+002 1.632612e+002 1.162501e+002 1.148687e+002 4.038261e-001 3.744284e+000 4.650200e+000 4.749089e+000 1.861321e+000 3.887719e+000 2.974588e+000 3.976412e+000
<VARIANCE> 22
 3.977749e+002 3.971274e+002 1.809653e+001 1.911231e+001 1.438068e+003 1.577942e+003 9.677197e+002 8.458303e+002 1.766104e+002 2.504456e+002 2.024083e+003 1.245982e+003 1.654503e+002 1.291961e+002 3.075699e-001 3.116753e-001 1.080321e+001 2.373122e-001 6.552537e+000 8.762653e-001 6.553909e+000 5.596344e+000
<GCONST> 1.258540e+002
<MIXTURE> 2 5.300911e-001
<MEAN> 22
 2.187961e+001 2.280072e+001 3.812239e+000 3.741717e+000 9.372746e+001 9.749259e+001 4.952207e+001 5.094092e+001 6.483857e+001 6.038779e+001 9.235380e+001 9.081774e+001 9.992706e+001 1.005872e+002 1.982513e+000 2.675739e+000 6.158302e+000 5.735690e+000 4.050043e+000 2.118746e+000 2.687776e+000 2.897022e+000
<VARIANCE> 22
 3.633279e+002 3.835131e+002 2.481384e+001 1.911293e+001 1.624764e+003 1.261252e+003 6.610741e+002 6.620230e+002 1.191696e+002 1.206818e+002 9.166594e+002 8.000887e+002 1.087327e+002 9.072561e+001 3.491209e+000 1.867463e+000 4.001979e-001 3.995948e-001 2.078868e+000 6.831789e+000 5.596838e+000 4.403439e+000
<GCONST> 1.241375e+002
<STATE> 4
<NUMMIXES> 2
<MIXTURE> 1 4.630559e-001
<MEAN> 22
 9.227791e+000 8.849839e+000 2.497194e+000 2.150665e+000 3.454150e+001 3.514796e+001 1.024058e+002 9.962632e+001 6.549392e+001 6.014469e+001 1.934170e+002 1.913173e+002 1.153253e+002 1.146692e+002 6.702094e+000 4.940584e+000 6.441583e+000 5.518781e+000 6.059414e+000 5.834411e+000 3.876967e+000 3.680859e+000
<VARIANCE> 22
 8.345209e+001 7.902811e+001 7.392753e+000 5.521150e+000 1.082537e+003 8.319583e+002 5.943074e+002 4.328966e+002 1.063889e+002 8.750668e+001 7.794039e+002 6.645925e+002 1.877663e+002 1.458348e+002 1.770705e+000 1.326903e-001 2.840663e-001 2.502539e-001 1.960103e-001 3.217199e-001 4.471671e+000 8.363334e+000
<GCONST> 1.083852e+002
<MIXTURE> 2 5.369449e-001
<MEAN> 22
 5.836267e+000 5.567418e+000 1.653560e+000 1.563009e+000 8.892590e+001 8.793866e+001 1.153390e+002 1.164560e+002 6.763934e+001 6.303325e+001 1.553961e+002 1.544628e+002 1.047754e+002 1.043931e+002 7.525444e-003 3.999206e+000 6.999963e+000 5.000000e+000 3.560649e+000 4.351595e+000 3.046659e+000 3.742479e+000
<VARIANCE> 22
 5.493373e+001 5.016063e+001 5.345006e+000 4.753888e+000 6.607155e+002 6.336799e+002 5.191657e+002 4.611756e+002 8.378088e+001 1.150778e+002 3.791072e+002 4.012892e+002 6.884201e+001 7.572504e+001 6.504287e-002 1.793315e-002 2.326111e-002 1.170389e-002 1.191833e+001 2.633648e-001 6.418087e+000 7.491190e+000
<GCONST> 9.663998e+001
<TRANSP> 5
 0.000000e+000 1.000000e+000 0.000000e+000 0.000000e+000 0.000000e+000
 0.000000e+000 8.055130e-001 1.944870e-001 0.000000e+000 0.000000e+000
 0.000000e+000 0.000000e+000 9.227636e-001 7.723634e-002 0.000000e+000
 0.000000e+000 0.000000e+000 0.000000e+000 9.465114e-001 5.348860e-002
 0.000000e+000 0.000000e+000 0.000000e+000 0.000000e+000 0.000000e+000
<ENDHMM>
~h "CF"
<BEGINHMM>
<NUMSTATES> 5
<STATE> 2
<NUMMIXES> 2
<MIXTURE> 1 1.959268e-001
<MEAN> 22
 2.708031e+001 1.065033e+001 1.233844e+001 6.390089e+000 7.832204e+001 2.516517e+001 1.016569e+002 9.202998e+001 8.366086e+001 6.095284e+001 1.268574e+002 1.874394e+002 1.117370e+002 1.183929e+002 4.086775e+000 4.793958e+000 5.126958e+000 5.692262e+000 4.655671e+000 5.888424e+000 3.704123e+000 2.728341e+000
<VARIANCE> 22
 2.728913e+003 1.807699e+003 2.196164e+003 1.310476e+003 5.760043e+003 9.086464e+002 1.117298e+003 7.768976e+002 5.997437e+002 1.125364e+002 5.901239e+003 1.556831e+003 3.752080e+002 1.594625e+002 7.990538e+000 3.412920e-001 5.343978e+000 2.372700e-001 2.309300e+000 9.046118e-001 5.906466e+000 5.552439e+000
<GCONST> 1.434820e+002
<MIXTURE> 2 8.040729e-001
<MEAN> 22
 5.622992e+000 6.748695e+000 2.268759e+000 2.271582e+000 8.584929e+001 8.476842e+001 8.414525e+001 6.901553e+001 7.883486e+001 6.523902e+001 8.994889e+001 1.055948e+002 9.511775e+001 1.023117e+002 2.960176e+000 3.263917e+000 4.554833e+000 5.037933e+000 3.895818e+000 3.485342e+000 2.811692e+000 2.598446e+000
<VARIANCE> 22
 7.380148e+001 1.147888e+002 1.024648e+001 1.266184e+001 8.710699e+003 6.951737e+003 2.281093e+003 1.693922e+003 7.138441e+002 5.375316e+002 3.563971e+003 3.483716e+003 6.227410e+002 5.210529e+002 5.558850e+000 2.357509e+000 5.932878e+000 1.985161e+000 2.367257e+000 7.781481e+000 6.105558e+000 5.475693e+000
<GCONST> 1.407739e+002
<STATE> 3
<NUMMIXES> 2
<MIXTURE> 1 4.096179e-001
<MEAN> 22
 2.544635e+000 2.229946e+001 9.300388e-001 5.933813e+000 1.450180e+001 1.226405e+002 9.979231e+001 9.396152e+001 6.310416e+001 8.607877e+001 1.953906e+002 9.614207e+001 1.180404e+002 1.040392e+002 6.883304e+000 3.302338e+000 6.194434e+000 4.732975e+000 5.930395e+000 3.121530e+000 2.055168e+000 3.679370e+000
<VARIANCE> 22
 2.275188e+001 4.594369e+002 3.300596e+000 4.404424e+001 6.867481e+002 6.592617e+003 5.036188e+002 2.019384e+003 1.145393e+002 5.762236e+002 1.250001e+003 3.404367e+003 2.733333e+002 2.673764e+002 5.742423e-001 1.555863e+000 4.410601e-001 1.799151e+000 1.857079e-001 7.307435e+000 6.014846e+000 5.119334e+000
<GCONST> 1.247744e+002
<MIXTURE> 2 5.903817e-001
<MEAN> 22
 9.031367e-001 5.741995e+000 4.460556e-001 2.740298e+000 5.778169e+000 1.935114e+002 8.928181e+001 1.286829e+002 5.670832e+001 1.014670e+002 1.845078e+002 3.064708e+001 1.102842e+002 8.255689e+001 7.000000e+000 2.000000e+000 6.001988e+000 2.900676e+000 5.999999e+000 9.928795e-001 1.383631e+000 2.497420e+000
<VARIANCE> 22
 4.801632e+000 7.480490e+001 3.300596e+000 1.390611e+001 4.956259e+001 8.297440e+002 1.627102e+002 3.745045e+002 4.496105e+001 3.801025e+002 3.125456e+002 1.383487e+002 9.192365e+001 2.187279e+002 6.504287e-002 1.793315e-002 2.326111e-002 1.184916e+000 2.082488e-002 5.618803e-002 5.055653e+000 5.762192e+000
<GCONST> 8.839110e+001
<STATE> 4
<NUMMIXES> 2
<MIXTURE> 1 4.273965e-001
<MEAN> 22
 8.447639e+000 5.908349e+000 2.564613e+000 2.154922e+000 2.801764e+001 2.393659e+001 9.072951e+001 9.690228e+001 6.509898e+001 6.073763e+001 1.877377e+002 1.941913e+002 1.166161e+002 1.162224e+002 6.427160e+000 5.001351e+000 6.183243e+000 5.722263e+000 5.892121e+000 5.990935e+000 3.320484e+000 3.052858e+000
<VARIANCE> 22
 1.565638e+002 6.358713e+001 1.264551e+001 7.674070e+000 7.386649e+002 5.564316e+002 6.268490e+002 3.255108e+002 1.328514e+002 9.292667e+001 9.742368e+002 5.026001e+002 1.864040e+002 1.281466e+002 3.479601e+000 1.793315e-002 1.496653e-001 2.005953e-001 1.143558e-001 5.618803e-002 6.398452e+000 6.400697e+000
<GCONST> 1.043554e+002
<MIXTURE> 2 5.726030e-001
<MEAN> 22
 1.053068e+001 1.546706e+000 3.742085e+000 7.916411e-001 1.707997e+002 2.532285e+001 1.206093e+002 9.627956e+001 9.615906e+001 5.751521e+001 3.834236e+001 1.907274e+002 8.499788e+001 1.131688e+002 1.912843e+000 4.975576e+000 2.485355e+000 5.683166e+000 3.038189e+000 5.952691e+000 3.109130e+000 2.025774e+000
<VARIANCE> 22
 2.154524e+002 8.498023e+000 2.739907e+001 2.164982e+000 3.474630e+003 1.145559e+003 1.211402e+003 2.500093e+002 4.431305e+002 8.560738e+001 5.190487e+002 4.482784e+002 4.326826e+002 1.187524e+002 2.386955e-001 7.021522e-002 4.581034e+000 2.393137e-001 2.204218e-001 2.360077e-001 6.146304e+000 5.596584e+000
<GCONST> 1.101799e+002
<TRANSP> 5
 0.000000e+000 1.000000e+000 0.000000e+000 0.000000e+000 0.000000e+000
 0.000000e+000 8.293953e-001 1.706047e-001 0.000000e+000 0.000000e+000
 0.000000e+000 0.000000e+000 9.520679e-001 4.793210e-002 0.000000e+000
 0.000000e+000 0.000000e+000 0.000000e+000 9.280090e-001 7.199102e-002
 0.000000e+000 0.000000e+000 0.000000e+000 0.000000e+000 0.000000e+000
<ENDHMM>
~h "CN"
<BEGINHMM>
<NUMSTATES> 5
<STATE> 2
<NUMMIXES> 2
<MIXTURE> 1 4.283784e-001
<MEAN> 22
 8.680318e+000 8.161194e+000 2.876307e+000 2.754587e+000 2.113897e+001 2.355146e+001 9.296616e+001 8.888101e+001 6.388186e+001 5.942955e+001 1.922005e+002 1.887390e+002 1.189848e+002 1.170942e+002 6.999060e+000 5.000000e+000 6.132440e+000 5.934719e+000 5.999255e+000 6.013829e+000 2.757942e+000 1.964453e+000
<VARIANCE> 22
 5.300178e+002 4.149756e+002 3.717392e+002 2.733586e+002 3.534442e+002 5.072045e+002 5.959168e+002 3.961164e+002 9.219406e+001 6.776254e+001 8.136777e+002 6.499127e+002 2.509680e+002 1.906316e+002 6.504287e-002 1.793315e-002 1.148997e-001 6.101974e-002 2.082488e-002 5.618803e-002 3.252692e+000 3.999236e+000
<GCONST> 1.055267e+002
<MIXTURE> 2 5.716218e-001
<MEAN> 22
 2.126594e+001 2.086681e+001 2.500043e+000 2.792767e+000 8.872874e+001 8.371810e+001 4.216341e+001 4.356540e+001 6.544875e+001 6.187748e+001 1.006783e+002 1.012744e+002 1.052983e+002 1.044688e+002 3.028701e+000 3.396361e+000 6.057220e+000 5.854710e+000 4.332488e+000 3.188280e+000 2.638821e+000 1.962460e+000
<VARIANCE> 22
 3.165297e+002 2.927385e+002 8.484765e+000 1.025030e+001 2.001880e+003 1.851371e+003 4.412039e+002 5.702496e+002 1.123077e+002 9.720686e+001 1.439603e+003 1.575691e+003 1.451594e+002 1.304268e+002 6.367503e+000 1.967436e+000 1.410711e-001 4.034085e-001 7.597948e-001 1.000699e+001 2.062885e+000 2.811959e+000
<GCONST> 1.211262e+002
<STATE> 3
<NUMMIXES> 2
<MIXTURE> 1 3.732097e-001
<MEAN> 22
 1.045000e+001 1.015694e+001 1.434659e+000 1.310523e+000 1.750661e+002 1.671258e+002 8.733885e+001 8.398640e+001 7.101261e+001 6.990787e+001 4.369783e+001 4.573166e+001 1.095597e+002 1.116086e+002 2.093142e+000 1.830206e+000 5.377159e+000 5.824682e+000 3.159369e+000 8.131855e-001 2.954084e+000 2.971198e+000
<VARIANCE> 22
 2.041037e+002 2.248572e+002 4.512084e+000 3.563438e+000 1.128412e+003 1.081286e+003 4.884630e+002 5.951247e+002 1.943631e+002 1.830586e+002 5.192851e+002 6.128389e+002 3.097501e+002 1.952003e+002 1.753005e-001 2.167679e-001 1.814283e+000 1.305613e+000 1.849598e-001 2.677106e-001 5.866989e+000 5.974778e+000
<GCONST> 1.128429e+002
<MIXTURE> 2 6.267883e-001
<MEAN> 22
 5.890998e+000 6.628775e+000 1.087525e+000 8.921953e-001 1.317117e+002 1.268255e+002 6.500443e+001 6.279464e+001 6.428655e+001 6.111651e+001 4.157954e+001 4.486727e+001 9.973382e+001 1.005620e+002 2.005453e+000 1.970463e+000 6.010609e+000 6.007056e+000 3.176887e+000 7.775291e-001 3.301434e+000 3.176172e+000
<VARIANCE> 22
 4.992837e+001 7.715460e+001 3.300596e+000 2.164982e+000 1.313128e+003 1.001415e+003 3.120741e+002 3.578909e+002 4.838513e+001 5.556973e+001 2.189544e+002 3.141680e+002 4.599375e+001 4.674409e+001 6.504287e-002 4.973405e-002 7.163258e-002 1.185487e-001 1.505634e-001 1.741622e-001 6.092725e+000 6.063375e+000
<GCONST> 9.254365e+001
<STATE> 4
<NUMMIXES> 2
<MIXTURE> 1 4.390669e-001
<MEAN> 22
 1.123457e+001 1.045079e+001 3.174006e+000 2.737003e+000 4.048746e+001 3.293371e+001 9.831454e+001 9.514040e+001 6.549081e+001 6.112132e+001 1.945224e+002 1.921624e+002 1.162829e+002 1.153912e+002 6.972207e+000 4.995576e+000 6.290084e+000 5.765406e+000 5.994177e+000 5.966204e+000 3.878559e+000 3.779540e+000
<VARIANCE> 22
 1.344035e+002 1.169507e+002 9.142331e+000 7.268578e+000 6.850953e+003 4.274262e+003 5.341863e+002 4.432351e+002 9.938622e+001 7.335806e+001 5.639911e+002 5.125529e+002 1.562469e+002 1.212531e+002 6.504287e-002 3.039807e-002 2.059308e-001 1.795613e-001 6.903154e-002 7.315676e-002 7.875052e+000 4.582274e+000
<GCONST> 1.039519e+002
<MIXTURE> 2 5.609328e-001
<MEAN> 22
 1.634415e+001 1.613548e+001 2.085897e+000 2.390843e+000 9.496556e+001 9.415088e+001 4.875254e+001 4.743340e+001 6.667948e+001 6.486893e+001 1.109174e+002 1.044146e+002 1.056663e+002 1.063211e+002 3.344090e+000 3.190836e+000 6.043675e+000 5.935482e+000 4.357979e+000 2.866473e+000 4.199246e+000 4.109957e+000
<VARIANCE> 22
 4.056173e+002 3.533264e+002 1.034817e+001 1.632392e+001 3.173463e+003 2.893211e+003 1.064522e+003 1.122707e+003 1.957281e+002 1.584664e+002 1.470951e+003 1.554009e+003 2.537105e+002 1.733235e+002 5.459769e+000 3.716085e+000 3.152301e-001 3.206876e-001 1.349892e+000 9.549339e+000 6.838649e+000 5.224555e+000
<GCONST> 1.299887e+002
<TRANSP> 5
 0.000000e+000 1.000000e+000 0.000000e+000 0.000000e+000 0.000000e+000
 0.000000e+000 8.362991e-001 1.637010e-001 0.000000e+000 0.000000e+000
 0.000000e+000 0.000000e+000 9.638177e-001 3.618236e-002 0.000000e+000
 0.000000e+000 0.000000e+000 0.000000e+000 9.193739e-001 8.062607e-002
 0.000000e+000 0.000000e+000 0.000000e+000 0.000000e+000 0.000000e+000
<ENDHMM>
~h "CP"
<BEGINHMM>
<NUMSTATES> 5
<STATE> 2
<NUMMIXES> 2
<MIXTURE> 1 8.299887e-001
<MEAN> 22
 1.373486e+001 1.170231e+001 3.835881e+000 3.329953e+000 5.453268e+001 5.316023e+001 1.061711e+002 1.071736e+002 7.570388e+001 7.056909e+001 1.864059e+002 1.902698e+002 1.258477e+002 1.217978e+002 4.082402e+000 4.623960e+000 6.677958e+000 5.481561e+000 5.483119e+000 5.535948e+000 3.285625e+000 3.146379e+000
<VARIANCE> 22
 5.904738e+002 3.874341e+002 3.774949e+002 2.173976e+002 1.580691e+003 1.460045e+003 1.151386e+003 1.206077e+003 1.675215e+002 1.720555e+002 2.058297e+003 1.176172e+003 3.870642e+002 2.170795e+002 1.143118e+001 3.175649e-001 2.214997e-001 2.497125e-001 3.541102e+000 8.255421e-001 5.377072e+000 5.365713e+000
<GCONST> 1.320216e+002
<MIXTURE> 2 1.700116e-001
<MEAN> 22
 7.071363e+000 4.027283e+000 9.922062e-001 9.704653e-001 3.329663e+002 2.420541e+002 5.841078e+001 4.808546e+001 3.308136e+001 3.043765e+001 4.521200e+001 6.118951e+001 4.802893e+001 4.990790e+001 8.013919e-001 1.553277e+000 1.000863e+000 2.396888e+000 1.028007e+000 1.560958e+000 1.370243e+000 1.462511e+000
<VARIANCE> 22
 4.282952e+002 7.509895e+001 4.409200e+000 4.541260e+000 2.932603e+004 2.033930e+004 5.079406e+003 3.887920e+003 1.519917e+003 1.241460e+003 4.077771e+003 5.877534e+003 3.017593e+003 3.086256e+003 1.850670e+000 3.670111e+000 4.488092e+000 7.267962e+000 2.290054e+000 5.122679e+000 5.033223e+000 5.339797e+000
<GCONST> 1.494577e+002
<STATE> 3
<NUMMIXES> 2
<MIXTURE> 1 4.536510e-001
<MEAN> 22
 1.142578e+001 1.166366e+001 2.810258e+000 3.026277e+000 5.454165e+001 4.639921e+001 7.889785e+001 8.401952e+001 7.124699e+001 6.693326e+001 1.634992e+002 1.670584e+002 1.130766e+002 1.130766e+002 4.533865e+000 4.561419e+000 6.524586e+000 5.327959e+000 5.963532e+000 5.751400e+000 3.770567e+000 3.642842e+000
<VARIANCE> 22
 1.088019e+002 1.079873e+002 1.129530e+001 1.174351e+001 1.219544e+003 7.218538e+002 3.763734e+002 4.682421e+002 1.604134e+002 1.546707e+002 5.644808e+002 5.791905e+002 1.269632e+002 1.308528e+002 1.113312e+001 2.741067e-001 3.102683e-001 2.454166e-001 2.805971e-001 4.031737e-001 5.200172e+000 4.976852e+000
<GCONST> 1.126095e+002
<MIXTURE> 2 5.463488e-001
<MEAN> 22
 9.383796e+000 9.950293e+000 2.441776e+000 2.351100e+000 6.326463e+001 5.640287e+001 5.487037e+001 5.812629e+001 6.827810e+001 6.500611e+001 1.155664e+002 1.170498e+002 1.007535e+002 1.003654e+002 5.434754e-001 3.824526e+000 6.719592e+000 5.274273e+000 5.281377e+000 4.989051e+000 3.275966e+000 3.038131e+000
<VARIANCE> 22
 8.773125e+001 8.983634e+001 1.041719e+001 9.270987e+000 5.051109e+002 7.036936e+002 2.607713e+002 3.518263e+002 1.006959e+002 1.489087e+002 2.943240e+002 3.429452e+002 7.059174e+001 7.761756e+001 2.183492e+000 5.135944e-001 2.045490e-001 1.990486e-001 1.810805e+000 5.089873e+000 5.152812e+000 5.074671e+000
<GCONST> 1.103285e+002
<STATE> 4
<NUMMIXES> 2
<MIXTURE> 1 5.056436e-001
<MEAN> 22
 8.367318e+000 7.553497e+000 2.393702e+000 2.441654e+000 3.323420e+001 3.062033e+001 9.848254e+001 9.879662e+001 6.828133e+001 6.396180e+001 1.949188e+002 1.956985e+002 1.206368e+002 1.204475e+002 6.995232e+000 4.999063e+000 6.290258e+000 5.607609e+000 6.007289e+000 5.961248e+000 3.861378e+000 3.636957e+000
<VARIANCE> 22
 6.462224e+001 5.987757e+001 6.236769e+000 6.652507e+000 9.734143e+002 6.380735e+002 3.576971e+002 2.258310e+002 9.625301e+001 7.943151e+001 4.011161e+002 3.337888e+002 1.236929e+002 8.434358e+001 6.504287e-002 1.793315e-002 2.060053e-001 2.384248e-001 2.622544e-002 5.618803e-002 5.752379e+000 5.859019e+000
<GCONST> 9.428783e+001
<MIXTURE> 2 4.943558e-001
<MEAN> 22
 5.870966e+000 6.078071e+000 1.170742e+000 1.234542e+000 3.559139e+001 3.424719e+001 6.943798e+001 6.957715e+001 5.892060e+001 5.692155e+001 1.529165e+002 1.537348e+002 1.027368e+002 1.022487e+002 5.699371e+000 4.785784e+000 6.373219e+000 5.555608e+000 5.977582e+000 5.967201e+000 3.541575e+000 3.394064e+000
<VARIANCE> 22
 3.334379e+001 3.252586e+001 3.300596e+000 2.164982e+000 4.917330e+002 3.740671e+002 1.768405e+002 2.208017e+002 5.594712e+001 8.465613e+001 2.581602e+002 2.897028e+002 5.409341e+001 5.783197e+001 7.266233e+000 2.293345e-001 2.804684e-001 2.660342e-001 1.599475e-001 2.274908e-001 5.374118e+000 5.482508e+000
<GCONST> 9.780214e+001
<TRANSP> 5
 0.000000e+000 1.000000e+000 0.000000e+000 0.000000e+000 0.000000e+000
 0.000000e+000 7.540616e-001 2.459384e-001 0.000000e+000 0.000000e+000
 0.000000e+000 0.000000e+000 9.292602e-001 7.073981e-002 0.000000e+000
 0.000000e+000 0.000000e+000 0.000000e+000 9.410589e-001 5.894107e-002
 0.000000e+000 0.000000e+000 0.000000e+000 0.000000e+000 0.000000e+000
<ENDHMM>
~h "CV"
<BEGINHMM>
<NUMSTATES> 5
<STATE> 2
<NUMMIXES> 2
<MIXTURE> 1 4.126908e-001
<MEAN> 22
 8.924772e+000 9.729921e+000 3.134887e+000 2.999729e+000 2.051103e+001 2.155065e+001 9.072277e+001 8.597421e+001 6.258919e+001 5.825877e+001 1.874111e+002 1.834786e+002 1.158762e+002 1.153294e+002 6.987584e+000 4.989972e+000 6.151747e+000 5.906535e+000 5.993945e+000 6.011183e+000 2.737316e+000 2.272209e+000
<VARIANCE> 22
 5.325419e+002 4.710107e+002 5.144752e+002 3.197815e+002 3.759356e+002 3.696146e+002 5.282914e+002 4.500154e+002 7.969392e+001 5.804244e+001 7.288464e+002 7.079359e+002 1.830505e+002 1.479325e+002 6.504287e-002 2.660215e-002 1.287204e-001 8.674525e-002 2.082488e-002 8.825907e-002 3.269829e+000 4.063053e+000
<GCONST> 1.063304e+002
<MIXTURE> 2 5.873080e-001
<MEAN> 22
 1.946302e+001 1.894224e+001 3.364741e+000 3.133145e+000 1.022544e+002 9.544129e+001 6.528656e+001 6.601362e+001 6.880566e+001 6.018463e+001 1.020463e+002 1.122018e+002 1.088336e+002 1.074257e+002 2.378218e+000 3.534523e+000 6.002788e+000 5.393960e+000 4.137828e+000 3.535491e+000 2.714749e+000 2.615070e+000
<VARIANCE> 22
 4.556237e+002 4.100755e+002 1.522560e+001 1.308224e+001 8.635911e+003 5.957766e+003 9.595347e+002 9.746913e+002 2.296252e+002 1.265765e+002 2.891370e+003 2.569196e+003 3.660868e+002 3.226785e+002 6.622682e+000 1.405808e+000 2.800533e+000 7.269635e-001 2.041907e+000 7.058297e+000 3.921517e+000 3.889017e+000
<GCONST> 1.354827e+002
<STATE> 3
<NUMMIXES> 2
<MIXTURE> 1 3.837772e-001
<MEAN> 22
 9.422014e+000 9.361153e+000 2.773444e+000 3.062618e+000 1.671632e+002 1.622425e+002 9.978564e+001 9.861585e+001 7.252982e+001 6.933223e+001 4.873402e+001 5.342579e+001 1.136032e+002 1.136578e+002 1.655960e+000 2.435343e+000 4.545715e+000 4.764926e+000 2.640409e+000 1.504642e+000 3.421368e+000 3.320656e+000
<VARIANCE> 22
 1.592007e+002 1.519445e+002 1.601799e+001 2.126871e+001 1.875361e+003 1.501620e+003 5.375418e+002 6.697387e+002 1.347803e+002 1.007649e+002 5.446830e+002 5.055114e+002 2.927419e+002 1.915272e+002 3.744436e-001 3.082702e-001 1.022218e+001 6.935180e-001 3.760127e-001 4.601608e-001 5.532222e+000 5.675488e+000
<GCONST> 1.184711e+002
<MIXTURE> 2 6.162232e-001
<MEAN> 22
 6.012961e+000 6.382757e+000 1.231367e+000 1.298884e+000 1.206377e+002 1.211888e+002 6.890771e+001 6.916133e+001 6.069253e+001 5.752448e+001 5.276260e+001 5.306105e+001 9.876456e+001 9.945756e+001 1.368216e+000 2.545952e+000 6.840791e+000 5.207656e+000 2.897180e+000 1.191744e+000 3.498525e+000 3.359449e+000
<VARIANCE> 22
 5.861290e+001 5.700710e+001 3.300596e+000 2.497396e+000 1.224070e+003 8.662863e+002 2.422985e+002 2.836890e+002 3.238452e+001 4.410112e+001 2.041584e+002 2.241777e+002 6.149278e+001 6.337467e+001 2.672848e-001 3.115116e-001 1.653453e-001 2.937509e-001 2.498764e-001 2.972580e-001 5.615413e+000 6.001726e+000
<GCONST> 9.733958e+001
<STATE> 4
<NUMMIXES> 2
<MIXTURE> 1 5.046096e-001
<MEAN> 22
 1.062221e+001 9.541213e+000 3.056667e+000 2.605811e+000 2.332633e+001 2.305997e+001 9.490282e+001 9.265283e+001 6.412905e+001 5.843784e+001 1.912659e+002 1.905772e+002 1.155807e+002 1.147179e+002 6.993144e+000 5.000374e+000 6.226613e+000 5.829004e+000 6.021134e+000 5.985633e+000 4.218083e+000 4.047264e+000
<VARIANCE> 22
 1.066415e+002 9.790086e+001 9.476868e+000 7.286142e+000 5.018727e+002 4.512523e+002 4.501299e+002 3.371159e+002 8.998833e+001 6.637640e+001 6.498201e+002 5.698433e+002 1.761204e+002 1.408443e+002 6.504287e-002 1.793315e-002 1.752571e-001 1.417575e-001 2.986031e-002 5.618803e-002 6.780161e+000 5.030454e+000
<GCONST> 9.650807e+001
<MIXTURE> 2 4.953898e-001
<MEAN> 22
 1.589195e+001 1.611451e+001 2.674259e+000 3.046167e+000 7.484510e+001 6.600181e+001 4.355490e+001 4.927388e+001 6.516231e+001 5.991608e+001 1.073379e+002 1.159658e+002 1.038779e+002 1.041329e+002 2.543107e+000 3.616472e+000 6.133397e+000 5.775060e+000 4.502451e+000 3.642807e+000 4.339389e+000 4.268038e+000
<VARIANCE> 22
 2.810514e+002 2.642517e+002 1.590821e+001 1.635053e+001 1.313614e+003 1.341396e+003 5.099858e+002 6.966268e+002 1.075510e+002 8.991830e+001 1.213214e+003 1.561553e+003 1.481194e+002 1.148088e+002 6.723456e+000 1.982935e+000 2.037717e-001 2.337879e-001 8.974382e-001 9.619389e+000 5.862648e+000 5.519596e+000
<GCONST> 1.229236e+002
<TRANSP> 5
 0.000000e+000 1.000000e+000 0.000000e+000 0.000000e+000 0.000000e+000
 0.000000e+000 8.440356e-001 1.559644e-001 0.000000e+000 0.000000e+000
 0.000000e+000 0.000000e+000 9.484433e-001 5.155667e-002 0.000000e+000
 0.000000e+000 0.000000e+000 0.000000e+000 9.157882e-001 8.421181e-002
 0.000000e+000 0.000000e+000 0.000000e+000 0.000000e+000 0.000000e+000
<ENDHMM>
~h "DC"
<BEGINHMM>
<NUMSTATES> 5
<STATE> 2
<NUMMIXES> 2
<MIXTURE> 1 4.272183e-001
<MEAN> 22
 9.772653e+000 9.275707e+000 3.797736e+000 3.331992e+000 4.231937e+001 3.998427e+001 8.993754e+001 8.653683e+001 6.348244e+001 5.940063e+001 1.879191e+002 1.851374e+002 1.177371e+002 1.168010e+002 6.975564e+000 4.993321e+000 6.178762e+000 5.863019e+000 5.961679e+000 6.008858e+000 2.483928e+000 2.112875e+000
<VARIANCE> 22
 8.949788e+002 6.469968e+002 8.321626e+002 5.126011e+002 1.051012e+004 6.587743e+003 6.851169e+002 4.734484e+002 9.905883e+001 6.134727e+001 8.750466e+002 7.524761e+002 2.312346e+002 1.800083e+002 1.307188e-001 1.793315e-002 1.468051e-001 1.182180e-001 8.420321e-002 1.104277e-001 3.088077e+000 3.475441e+000
<GCONST> 1.177407e+002
<MIXTURE> 2 5.727817e-001
<MEAN> 22
 1.405580e+001 1.348336e+001 2.747162e+000 2.846063e+000 1.085818e+002 9.973306e+001 4.556086e+001 4.622403e+001 6.526256e+001 6.148155e+001 1.109689e+002 1.141772e+002 1.051681e+002 1.030940e+002 2.051122e+000 3.496481e+000 6.064717e+000 5.557128e+000 4.502190e+000 4.331409e+000 2.521252e+000 2.010616e+000
<VARIANCE> 22
 1.636420e+002 1.404121e+002 1.288141e+001 1.329394e+001 1.093033e+004 7.473639e+003 6.764061e+002 7.295889e+002 2.893158e+002 2.228651e+002 1.276784e+003 1.385822e+003 6.573485e+002 5.403351e+002 7.035073e+000 2.170605e+000 1.479716e+000 1.254051e+000 2.035203e+000 9.198884e+000 2.866132e+000 3.216458e+000
<GCONST> 1.336821e+002
<STATE> 3
<NUMMIXES> 2
<MIXTURE> 1 4.517443e-001
<MEAN> 22
 1.430124e+001 1.602197e+001 3.015475e+000 3.415286e+000 1.384898e+002 1.362648e+002 6.881037e+001 6.997318e+001 6.935786e+001 6.640062e+001 5.959618e+001 5.996089e+001 9.897977e+001 9.969171e+001 1.936334e+000 2.252330e+000 5.864510e+000 5.678843e+000 3.407902e+000 9.333783e-001 2.744580e+000 2.685786e+000
<VARIANCE> 22
 2.800277e+002 3.614742e+002 2.850368e+001 3.291819e+001 2.399206e+003 1.694877e+003 5.935101e+002 6.296146e+002 1.023172e+002 1.495782e+002 5.492054e+002 6.058366e+002 2.064632e+002 2.141607e+002 5.146761e-001 4.949288e-001 8.649750e-001 7.264392e-001 3.443203e-001 1.237759e+000 5.417741e+000 5.431111e+000
<GCONST> 1.205964e+002
<MIXTURE> 2 5.482565e-001
<MEAN> 22
 8.853742e+000 8.928842e+000 1.089226e+000 1.164118e+000 1.101797e+002 1.071768e+002 3.150949e+001 3.419721e+001 6.265026e+001 6.019786e+001 7.955605e+001 8.059702e+001 9.917468e+001 9.974523e+001 1.948262e+000 1.992658e+000 6.000396e+000 6.016766e+000 3.984523e+000 3.338856e-002 2.766777e+000 2.474500e+000
<VARIANCE> 22
 1.366373e+002 1.231565e+002 3.300596e+000 2.287676e+000 5.163738e+002 5.452762e+002 1.251995e+002 1.417554e+002 7.136434e+001 9.187662e+001 1.944069e+002 1.886344e+002 9.590079e+001 9.630582e+001 6.618052e-001 9.023901e-001 2.326111e-002 1.145291e-001 7.197891e-002 5.618803e-002 5.507595e+000 5.886109e+000
<GCONST> 9.447160e+001
<STATE> 4
<NUMMIXES> 2
<MIXTURE> 1 5.630140e-001
<MEAN> 22
 9.926732e+000 9.143779e+000 3.182024e+000 2.827716e+000 2.245809e+001 2.213200e+001 9.622504e+001 9.378252e+001 6.421281e+001 5.975953e+001 1.911987e+002 1.905030e+002 1.147038e+002 1.147041e+002 6.996790e+000 5.001403e+000 6.306438e+000 5.721268e+000 6.012474e+000 5.996685e+000 4.091112e+000 3.905802e+000
<VARIANCE> 22
 8.427526e+001 8.014711e+001 8.491788e+000 7.143945e+000 3.607345e+002 3.721592e+002 3.815138e+002 3.372589e+002 9.082725e+001 7.867223e+001 5.079565e+002 4.656744e+002 1.521670e+002 1.253975e+002 6.504287e-002 1.793315e-002 2.125360e-001 2.010432e-001 2.082488e-002 5.618803e-002 7.147229e+000 4.416998e+000
<GCONST> 9.482851e+001
<MIXTURE> 2 4.369858e-001
<MEAN> 22
 1.866800e+001 1.862817e+001 2.912693e+000 2.705138e+000 7.396073e+001 6.483829e+001 4.059159e+001 4.431353e+001 6.625826e+001 6.160367e+001 1.239198e+002 1.289424e+002 1.038252e+002 1.039046e+002 3.686750e+000 4.359447e+000 6.112982e+000 5.808153e+000 4.920136e+000 5.804209e+000 4.330330e+000 4.244995e+000
<VARIANCE> 22
 3.677912e+002 3.651389e+002 2.165026e+001 1.757337e+001 1.436356e+003 1.151167e+003 5.066493e+002 4.823796e+002 1.224490e+002 1.259856e+002 7.814874e+002 8.331623e+002 1.521125e+002 1.235728e+002 8.930395e+000 1.758557e+000 1.677018e-001 2.106019e-001 6.959510e-001 4.908148e+000 7.235605e+000 4.595129e+000
<GCONST> 1.219222e+002
<TRANSP> 5
 0.000000e+000 1.000000e+000 0.000000e+000 0.000000e+000 0.000000e+000
 0.000000e+000 8.680847e-001 1.319153e-001 0.000000e+000 0.000000e+000
 0.000000e+000 0.000000e+000 9.558026e-001 4.419740e-002 0.000000e+000
 0.000000e+000 0.000000e+000 0.000000e+000 9.061100e-001 9.388997e-002
 0.000000e+000 0.000000e+000 0.000000e+000 0.000000e+000 0.000000e+000
<ENDHMM>
~h "FM"
<BEGINHMM>
<NUMSTATES> 5
<STATE> 2
<NUMMIXES> 2
<MIXTURE> 1 1.108343e-001
<MEAN> 22
 1.647779e+001 1.785913e+001 1.050982e+001 8.124275e+000 3.949663e+001 4.268414e+001 8.846421e+001 7.917452e+001 7.186990e+001 7.181685e+001 1.727927e+002 1.572923e+002 1.116526e+002 1.121956e+002 5.332582e+000 4.346624e+000 6.274744e+000 5.523368e+000 5.623285e+000 5.548309e+000 3.343101e+000 2.938691e+000
<VARIANCE> 22
 2.770692e+003 2.766422e+003 2.253255e+003 1.458737e+003 3.715543e+003 2.376792e+003 1.340806e+003 1.031377e+003 4.131933e+002 3.453154e+002 2.774297e+003 2.814730e+003 7.915087e+002 3.727387e+002 7.993462e+000 8.785447e-001 9.803327e-001 4.991840e-001 9.819795e-001 3.629432e+000 7.939732e+000 5.456716e+000
<GCONST> 1.480325e+002
<MIXTURE> 2 8.891663e-001
<MEAN> 22
 6.970512e+000 1.388601e+000 1.776314e+000 6.079494e-001 6.406488e+001 1.040222e+001 5.995470e+001 9.559428e+001 9.517256e+001 5.730352e+001 1.353927e+002 1.943506e+002 1.128197e+002 1.174155e+002 1.915235e+000 4.949836e+000 6.518008e+000 5.900541e+000 5.240798e+000 6.042164e+000 3.033320e+000 1.850948e+000
<VARIANCE> 22
 5.907195e+001 4.889783e+000 5.467002e+000 2.164982e+000 7.010212e+002 1.097672e+002 6.080172e+002 4.730099e+002 4.912963e+002 7.675441e+001 8.499646e+002 7.943232e+002 1.641464e+002 1.483098e+002 9.204089e+000 5.759948e-002 2.496768e-001 8.956543e-002 3.545277e-001 7.156701e-002 6.337877e+000 5.602570e+000
<GCONST> 1.019117e+002
<STATE> 3
<NUMMIXES> 2
<MIXTURE> 1 4.335739e-001
<MEAN> 22
 2.352249e+000 8.923034e+000 8.880672e-001 3.151314e+000 1.652052e+001 5.163851e+001 1.058030e+002 8.244113e+001 6.458261e+001 9.108707e+001 2.071880e+002 1.638455e+002 1.221901e+002 1.172117e+002 6.991562e+000 4.500596e+000 6.144319e+000 5.289187e+000 5.992211e+000 6.293399e+000 2.251215e+000 3.287763e+000
<VARIANCE> 22
 1.699858e+001 7.845200e+001 3.300596e+000 1.711280e+001 7.165764e+002 1.059857e+003 4.305662e+002 5.059850e+002 8.287211e+001 6.037972e+002 7.424479e+002 9.843434e+002 3.038238e+002 1.525860e+002 6.504287e-002 2.822165e-001 1.576684e-001 2.304779e-001 3.941954e-002 3.154014e-001 6.312713e+000 5.652809e+000
<GCONST> 1.044361e+002
<MIXTURE> 2 5.664252e-001
<MEAN> 22
 8.040053e-001 6.000174e+000 3.622119e-001 1.226645e+000 5.714769e+000 6.180742e+001 8.846949e+001 5.105945e+001 5.317549e+001 8.202117e+001 1.831114e+002 1.204539e+002 1.100916e+002 9.878974e+001 6.969291e+000 4.058972e+000 6.002284e+000 5.407190e+000 5.995003e+000 6.290301e+000 1.365254e+000 3.134936e+000
<VARIANCE> 22
 4.801632e+000 3.821679e+001 3.300596e+000 2.164982e+000 4.956259e+001 2.725331e+002 6.974943e+001 2.867410e+002 3.627270e+001 1.448732e+002 1.470432e+002 3.894203e+002 4.174344e+001 5.052286e+001 2.008437e-001 2.845689e-001 2.326111e-002 2.413887e-001 2.082488e-002 2.383508e+000 4.952044e+000 5.836222e+000
<GCONST> 8.651933e+001
<STATE> 4
<NUMMIXES> 2
<MIXTURE> 1 8.935224e-001
<MEAN> 22
 6.181757e+000 6.185685e+000 1.615854e+000 1.889935e+000 4.289674e+001 3.934023e+001 6.028476e+001 5.996129e+001 7.773433e+001 6.723970e+001 1.378996e+002 1.335479e+002 1.055166e+002 1.040451e+002 3.327678e+000 3.934202e+000 6.407536e+000 5.538563e+000 5.298879e+000 5.164541e+000 2.654300e+000 2.654619e+000
<VARIANCE> 22
 8.580796e+001 8.563416e+001 6.850128e+000 1.102951e+001 8.589991e+002 1.189957e+003 8.397524e+002 9.544478e+002 4.063672e+002 2.255970e+002 1.220115e+003 1.491511e+003 1.717188e+002 1.553234e+002 1.050101e+001 1.579625e+000 2.521650e-001 2.669771e-001 5.587410e-001 6.019952e+000 5.827131e+000 6.239864e+000
<GCONST> 1.220405e+002
<MIXTURE> 2 1.064771e-001
<MEAN> 22
 4.793406e-001 1.921222e+000 2.482136e-001 6.703126e-001 4.704005e+002 3.583867e+002 3.411594e+001 2.858949e+001 2.183578e+001 2.518554e+001 5.801309e+001 4.550056e+001 3.477053e+001 3.488914e+001 1.928345e+000 1.269442e+000 1.726266e+000 1.617644e+000 1.656880e+000 1.671319e+000 3.654798e-001 1.033297e+000
<VARIANCE> 22
 4.801632e+000 2.118871e+001 3.300596e+000 2.625185e+000 1.171082e+004 4.831221e+003 2.678932e+003 2.125351e+003 1.182596e+003 1.497691e+003 8.024853e+003 5.374190e+003 2.753342e+003 2.767154e+003 9.553197e+000 3.884233e+000 8.069712e+000 6.006808e+000 6.723404e+000 7.070518e+000 1.494408e+000 4.139499e+000
<GCONST> 1.416126e+002
<TRANSP> 5
 0.000000e+000 1.000000e+000 0.000000e+000 0.000000e+000 0.000000e+000
 0.000000e+000 8.889906e-001 1.110094e-001 0.000000e+000 0.000000e+000
 0.000000e+000 0.000000e+000 9.556634e-001 4.433663e-002 0.000000e+000
 0.000000e+000 0.000000e+000 0.000000e+000 8.365676e-001 1.634324e-001
 0.000000e+000 0.000000e+000 0.000000e+000 0.000000e+000 0.000000e+000
<ENDHMM>
~h "FN"
<BEGINHMM>
<NUMSTATES> 5
<STATE> 2
<NUMMIXES> 2
<MIXTURE> 1 1.845917e-001
<MEAN> 22
 4.148103e+001 1.794529e+001 1.902910e+001 1.117794e+001 1.433770e+002 3.015817e+001 1.172407e+002 1.018863e+002 8.581058e+001 6.287603e+001 9.647050e+001 1.922640e+002 1.094260e+002 1.213787e+002 2.672433e+000 4.753584e+000 3.681881e+000 5.701880e+000 3.636255e+000 5.625573e+000 4.498416e+000 2.622148e+000
<VARIANCE> 22
 5.591084e+003 3.864490e+003 4.885940e+003 2.903013e+003 6.089994e+003 1.886816e+003 1.957187e+003 5.684135e+002 3.421107e+002 9.208199e+001 5.437398e+003 2.407400e+003 5.013039e+002 1.677001e+002 5.343631e+000 5.075446e-001 8.840483e+000 3.098547e-001 2.834378e+000 1.649685e+000 5.150085e+000 6.836249e+000
<GCONST> 1.491622e+002
<MIXTURE> 2 8.154082e-001
<MEAN> 22
 4.623998e+000 8.040586e+000 1.226396e+000 2.021931e+000 1.354861e+002 1.249145e+002 9.101186e+001 9.269745e+001 6.864843e+001 6.292800e+001 1.272186e+002 1.112927e+002 9.983970e+001 1.022916e+002 4.043587e+000 3.398287e+000 4.675974e+000 4.782624e+000 4.595986e+000 3.430297e+000 2.444208e+000 2.393637e+000
<VARIANCE> 22
 5.667551e+001 1.509828e+002 3.300596e+000 9.247416e+000 2.861295e+004 1.723285e+004 1.735532e+003 1.259133e+003 5.585496e+002 4.085843e+002 6.503609e+003 6.888020e+003 1.362142e+003 9.145169e+002 8.224746e+000 2.654315e+000 6.665641e+000 2.905794e+000 3.188396e+000 6.535536e+000 6.125729e+000 5.491002e+000
<GCONST> 1.441100e+002
<STATE> 3
<NUMMIXES> 2
<MIXTURE> 1 5.305322e-001
<MEAN> 22
 1.999437e+000 1.681169e+001 7.358035e-001 3.700533e+000 9.783036e+000 9.870927e+001 9.926881e+001 8.724555e+001 6.121234e+001 6.946027e+001 1.998644e+002 1.128337e+002 1.184156e+002 1.097967e+002 6.996069e+000 3.648701e+000 6.133631e+000 5.197746e+000 5.999321e+000 3.787957e+000 2.090575e+000 3.756725e+000
<VARIANCE> 22
 1.281556e+001 3.016004e+002 3.300596e+000 2.271536e+001 1.678462e+002 5.490916e+003 2.725717e+002 1.376723e+003 6.354559e+001 2.076641e+002 4.776252e+002 4.252346e+003 1.532086e+002 1.582610e+002 6.504287e-002 1.703330e+000 1.157776e-001 1.018458e+000 2.082488e-002 6.710771e+000 6.221545e+000 5.292391e+000
<GCONST> 1.108757e+002
<MIXTURE> 2 4.694665e-001
<MEAN> 22
 9.536810e-001 8.846482e+000 4.708455e-001 2.374496e+000 8.573532e+000 1.620577e+002 8.491109e+001 1.026248e+002 5.522015e+001 6.420431e+001 1.786633e+002 2.911078e+001 1.072403e+002 9.111056e+001 6.908524e+000 2.108321e+000 6.002655e+000 4.321093e+000 5.948468e+000 1.275258e+000 1.281576e+000 3.172106e+000
<VARIANCE> 22
 5.462930e+000 1.014626e+002 3.300596e+000 8.751595e+000 5.394271e+002 1.282453e+003 1.098952e+002 5.465352e+002 3.385054e+001 7.611797e+001 4.566013e+002 6.059281e+002 6.342465e+001 1.613790e+002 4.418490e-001 1.696580e-001 3.231805e-002 1.527141e+000 1.397567e-001 4.725737e-001 4.482665e+000 5.542972e+000
<GCONST> 9.907874e+001
<STATE> 4
<NUMMIXES> 2
<MIXTURE> 1 7.229437e-001
<MEAN> 22
 1.084673e+001 2.267389e+000 2.868822e+000 9.344297e-001 1.128639e+002 1.878967e+001 1.029090e+002 9.800803e+001 7.358896e+001 5.716573e+001 9.749424e+001 1.981432e+002 1.056504e+002 1.179319e+002 3.362741e+000 4.998486e+000 4.492645e+000 5.821074e+000 3.996400e+000 5.989977e+000 3.538922e+000 2.099667e+000
<VARIANCE> 22
 1.664855e+002 1.476299e+001 1.324114e+001 2.164982e+000 5.579509e+003 7.428742e+002 1.228813e+003 2.566199e+002 2.029061e+002 7.573425e+001 6.353908e+003 4.559422e+002 4.287262e+002 1.456973e+002 6.503159e+000 1.793315e-002 7.302382e+000 1.469152e-001 2.696153e+000 5.618803e-002 6.149437e+000 5.989939e+000
<GCONST> 1.146971e+002
<MIXTURE> 2 2.770561e-001
<MEAN> 22
 6.858600e+000 6.964319e+000 1.843762e+000 1.681430e+000 4.946188e+001 3.893353e+001 5.544001e+001 3.786491e+001 6.504810e+001 5.670161e+001 8.104684e+001 1.024662e+002 9.893284e+001 1.004248e+002 2.851993e+000 3.109327e+000 5.618311e+000 5.764903e+000 3.886260e+000 2.958467e+000 2.820897e+000 2.614821e+000
<VARIANCE> 22
 1.283410e+002 2.011412e+002 1.078585e+001 7.609264e+000 1.352971e+003 1.197583e+003 1.296513e+003 4.109582e+002 8.502799e+001 4.423642e+001 2.195040e+003 8.949463e+002 1.434659e+002 8.557098e+001 4.157295e+000 2.588187e+000 2.798531e+000 3.410210e-001 9.040755e-001 1.039904e+001 6.424791e+000 6.259132e+000
<GCONST> 1.228865e+002
<TRANSP> 5
 0.000000e+000 1.000000e+000 0.000000e+000 0.000000e+000 0.000000e+000
 0.000000e+000 7.449923e-001 2.550077e-001 0.000000e+000 0.000000e+000
 0.000000e+000 0.000000e+000 9.550887e-001 4.491135e-002 0.000000e+000
 0.000000e+000 0.000000e+000 0.000000e+000 9.181237e-001 8.187631e-002
 0.000000e+000 0.000000e+000 0.000000e+000 0.000000e+000 0.000000e+000
<ENDHMM>
~h "FU"
<BEGINHMM>
<NUMSTATES> 5
<STATE> 2
<NUMMIXES> 2
<MIXTURE> 1 8.065191e-001
<MEAN> 22
 9.987307e+000 1.368829e+000 2.425630e+000 7.018813e-001 1.355948e+002 1.875825e+001 1.027435e+002 9.442945e+001 6.526726e+001 5.475917e+001 5.492265e+001 1.919823e+002 9.939820e+001 1.128674e+002 2.646013e+000 5.000000e+000 3.358404e+000 5.849809e+000 3.304978e+000 5.997359e+000 3.241854e+000 1.952862e+000
<VARIANCE> 22
 2.446612e+002 4.203723e+000 1.141143e+001 2.164982e+000 5.069275e+003 7.229239e+002 9.658858e+002 1.764641e+002 1.953824e+002 5.487640e+001 3.588934e+003 3.206951e+002 2.279879e+002 1.345570e+002 3.589243e+000 1.793315e-002 7.883143e+000 1.276354e-001 1.583122e+000 5.618803e-002 6.281725e+000 5.674206e+000
<GCONST> 1.097209e+002
<MIXTURE> 2 1.934810e-001
<MEAN> 22
 8.228297e+000 9.484375e+000 2.599257e+000 2.363325e+000 5.533718e+001 5.722907e+001 7.885067e+001 5.753151e+001 6.183175e+001 5.703185e+001 8.892939e+001 1.130756e+002 9.847520e+001 9.983109e+001 3.411127e+000 3.630412e+000 5.225557e+000 5.515809e+000 4.076876e+000 4.096269e+000 2.912734e+000 2.849422e+000
<VARIANCE> 22
 1.770476e+002 1.563099e+002 2.454648e+001 1.303403e+001 2.927559e+003 2.933261e+003 1.420868e+003 8.762753e+002 1.404016e+002 9.248960e+001 4.096032e+003 2.175477e+003 2.463828e+002 1.355720e+002 5.762431e+000 2.088809e+000 4.153109e+000 6.094930e-001 1.963173e+000 7.701397e+000 5.838030e+000 5.148216e+000
<GCONST> 1.318566e+002
<STATE> 3
<NUMMIXES> 2
<MIXTURE> 1 4.227708e-001
<MEAN> 22
 2.036159e+000 1.813789e+001 7.021385e-001 3.364093e+000 7.438228e+000 1.443233e+002 1.033885e+002 9.394183e+001 6.261408e+001 7.004149e+001 2.059358e+002 6.800175e+001 1.219176e+002 1.072505e+002 6.998307e+000 2.783787e+000 6.153049e+000 4.780591e+000 5.999281e+000 2.365736e+000 1.982323e+000 3.131858e+000
<VARIANCE> 22
 1.987433e+001 3.556844e+002 3.300596e+000 1.457408e+001 9.687956e+001 5.474527e+003 3.864052e+002 1.660857e+003 8.616251e+001 1.757950e+002 7.607074e+002 3.050506e+003 2.674037e+002 1.846994e+002 6.504287e-002 1.291618e+000 1.296264e-001 1.598225e+000 2.082488e-002 5.129786e+000 6.174324e+000 5.578717e+000
<GCONST> 1.120656e+002
<MIXTURE> 2 5.772290e-001
<MEAN> 22
 9.797311e-001 3.763053e+000 5.241081e-001 1.279153e+000 7.673231e+000 1.626084e+002 8.236707e+001 1.032400e+002 5.240741e+001 5.780425e+001 1.744033e+002 2.029058e+001 1.042850e+002 8.936057e+001 6.933408e+000 2.034150e+000 6.015524e+000 4.151953e+000 5.961608e+000 1.305722e+000 1.381953e+000 2.631877e+000
<VARIANCE> 22
 4.801632e+000 3.197405e+001 3.300596e+000 2.398133e+000 4.433232e+002 7.625748e+002 8.652019e+001 2.261834e+002 3.489644e+001 9.385754e+001 3.083808e+002 3.292209e+002 5.964443e+001 6.985656e+001 3.591971e-001 9.189296e-002 6.510808e-002 2.225837e+000 1.109010e-001 4.203057e-001 4.876013e+000 6.680855e+000
<GCONST> 9.318086e+001
<STATE> 4
<NUMMIXES> 2
<MIXTURE> 1 7.222008e-001
<MEAN> 22
 4.063123e+000 1.313291e+001 1.808077e+000 3.411069e+000 1.438020e+001 2.728925e+001 9.731522e+001 8.577797e+001 6.018224e+001 5.868977e+001 1.952821e+002 1.827474e+002 1.162652e+002 1.124790e+002 6.993120e+000 4.998577e+000 6.110180e+000 5.836579e+000 5.999494e+000 6.067750e+000 2.808060e+000 3.827006e+000
<VARIANCE> 22
 2.077354e+002 3.726898e+002 1.483597e+002 1.003635e+002 1.608245e+002 5.613464e+002 2.474966e+002 4.685894e+002 7.427303e+001 9.177667e+001 4.185802e+002 7.047708e+002 1.414710e+002 1.297901e+002 6.504287e-002 7.711293e-002 9.804031e-002 1.367160e-001 2.082488e-002 7.799994e-002 6.681099e+000 5.409680e+000
<GCONST> 1.031678e+002
<MIXTURE> 2 2.777982e-001
<MEAN> 22
 6.199192e+000 7.368321e+000 1.435304e+000 3.031822e+000 2.408442e+002 1.953554e+002 6.113281e+001 6.311990e+001 5.036315e+001 5.127264e+001 1.106735e+002 8.896106e+001 8.032807e+001 7.204705e+001 3.518812e+000 2.834381e+000 4.344290e+000 3.861451e+000 3.838642e+000 3.253946e+000 2.207713e+000 2.157851e+000
<VARIANCE> 22
 1.589606e+002 2.208199e+002 8.488750e+000 6.167690e+001 4.462492e+004 2.449043e+004 2.277343e+003 2.595987e+003 1.023342e+003 1.207956e+003 7.736923e+003 6.332400e+003 2.672800e+003 2.445486e+003 9.268815e+000 4.546095e+000 7.357820e+000 6.046833e+000 5.988242e+000 8.189256e+000 6.894036e+000 6.324763e+000
<GCONST> 1.561961e+002
<TRANSP> 5
 0.000000e+000 1.000000e+000 0.000000e+000 0.000000e+000 0.000000e+000
 0.000000e+000 9.261995e-001 7.380052e-002 0.000000e+000 0.000000e+000
 0.000000e+000 0.000000e+000 9.455226e-001 5.447742e-002 0.000000e+000
 0.000000e+000 0.000000e+000 0.000000e+000 8.392051e-001 1.607949e-001
 0.000000e+000 0.000000e+000 0.000000e+000 0.000000e+000 0.000000e+000
<ENDHMM>
~h "MC"
<BEGINHMM>
<NUMSTATES> 5
<STATE> 2
<NUMMIXES> 2
<MIXTURE> 1 1.059639e-001
<MEAN> 22
 1.769248e+001 3.339782e+001 1.189171e+001 9.479531e+000 1.578409e+002 1.826494e+002 1.132319e+002 6.333118e+001 7.600161e+001 7.772905e+001 1.939267e+002 1.101928e+002 1.335606e+002 1.189409e+002 5.315278e+000 3.101639e+000 6.258197e+000 5.712234e+000 5.233838e+000 2.604672e+000 2.212219e+000 3.006130e+000
<VARIANCE> 22
 3.016155e+003 4.386919e+003 2.687484e+003 1.577041e+003 4.780121e+004 2.007591e+004 2.159285e+003 1.141665e+003 2.774283e+002 1.965066e+002 8.403803e+003 2.805052e+003 1.402506e+003 5.188415e+002 6.061299e+000 1.416943e+000 1.093473e+000 5.594940e-001 1.413713e+000 8.305963e+000 5.934549e+000 5.342349e+000
<GCONST> 1.564491e+002
<MIXTURE> 2 8.940357e-001
<MEAN> 22
 5.727282e+000 7.611331e+000 1.579860e+000 2.336313e+000 5.122285e+001 6.141188e+001 6.389359e+001 5.678625e+001 7.165879e+001 6.827700e+001 1.264796e+002 1.122831e+002 1.043221e+002 1.034481e+002 3.932497e+000 3.472884e+000 6.220919e+000 5.707907e+000 4.990462e+000 3.670781e+000 2.810825e+000 2.755946e+000
<VARIANCE> 22
 6.359067e+001 7.927049e+001 4.241866e+000 8.809033e+000 1.455295e+003 1.937089e+003 7.375115e+002 9.271658e+002 2.524538e+002 2.725082e+002 2.585800e+003 2.553789e+003 1.920248e+002 1.752164e+002 8.597927e+000 1.657243e+000 2.826942e-001 2.365077e-001 1.279016e+000 9.305659e+000 5.958168e+000 5.450232e+000
<GCONST> 1.240410e+002
<STATE> 3
<NUMMIXES> 2
<MIXTURE> 1 3.613636e-001
<MEAN> 22
 2.410918e+000 1.426065e+001 7.932793e-001 4.314679e+000 1.016197e+001 1.018684e+002 1.048983e+002 7.392597e+001 6.412021e+001 8.706820e+001 2.064876e+002 1.094413e+002 1.225764e+002 1.111303e+002 6.927162e+000 3.537514e+000 6.146019e+000 5.420640e+000 5.975404e+000 3.105989e+000 2.183359e+000 3.427622e+000
<VARIANCE> 22
 1.755832e+001 1.538262e+002 3.300596e+000 2.213714e+001 3.364494e+002 4.131068e+003 3.600015e+002 1.197988e+003 6.860823e+001 6.490359e+002 6.919194e+002 2.960719e+003 1.820955e+002 1.393034e+002 3.983781e-001 1.471466e+000 1.373755e-001 5.148671e-001 5.238807e-002 8.682281e+000 6.060955e+000 5.237962e+000
<GCONST> 1.146100e+002
<MIXTURE> 2 6.386375e-001
<MEAN> 22
 9.515733e-001 7.470428e+000 5.539268e-001 2.145010e+000 5.850179e+000 1.067306e+002 8.639352e+001 5.068742e+001 5.249164e+001 7.704271e+001 1.798116e+002 7.067003e+001 1.073719e+002 9.203226e+001 7.000000e+000 2.739524e+000 6.000409e+000 5.735308e+000 6.000000e+000 1.823079e+000 1.594360e+000 3.131469e+000
<VARIANCE> 22
 4.801632e+000 4.750680e+001 3.300596e+000 5.054691e+000 4.956259e+001 9.136514e+002 7.271333e+001 4.199253e+002 4.230490e+001 2.413034e+002 1.314097e+002 8.917271e+002 4.757446e+001 1.636870e+002 6.504287e-002 8.289771e-001 2.326111e-002 2.387659e-001 2.082488e-002 7.597764e+000 5.441437e+000 5.059777e+000
<GCONST> 9.294562e+001
<STATE> 4
<NUMMIXES> 2
<MIXTURE> 1 8.448722e-001
<MEAN> 22
 8.568312e+000 3.141883e+000 2.699806e+000 1.235661e+000 7.903658e+001 1.474588e+001 6.617847e+001 9.741914e+001 7.560854e+001 5.638149e+001 1.231713e+002 1.960318e+002 1.100569e+002 1.160487e+002 3.385602e+000 5.000000e+000 6.256375e+000 5.800774e+000 4.691806e+000 5.995423e+000 3.245860e+000 2.670527e+000
<VARIANCE> 22
 7.873417e+001 2.403826e+001 1.236949e+001 4.387946e+000 2.807750e+003 2.041612e+002 9.009759e+002 2.560540e+002 4.673506e+002 6.259620e+001 3.457251e+003 4.461615e+002 2.650418e+002 1.247096e+002 8.170204e+000 1.793315e-002 2.106737e-001 1.595372e-001 1.328570e+000 5.618803e-002 5.956458e+000 6.276716e+000
<GCONST> 1.082324e+002
<MIXTURE> 2 1.551267e-001
<MEAN> 22
 6.493727e+000 4.693131e+000 1.527783e+000 1.239069e+000 7.184979e+001 5.622448e+001 5.051944e+001 3.528640e+001 6.575345e+001 5.491901e+001 6.753841e+001 1.020285e+002 9.054882e+001 9.230917e+001 2.148547e+000 3.194107e+000 5.710881e+000 5.475841e+000 3.571354e+000 4.199283e+000 2.934525e+000 2.459570e+000
<VARIANCE> 22
 6.295016e+001 9.463738e+001 4.113903e+000 6.392429e+000 1.105540e+004 6.925390e+003 9.503563e+002 4.242424e+002 3.699438e+002 2.281926e+002 2.102614e+003 1.281111e+003 6.005892e+002 5.549061e+002 2.902421e+000 2.502803e+000 2.337718e+000 1.982809e+000 1.491215e+000 1.034629e+001 6.538391e+000 6.088929e+000
<GCONST> 1.322596e+002
<TRANSP> 5
 0.000000e+000 1.000000e+000 0.000000e+000 0.000000e+000 0.000000e+000
 0.000000e+000 8.529213e-001 1.470787e-001 0.000000e+000 0.000000e+000
 0.000000e+000 0.000000e+000 9.589947e-001 4.100525e-002 0.000000e+000
 0.000000e+000 0.000000e+000 0.000000e+000 9.120055e-001 8.799452e-002
 0.000000e+000 0.000000e+000 0.000000e+000 0.000000e+000 0.000000e+000
<ENDHMM>
~h "NU"
<BEGINHMM>
<NUMSTATES> 5
<STATE> 2
<NUMMIXES> 2
<MIXTURE> 1 8.058416e-001
<MEAN> 22
 8.199495e+000 1.153949e+001 2.995648e+000 2.842919e+000 9.847240e+001 8.801262e+001 9.367762e+001 8.151762e+001 7.169376e+001 6.325468e+001 1.626465e+002 1.466278e+002 1.132359e+002 1.156021e+002 4.911593e+000 4.111305e+000 5.896270e+000 5.601523e+000 5.101375e+000 4.263430e+000 2.693447e+000 2.560890e+000
<VARIANCE> 22
 6.186985e+002 1.114578e+003 4.383766e+002 2.779422e+002 2.103904e+004 1.299319e+004 1.477214e+003 9.851200e+002 2.277134e+002 1.216047e+002 4.344098e+003 3.625603e+003 9.174269e+002 2.542142e+002 7.844118e+000 1.294036e+000 2.485261e+000 3.672839e-001 2.225964e+000 6.088753e+000 6.181051e+000 5.258388e+000
<GCONST> 1.466798e+002
<MIXTURE> 2 1.941584e-001
<MEAN> 22
 -3.354453e-030 3.738972e-033 1.967969e-033 -9.574808e-032 5.315967e+002 4.080164e+002 -8.092043e-025 -2.617041e-024 5.048710e-029 -7.204387e-025 -4.406813e-024 -8.453440e-026 -3.654443e-025 -1.459404e-024 6.233869e-026 -3.849253e-026 -1.787006e-026 5.794946e-029 1.059008e-026 8.647731e-027 -1.516737e-030 -6.811904e-031
<VARIANCE> 22
 4.801632e+000 4.063125e+000 3.300596e+000 2.164982e+000 3.309077e+003 2.711514e+003 9.838196e+000 1.115232e+001 2.936353e+000 3.516743e+000 3.745900e+001 4.440890e+001 4.184655e+000 3.870682e+000 6.504287e-002 1.793315e-002 2.326111e-002 1.170389e-002 2.082488e-002 5.618803e-002 6.153807e-002 6.060927e-002
<GCONST> 5.130989e+001
<STATE> 3
<NUMMIXES> 2
<MIXTURE> 1 5.401074e-001
<MEAN> 22
 1.694375e+000 1.337572e+001 5.897043e-001 3.378425e+000 8.631682e+000 8.593805e+001 9.914724e+001 7.421427e+001 6.092304e+001 6.688744e+001 1.993023e+002 1.172295e+002 1.184953e+002 1.101158e+002 6.998238e+000 3.801185e+000 6.117232e+000 5.390666e+000 5.998230e+000 3.979646e+000 1.774690e+000 3.445875e+000
<VARIANCE> 22
 1.228930e+001 1.794361e+002 3.300596e+000 1.540600e+001 1.106995e+002 3.466823e+003 2.972208e+002 9.312278e+002 6.651790e+001 1.603388e+002 5.683148e+002 2.660196e+003 2.012258e+002 1.715816e+002 6.504287e-002 1.118165e+000 1.034892e-001 4.267281e-001 2.082488e-002 6.534578e+000 5.719049e+000 5.136652e+000
<GCONST> 1.070474e+002
<MIXTURE> 2 4.598924e-001
<MEAN> 22
 8.066450e-001 3.085322e+000 4.007775e-001 1.288023e+000 1.137553e+001 1.109877e+002 8.430991e+001 6.678210e+001 5.507544e+001 6.087013e+001 1.769205e+002 6.734485e+001 1.067624e+002 9.758729e+001 6.899623e+000 2.763493e+000 6.044523e+000 5.174572e+000 5.930964e+000 1.269424e+000 1.229282e+000 2.886820e+000
<VARIANCE> 22
 4.801632e+000 1.430035e+001 3.300596e+000 2.604315e+000 7.375012e+002 8.961513e+002 1.686526e+002 4.465587e+002 4.106182e+001 6.596235e+001 4.060758e+002 6.025546e+002 6.446076e+001 1.014530e+002 5.348451e-001 2.604277e-001 8.036482e-002 3.288930e-001 1.633663e-001 1.016665e+000 4.444795e+000 6.082654e+000
<GCONST> 9.643966e+001
<STATE> 4
<NUMMIXES> 2
<MIXTURE> 1 5.766598e-001
<MEAN> 22
 8.211589e+000 4.005057e+000 2.433303e+000 1.336828e+000 7.388261e+001 1.365271e+001 8.233479e+001 9.744466e+001 6.963811e+001 5.616767e+001 1.363900e+002 1.966829e+002 1.136279e+002 1.168398e+002 3.954019e+000 5.000000e+000 6.506182e+000 5.912531e+000 4.642757e+000 5.996324e+000 3.290225e+000 2.594160e+000
<VARIANCE> 22
 9.970923e+001 4.214609e+001 9.702966e+000 3.862497e+000 3.078125e+003 2.059497e+002 7.053109e+002 2.597686e+002 2.335931e+002 6.257153e+001 3.790844e+003 4.309850e+002 2.332903e+002 1.256497e+002 9.204660e+000 1.793315e-002 2.538399e-001 7.981859e-002 2.688396e+000 5.618803e-002 6.228044e+000 6.422728e+000
<GCONST> 1.081590e+002
<MIXTURE> 2 4.233397e-001
<MEAN> 22
 4.674773e+000 5.145617e+000 1.340596e+000 1.688977e+000 6.307331e+001 6.517284e+001 6.116013e+001 5.640275e+001 6.818983e+001 5.675401e+001 8.839702e+001 9.936775e+001 1.019088e+002 1.001250e+002 1.822466e+000 3.125423e+000 5.898307e+000 5.461052e+000 3.772206e+000 2.723552e+000 2.642644e+000 2.671765e+000
<VARIANCE> 22
 5.365611e+001 6.350976e+001 3.697143e+000 7.873733e+000 2.781447e+003 2.790354e+003 1.291506e+003 1.024179e+003 1.491176e+002 5.562681e+001 1.961979e+003 1.545142e+003 1.173007e+002 1.340505e+002 3.107652e+000 1.445526e+000 3.595772e+000 3.722909e-001 1.689824e+000 7.228981e+000 6.213673e+000 6.143335e+000
<GCONST> 1.234478e+002
<TRANSP> 5
 0.000000e+000 1.000000e+000 0.000000e+000 0.000000e+000 0.000000e+000
 0.000000e+000 7.043681e-001 2.956320e-001 0.000000e+000 0.000000e+000
 0.000000e+000 0.000000e+000 9.497200e-001 5.027999e-002 0.000000e+000
 0.000000e+000 0.000000e+000 0.000000e+000 9.171269e-001 8.287312e-002
 0.000000e+000 0.000000e+000 0.000000e+000 0.000000e+000 0.000000e+000
<ENDHMM>
~h "OK"
<BEGINHMM>
<NUMSTATES> 5
<STATE> 2
<NUMMIXES> 2
<MIXTURE> 1 5.994241e-001
<MEAN> 22
 1.544678e+001 3.029447e+000 4.686790e+000 1.522693e+000 1.214106e+002 1.321703e+001 1.035331e+002 9.897961e+001 7.961709e+001 5.518856e+001 9.258448e+001 2.028809e+002 1.128967e+002 1.197289e+002 2.620435e+000 4.997259e+000 4.728647e+000 5.935345e+000 3.642102e+000 5.996335e+000 3.526824e+000 2.219330e+000
<VARIANCE> 22
 5.586917e+002 2.453154e+002 2.968786e+002 1.696345e+002 4.756923e+003 2.175805e+002 8.728692e+002 1.831561e+002 2.292300e+002 5.050859e+001 4.519970e+003 2.931652e+002 2.835450e+002 9.863385e+001 6.241621e+000 1.793315e-002 9.148887e+000 6.047493e-002 2.638454e+000 5.618803e-002 5.898051e+000 5.980377e+000
<GCONST> 1.214856e+002
<MIXTURE> 2 4.005758e-001
<MEAN> 22
 9.416927e+000 5.887433e+000 2.222598e+000 1.662811e+000 6.737894e+001 5.760274e+001 8.293606e+001 5.940525e+001 7.062598e+001 5.773722e+001 8.331057e+001 1.193158e+002 9.853714e+001 1.037731e+002 2.533453e+000 3.600219e+000 4.460898e+000 5.570172e+000 3.632103e+000 4.087022e+000 3.166328e+000 2.455960e+000
<VARIANCE> 22
 1.855861e+002 1.273763e+002 1.076257e+001 1.185696e+001 2.822823e+003 3.102297e+003 1.811315e+003 1.072001e+003 1.609636e+002 1.233039e+002 2.891196e+003 2.409401e+003 2.939843e+002 1.435475e+002 4.607967e+000 1.757491e+000 7.831224e+000 5.109624e-001 2.256891e+000 7.985059e+000 6.425610e+000 5.874742e+000
<GCONST> 1.321209e+002
<STATE> 3
<NUMMIXES> 2
<MIXTURE> 1 5.402920e-001
<MEAN> 22
 2.459489e+000 1.608254e+001 8.645467e-001 3.537515e+000 1.136268e+001 7.874397e+001 1.006859e+002 9.170126e+001 6.146696e+001 7.020016e+001 2.026852e+002 1.407166e+002 1.203356e+002 1.144760e+002 6.998505e+000 4.120495e+000 6.087290e+000 5.336104e+000 5.999941e+000 4.562994e+000 2.302416e+000 3.595923e+000
<VARIANCE> 22
 2.124706e+001 3.475111e+002 3.300596e+000 1.759088e+001 1.813019e+002 5.157044e+003 2.612870e+002 1.001323e+003 6.585580e+001 2.888632e+002 4.622082e+002 3.620644e+003 1.696586e+002 1.497970e+002 6.504287e-002 1.131339e+000 7.967130e-002 5.901281e-001 2.082488e-002 5.070711e+000 6.424682e+000 5.576635e+000
<GCONST> 1.096157e+002
<MIXTURE> 2 4.597076e-001
<MEAN> 22
 1.015612e+000 7.300190e+000 6.390093e-001 2.279840e+000 8.209134e+000 1.445399e+002 8.482590e+001 9.669846e+001 5.270173e+001 6.840878e+001 1.813460e+002 4.683520e+001 1.087429e+002 9.712516e+001 6.945139e+000 2.457217e+000 6.018057e+000 4.525627e+000 5.977236e+000 1.510464e+000 1.608405e+000 3.178965e+000
<VARIANCE> 22
 4.801632e+000 9.054797e+001 3.300596e+000 8.166921e+000 3.780993e+002 1.168130e+003 9.887447e+001 5.231758e+002 3.880713e+001 8.758585e+001 2.186561e+002 3.323508e+002 5.372405e+001 8.603853e+001 3.189638e-001 2.751402e-001 4.670827e-002 4.434796e-001 5.950201e-002 4.134589e-001 5.480608e+000 5.861825e+000
<GCONST> 9.487263e+001
<STATE> 4
<NUMMIXES> 2
<MIXTURE> 1 8.051847e-001
<MEAN> 22
 6.944928e+000 5.993865e+000 2.081791e+000 1.721570e+000 5.246981e+001 2.738847e+001 8.327024e+001 8.368678e+001 6.219192e+001 5.444683e+001 1.581029e+002 1.786521e+002 1.070832e+002 1.099172e+002 5.546110e+000 4.995458e+000 6.284745e+000 5.863759e+000 5.334844e+000 6.063483e+000 2.793117e+000 2.998537e+000
<VARIANCE> 22
 1.054834e+002 9.950514e+001 1.283579e+001 6.917681e+000 2.515182e+003 1.028511e+003 5.942931e+002 3.677863e+002 1.068754e+002 8.459158e+001 2.799429e+003 6.987123e+002 3.020251e+002 1.181949e+002 6.497814e+000 1.338740e-001 2.591271e-001 1.269528e-001 1.940870e+000 2.435261e-001 6.014890e+000 6.543934e+000
<GCONST> 1.146876e+002
<MIXTURE> 2 1.948150e-001
<MEAN> 22
 2.398134e+000 2.166506e+000 9.320136e-001 7.190699e-001 2.620024e+002 2.100397e+002 6.419304e+001 4.137831e+001 4.142012e+001 3.446336e+001 5.957333e+001 6.512650e+001 5.929313e+001 6.219091e+001 1.706919e+000 2.094618e+000 1.571556e+000 3.116159e+000 1.994558e+000 2.299262e+000 1.444019e+000 1.531621e+000
<VARIANCE> 22
 2.741264e+001 3.725905e+001 3.860148e+000 3.120051e+000 4.892761e+004 3.020047e+004 4.166940e+003 1.755141e+003 1.368809e+003 1.007238e+003 8.775860e+003 4.797084e+003 3.618269e+003 3.157211e+003 5.408192e+000 4.234904e+000 7.356749e+000 7.642465e+000 4.652173e+000 7.725864e+000 4.711432e+000 5.142797e+000
<GCONST> 1.486432e+002
<TRANSP> 5
 0.000000e+000 1.000000e+000 0.000000e+000 0.000000e+000 0.000000e+000
 0.000000e+000 8.967473e-001 1.032527e-001 0.000000e+000 0.000000e+000
 0.000000e+000 0.000000e+000 9.402114e-001 5.978866e-002 0.000000e+000
 0.000000e+000 0.000000e+000 0.000000e+000 7.654347e-001 2.345652e-001
 0.000000e+000 0.000000e+000 0.000000e+000 0.000000e+000 0.000000e+000
<ENDHMM>
~h "PF"
<BEGINHMM>
<NUMSTATES> 5
<STATE> 2
<NUMMIXES> 2
<MIXTURE> 1 2.878208e-001
<MEAN> 22
 1.388076e+001 1.785640e+001 8.983213e+000 8.924962e+000 1.818841e+002 1.519165e+002 9.822473e+001 8.868520e+001 6.296563e+001 6.426944e+001 1.950995e+002 1.757774e+002 1.142670e+002 1.149752e+002 6.903364e+000 4.813107e+000 6.139750e+000 5.725194e+000 5.933321e+000 5.764595e+000 2.697830e+000 2.588176e+000
<VARIANCE> 22
 3.501010e+003 2.835996e+003 2.953131e+003 1.945189e+003 5.975643e+004 3.531240e+004 4.767932e+002 7.351477e+002 6.206716e+001 1.587746e+002 1.011091e+003 2.012822e+003 2.273139e+002 1.985657e+002 4.327269e-001 5.018341e-001 1.323166e-001 3.005032e-001 1.773818e-001 1.685484e+000 6.613039e+000 5.889004e+000
<GCONST> 1.384871e+002
<MIXTURE> 2 7.121786e-001
<MEAN> 22
 6.435997e+000 9.420517e+000 1.762818e+000 2.585286e+000 1.006072e+002 1.642751e+002 8.594921e+001 1.197496e+002 7.283752e+001 7.660809e+001 1.344883e+002 7.983575e+001 1.020903e+002 9.257664e+001 3.492711e+000 2.629259e+000 5.366030e+000 4.058590e+000 4.753458e+000 2.247639e+000 2.416890e+000 2.803681e+000
<VARIANCE> 22
 1.236597e+002 2.122011e+002 1.581740e+001 1.237865e+001 1.852169e+004 9.371102e+003 2.081738e+003 3.117081e+003 5.704469e+002 7.809288e+002 5.520622e+003 3.861273e+003 1.215207e+003 6.867521e+002 9.341932e+000 1.518015e+000 5.288311e+000 2.379512e+000 2.870526e+000 3.741890e+000 6.142438e+000 4.994792e+000
<GCONST> 1.450417e+002
<STATE> 3
<NUMMIXES> 2
<MIXTURE> 1 4.886229e-001
<MEAN> 22
 2.250589e+000 2.142957e+001 9.065832e-001 4.958833e+000 1.049713e+001 9.004951e+001 9.574699e+001 9.984543e+001 5.968517e+001 7.235651e+001 1.961438e+002 1.332044e+002 1.167573e+002 1.090120e+002 6.995819e+000 3.910278e+000 6.037255e+000 5.095002e+000 5.999504e+000 4.216053e+000 2.285909e+000 3.813028e+000
<VARIANCE> 22
 1.325603e+001 3.934855e+002 3.300596e+000 2.791424e+001 1.362732e+002 5.618960e+003 2.194716e+002 1.363185e+003 4.595557e+001 3.588884e+002 4.215218e+002 3.642404e+003 1.322595e+002 1.575874e+002 6.504287e-002 1.293357e+000 3.586771e-002 8.215542e-001 2.082488e-002 4.914823e+000 6.316237e+000 5.277495e+000
<GCONST> 1.088004e+002
<MIXTURE> 2 5.113760e-001
<MEAN> 22
 1.053909e+000 7.112678e+000 5.468034e-001 2.954143e+000 1.101027e+001 1.878780e+002 8.990395e+001 1.363204e+002 5.677522e+001 8.458484e+001 1.832534e+002 5.340228e+001 1.106235e+002 8.838335e+001 6.902336e+000 2.399378e+000 6.054499e+000 3.450603e+000 5.944357e+000 1.702736e+000 1.545187e+000 3.185243e+000
<VARIANCE> 22
 4.801632e+000 6.566652e+001 3.300596e+000 1.221377e+001 8.182558e+002 1.502447e+003 2.254343e+002 5.711532e+002 6.458773e+001 2.201643e+002 6.224908e+002 8.853167e+002 9.172939e+001 1.682954e+002 5.042532e-001 3.301644e-001 3.395280e-001 5.328730e-001 1.630199e-001 5.370899e-001 5.499527e+000 4.316943e+000
<GCONST> 1.053271e+002
<STATE> 4
<NUMMIXES> 2
<MIXTURE> 1 7.724305e-001
<MEAN> 22
 1.170092e+001 1.918958e+000 3.508025e+000 8.502253e-001 1.327465e+002 2.126840e+001 1.297637e+002 9.909270e+001 8.305698e+001 5.666708e+001 1.127710e+002 1.985193e+002 1.045040e+002 1.179609e+002 2.927678e+000 5.000023e+000 3.246459e+000 5.813827e+000 3.469854e+000 5.998617e+000 3.354803e+000 2.347565e+000
<VARIANCE> 22
 2.198991e+002 9.864531e+000 2.281157e+001 2.164982e+000 6.665464e+003 8.720457e+002 1.709718e+003 2.110410e+002 4.321219e+002 6.982264e+001 4.605917e+003 3.957969e+002 4.067970e+002 1.288138e+002 6.850134e+000 1.793315e-002 8.512888e+000 1.515149e-001 3.775667e+000 5.618803e-002 6.875331e+000 6.160702e+000
<GCONST> 1.163374e+002
<MIXTURE> 2 2.275696e-001
<MEAN> 22
 6.950409e+000 6.769356e+000 2.574673e+000 2.252019e+000 5.811061e+001 2.826664e+001 8.415041e+001 4.391944e+001 7.840081e+001 5.789068e+001 8.879378e+001 1.125131e+002 9.781902e+001 1.025972e+002 2.616587e+000 3.377501e+000 4.149033e+000 5.627910e+000 3.638567e+000 3.322073e+000 2.800122e+000 2.689124e+000
<VARIANCE> 22
 1.410953e+002 1.347271e+002 2.255805e+001 1.262076e+001 1.968317e+003 7.729934e+002 3.464764e+003 6.793295e+002 3.694059e+002 6.433714e+001 2.159731e+003 8.826085e+002 2.568932e+002 7.430225e+001 4.275740e+000 2.025451e+000 6.619534e+000 2.976601e-001 1.607004e+000 9.706481e+000 6.595980e+000 6.238101e+000
<GCONST> 1.285388e+002
<TRANSP> 5
 0.000000e+000 1.000000e+000 0.000000e+000 0.000000e+000 0.000000e+000
 0.000000e+000 6.720444e-001 3.279556e-001 0.000000e+000 0.000000e+000
 0.000000e+000 0.000000e+000 9.546676e-001 4.533236e-002 0.000000e+000
 0.000000e+000 0.000000e+000 0.000000e+000 9.170017e-001 8.299835e-002
 0.000000e+000 0.000000e+000 0.000000e+000 0.000000e+000 0.000000e+000
<ENDHMM>
~h "PR"
<BEGINHMM>
<NUMSTATES> 5
<STATE> 2
<NUMMIXES> 2
<MIXTURE> 1 7.514653e-001
<MEAN> 22
 9.997837e+000 1.257726e+001 4.705004e+000 5.238367e+000 3.229017e+001 6.940183e+001 8.538471e+001 9.425661e+001 7.301152e+001 6.607350e+001 1.686678e+002 1.404083e+002 1.102664e+002 1.092485e+002 4.812715e+000 4.040503e+000 6.383456e+000 5.256295e+000 5.667388e+000 4.412608e+000 2.468758e+000 3.039650e+000
<VARIANCE> 22
 1.444925e+003 1.138886e+003 1.102861e+003 7.204322e+002 1.203138e+003 3.786267e+003 1.295840e+003 1.100697e+003 3.326975e+002 2.198806e+002 3.116976e+003 2.538490e+003 8.720374e+002 3.941783e+002 9.511456e+000 1.051837e+000 3.474149e-001 5.854090e-001 9.622057e-001 3.833919e+000 6.142053e+000 5.876883e+000
<GCONST> 1.432687e+002
<MIXTURE> 2 2.485335e-001
<MEAN> 22
 3.077394e+000 2.226940e+000 1.128562e+000 8.315497e-001 3.333108e+002 2.412047e+002 5.642007e+001 4.783363e+001 3.641443e+001 3.212535e+001 6.125223e+001 7.846056e+001 5.274661e+001 5.367326e+001 1.545235e+000 2.090962e+000 1.896567e+000 2.704191e+000 1.724629e+000 2.269498e+000 1.253858e+000 1.240898e+000
<VARIANCE> 22
 4.541920e+001 2.544791e+001 5.887278e+000 4.000982e+000 3.264854e+004 2.666297e+004 3.506495e+003 2.960950e+003 1.372390e+003 1.097343e+003 5.669537e+003 7.534700e+003 2.773138e+003 3.035444e+003 6.444346e+000 4.995754e+000 8.322769e+000 7.549836e+000 5.019478e+000 7.877808e+000 3.959520e+000 4.394720e+000
<GCONST> 1.492726e+002
<STATE> 3
<NUMMIXES> 2
<MIXTURE> 1 6.027579e-001
<MEAN> 22
 1.502335e+000 1.243505e+001 6.597751e-001 3.850182e+000 1.030843e+001 8.408976e+001 9.970990e+001 8.646357e+001 6.148640e+001 6.849834e+001 1.989082e+002 1.252661e+002 1.179353e+002 1.093143e+002 6.999122e+000 3.837210e+000 6.108670e+000 5.171290e+000 5.999777e+000 4.045125e+000 1.976969e+000 3.719397e+000
<VARIANCE> 22
 7.511704e+000 1.768199e+002 3.300596e+000 2.234142e+001 2.110704e+002 2.766798e+003 2.628979e+002 8.404639e+002 6.077002e+001 1.739707e+002 4.818697e+002 1.924376e+003 1.656220e+002 1.830322e+002 6.504287e-002 7.842183e-001 9.685959e-002 3.723480e-001 2.082488e-002 4.341159e+000 6.179081e+000 5.925891e+000
<GCONST> 1.057330e+002
<MIXTURE> 2 3.972416e-001
<MEAN> 22
 8.711267e-001 5.212168e+000 3.992236e-001 2.166074e+000 9.786570e+000 1.132478e+002 8.217487e+001 8.482169e+001 5.419574e+001 5.819941e+001 1.719116e+002 7.597662e+001 1.049254e+002 9.330258e+001 6.828921e+000 3.018590e+000 6.051383e+000 4.895380e+000 5.918821e+000 2.408998e+000 1.262870e+000 3.400664e+000
<VARIANCE> 22
 4.801632e+000 3.876816e+001 3.300596e+000 7.899573e+000 5.964231e+002 1.084555e+003 9.682925e+001 4.414070e+002 4.413172e+001 7.605489e+001 3.464566e+002 9.669390e+002 5.282221e+001 1.142570e+002 9.851582e-001 3.428112e-001 7.680912e-002 2.681283e-001 2.777705e-001 1.826113e+000 4.586813e+000 6.943852e+000
<GCONST> 1.003235e+002
<STATE> 4
<NUMMIXES> 2
<MIXTURE> 1 7.236993e-001
<MEAN> 22
 8.709980e+000 2.593487e+000 2.549645e+000 1.138206e+000 7.005937e+001 1.573870e+001 8.390389e+001 9.571631e+001 6.923655e+001 5.549507e+001 1.273090e+002 1.945249e+002 1.093405e+002 1.153424e+002 3.271381e+000 5.000309e+000 6.599909e+000 5.845921e+000 4.243317e+000 5.997519e+000 3.540010e+000 2.308745e+000
<VARIANCE> 22
 1.139112e+002 1.963829e+001 1.101113e+001 3.391714e+000 2.590354e+003 2.745528e+002 6.053757e+002 1.993955e+002 2.238672e+002 6.285484e+001 3.523436e+003 3.583073e+002 2.293330e+002 1.086313e+002 9.129341e+000 1.793315e-002 2.410700e-001 1.303420e-001 3.786513e+000 5.618803e-002 5.869898e+000 6.093833e+000
<GCONST> 1.074255e+002
<MIXTURE> 2 2.763003e-001
<MEAN> 22
 9.992798e+000 4.055316e+000 2.539345e+000 1.094347e+000 5.632012e+001 3.020343e+001 7.938380e+001 5.182539e+001 7.613043e+001 5.925403e+001 8.967991e+001 1.251680e+002 1.034069e+002 1.006135e+002 1.680053e+000 3.683868e+000 5.169059e+000 5.633282e+000 3.156529e+000 4.501620e+000 2.664862e+000 2.322582e+000
<VARIANCE> 22
 1.858737e+002 5.891807e+001 1.307337e+001 3.919339e+000 2.060654e+003 9.342029e+002 1.847560e+003 1.031156e+003 1.382388e+002 5.383194e+001 9.446185e+002 1.249712e+003 1.171392e+002 9.376294e+001 3.380824e+000 1.170609e+000 7.507940e+000 2.871553e-001 2.122028e+000 7.732947e+000 5.816841e+000 6.154412e+000
<GCONST> 1.233216e+002
<TRANSP> 5
 0.000000e+000 1.000000e+000 0.000000e+000 0.000000e+000 0.000000e+000
 0.000000e+000 6.720167e-001 3.279832e-001 0.000000e+000 0.000000e+000
 0.000000e+000 0.000000e+000 9.499604e-001 5.003964e-002 0.000000e+000
 0.000000e+000 0.000000e+000 0.000000e+000 9.158770e-001 8.412302e-002
 0.000000e+000 0.000000e+000 0.000000e+000 0.000000e+000 0.000000e+000
<ENDHMM>
~h "SP"
<BEGINHMM>
<NUMSTATES> 5
<STATE> 2
<NUMMIXES> 2
<MIXTURE> 1 6.636790e-001
<MEAN> 22
 1.294663e+001 1.757397e+001 7.591202e+000 8.530912e+000 4.392423e+001 1.127558e+002 1.002227e+002 1.130642e+002 7.281747e+001 8.423261e+001 1.767530e+002 1.182547e+002 1.182660e+002 1.102932e+002 5.475545e+000 3.552997e+000 5.980800e+000 4.666049e+000 5.519886e+000 3.539577e+000 2.457192e+000 2.588488e+000
<VARIANCE> 22
 3.317967e+003 2.237248e+003 2.706310e+003 1.628423e+003 3.371840e+003 1.047232e+004 1.671520e+003 2.100208e+003 3.421287e+002 1.201020e+003 4.455910e+003 4.000688e+003 6.763644e+002 3.140670e+002 6.970946e+000 1.713852e+000 2.262878e+000 1.615915e+000 1.204084e+000 5.895825e+000 5.893635e+000 4.506676e+000
<GCONST> 1.549082e+002
<MIXTURE> 2 3.363206e-001
<MEAN> 22
 5.934895e-001 9.489321e-001 4.036491e-001 6.548716e-001 2.825240e+002 2.627508e+002 3.627791e+001 6.697044e+001 4.563238e+001 4.928357e+001 5.835593e+001 3.696596e+001 4.981623e+001 4.853683e+001 1.658519e-001 1.372705e+000 3.276927e+000 1.818755e+000 2.798394e+000 8.116707e-001 1.035008e+000 1.496704e+000
<VARIANCE> 22
 4.801632e+000 4.063125e+000 3.300596e+000 2.164982e+000 6.111266e+004 2.037320e+004 1.662888e+003 4.670168e+003 2.094645e+003 2.511546e+003 3.799049e+003 1.831335e+003 2.394030e+003 2.313016e+003 2.822516e-001 2.130334e+000 1.139641e+001 3.580527e+000 8.046304e+000 1.526823e+000 3.931675e+000 5.450103e+000
<GCONST> 1.377098e+002
<STATE> 3
<NUMMIXES> 2
<MIXTURE> 1 5.046988e-001
<MEAN> 22
 1.552902e+000 1.901166e+001 6.039318e-001 5.191913e+000 9.015770e+000 1.317005e+002 1.014904e+002 1.133738e+002 6.324372e+001 8.165435e+001 2.009399e+002 1.042834e+002 1.196238e+002 1.054650e+002 6.999105e+000 3.348912e+000 6.147126e+000 4.469811e+000 5.998864e+000 3.307854e+000 2.016791e+000 3.646795e+000
<VARIANCE> 22
 7.736916e+000 3.769807e+002 3.300596e+000 3.708091e+001 1.168420e+002 7.991018e+003 3.483128e+002 1.832551e+003 7.950987e+001 5.943066e+002 5.841245e+002 3.259408e+003 1.905024e+002 2.007624e+002 6.504287e-002 1.435283e+000 1.254804e-001 1.249637e+000 2.082488e-002 5.006213e+000 6.178325e+000 5.484762e+000
<GCONST> 1.131446e+002
<MIXTURE> 2 4.953008e-001
<MEAN> 22
 1.119396e+000 4.371867e+000 4.624106e-001 2.356955e+000 1.081685e+001 1.827240e+002 8.699252e+001 1.336000e+002 5.703536e+001 8.657652e+001 1.758399e+002 4.653905e+001 1.060424e+002 8.523763e+001 6.882805e+000 2.117423e+000 6.005162e+000 3.218965e+000 5.942422e+000 1.502515e+000 1.355300e+000 2.526065e+000
<VARIANCE> 22
 7.598028e+000 3.655326e+001 3.300596e+000 1.181318e+001 7.442569e+002 1.351163e+003 1.923853e+002 3.436514e+002 6.579220e+001 3.441996e+002 4.476901e+002 5.003343e+002 5.872366e+001 1.304661e+002 6.251488e-001 1.901152e-001 3.998408e-001 3.183350e-001 2.373996e-001 5.688917e-001 4.815676e+000 5.942935e+000
<GCONST> 1.030953e+002
<STATE> 4
<NUMMIXES> 2
<MIXTURE> 1 7.575247e-001
<MEAN> 22
 1.222405e+001 2.425833e+000 4.008627e+000 9.119703e-001 1.426003e+002 1.500782e+001 1.252052e+002 9.705944e+001 9.032531e+001 5.702771e+001 9.547546e+001 1.949218e+002 9.632810e+001 1.159859e+002 2.887834e+000 5.000000e+000 3.158005e+000 5.832193e+000 3.691431e+000 5.988889e+000 3.322915e+000 2.078191e+000
<VARIANCE> 22
 3.128496e+002 3.700039e+001 5.017531e+001 3.704280e+000 7.266088e+003 6.497202e+002 1.433506e+003 1.993502e+002 5.384525e+002 5.260028e+001 3.863443e+003 3.320670e+002 4.278085e+002 9.932580e+001 5.701109e+000 1.793315e-002 7.828604e+000 1.396517e-001 2.937630e+000 5.618803e-002 6.345755e+000 6.115054e+000
<GCONST> 1.175844e+002
<MIXTURE> 2 2.424760e-001
<MEAN> 22
 7.481879e+000 3.573721e+000 2.752233e+000 1.492389e+000 7.692046e+001 2.888503e+001 1.039437e+002 4.257922e+001 9.006334e+001 5.940897e+001 7.576115e+001 1.063377e+002 9.441441e+001 1.012011e+002 2.267591e+000 3.335584e+000 3.397436e+000 5.629791e+000 3.455891e+000 2.832316e+000 3.107830e+000 2.226074e+000
<VARIANCE> 22
 1.156517e+002 6.489662e+001 1.925876e+001 6.629692e+000 2.230056e+003 1.018336e+003 3.073343e+003 5.038784e+002 6.368491e+002 6.211660e+001 1.511208e+003 7.317445e+002 2.256005e+002 9.405865e+001 2.794242e+000 1.440162e+000 7.024282e+000 3.469301e-001 1.046949e+000 9.781283e+000 6.517208e+000 6.256135e+000
<GCONST> 1.258765e+002
<TRANSP> 5
 0.000000e+000 1.000000e+000 0.000000e+000 0.000000e+000 0.000000e+000
 0.000000e+000 6.382547e-001 3.617453e-001 0.000000e+000 0.000000e+000
 0.000000e+000 0.000000e+000 9.578330e-001 4.216704e-002 0.000000e+000
 0.000000e+000 0.000000e+000 0.000000e+000 9.252245e-001 7.477550e-002
 0.000000e+000 0.000000e+000 0.000000e+000 0.000000e+000 0.000000e+000
<ENDHMM>
~h "ST"
<BEGINHMM>
<NUMSTATES> 5
<STATE> 2
<NUMMIXES> 2
<MIXTURE> 1 1.573528e-001
<MEAN> 22
 1.749760e+001 2.467867e+001 1.085345e+001 8.308688e+000 1.745503e+002 1.914570e+002 1.225274e+002 9.099420e+001 7.894868e+001 7.978642e+001 2.143737e+002 1.278816e+002 1.324192e+002 1.228721e+002 6.055480e+000 3.406307e+000 6.623775e+000 5.826690e+000 5.655894e+000 3.271147e+000 2.603657e+000 2.913632e+000
<VARIANCE> 22
 2.993092e+003 3.049048e+003 2.634402e+003 1.588106e+003 5.199314e+004 2.333014e+004 1.934641e+003 8.302444e+002 2.604346e+002 2.779409e+002 5.745533e+003 5.599652e+003 1.309540e+003 3.624165e+002 4.390503e+000 2.508971e+000 3.271388e-001 5.216849e-001 6.598327e-001 7.594210e+000 7.224406e+000 6.144957e+000
<GCONST> 1.544950e+002
<MIXTURE> 2 8.426465e-001
<MEAN> 22
 5.935236e+000 6.501703e+000 1.359738e+000 1.810518e+000 8.286926e+001 7.362074e+001 7.650741e+001 8.039510e+001 7.184180e+001 6.996523e+001 1.279554e+002 1.205504e+002 1.056417e+002 1.084253e+002 4.023654e+000 3.522381e+000 5.953655e+000 5.571037e+000 4.682372e+000 3.418854e+000 2.930849e+000 2.569450e+000
<VARIANCE> 22
 7.728526e+001 9.395645e+001 3.808775e+000 6.418425e+000 9.929655e+003 6.098375e+003 1.011631e+003 1.006683e+003 4.435636e+002 4.678549e+002 4.115638e+003 5.172469e+003 6.387183e+002 5.271552e+002 8.387323e+000 2.405197e+000 2.087147e+000 1.157088e+000 2.740389e+000 7.629732e+000 6.460854e+000 5.879762e+000
<GCONST> 1.366800e+002
<STATE> 3
<NUMMIXES> 2
<MIXTURE> 1 4.829673e-001
<MEAN> 22
 2.056184e+000 1.506803e+001 7.527562e-001 3.340792e+000 1.317722e+001 9.602596e+001 9.949316e+001 7.352882e+001 6.222610e+001 7.980974e+001 1.998910e+002 1.044363e+002 1.189987e+002 1.119946e+002 6.984918e+000 3.464074e+000 6.150666e+000 5.694312e+000 5.991992e+000 3.391610e+000 1.860140e+000 3.283546e+000
<VARIANCE> 22
 1.573594e+001 2.159886e+002 3.300596e+000 1.480693e+001 5.341432e+002 4.092296e+003 2.860587e+002 7.887361e+002 6.695236e+001 4.734947e+002 6.124158e+002 3.955108e+003 1.861004e+002 1.399996e+002 6.933576e-002 1.919300e+000 1.390300e-001 4.645181e-001 2.230407e-002 8.527796e+000 5.644839e+000 5.458424e+000
<GCONST> 1.116216e+002
<MIXTURE> 2 5.170326e-001
<MEAN> 22
 7.065970e-001 7.001213e+000 3.204821e-001 1.184589e+000 6.072455e+000 1.290095e+002 8.570826e+001 6.260038e+001 5.530346e+001 7.968496e+001 1.813963e+002 4.921765e+001 1.094055e+002 9.923970e+001 6.965783e+000 2.060818e+000 6.002238e+000 5.970047e+000 5.989648e+000 3.848612e-001 1.214480e+000 2.744527e+000
<VARIANCE> 22
 4.801632e+000 7.703028e+001 3.300596e+000 2.164982e+000 6.906942e+001 7.262350e+002 8.410829e+001 3.989622e+002 2.544170e+001 1.674861e+002 1.933144e+002 3.873533e+002 4.314820e+001 5.587178e+001 2.004242e-001 1.136762e-001 2.326111e-002 2.468345e-001 2.082488e-002 3.518209e-001 4.457287e+000 5.970214e+000
<GCONST> 8.634892e+001
<STATE> 4
<NUMMIXES> 2
<MIXTURE> 1 7.282336e-001
<MEAN> 22
 1.043926e+001 2.811418e+000 2.396303e+000 1.019581e+000 9.024997e+001 1.913829e+001 7.859045e+001 9.956168e+001 8.240474e+001 5.797652e+001 1.100984e+002 2.010145e+002 1.133115e+002 1.198410e+002 3.572822e+000 5.000000e+000 6.198328e+000 5.917568e+000 4.513117e+000 5.997919e+000 3.249654e+000 2.248947e+000
<VARIANCE> 22
 1.434810e+002 3.152745e+001 9.821571e+000 3.936103e+000 4.038888e+003 7.254164e+002 6.990677e+002 1.889024e+002 3.928363e+002 4.498575e+001 4.993542e+003 3.290166e+002 2.327699e+002 1.030644e+002 6.958143e+000 1.793315e-002 2.696253e-001 7.563554e-002 1.620817e+000 5.618803e-002 6.084608e+000 6.125048e+000
<GCONST> 1.086120e+002
<MIXTURE> 2 2.717683e-001
<MEAN> 22
 7.124051e+000 3.303323e+000 1.446973e+000 1.351307e+000 7.628837e+001 2.716615e+001 7.036451e+001 5.862360e+001 7.661682e+001 5.625383e+001 6.004575e+001 1.404097e+002 9.797263e+001 1.040365e+002 2.063262e+000 4.322215e+000 5.564361e+000 5.761890e+000 3.625808e+000 5.483256e+000 2.748631e+000 2.077747e+000
<VARIANCE> 22
 7.919539e+001 4.666262e+001 3.827023e+000 6.257333e+000 3.763495e+003 1.102676e+003 9.215204e+002 8.816920e+002 2.728671e+002 7.786647e+001 2.245428e+003 1.646732e+003 1.306637e+002 9.141054e+001 2.529559e+000 9.476942e-001 3.370216e+000 2.390144e-001 9.512331e-001 4.620303e+000 5.736413e+000 5.764460e+000
<GCONST> 1.207827e+002
<TRANSP> 5
 0.000000e+000 1.000000e+000 0.000000e+000 0.000000e+000 0.000000e+000
 0.000000e+000 7.683007e-001 2.316994e-001 0.000000e+000 0.000000e+000
 0.000000e+000 0.000000e+000 9.563386e-001 4.366131e-002 0.000000e+000
 0.000000e+000 0.000000e+000 0.000000e+000 9.161391e-001 8.386091e-002
 0.000000e+000 0.000000e+000 0.000000e+000 0.000000e+000 0.000000e+000
<ENDHMM>
~h "TT"
<BEGINHMM>
<NUMSTATES> 5
<STATE> 2
<NUMMIXES> 2
<MIXTURE> 1 4.553203e-001
<MEAN> 22
 2.363587e+001 5.463147e+000 9.305874e+000 3.809710e+000 2.183598e+002 9.856161e+000 1.746543e+002 1.116074e+002 1.280767e+002 6.447285e+001 1.083681e+002 2.110598e+002 1.131297e+002 1.240823e+002 1.402174e+000 4.993318e+000 1.612515e+000 5.879696e+000 2.676668e+000 5.983294e+000 3.727187e+000 2.453221e+000
<VARIANCE> 22
 2.273339e+003 1.379458e+003 1.595843e+003 1.028335e+003 4.348623e+003 1.598943e+002 1.729154e+003 1.773972e+002 5.439870e+002 8.157488e+001 1.498356e+003 2.608013e+002 2.268700e+002 8.216344e+001 1.171273e+000 1.793315e-002 4.765921e+000 1.058310e-001 1.731780e+000 5.618803e-002 5.737429e+000 6.561852e+000
<GCONST> 1.259489e+002
<MIXTURE> 2 5.446796e-001
<MEAN> 22
 7.193862e+000 1.153631e+001 2.478299e+000 3.701634e+000 4.804985e+001 1.032635e+002 8.147416e+001 1.122016e+002 6.992664e+001 8.397084e+001 1.657007e+002 1.366579e+002 1.105345e+002 1.094526e+002 5.228375e+000 3.755632e+000 6.251430e+000 4.771720e+000 5.605810e+000 3.845491e+000 2.867598e+000 2.772224e+000
<VARIANCE> 22
 9.207645e+001 2.589259e+002 1.833059e+001 2.800808e+001 2.749994e+003 8.408197e+003 1.435563e+003 2.511659e+003 2.198027e+002 1.062791e+003 2.369606e+003 2.884994e+003 3.297378e+002 2.293852e+002 8.005935e+000 1.622851e+000 4.675104e-001 1.704210e+000 7.052641e-001 5.723567e+000 6.728648e+000 4.910352e+000
<GCONST> 1.353710e+002
<STATE> 3
<NUMMIXES> 2
<MIXTURE> 1 5.109648e-001
<MEAN> 22
 1.889207e+000 2.452782e+001 7.889642e-001 7.371585e+000 9.856719e+000 1.210711e+002 1.016228e+002 1.260798e+002 6.280548e+001 9.029588e+001 2.014588e+002 1.396090e+002 1.205631e+002 1.104502e+002 6.996659e+000 3.766726e+000 6.137356e+000 4.636341e+000 5.998757e+000 3.992857e+000 2.159321e+000 3.841329e+000
<VARIANCE> 22
 9.892218e+000 4.899868e+002 3.300596e+000 6.890557e+001 1.312603e+002 9.598164e+003 4.716469e+002 2.564487e+003 1.244546e+002 1.254891e+003 7.638972e+002 2.407682e+003 2.419851e+002 2.456384e+002 6.504287e-002 1.104341e+000 1.184906e-001 1.082244e+000 2.082488e-002 4.005111e+000 5.973534e+000 5.041388e+000
<GCONST> 1.160085e+002
<MIXTURE> 2 4.890361e-001
<MEAN> 22
 1.648354e+000 9.113561e+000 7.164215e-001 3.843791e+000 1.083089e+001 2.192920e+002 8.951086e+001 1.710211e+002 5.605106e+001 1.223813e+002 1.829074e+002 8.396661e+001 1.097596e+002 8.902756e+001 6.945003e+000 2.367841e+000 6.046666e+000 3.087558e+000 5.980768e+000 1.601707e+000 1.779788e+000 3.525400e+000
<VARIANCE> 22
 1.171004e+001 7.411929e+001 3.300596e+000 2.346161e+001 4.251500e+002 1.034527e+003 1.687322e+002 5.368115e+002 7.362179e+001 3.795488e+002 2.879688e+002 4.601058e+002 7.420385e+001 2.174335e+002 3.039985e-001 2.666164e-001 1.424855e-001 1.631326e-001 7.788382e-002 3.732404e-001 5.610127e+000 5.791607e+000
<GCONST> 1.013465e+002
<STATE> 4
<NUMMIXES> 2
<MIXTURE> 1 7.635898e-001
<MEAN> 22
 1.488146e+001 2.310771e+000 5.131640e+000 1.006466e+000 1.400863e+002 2.520353e+001 1.377081e+002 9.575597e+001 9.618234e+001 5.540357e+001 1.201411e+002 1.926753e+002 1.008678e+002 1.148826e+002 2.784136e+000 5.000017e+000 3.267572e+000 5.845502e+000 3.560934e+000 5.991706e+000 3.395406e+000 2.333638e+000
<VARIANCE> 22
 3.471016e+002 1.425946e+001 5.879896e+001 2.164982e+000 8.252967e+003 8.815391e+002 2.148662e+003 2.272484e+002 9.611743e+002 5.186796e+001 2.944803e+003 4.016428e+002 3.729052e+002 1.331289e+002 6.739924e+000 1.793315e-002 8.406735e+000 1.306291e-001 3.738633e+000 5.618803e-002 5.529372e+000 6.261783e+000
<GCONST> 1.182632e+002
<MIXTURE> 2 2.364099e-001
<MEAN> 22
 1.051567e+001 6.164462e+000 4.267522e+000 2.443616e+000 1.335016e+002 6.592587e+001 9.057034e+001 3.544960e+001 8.748627e+001 5.235220e+001 8.870994e+001 1.006721e+002 8.599757e+001 9.126593e+001 2.011987e+000 3.019139e+000 3.573803e+000 5.176590e+000 3.311129e+000 2.644422e+000 2.813205e+000 2.135713e+000
<VARIANCE> 22
 2.584555e+002 1.245800e+002 4.880224e+001 2.322757e+001 1.937163e+004 1.458263e+004 5.328918e+003 9.166940e+002 2.216402e+003 4.191239e+002 2.167401e+003 2.302642e+003 1.150362e+003 1.137340e+003 4.081940e+000 3.097496e+000 7.408050e+000 3.596856e+000 2.818437e+000 1.028772e+001 6.383651e+000 5.902092e+000
<GCONST> 1.487721e+002
<TRANSP> 5
 0.000000e+000 1.000000e+000 0.000000e+000 0.000000e+000 0.000000e+000
 0.000000e+000 8.098392e-001 1.901608e-001 0.000000e+000 0.000000e+000
 0.000000e+000 0.000000e+000 9.533577e-001 4.664228e-002 0.000000e+000
 0.000000e+000 0.000000e+000 0.000000e+000 9.243352e-001 7.566480e-002
 0.000000e+000 0.000000e+000 0.000000e+000 0.000000e+000 0.000000e+000
<ENDHMM>
~h "VA"
<BEGINHMM>
<NUMSTATES> 5
<STATE> 2
<NUMMIXES> 2
<MIXTURE> 1 4.376661e-001
<MEAN> 22
 1.911081e+001 1.346667e+001 8.873616e+000 5.418296e+000 8.658921e+001 4.380873e+001 1.150102e+002 9.498022e+001 8.685895e+001 6.467896e+001 1.470389e+002 1.789209e+002 1.105916e+002 1.139579e+002 4.079041e+000 4.669757e+000 4.844482e+000 5.581046e+000 4.541280e+000 5.672588e+000 2.920739e+000 2.496144e+000
<VARIANCE> 22
 2.057503e+003 1.629108e+003 1.365603e+003 8.220145e+002 8.691243e+003 2.670126e+003 3.395721e+003 8.956931e+002 9.956223e+002 2.783693e+002 5.032590e+003 1.865327e+003 4.932694e+002 2.649078e+002 8.659513e+000 5.452923e-001 6.744865e+000 4.676713e-001 3.410699e+000 1.454836e+000 5.601725e+000 5.281789e+000
<GCONST> 1.493351e+002
<MIXTURE> 2 5.623330e-001
<MEAN> 22
 5.822989e+000 1.136928e+001 2.801538e+000 4.178714e+000 1.709792e+002 2.333818e+002 7.853954e+001 1.173678e+002 6.488712e+001 8.911346e+001 1.183978e+002 6.747026e+001 8.418254e+001 7.822631e+001 3.354205e+000 2.084811e+000 4.574242e+000 3.257796e+000 4.143691e+000 1.313613e+000 2.464699e+000 2.688987e+000
<VARIANCE> 22
 1.078124e+002 1.923943e+002 2.644587e+001 3.011563e+001 3.815117e+004 9.896897e+003 3.166583e+003 5.687119e+003 1.271154e+003 2.306865e+003 6.506750e+003 2.266379e+003 2.295288e+003 1.506943e+003 9.367440e+000 1.230120e+000 7.004602e+000 3.180063e+000 4.793175e+000 1.480534e+000 6.209104e+000 5.232205e+000
<GCONST> 1.509516e+002
<STATE> 3
<NUMMIXES> 2
<MIXTURE> 1 5.898084e-001
<MEAN> 22
 2.207776e+000 2.113441e+001 1.094681e+000 7.493280e+000 8.481035e+000 9.557096e+001 9.340327e+001 9.389550e+001 5.784410e+001 8.307675e+001 1.917950e+002 1.201588e+002 1.145230e+002 1.018991e+002 6.995487e+000 3.750802e+000 6.042426e+000 5.114596e+000 5.999258e+000 4.027982e+000 2.135311e+000 3.718763e+000
<VARIANCE> 22
 1.418700e+001 3.697921e+002 6.782362e+000 5.188468e+001 8.282217e+001 5.185879e+003 2.492381e+002 1.363289e+003 7.058504e+001 6.303955e+002 4.793737e+002 3.572034e+003 1.487041e+002 3.489388e+002 6.504287e-002 1.327489e+000 4.062574e-002 8.364688e-001 2.082488e-002 6.470891e+000 6.041189e+000 5.058193e+000
<GCONST> 1.120657e+002
<MIXTURE> 2 4.101909e-001
<MEAN> 22
 2.383924e+000 7.301790e+000 1.068409e+000 3.092608e+000 1.530922e+001 2.158260e+002 8.824184e+001 1.643232e+002 5.551855e+001 1.127637e+002 1.811081e+002 7.829466e+001 1.100992e+002 7.593176e+001 6.823594e+000 2.321880e+000 6.046295e+000 3.198953e+000 5.906938e+000 1.723442e+000 2.195972e+000 3.257595e+000
<VARIANCE> 22
 1.803212e+001 6.329662e+001 3.960438e+000 1.203680e+001 9.498767e+002 3.088560e+003 3.604392e+002 1.626638e+003 1.341844e+002 5.378217e+002 8.892142e+002 1.284476e+003 1.740631e+002 3.054494e+002 9.428508e-001 3.596902e-001 3.514751e-001 8.119959e-001 2.171315e-001 7.732946e-001 6.249308e+000 5.715403e+000
<GCONST> 1.149834e+002
<STATE> 4
<NUMMIXES> 2
<MIXTURE> 1 7.591172e-001
<MEAN> 22
 1.461722e+001 3.030087e+000 5.205781e+000 1.423464e+000 1.382825e+002 1.755425e+001 1.347611e+002 9.821196e+001 9.938858e+001 5.601368e+001 1.239166e+002 1.961621e+002 9.761423e+001 1.158999e+002 3.135669e+000 5.002586e+000 3.716206e+000 5.846672e+000 3.808710e+000 5.987371e+000 3.346284e+000 2.507937e+000
<VARIANCE> 22
 2.957460e+002 2.995521e+001 4.233408e+001 6.038790e+000 8.634234e+003 6.099833e+002 2.836906e+003 2.266116e+002 8.960425e+002 9.012000e+001 4.423585e+003 3.664543e+002 5.274182e+002 1.280647e+002 7.147130e+000 1.793315e-002 8.622243e+000 1.298210e-001 3.715711e+000 5.618803e-002 6.025375e+000 6.337676e+000
<GCONST> 1.207695e+002
<MIXTURE> 2 2.408827e-001
<MEAN> 22
 7.053432e+000 5.388802e+000 3.079290e+000 2.383739e+000 7.745525e+001 3.618462e+001 9.583147e+001 4.406667e+001 8.680610e+001 5.605435e+001 6.961493e+001 1.009247e+002 9.157863e+001 1.014224e+002 2.038127e+000 2.967861e+000 3.674552e+000 5.540291e+000 3.258716e+000 2.635675e+000 2.994131e+000 2.492505e+000
<VARIANCE> 22
 1.056125e+002 1.563942e+002 2.440980e+001 1.757393e+001 2.694020e+003 1.035522e+003 3.885989e+003 3.966718e+002 3.541437e+002 1.011867e+002 9.079838e+002 5.087489e+002 4.269367e+002 1.014093e+002 8.603606e-001 1.337748e+000 6.859681e+000 2.997606e-001 7.698130e-001 8.142264e+000 6.256735e+000 6.067330e+000
<GCONST> 1.258357e+002
<TRANSP> 5
 0.000000e+000 1.000000e+000 0.000000e+000 0.000000e+000 0.000000e+000
 0.000000e+000 7.386289e-001 2.613711e-001 0.000000e+000 0.000000e+000
 0.000000e+000 0.000000e+000 9.441991e-001 5.580084e-002 0.000000e+000
 0.000000e+000 0.000000e+000 0.000000e+000 9.201899e-001 7.981006e-002
 0.000000e+000 0.000000e+000 0.000000e+000 0.000000e+000 0.000000e+000
<ENDHMM>
~h "VQ"
<BEGINHMM>
<NUMSTATES> 5
<STATE> 2
<NUMMIXES> 2
<MIXTURE> 1 1.135733e-001
<MEAN> 22
 2.994703e+001 4.014085e+001 2.157172e+001 2.223113e+001 6.103912e+001 1.383794e+002 8.365488e+001 1.002646e+002 6.430338e+001 6.646111e+001 1.487509e+002 7.761732e+001 1.006987e+002 9.456451e+001 5.101797e+000 2.923816e+000 5.487648e+000 4.465527e+000 5.169023e+000 2.706278e+000 2.823311e+000 3.131805e+000
<VARIANCE> 22
 8.868592e+003 6.458241e+003 7.068548e+003 4.490112e+003 1.361126e+004 7.190721e+003 1.467750e+003 1.387872e+003 2.471208e+002 3.254116e+002 3.704375e+003 2.734323e+003 8.478244e+002 4.772077e+002 7.451372e+000 1.234047e+000 3.798449e+000 1.262189e+000 2.265996e+000 3.759056e+000 6.729293e+000 4.479892e+000
<GCONST> 1.581668e+002
<MIXTURE> 2 8.864263e-001
<MEAN> 22
 1.142725e+001 3.667289e+000 3.913488e+000 1.487911e+000 1.003914e+002 3.055055e+001 9.894401e+001 7.320412e+001 7.834883e+001 5.540306e+001 8.463913e+001 1.534487e+002 9.649249e+001 1.089397e+002 2.378032e+000 4.138019e+000 3.644834e+000 5.636491e+000 3.383607e+000 4.717184e+000 3.473178e+000 2.568852e+000
<VARIANCE> 22
 2.006811e+002 3.200887e+001 2.754404e+001 5.675285e+000 5.552634e+003 1.121791e+003 2.473726e+003 1.016193e+003 3.414043e+002 6.983451e+001 2.995710e+003 2.549356e+003 3.890069e+002 1.448849e+002 4.192218e+000 1.706702e+000 8.823034e+000 2.780507e-001 2.510355e+000 5.593063e+000 5.949806e+000 5.924671e+000
<GCONST> 1.305719e+002
<STATE> 3
<NUMMIXES> 2
<MIXTURE> 1 5.059965e-001
<MEAN> 22
 2.718185e+000 1.962294e+001 8.756115e-001 5.702477e+000 9.191273e+000 1.028829e+002 9.910478e+001 9.612209e+001 6.027414e+001 7.221718e+001 2.004953e+002 1.200342e+002 1.198864e+002 1.054936e+002 6.997616e+000 3.753061e+000 6.123903e+000 5.032393e+000 5.998481e+000 4.048275e+000 2.194141e+000 3.835101e+000
<VARIANCE> 22
 2.448371e+001 3.302205e+002 3.300596e+000 5.371022e+001 1.332627e+002 7.314122e+003 4.237054e+002 2.031120e+003 8.691062e+001 3.663197e+002 7.743022e+002 3.150853e+003 2.550467e+002 2.564251e+002 6.504287e-002 1.318150e+000 1.085511e-001 1.074151e+000 2.082488e-002 5.465441e+000 6.211665e+000 4.888772e+000
<GCONST> 1.148628e+002
<MIXTURE> 2 4.940037e-001
<MEAN> 22
 1.132588e+000 6.389053e+000 7.182752e-001 3.147926e+000 1.006581e+001 1.630877e+002 8.382025e+001 1.140806e+002 5.267472e+001 7.406457e+001 1.787675e+002 4.576409e+001 1.071968e+002 8.154727e+001 6.940154e+000 2.396014e+000 6.050517e+000 4.109570e+000 5.959496e+000 1.752513e+000 1.680529e+000 3.487740e+000
<VARIANCE> 22
 4.801632e+000 4.407545e+001 3.300596e+000 1.523671e+001 6.284962e+002 1.489353e+003 1.788026e+002 7.208350e+002 5.838318e+001 1.996327e+002 4.159026e+002 4.188638e+002 8.536977e+001 2.410243e+002 3.172828e-001 2.865333e-001 1.436978e-001 6.789471e-001 1.227495e-001 3.576559e-001 5.415620e+000 6.145977e+000
<GCONST> 1.022397e+002
<STATE> 4
<NUMMIXES> 2
<MIXTURE> 1 9.078829e-001
<MEAN> 22
 1.029315e+001 3.084320e+000 3.843506e+000 1.227608e+000 9.764143e+001 2.095994e+001 1.051405e+002 9.424122e+001 7.489948e+001 5.375610e+001 1.081552e+002 1.925968e+002 1.005886e+002 1.141401e+002 3.258391e+000 4.999752e+000 4.289846e+000 5.872177e+000 3.896028e+000 5.995790e+000 3.504953e+000 2.459154e+000
<VARIANCE> 22
 1.641153e+002 3.027503e+001 2.947283e+001 4.436632e+000 5.313667e+003 7.574919e+002 9.633708e+002 2.061771e+002 4.325912e+002 6.609084e+001 4.786302e+003 3.196181e+002 3.965322e+002 1.180661e+002 7.763052e+000 1.793315e-002 8.750532e+000 1.114846e-001 3.543221e+000 5.618803e-002 5.887899e+000 6.189765e+000
<GCONST> 1.164655e+002
<MIXTURE> 2 9.211744e-002
<MEAN> 22
 2.745089e+000 3.353607e+000 1.376038e+000 1.443677e+000 4.173782e+002 3.254230e+002 3.694601e+001 3.493845e+001 2.463935e+001 2.572183e+001 4.803284e+001 2.976719e+001 3.718123e+001 3.744685e+001 1.627174e+000 1.141979e+000 1.948184e+000 1.817847e+000 1.587863e+000 8.462069e-001 8.651072e-001 1.524515e+000
<VARIANCE> 22
 6.545882e+001 6.477796e+001 1.307696e+001 1.386940e+001 4.483918e+004 1.889889e+004 2.781383e+003 2.524011e+003 1.014182e+003 1.115186e+003 5.407712e+003 1.901099e+003 2.336894e+003 2.341660e+003 7.081555e+000 2.362520e+000 8.317785e+000 5.550156e+000 5.495175e+000 2.290695e+000 3.213286e+000 5.579762e+000
<GCONST> 1.479764e+002
<TRANSP> 5
 0.000000e+000 1.000000e+000 0.000000e+000 0.000000e+000 0.000000e+000
 0.000000e+000 8.539127e-001 1.460874e-001 0.000000e+000 0.000000e+000
 0.000000e+000 0.000000e+000 9.445243e-001 5.547574e-002 0.000000e+000
 0.000000e+000 0.000000e+000 0.000000e+000 8.851166e-001 1.148833e-001
 0.000000e+000 0.000000e+000 0.000000e+000 0.000000e+000 0.000000e+000
<ENDHMM>
~h "SIL"
<BEGINHMM>
<NUMSTATES> 5
<STATE> 2
<NUMMIXES> 2
<MIXTURE> 1 1.637460e-001
<MEAN> 22
 4.869181e+002 4.113050e+002 4.429327e+002 3.550524e+002 9.646145e-001 1.325404e+000 4.000022e+001 3.930207e+001 2.823605e+001 2.674279e+001 7.831470e+001 7.530621e+001 4.968331e+001 4.896775e+001 2.776092e+000 2.008619e+000 2.657732e+000 2.545268e+000 2.499980e+000 2.352549e+000 4.661924e+000 4.657550e+000
<VARIANCE> 22
 7.650459e+003 4.662696e+003 5.470549e+003 3.823035e+003 6.744230e+001 1.571905e+002 2.355726e+003 2.303397e+003 1.091945e+003 1.017498e+003 8.603575e+003 8.190283e+003 3.240739e+003 3.144733e+003 1.123942e+001 5.760850e+000 9.261785e+000 8.421082e+000 8.316541e+000 8.468746e+000 4.042371e+000 4.070162e+000
<GCONST> 1.631654e+002
<MIXTURE> 2 8.362541e-001
<MEAN> 22
 2.704589e-030 -1.439223e-030 2.097283e-027 1.379572e-028 3.661409e+001 2.963483e+001 -2.738787e-032 6.886305e-034 -3.970472e-033 -2.674054e-035 -3.711074e-033 1.067044e-033 -4.455145e-033 5.662886e-033 -6.214484e-034 2.278248e-034 5.300299e-034 3.162933e-036 -6.305727e-037 -9.731481e-034 6.408737e-031 -1.075188e-030
<VARIANCE> 22
 4.801632e+000 4.063125e+000 3.300596e+000 2.164982e+000 1.817516e+004 1.195244e+004 9.838196e+000 1.115232e+001 2.936353e+000 3.516743e+000 3.745900e+001 4.440890e+001 4.184655e+000 3.870682e+000 6.504287e-002 1.793315e-002 2.326111e-002 1.170389e-002 2.082488e-002 5.618803e-002 6.153807e-002 6.060927e-002
<GCONST> 5.449670e+001
<STATE> 3
<NUMMIXES> 2
<MIXTURE> 1 7.808837e-001
<MEAN> 22
 1.490172e+000 1.906516e+000 6.238524e-001 7.782636e-001 8.263859e+000 1.017669e+001 1.021973e+002 9.854726e+001 6.423060e+001 5.986536e+001 1.998402e+002 1.973919e+002 1.194121e+002 1.180303e+002 6.999639e+000 5.000013e+000 6.135897e+000 5.904603e+000 6.002010e+000 6.000124e+000 1.997005e+000 2.020899e+000
<VARIANCE> 22
 5.802143e+000 7.936174e+000 3.300596e+000 2.164982e+000 8.208935e+001 1.333276e+002 3.708881e+002 2.326363e+002 1.052404e+002 7.981135e+001 6.161783e+002 4.504705e+002 2.154957e+002 1.455145e+002 6.504287e-002 1.793315e-002 1.173688e-001 8.642804e-002 2.082488e-002 5.618803e-002 5.640389e+000 5.604126e+000
<GCONST> 8.417653e+001
<MIXTURE> 2 2.191161e-001
<MEAN> 22
 9.034094e+000 1.156682e+001 2.276554e+000 2.896135e+000 5.535053e+001 6.300887e+001 8.018960e+001 7.810458e+001 6.938558e+001 6.420153e+001 1.419020e+002 1.381508e+002 1.076534e+002 1.081910e+002 4.474695e+000 4.037917e+000 5.880665e+000 5.512323e+000 5.013364e+000 4.483338e+000 2.473150e+000 2.477999e+000
<VARIANCE> 22
 1.851670e+002 2.213726e+002 1.506371e+001 1.651579e+001 2.905888e+003 2.875810e+003 1.323106e+003 1.263223e+003 2.719398e+002 2.105184e+002 3.348140e+003 3.431267e+003 3.445255e+002 1.934430e+002 8.562142e+000 1.708514e+000 2.221076e+000 5.085391e-001 2.073257e+000 6.253744e+000 5.182396e+000 4.675812e+000
<GCONST> 1.337126e+002
<STATE> 4
<NUMMIXES> 2
<MIXTURE> 1 4.503703e-001
<MEAN> 22
 8.340913e-001 1.097408e+000 3.827211e-001 5.874496e-001 4.728847e+000 4.906534e+000 1.000556e+002 1.029373e+002 6.216366e+001 6.144854e+001 2.108941e+002 2.128177e+002 1.256354e+002 1.267048e+002 6.999921e+000 5.000000e+000 6.003451e+000 5.997099e+000 5.999960e+000 6.000040e+000 1.490026e+000 1.630298e+000
<VARIANCE> 22
 4.801632e+000 4.063125e+000 3.300596e+000 2.164982e+000 4.956259e+001 5.429972e+001 5.997864e+001 1.251633e+002 1.084474e+001 3.316736e+001 3.491297e+002 4.331382e+002 1.004713e+002 1.225471e+002 6.504287e-002 1.793315e-002 2.326111e-002 1.170389e-002 2.082488e-002 5.618803e-002 4.749057e+000 5.096897e+000
<GCONST> 7.089550e+001
<MIXTURE> 2 5.496237e-001
<MEAN> 22
 1.040208e+000 1.828732e+000 3.814523e-001 6.652271e-001 5.041921e+000 6.692393e+000 8.340701e+001 8.318470e+001 5.415904e+001 5.340221e+001 1.769588e+002 1.765001e+002 1.076549e+002 1.068087e+002 6.984873e+000 4.990849e+000 6.008143e+000 5.958787e+000 5.994806e+000 5.987662e+000 1.720823e+000 1.979692e+000
<VARIANCE> 22
 5.023650e+000 1.461902e+001 3.300596e+000 2.164982e+000 8.983701e+001 1.107600e+002 3.706538e+001 4.643168e+001 2.099899e+001 4.786413e+001 1.050113e+002 1.286134e+002 3.175559e+001 3.629321e+001 8.969288e-002 2.449064e-002 2.326111e-002 4.194155e-002 2.082488e-002 7.328702e-002 5.369147e+000 6.075538e+000
<GCONST> 7.077242e+001
<TRANSP> 5
 0.000000e+000 1.000000e+000 0.000000e+000 0.000000e+000 0.000000e+000
 0.000000e+000 9.080217e-001 9.197830e-002 0.000000e+000 0.000000e+000
 0.000000e+000 0.000000e+000 9.972090e-001 2.791043e-003 0.000000e+000
 0.000000e+000 0.000000e+000 0.000000e+000 9.931576e-001 6.842398e-003
 0.000000e+000 0.000000e+000 0.000000e+000 0.000000e+000 0.000000e+000
<ENDHMM>
