~o
<STREAMINFO> 1 39
<VECSIZE> 39<NULLD><MFCC_D_A_C_K_0><DIAGC>
~s "silst"
<MEAN> 39
 -1.365926e+01 -8.984192e+00 -1.131364e+01 -1.170910e+01 -1.031632e+01 -1.705234e+01 -1.205522e+01 -1.130905e+01 -6.806184e+00 -4.400686e+00 -6.990875e+00 -2.258173e+00 5.959828e+01 -7.741169e-03 1.837204e-03 2.668154e-03 9.754514e-03 5.782616e-04 -3.517095e-04 -1.073941e-02 -1.141308e-02 -9.213972e-03 -2.883396e-03 -9.748612e-03 -5.736940e-03 -1.525707e-02 1.252570e-03 8.517160e-04 2.074479e-03 -3.202140e-03 1.404188e-03 8.432080e-05 4.058566e-03 6.040875e-03 5.850221e-03 3.049749e-03 6.249200e-03 2.377219e-03 6.935193e-03
<VARIANCE> 39
 1.756975e+01 1.427451e+01 1.980607e+01 2.265515e+01 2.745292e+01 2.790052e+01 3.155573e+01 3.562215e+01 3.613466e+01 2.942806e+01 3.281977e+01 2.524644e+01 2.921828e+01 5.919673e-01 6.674249e-01 9.622499e-01 1.229861e+00 1.573691e+00 1.789076e+00 2.077738e+00 2.354980e+00 2.395191e+00 2.295166e+00 2.168612e+00 1.922058e+00 4.544957e-01 9.324370e-02 1.157904e-01 1.709540e-01 2.282289e-01 2.925470e-01 3.420837e-01 4.002914e-01 4.580176e-01 4.711403e-01 4.549804e-01 4.282405e-01 3.845086e-01 6.063937e-02
<GCONST> 1.003264e+02
~h "sp"
<BEGINHMM>
<NUMSTATES> 3
<STATE> 2
~s "silst"
<TRANSP> 3
 0.000000e+00 3.218092e-01 6.781907e-01
 0.000000e+00 9.909432e-01 9.056824e-03
 0.000000e+00 0.000000e+00 0.000000e+00
<ENDHMM>
~h "oov"
<BEGINHMM>
<NUMSTATES> 3
<STATE> 2
<MEAN> 39
 -1.096673e+01 -9.303802e+00 -9.971818e+00 -1.591383e+01 -9.806141e+00 -1.714135e+01 -8.991654e+00 -6.538450e+00 -2.308242e+00 -2.585898e+00 -2.028630e+00 -8.843590e-01 7.083264e+01 3.488408e-02 -1.380704e-02 -1.891300e-02 -5.384063e-02 -4.488724e-03 8.186333e-04 4.996975e-02 5.357653e-02 4.315717e-02 1.164599e-02 4.180898e-02 2.517531e-02 8.959039e-02 -5.374625e-03 -2.853886e-03 -8.773926e-03 1.712566e-02 -5.982166e-03 1.169495e-03 -1.860600e-02 -2.778936e-02 -2.725778e-02 -1.325764e-02 -2.898021e-02 -1.037846e-02 -3.922142e-02
<VARIANCE> 39
 7.143684e+01 6.465446e+01 8.200845e+01 6.629551e+01 1.060945e+02 1.017375e+02 8.941446e+01 9.243061e+01 8.076677e+01 7.459399e+01 7.561830e+01 6.335891e+01 5.157260e+01 2.667158e+00 2.412951e+00 3.031582e+00 3.431617e+00 4.418211e+00 4.471783e+00 4.656171e+00 5.281080e+00 4.722449e+00 4.310063e+00 4.196086e+00 3.463735e+00 2.453344e+00 3.732528e-01 3.547103e-01 4.603894e-01 5.543323e-01 7.125831e-01 7.580974e-01 7.961807e-01 9.101233e-01 8.311974e-01 7.721667e-01 7.338656e-01 6.282597e-01 3.023849e-01
<GCONST> 1.383814e+02
<TRANSP> 3
 0.000000e+00 1.000000e+00 0.000000e+00
 0.000000e+00 9.812840e-01 1.871604e-02
 0.000000e+00 0.000000e+00 0.000000e+00
<ENDHMM>
~h "sil"
<BEGINHMM>
<NUMSTATES> 3
<STATE> 2
~s "silst"
<TRANSP> 3
 0.000000e+00 1.000000e+00 0.000000e+00
 0.000000e+00 9.991014e-01 8.985936e-04
 0.000000e+00 0.000000e+00 0.000000e+00
<ENDHMM>
~h "noise"
<BEGINHMM>
<NUMSTATES> 3
<STATE> 2
~s "silst"
<TRANSP> 3
 0.000000e+00 1.000000e+00 0.000000e+00
 0.000000e+00 9.819133e-01 1.808677e-02
 0.000000e+00 0.000000e+00 0.000000e+00
<ENDHMM>
