~o
<STREAMINFO> 1 39
<VECSIZE> 39<NULLD><MFCC_D_A_C_K_0><DIAGC>
~s "silst"
<MEAN> 39
 -1.332144e+01 -8.877860e+00 -1.094559e+01 -1.252361e+01 -1.028200e+01 -1.706686e+01 -1.142848e+01 -1.040428e+01 -5.937517e+00 -4.089073e+00 -5.931460e+00 -2.014335e+00 6.190535e+01 -1.213926e-03 -1.944399e-03 -2.677961e-03 -2.548317e-03 -3.260942e-04 -4.790411e-04 -8.656965e-04 -8.411559e-04 -1.192217e-03 -1.449624e-03 -1.671307e-03 -9.521830e-04 7.189736e-03 2.719236e-04 4.932067e-04 5.724516e-04 9.622521e-04 1.655212e-04 6.616579e-04 2.923179e-04 4.981374e-04 2.164643e-04 6.029524e-04 2.031464e-04 3.488261e-04 -2.765926e-03
<VARIANCE> 39
 2.927492e+01 2.424654e+01 3.333046e+01 3.432766e+01 4.323399e+01 4.231956e+01 4.470724e+01 5.050386e+01 4.805262e+01 3.900446e+01 4.513650e+01 3.315758e+01 5.385784e+01 9.862845e-01 1.009281e+00 1.388171e+00 1.671872e+00 2.132020e+00 2.310335e+00 2.610379e+00 2.920129e+00 2.848285e+00 2.698288e+00 2.573236e+00 2.229198e+00 8.846024e-01 1.474772e-01 1.635309e-01 2.302710e-01 2.938677e-01 3.749840e-01 4.217075e-01 4.832432e-01 5.451893e-01 5.413523e-01 5.191884e-01 4.902884e-01 4.339638e-01 1.125224e-01
<GCONST> 1.128810e+02
~h "sp"
<BEGINHMM>
<NUMSTATES> 3
<STATE> 2
~s "silst"
<TRANSP> 3
 0.000000e+00 7.000000e-01 3.000000e-01
 0.000000e+00 9.991928e-01 8.072215e-04
 0.000000e+00 0.000000e+00 0.000000e+00
<ENDHMM>
~h "oov"
<BEGINHMM>
<NUMSTATES> 3
<STATE> 2
<MEAN> 39
 -1.136610e+01 -9.103840e+00 -1.018439e+01 -1.553774e+01 -9.781624e+00 -1.714987e+01 -9.215752e+00 -7.033732e+00 -2.744459e+00 -2.801638e+00 -2.506389e+00 -8.597904e-01 6.954040e+01 1.497503e-02 -5.251754e-03 -1.238155e-02 -3.819994e-02 4.983948e-03 -1.009183e-04 3.265194e-02 3.475372e-02 2.225959e-02 -1.196330e-05 2.986490e-02 1.448417e-02 5.821983e-02 -1.055109e-03 -4.947614e-03 -5.095776e-03 1.310535e-02 -5.817127e-03 7.862458e-04 -1.443320e-02 -1.837404e-02 -1.950449e-02 -8.510880e-03 -2.138572e-02 -8.365070e-03 -2.658359e-02
<VARIANCE> 39
 6.766640e+01 5.830397e+01 7.410170e+01 6.194043e+01 9.727379e+01 9.227607e+01 8.301078e+01 8.665080e+01 7.687614e+01 7.038492e+01 7.122088e+01 5.916058e+01 5.351610e+01 2.438780e+00 2.191245e+00 2.775929e+00 3.185448e+00 4.089876e+00 4.148838e+00 4.362349e+00 4.953006e+00 4.479123e+00 4.106044e+00 3.972578e+00 3.303770e+00 2.198725e+00 3.420674e-01 3.243066e-01 4.254378e-01 5.182504e-01 6.640204e-01 7.084503e-01 7.489338e-01 8.606541e-01 7.927673e-01 7.391433e-01 7.009797e-01 6.029477e-01 2.732213e-01
<GCONST> 1.357314e+02
<TRANSP> 3
 0.000000e+00 1.000000e+00 0.000000e+00
 0.000000e+00 9.823883e-01 1.761167e-02
 0.000000e+00 0.000000e+00 0.000000e+00
<ENDHMM>
~h "sil"
<BEGINHMM>
<NUMSTATES> 3
<STATE> 2
~s "silst"
<TRANSP> 3
 0.000000e+00 1.000000e+00 0.000000e+00
 0.000000e+00 9.991928e-01 8.072215e-04
 0.000000e+00 0.000000e+00 0.000000e+00
<ENDHMM>
~h "noise"
<BEGINHMM>
<NUMSTATES> 3
<STATE> 2
~s "silst"
<TRANSP> 3
 0.000000e+00 1.000000e+00 0.000000e+00
 0.000000e+00 9.846077e-01 1.539229e-02
 0.000000e+00 0.000000e+00 0.000000e+00
<ENDHMM>
