~o
<STREAMINFO> 1 22
<VECSIZE> 22<NULLD><MFCC_0><DIAGC>
~h "SIL"
<BEGINHMM>
<NUMSTATES> 5
<STATE> 2
<NUMMIXES> 8
<MIXTURE> 1 1.250000e-01
<MEAN> 22
 1.877383e+01 1.949125e+01 1.299772e+01 1.130126e+01 8.464820e+01 1.044775e+02 1.097265e+02 1.095327e+02 7.505647e+01 7.573883e+01 1.979348e+02 1.856436e+02 1.229792e+02 1.202530e+02 7.011682e+00 4.873831e+00 6.671385e+00 6.073262e+00 6.140773e+00 5.924387e+00 3.815298e+00 4.064278e+00
<VARIANCE> 22
 4.801635e+02 4.063120e+02 3.300595e+02 2.164982e+02 4.956268e+03 5.429985e+03 9.837579e+02 1.115179e+03 2.936362e+02 3.515820e+02 3.745738e+03 4.440754e+03 4.183320e+02 3.870127e+02 6.504288e+00 1.793316e+00 2.326111e+00 1.170389e+00 2.082489e+00 5.618803e+00 6.153808e+00 6.060927e+00
<GCONST> 1.445108e+02
<MIXTURE> 2 1.250000e-01
<MEAN> 22
 1.000877e+01 1.142837e+01 5.730708e+00 5.415712e+00 5.648790e+01 7.500215e+01 9.718052e+01 9.617489e+01 6.820213e+01 6.823861e+01 1.734538e+02 1.589880e+02 1.147980e+02 1.123840e+02 5.991542e+00 4.338173e+00 6.061321e+00 5.640524e+00 5.563539e+00 4.976227e+00 2.823024e+00 3.079520e+00
<VARIANCE> 22
 4.801635e+02 4.063120e+02 3.300595e+02 2.164982e+02 4.956268e+03 5.429985e+03 9.837579e+02 1.115179e+03 2.936362e+02 3.515820e+02 3.745738e+03 4.440754e+03 4.183320e+02 3.870127e+02 6.504288e+00 1.793316e+00 2.326111e+00 1.170389e+00 2.082489e+00 5.618803e+00 6.153808e+00 6.060927e+00
<GCONST> 1.445108e+02
<MIXTURE> 3 1.250000e-01
<MEAN> 22
 1.000877e+01 1.142837e+01 5.730708e+00 5.415711e+00 5.648790e+01 7.500215e+01 9.718052e+01 9.617490e+01 6.820213e+01 6.823861e+01 1.734538e+02 1.589880e+02 1.147980e+02 1.123840e+02 5.991541e+00 4.338172e+00 6.061321e+00 5.640524e+00 5.563539e+00 4.976227e+00 2.823024e+00 3.079520e+00
<VARIANCE> 22
 4.801635e+02 4.063120e+02 3.300595e+02 2.164982e+02 4.956268e+03 5.429985e+03 9.837579e+02 1.115179e+03 2.936362e+02 3.515820e+02 3.745738e+03 4.440754e+03 4.183320e+02 3.870127e+02 6.504288e+00 1.793316e+00 2.326111e+00 1.170389e+00 2.082489e+00 5.618803e+00 6.153808e+00 6.060927e+00
<GCONST> 1.445108e+02
<MIXTURE> 4 1.250000e-01
<MEAN> 22
 1.243720e+00 3.365496e+00 -1.536308e+00 -4.698386e-01 2.832759e+01 4.552678e+01 8.463456e+01 8.281718e+01 6.134780e+01 6.073840e+01 1.489728e+02 1.323324e+02 1.066168e+02 1.045150e+02 4.971401e+00 3.802516e+00 5.451257e+00 5.207786e+00 4.986306e+00 4.028067e+00 1.830750e+00 2.094762e+00
<VARIANCE> 22
 4.801635e+02 4.063120e+02 3.300595e+02 2.164982e+02 4.956268e+03 5.429985e+03 9.837579e+02 1.115179e+03 2.936362e+02 3.515820e+02 3.745738e+03 4.440754e+03 4.183320e+02 3.870127e+02 6.504288e+00 1.793316e+00 2.326111e+00 1.170389e+00 2.082489e+00 5.618803e+00 6.153808e+00 6.060927e+00
<GCONST> 1.445108e+02
<MIXTURE> 5 1.250000e-01
<MEAN> 22
 1.000877e+01 1.142837e+01 5.730708e+00 5.415711e+00 5.648789e+01 7.500215e+01 9.718052e+01 9.617494e+01 6.820214e+01 6.823862e+01 1.734538e+02 1.589880e+02 1.147980e+02 1.123840e+02 5.991541e+00 4.338172e+00 6.061321e+00 5.640524e+00 5.563540e+00 4.976227e+00 2.823024e+00 3.079520e+00
<VARIANCE> 22
 4.801635e+02 4.063120e+02 3.300595e+02 2.164982e+02 4.956268e+03 5.429985e+03 9.837579e+02 1.115179e+03 2.936362e+02 3.515820e+02 3.745738e+03 4.440754e+03 4.183320e+02 3.870127e+02 6.504288e+00 1.793316e+00 2.326111e+00 1.170389e+00 2.082489e+00 5.618803e+00 6.153808e+00 6.060927e+00
<GCONST> 1.445108e+02
<MIXTURE> 6 1.250000e-01
<MEAN> 22
 1.243720e+00 3.365497e+00 -1.536308e+00 -4.698384e-01 2.832759e+01 4.552678e+01 8.463456e+01 8.281718e+01 6.134780e+01 6.073840e+01 1.489728e+02 1.323324e+02 1.066168e+02 1.045150e+02 4.971402e+00 3.802515e+00 5.451257e+00 5.207786e+00 4.986305e+00 4.028067e+00 1.830750e+00 2.094762e+00
<VARIANCE> 22
 4.801635e+02 4.063120e+02 3.300595e+02 2.164982e+02 4.956268e+03 5.429985e+03 9.837579e+02 1.115179e+03 2.936362e+02 3.515820e+02 3.745738e+03 4.440754e+03 4.183320e+02 3.870127e+02 6.504288e+00 1.793316e+00 2.326111e+00 1.170389e+00 2.082489e+00 5.618803e+00 6.153808e+00 6.060927e+00
<GCONST> 1.445108e+02
<MIXTURE> 7 1.250000e-01
<MEAN> 22
 1.243716e+00 3.365498e+00 -1.536308e+00 -4.698396e-01 2.832759e+01 4.552678e+01 8.463456e+01 8.281718e+01 6.134781e+01 6.073840e+01 1.489728e+02 1.323324e+02 1.066168e+02 1.045150e+02 4.971401e+00 3.802514e+00 5.451257e+00 5.207786e+00 4.986305e+00 4.028067e+00 1.830750e+00 2.094762e+00
<VARIANCE> 22
 4.801635e+02 4.063120e+02 3.300595e+02 2.164982e+02 4.956268e+03 5.429985e+03 9.837579e+02 1.115179e+03 2.936362e+02 3.515820e+02 3.745738e+03 4.440754e+03 4.183320e+02 3.870127e+02 6.504288e+00 1.793316e+00 2.326111e+00 1.170389e+00 2.082489e+00 5.618803e+00 6.153808e+00 6.060927e+00
<GCONST> 1.445108e+02
<MIXTURE> 8 1.250000e-01
<MEAN> 22
 -7.521334e+00 -4.697377e+00 -8.803324e+00 -6.355390e+00 1.672869e-01 1.605140e+01 7.208860e+01 6.945947e+01 5.449348e+01 5.323820e+01 1.244918e+02 1.056768e+02 9.843556e+01 9.664597e+01 3.951261e+00 3.266857e+00 4.841193e+00 4.775048e+00 4.409072e+00 3.079907e+00 8.384756e-01 1.110004e+00
<VARIANCE> 22
 4.801635e+02 4.063120e+02 3.300595e+02 2.164982e+02 4.956268e+03 5.429985e+03 9.837579e+02 1.115179e+03 2.936362e+02 3.515820e+02 3.745738e+03 4.440754e+03 4.183320e+02 3.870127e+02 6.504288e+00 1.793316e+00 2.326111e+00 1.170389e+00 2.082489e+00 5.618803e+00 6.153808e+00 6.060927e+00
<GCONST> 1.445108e+02
<STATE> 3
<NUMMIXES> 8
<MIXTURE> 1 1.250000e-01
<MEAN> 22
 1.877383e+01 1.949125e+01 1.299772e+01 1.130126e+01 8.464820e+01 1.044775e+02 1.097265e+02 1.095327e+02 7.505647e+01 7.573883e+01 1.979348e+02 1.856436e+02 1.229792e+02 1.202530e+02 7.011682e+00 4.873831e+00 6.671385e+00 6.073262e+00 6.140773e+00 5.924387e+00 3.815298e+00 4.064278e+00
<VARIANCE> 22
 4.801635e+02 4.063120e+02 3.300595e+02 2.164982e+02 4.956268e+03 5.429985e+03 9.837579e+02 1.115179e+03 2.936362e+02 3.515820e+02 3.745738e+03 4.440754e+03 4.183320e+02 3.870127e+02 6.504288e+00 1.793316e+00 2.326111e+00 1.170389e+00 2.082489e+00 5.618803e+00 6.153808e+00 6.060927e+00
<GCONST> 1.445108e+02
<MIXTURE> 2 1.250000e-01
<MEAN> 22
 1.000877e+01 1.142837e+01 5.730708e+00 5.415712e+00 5.648790e+01 7.500215e+01 9.718052e+01 9.617489e+01 6.820213e+01 6.823861e+01 1.734538e+02 1.589880e+02 1.147980e+02 1.123840e+02 5.991542e+00 4.338173e+00 6.061321e+00 5.640524e+00 5.563539e+00 4.976227e+00 2.823024e+00 3.079520e+00
<VARIANCE> 22
 4.801635e+02 4.063120e+02 3.300595e+02 2.164982e+02 4.956268e+03 5.429985e+03 9.837579e+02 1.115179e+03 2.936362e+02 3.515820e+02 3.745738e+03 4.440754e+03 4.183320e+02 3.870127e+02 6.504288e+00 1.793316e+00 2.326111e+00 1.170389e+00 2.082489e+00 5.618803e+00 6.153808e+00 6.060927e+00
<GCONST> 1.445108e+02
<MIXTURE> 3 1.250000e-01
<MEAN> 22
 1.000877e+01 1.142837e+01 5.730708e+00 5.415711e+00 5.648790e+01 7.500215e+01 9.718052e+01 9.617490e+01 6.820213e+01 6.823861e+01 1.734538e+02 1.589880e+02 1.147980e+02 1.123840e+02 5.991541e+00 4.338172e+00 6.061321e+00 5.640524e+00 5.563539e+00 4.976227e+00 2.823024e+00 3.079520e+00
<VARIANCE> 22
 4.801635e+02 4.063120e+02 3.300595e+02 2.164982e+02 4.956268e+03 5.429985e+03 9.837579e+02 1.115179e+03 2.936362e+02 3.515820e+02 3.745738e+03 4.440754e+03 4.183320e+02 3.870127e+02 6.504288e+00 1.793316e+00 2.326111e+00 1.170389e+00 2.082489e+00 5.618803e+00 6.153808e+00 6.060927e+00
<GCONST> 1.445108e+02
<MIXTURE> 4 1.250000e-01
<MEAN> 22
 1.243720e+00 3.365496e+00 -1.536308e+00 -4.698386e-01 2.832759e+01 4.552678e+01 8.463456e+01 8.281718e+01 6.134780e+01 6.073840e+01 1.489728e+02 1.323324e+02 1.066168e+02 1.045150e+02 4.971401e+00 3.802516e+00 5.451257e+00 5.207786e+00 4.986306e+00 4.028067e+00 1.830750e+00 2.094762e+00
<VARIANCE> 22
 4.801635e+02 4.063120e+02 3.300595e+02 2.164982e+02 4.956268e+03 5.429985e+03 9.837579e+02 1.115179e+03 2.936362e+02 3.515820e+02 3.745738e+03 4.440754e+03 4.183320e+02 3.870127e+02 6.504288e+00 1.793316e+00 2.326111e+00 1.170389e+00 2.082489e+00 5.618803e+00 6.153808e+00 6.060927e+00
<GCONST> 1.445108e+02
<MIXTURE> 5 1.250000e-01
<MEAN> 22
 1.000877e+01 1.142837e+01 5.730708e+00 5.415711e+00 5.648789e+01 7.500215e+01 9.718052e+01 9.617494e+01 6.820214e+01 6.823862e+01 1.734538e+02 1.589880e+02 1.147980e+02 1.123840e+02 5.991541e+00 4.338172e+00 6.061321e+00 5.640524e+00 5.563540e+00 4.976227e+00 2.823024e+00 3.079520e+00
<VARIANCE> 22
 4.801635e+02 4.063120e+02 3.300595e+02 2.164982e+02 4.956268e+03 5.429985e+03 9.837579e+02 1.115179e+03 2.936362e+02 3.515820e+02 3.745738e+03 4.440754e+03 4.183320e+02 3.870127e+02 6.504288e+00 1.793316e+00 2.326111e+00 1.170389e+00 2.082489e+00 5.618803e+00 6.153808e+00 6.060927e+00
<GCONST> 1.445108e+02
<MIXTURE> 6 1.250000e-01
<MEAN> 22
 1.243720e+00 3.365497e+00 -1.536308e+00 -4.698384e-01 2.832759e+01 4.552678e+01 8.463456e+01 8.281718e+01 6.134780e+01 6.073840e+01 1.489728e+02 1.323324e+02 1.066168e+02 1.045150e+02 4.971402e+00 3.802515e+00 5.451257e+00 5.207786e+00 4.986305e+00 4.028067e+00 1.830750e+00 2.094762e+00
<VARIANCE> 22
 4.801635e+02 4.063120e+02 3.300595e+02 2.164982e+02 4.956268e+03 5.429985e+03 9.837579e+02 1.115179e+03 2.936362e+02 3.515820e+02 3.745738e+03 4.440754e+03 4.183320e+02 3.870127e+02 6.504288e+00 1.793316e+00 2.326111e+00 1.170389e+00 2.082489e+00 5.618803e+00 6.153808e+00 6.060927e+00
<GCONST> 1.445108e+02
<MIXTURE> 7 1.250000e-01
<MEAN> 22
 1.243716e+00 3.365498e+00 -1.536308e+00 -4.698396e-01 2.832759e+01 4.552678e+01 8.463456e+01 8.281718e+01 6.134781e+01 6.073840e+01 1.489728e+02 1.323324e+02 1.066168e+02 1.045150e+02 4.971401e+00 3.802514e+00 5.451257e+00 5.207786e+00 4.986305e+00 4.028067e+00 1.830750e+00 2.094762e+00
<VARIANCE> 22
 4.801635e+02 4.063120e+02 3.300595e+02 2.164982e+02 4.956268e+03 5.429985e+03 9.837579e+02 1.115179e+03 2.936362e+02 3.515820e+02 3.745738e+03 4.440754e+03 4.183320e+02 3.870127e+02 6.504288e+00 1.793316e+00 2.326111e+00 1.170389e+00 2.082489e+00 5.618803e+00 6.153808e+00 6.060927e+00
<GCONST> 1.445108e+02
<MIXTURE> 8 1.250000e-01
<MEAN> 22
 -7.521334e+00 -4.697377e+00 -8.803324e+00 -6.355390e+00 1.672869e-01 1.605140e+01 7.208860e+01 6.945947e+01 5.449348e+01 5.323820e+01 1.244918e+02 1.056768e+02 9.843556e+01 9.664597e+01 3.951261e+00 3.266857e+00 4.841193e+00 4.775048e+00 4.409072e+00 3.079907e+00 8.384756e-01 1.110004e+00
<VARIANCE> 22
 4.801635e+02 4.063120e+02 3.300595e+02 2.164982e+02 4.956268e+03 5.429985e+03 9.837579e+02 1.115179e+03 2.936362e+02 3.515820e+02 3.745738e+03 4.440754e+03 4.183320e+02 3.870127e+02 6.504288e+00 1.793316e+00 2.326111e+00 1.170389e+00 2.082489e+00 5.618803e+00 6.153808e+00 6.060927e+00
<GCONST> 1.445108e+02
<STATE> 4
<NUMMIXES> 8
<MIXTURE> 1 1.250000e-01
<MEAN> 22
 1.877383e+01 1.949125e+01 1.299772e+01 1.130126e+01 8.464820e+01 1.044775e+02 1.097265e+02 1.095327e+02 7.505647e+01 7.573883e+01 1.979348e+02 1.856436e+02 1.229792e+02 1.202530e+02 7.011682e+00 4.873831e+00 6.671385e+00 6.073262e+00 6.140773e+00 5.924387e+00 3.815298e+00 4.064278e+00
<VARIANCE> 22
 4.801635e+02 4.063120e+02 3.300595e+02 2.164982e+02 4.956268e+03 5.429985e+03 9.837579e+02 1.115179e+03 2.936362e+02 3.515820e+02 3.745738e+03 4.440754e+03 4.183320e+02 3.870127e+02 6.504288e+00 1.793316e+00 2.326111e+00 1.170389e+00 2.082489e+00 5.618803e+00 6.153808e+00 6.060927e+00
<GCONST> 1.445108e+02
<MIXTURE> 2 1.250000e-01
<MEAN> 22
 1.000877e+01 1.142837e+01 5.730708e+00 5.415712e+00 5.648790e+01 7.500215e+01 9.718052e+01 9.617489e+01 6.820213e+01 6.823861e+01 1.734538e+02 1.589880e+02 1.147980e+02 1.123840e+02 5.991542e+00 4.338173e+00 6.061321e+00 5.640524e+00 5.563539e+00 4.976227e+00 2.823024e+00 3.079520e+00
<VARIANCE> 22
 4.801635e+02 4.063120e+02 3.300595e+02 2.164982e+02 4.956268e+03 5.429985e+03 9.837579e+02 1.115179e+03 2.936362e+02 3.515820e+02 3.745738e+03 4.440754e+03 4.183320e+02 3.870127e+02 6.504288e+00 1.793316e+00 2.326111e+00 1.170389e+00 2.082489e+00 5.618803e+00 6.153808e+00 6.060927e+00
<GCONST> 1.445108e+02
<MIXTURE> 3 1.250000e-01
<MEAN> 22
 1.000877e+01 1.142837e+01 5.730708e+00 5.415711e+00 5.648790e+01 7.500215e+01 9.718052e+01 9.617490e+01 6.820213e+01 6.823861e+01 1.734538e+02 1.589880e+02 1.147980e+02 1.123840e+02 5.991541e+00 4.338172e+00 6.061321e+00 5.640524e+00 5.563539e+00 4.976227e+00 2.823024e+00 3.079520e+00
<VARIANCE> 22
 4.801635e+02 4.063120e+02 3.300595e+02 2.164982e+02 4.956268e+03 5.429985e+03 9.837579e+02 1.115179e+03 2.936362e+02 3.515820e+02 3.745738e+03 4.440754e+03 4.183320e+02 3.870127e+02 6.504288e+00 1.793316e+00 2.326111e+00 1.170389e+00 2.082489e+00 5.618803e+00 6.153808e+00 6.060927e+00
<GCONST> 1.445108e+02
<MIXTURE> 4 1.250000e-01
<MEAN> 22
 1.243720e+00 3.365496e+00 -1.536308e+00 -4.698386e-01 2.832759e+01 4.552678e+01 8.463456e+01 8.281718e+01 6.134780e+01 6.073840e+01 1.489728e+02 1.323324e+02 1.066168e+02 1.045150e+02 4.971401e+00 3.802516e+00 5.451257e+00 5.207786e+00 4.986306e+00 4.028067e+00 1.830750e+00 2.094762e+00
<VARIANCE> 22
 4.801635e+02 4.063120e+02 3.300595e+02 2.164982e+02 4.956268e+03 5.429985e+03 9.837579e+02 1.115179e+03 2.936362e+02 3.515820e+02 3.745738e+03 4.440754e+03 4.183320e+02 3.870127e+02 6.504288e+00 1.793316e+00 2.326111e+00 1.170389e+00 2.082489e+00 5.618803e+00 6.153808e+00 6.060927e+00
<GCONST> 1.445108e+02
<MIXTURE> 5 1.250000e-01
<MEAN> 22
 1.000877e+01 1.142837e+01 5.730708e+00 5.415711e+00 5.648789e+01 7.500215e+01 9.718052e+01 9.617494e+01 6.820214e+01 6.823862e+01 1.734538e+02 1.589880e+02 1.147980e+02 1.123840e+02 5.991541e+00 4.338172e+00 6.061321e+00 5.640524e+00 5.563540e+00 4.976227e+00 2.823024e+00 3.079520e+00
<VARIANCE> 22
 4.801635e+02 4.063120e+02 3.300595e+02 2.164982e+02 4.956268e+03 5.429985e+03 9.837579e+02 1.115179e+03 2.936362e+02 3.515820e+02 3.745738e+03 4.440754e+03 4.183320e+02 3.870127e+02 6.504288e+00 1.793316e+00 2.326111e+00 1.170389e+00 2.082489e+00 5.618803e+00 6.153808e+00 6.060927e+00
<GCONST> 1.445108e+02
<MIXTURE> 6 1.250000e-01
<MEAN> 22
 1.243720e+00 3.365497e+00 -1.536308e+00 -4.698384e-01 2.832759e+01 4.552678e+01 8.463456e+01 8.281718e+01 6.134780e+01 6.073840e+01 1.489728e+02 1.323324e+02 1.066168e+02 1.045150e+02 4.971402e+00 3.802515e+00 5.451257e+00 5.207786e+00 4.986305e+00 4.028067e+00 1.830750e+00 2.094762e+00
<VARIANCE> 22
 4.801635e+02 4.063120e+02 3.300595e+02 2.164982e+02 4.956268e+03 5.429985e+03 9.837579e+02 1.115179e+03 2.936362e+02 3.515820e+02 3.745738e+03 4.440754e+03 4.183320e+02 3.870127e+02 6.504288e+00 1.793316e+00 2.326111e+00 1.170389e+00 2.082489e+00 5.618803e+00 6.153808e+00 6.060927e+00
<GCONST> 1.445108e+02
<MIXTURE> 7 1.250000e-01
<MEAN> 22
 1.243716e+00 3.365498e+00 -1.536308e+00 -4.698396e-01 2.832759e+01 4.552678e+01 8.463456e+01 8.281718e+01 6.134781e+01 6.073840e+01 1.489728e+02 1.323324e+02 1.066168e+02 1.045150e+02 4.971401e+00 3.802514e+00 5.451257e+00 5.207786e+00 4.986305e+00 4.028067e+00 1.830750e+00 2.094762e+00
<VARIANCE> 22
 4.801635e+02 4.063120e+02 3.300595e+02 2.164982e+02 4.956268e+03 5.429985e+03 9.837579e+02 1.115179e+03 2.936362e+02 3.515820e+02 3.745738e+03 4.440754e+03 4.183320e+02 3.870127e+02 6.504288e+00 1.793316e+00 2.326111e+00 1.170389e+00 2.082489e+00 5.618803e+00 6.153808e+00 6.060927e+00
<GCONST> 1.445108e+02
<MIXTURE> 8 1.250000e-01
<MEAN> 22
 -7.521334e+00 -4.697377e+00 -8.803324e+00 -6.355390e+00 1.672869e-01 1.605140e+01 7.208860e+01 6.945947e+01 5.449348e+01 5.323820e+01 1.244918e+02 1.056768e+02 9.843556e+01 9.664597e+01 3.951261e+00 3.266857e+00 4.841193e+00 4.775048e+00 4.409072e+00 3.079907e+00 8.384756e-01 1.110004e+00
<VARIANCE> 22
 4.801635e+02 4.063120e+02 3.300595e+02 2.164982e+02 4.956268e+03 5.429985e+03 9.837579e+02 1.115179e+03 2.936362e+02 3.515820e+02 3.745738e+03 4.440754e+03 4.183320e+02 3.870127e+02 6.504288e+00 1.793316e+00 2.326111e+00 1.170389e+00 2.082489e+00 5.618803e+00 6.153808e+00 6.060927e+00
<GCONST> 1.445108e+02
<TRANSP> 5
 0.000000e+00 1.000000e+00 0.000000e+00 0.000000e+00 0.000000e+00
 0.000000e+00 4.800000e-01 3.200000e-01 2.000000e-01 0.000000e+00
 0.000000e+00 0.000000e+00 6.000000e-01 4.000000e-01 0.000000e+00
 0.000000e+00 2.000000e-01 0.000000e+00 5.600000e-01 2.400000e-01
 0.000000e+00 0.000000e+00 0.000000e+00 0.000000e+00 0.000000e+00
<ENDHMM>
~h "oov"
<BEGINHMM>
<NUMSTATES> 5
<STATE> 2
<NUMMIXES> 8
<MIXTURE> 1 3.155383e-02
<MEAN> 22
 8.408676e+01 7.534653e+01 7.171589e+01 5.877406e+01 2.423050e+02 1.856532e+02 1.117082e+02 9.986971e+01 6.862745e+01 6.877117e+01 2.115206e+02 1.787767e+02 1.245398e+02 1.212118e+02 6.942106e+00 4.563457e+00 6.320575e+00 5.601154e+00 6.003998e+00 5.232982e+00 3.287884e+00 3.389256e+00
<VARIANCE> 22
 3.275825e+04 2.233464e+04 2.669533e+04 1.702759e+04 7.039873e+04 3.886170e+04 3.323979e+02 6.269045e+02 8.656712e+01 1.418400e+02 4.427490e+02 3.205656e+03 1.941005e+02 1.600634e+02 3.549031e-01 8.633664e-01 2.178051e-01 3.989398e-01 2.082489e-02 3.522846e+00 8.051590e+00 7.543306e+00
<GCONST> 1.465493e+02
<MIXTURE> 2 1.602520e-01
<MEAN> 22
 1.407842e+01 1.407389e+01 2.012156e+00 2.062604e+00 1.531579e+02 1.506045e+02 7.684676e+01 7.594334e+01 7.172740e+01 6.962015e+01 5.609748e+01 5.634527e+01 1.086085e+02 1.103777e+02 1.898906e+00 2.147574e+00 5.643240e+00 5.606156e+00 3.224313e+00 8.729643e-01 3.332876e+00 3.283533e+00
<VARIANCE> 22
 2.362439e+02 2.352508e+02 5.933058e+00 5.612440e+00 2.137561e+03 1.625400e+03 7.894744e+02 8.655641e+02 1.314561e+02 1.237170e+02 5.889526e+02 5.833103e+02 2.717894e+02 1.803932e+02 4.150411e-01 3.929310e-01 2.646021e+00 6.908622e-01 3.727964e-01 4.136250e-01 5.524482e+00 5.681221e+00
<GCONST> 1.169705e+02
<MIXTURE> 3 1.484544e-01
<MEAN> 22
 1.290446e+01 1.103765e+01 3.897239e+00 3.576041e+00 1.164432e+02 1.048721e+02 1.046401e+02 1.117607e+02 8.274252e+01 7.713931e+01 1.148350e+02 1.385809e+02 1.095325e+02 1.100513e+02 2.586400e+00 3.780770e+00 4.796915e+00 4.955564e+00 3.826249e+00 4.083068e+00 3.056729e+00 2.793496e+00
<VARIANCE> 22
 3.873714e+02 4.164726e+02 4.589156e+01 4.556818e+01 8.093493e+03 1.055613e+04 2.175589e+03 2.345172e+03 4.793069e+02 9.136017e+02 5.600853e+03 3.815567e+03 6.438026e+02 3.184937e+02 6.499560e+00 1.660647e+00 7.426105e+00 1.589798e+00 3.349717e+00 5.296309e+00 6.139410e+00 5.871024e+00
<GCONST> 1.471849e+02
<MIXTURE> 4 4.394199e-02
<MEAN> 22
 1.134595e-10 -4.547474e-11 -9.094947e-12 2.555680e-10 3.955540e+02 3.070158e+02 4.916956e-12 6.257324e-10 7.321432e-11 1.591616e-11 -5.093170e-11 5.402399e-10 -1.591616e-11 -1.473381e-10 1.546141e-11 1.051603e-11 -8.384404e-13 3.876721e-11 -3.126388e-13 2.182787e-11 -4.575895e-12 -6.380674e-12
<VARIANCE> 22
 4.801635e+00 4.063120e+00 3.300595e+00 2.164982e+00 4.857545e+04 2.937282e+04 9.837578e+00 1.115179e+01 2.936362e+00 3.515820e+00 3.745738e+01 4.440754e+01 4.183320e+00 3.870127e+00 6.504288e-02 1.793316e-02 2.326111e-02 1.170389e-02 2.082489e-02 5.618803e-02 6.153808e-02 6.060927e-02
<GCONST> 5.637800e+01
<MIXTURE> 5 1.907085e-01
<MEAN> 22
 5.244620e+00 5.440380e+00 1.034423e+00 9.523411e-01 1.259835e+02 1.238674e+02 6.669948e+01 6.576754e+01 6.174619e+01 5.854583e+01 4.764690e+01 4.937291e+01 9.704765e+01 9.765345e+01 1.835385e+00 2.116164e+00 6.053633e+00 5.704573e+00 3.132737e+00 8.803994e-01 3.037076e+00 2.925004e+00
<VARIANCE> 22
 4.242278e+01 4.912342e+01 3.300595e+00 2.164982e+00 1.510774e+03 1.098671e+03 4.094327e+02 4.149591e+02 5.314245e+01 6.502190e+01 3.662737e+02 3.690632e+02 6.213407e+01 6.890105e+01 2.952068e-01 3.354482e-01 1.308525e+00 6.118533e-01 2.702913e-01 3.229232e-01 5.867048e+00 6.042221e+00
<GCONST> 1.033258e+02
<MIXTURE> 6 2.521495e-02
<MEAN> 22
 1.718533e+02 1.529869e+02 1.496536e+02 1.206876e+02 6.529926e+01 7.551884e+01 4.874783e+01 5.491997e+01 4.874641e+01 4.953862e+01 6.562563e+01 6.023532e+01 6.617963e+01 6.571190e+01 2.018180e+00 1.971749e+00 4.040306e+00 3.669963e+00 3.015110e+00 1.940984e+00 2.977831e+00 2.907186e+00
<VARIANCE> 22
 4.912566e+04 3.443191e+04 4.340030e+04 2.769701e+04 3.998869e+03 5.150666e+03 1.739472e+03 2.259350e+03 9.957888e+02 1.128286e+03 2.846246e+03 2.767407e+03 1.975265e+03 1.875574e+03 5.057560e+00 2.856451e+00 8.075255e+00 6.896542e+00 4.569276e+00 6.503129e+00 4.349545e+00 4.500054e+00
<GCONST> 1.726069e+02
<MIXTURE> 7 3.514981e-01
<MEAN> 22
 4.127728e+00 8.292991e+00 1.101975e+00 2.294466e+00 2.935585e+01 8.086697e+01 8.409023e+01 8.602009e+01 5.946152e+01 6.751008e+01 1.793180e+02 1.216758e+02 1.101438e+02 1.041365e+02 6.759525e+00 3.868440e+00 6.087962e+00 5.251360e+00 5.947034e+00 4.184927e+00 2.211118e+00 2.658134e+00
<VARIANCE> 22
 4.233677e+01 1.135397e+02 3.300595e+00 9.755181e+00 1.601999e+03 4.710714e+03 3.783874e+02 9.720930e+02 6.255633e+01 3.389678e+02 5.881323e+02 3.948584e+03 1.118406e+02 1.770573e+02 1.503867e+00 1.664404e+00 8.021300e-02 9.615920e-01 6.886646e-02 5.981831e+00 5.402113e+00 5.261422e+00
<GCONST> 1.163642e+02
<MIXTURE> 8 4.837941e-02
<MEAN> 22
 -2.492015e-10 1.386979e-11 1.722356e-11 -1.537046e-10 2.984051e+01 2.327473e+01 -4.311005e-10 8.731149e-11 1.168701e-10 -3.556124e-10 -2.808520e-09 -1.002263e-09 -1.437002e-10 -5.211405e-10 -3.763034e-11 -7.133849e-12 -9.606538e-12 -6.230039e-11 -4.536105e-11 1.773515e-11 -1.386979e-11 -2.307843e-11
<VARIANCE> 22
 4.801635e+00 4.063120e+00 3.300595e+00 2.164982e+00 1.375063e+04 8.323107e+03 9.837578e+00 1.115179e+01 2.936362e+00 3.515820e+00 3.745738e+01 4.440754e+01 4.183320e+00 3.870127e+00 6.504288e-02 1.793316e-02 2.326111e-02 1.170389e-02 2.082489e-02 5.618803e-02 6.153808e-02 6.060927e-02
<GCONST> 5.385493e+01
<STATE> 3
<NUMMIXES> 8
<MIXTURE> 1 3.444869e-02
<MEAN> 22
 1.234089e+01 7.712793e+00 3.430457e+00 1.952842e+00 4.475208e+01 3.304471e+01 1.417305e+02 1.198203e+02 8.884773e+01 7.337811e+01 2.411120e+02 2.279519e+02 1.496519e+02 1.399742e+02 5.648394e+00 4.855392e+00 6.804290e+00 5.754209e+00 5.848117e+00 5.765383e+00 2.579227e+00 2.572519e+00
<VARIANCE> 22
 4.285624e+02 2.212221e+02 4.597928e+01 1.087933e+01 2.591709e+03 1.767607e+03 1.501313e+03 5.795865e+02 1.722115e+02 1.686567e+02 3.303097e+03 1.574067e+03 6.681130e+02 2.553824e+02 7.400562e+00 2.088457e-01 2.432734e-01 1.884743e-01 1.360055e+00 7.981865e-01 6.676686e+00 6.488555e+00
<GCONST> 1.261135e+02
<MIXTURE> 2 2.487312e-01
<MEAN> 22
 1.480827e+00 1.806035e+01 6.414545e-01 5.057343e+00 9.006033e+00 1.264373e+02 1.029221e+02 1.005010e+02 6.254440e+01 8.658779e+01 2.044498e+02 1.032228e+02 1.209112e+02 1.081539e+02 6.999491e+00 3.349753e+00 6.140749e+00 4.759290e+00 6.000000e+00 3.411366e+00 2.063575e+00 3.618474e+00
<VARIANCE> 22
 5.656315e+00 3.532861e+02 3.300595e+00 3.713437e+01 1.023962e+02 6.478623e+03 2.559676e+02 2.179533e+03 6.238894e+01 6.315510e+02 4.622879e+02 2.976580e+03 1.694778e+02 2.143322e+02 6.504288e-02 1.377339e+00 1.209458e-01 1.291437e+00 2.082489e-02 6.399761e+00 6.224383e+00 5.362502e+00
<GCONST> 1.119189e+02
<MIXTURE> 3 3.563268e-02
<MEAN> 22
 9.531290e+00 1.048780e+01 1.481902e+00 1.750523e+00 7.980544e+01 9.959720e+01 5.358989e+01 5.602982e+01 6.756075e+01 6.589048e+01 9.147340e+01 6.949509e+01 1.024153e+02 1.027237e+02 2.520039e+00 2.349807e+00 6.239398e+00 5.561397e+00 4.173843e+00 5.791452e-01 3.394076e+00 3.205638e+00
<VARIANCE> 22
 8.534908e+01 1.431320e+02 3.300595e+00 3.964123e+00 2.428687e+03 2.403117e+03 6.441284e+02 9.098424e+02 1.135271e+02 1.819944e+02 1.691640e+03 6.349291e+02 1.035733e+02 9.689564e+01 5.145070e+00 6.242633e-01 2.982013e-01 6.306400e-01 1.292677e+00 4.706549e-01 5.971922e+00 6.183211e+00
<GCONST> 1.169207e+02
<MIXTURE> 4 1.649272e-01
<MEAN> 22
 1.265922e+01 1.759486e+00 3.922985e+00 8.525721e-01 1.543009e+02 1.903332e+01 1.135853e+02 1.014651e+02 9.465160e+01 5.792713e+01 6.966853e+01 2.019685e+02 1.028410e+02 1.195751e+02 1.393586e+00 4.998408e+00 3.490780e+00 5.820126e+00 3.049171e+00 5.990250e+00 3.442494e+00 2.218471e+00
<VARIANCE> 22
 2.236055e+02 8.430603e+00 2.591429e+01 2.164982e+00 4.556896e+03 6.497183e+02 2.470993e+03 1.811946e+02 5.663645e+02 5.527770e+01 1.551310e+03 2.910347e+02 3.242640e+02 9.598663e+01 5.079136e-01 1.793316e-02 8.810305e+00 1.475262e-01 1.329811e+00 5.618803e-02 6.011447e+00 6.006791e+00
<GCONST> 1.101890e+02
<MIXTURE> 5 3.119711e-01
<MEAN> 22
 7.815784e-01 8.198012e+00 4.024833e-01 2.417303e+00 5.420212e+00 1.426613e+02 8.458657e+01 9.470078e+01 5.337490e+01 7.713071e+01 1.787011e+02 5.722330e+01 1.071162e+02 9.056444e+01 6.999788e+00 2.531712e+00 6.000013e+00 4.485003e+00 6.000000e+00 1.856717e+00 1.280895e+00 3.103369e+00
<VARIANCE> 22
 4.801635e+00 9.455123e+01 3.300595e+00 8.860118e+00 4.956268e+01 2.530363e+03 6.009659e+01 1.600964e+03 2.717341e+01 4.052348e+02 1.200245e+02 1.160046e+03 4.095283e+01 1.501149e+02 6.504288e-02 5.875537e-01 2.326111e-02 1.580671e+00 2.082489e-02 3.609671e+00 4.601492e+00 5.802159e+00
<GCONST> 9.714417e+01
<MIXTURE> 6 9.511943e-02
<MEAN> 22
 6.625757e+00 1.615319e+00 2.268883e+00 7.912001e-01 1.066202e+02 2.171007e+01 1.009543e+02 6.646666e+01 7.832723e+01 5.273775e+01 5.169423e+01 1.505130e+02 8.900391e+01 1.029219e+02 1.631637e+00 4.512740e+00 3.527083e+00 5.726977e+00 2.885091e+00 5.586075e+00 3.097715e+00 1.998099e+00
<VARIANCE> 22
 6.951895e+01 5.993561e+00 7.957382e+00 2.164982e+00 3.187004e+03 5.777730e+02 1.786197e+03 6.291033e+02 4.764477e+02 5.783718e+01 8.752753e+02 1.139525e+03 2.395583e+02 6.151792e+01 3.878954e-01 4.957367e-01 8.110958e+00 1.989219e-01 7.886921e-01 3.108188e+00 6.074736e+00 5.496808e+00
<GCONST> 1.145399e+02
<MIXTURE> 7 5.651750e-02
<MEAN> 22
 1.564461e+01 1.250447e+01 4.861501e+00 3.996466e+00 9.271762e+01 9.262889e+01 8.493430e+01 8.316805e+01 7.473724e+01 6.705394e+01 1.213276e+02 1.230601e+02 9.947159e+01 1.048917e+02 2.622781e+00 3.658886e+00 5.493605e+00 5.197654e+00 3.898025e+00 3.971855e+00 3.054503e+00 3.214192e+00
<VARIANCE> 22
 3.421403e+02 2.197958e+02 5.383249e+01 2.600348e+01 6.272530e+03 5.424365e+03 2.520951e+03 2.193322e+03 4.117010e+02 4.062488e+02 3.219067e+03 2.380777e+03 9.584230e+02 3.621570e+02 7.518003e+00 1.517946e+00 4.868461e+00 1.078953e+00 4.644902e+00 6.015469e+00 6.023234e+00 5.747713e+00
<GCONST> 1.433781e+02
<MIXTURE> 8 5.264398e-02
<MEAN> 22
 2.743385e+00 4.178727e+00 9.533150e-01 7.965999e-01 6.583807e+01 6.886443e+01 3.170850e+01 3.171823e+01 6.467233e+01 5.865813e+01 8.117008e+01 8.434003e+01 1.016211e+02 1.005545e+02 2.030507e+00 1.848176e+00 6.060073e+00 5.963781e+00 3.881567e+00 1.002874e-01 2.507851e+00 2.308655e+00
<VARIANCE> 22
 1.279677e+01 4.026645e+01 3.300595e+00 2.164982e+00 1.766542e+03 1.544308e+03 3.236868e+02 1.697221e+02 4.886902e+01 4.313757e+01 3.184573e+02 2.212931e+02 6.264561e+01 5.364819e+01 9.877997e-01 1.078672e+00 7.962269e-02 9.742017e-02 1.872556e-01 9.671823e-02 6.261039e+00 6.060166e+00
<GCONST> 9.614316e+01
<STATE> 4
<NUMMIXES> 8
<MIXTURE> 1 1.371071e-01
<MEAN> 22
 3.453376e+00 3.317796e+00 1.293219e+00 1.367870e+00 1.570352e+01 1.398440e+01 1.188544e+02 1.132135e+02 7.344075e+01 6.609206e+01 2.250273e+02 2.209401e+02 1.349271e+02 1.314788e+02 6.998646e+00 5.000041e+00 6.294151e+00 5.858610e+00 6.000556e+00 5.991122e+00 2.603094e+00 2.528243e+00
<VARIANCE> 22
 2.416394e+01 2.241923e+01 3.513831e+00 3.667512e+00 3.190790e+02 2.365034e+02 1.825600e+02 8.700544e+01 6.124726e+01 4.324232e+01 1.691824e+02 1.612183e+02 6.524225e+01 5.545538e+01 6.504288e-02 1.793316e-02 2.076280e-01 1.213944e-01 2.082489e-02 5.618803e-02 6.279915e+00 6.253307e+00
<GCONST> 8.296320e+01
<MIXTURE> 2 6.319815e-02
<MEAN> 22
 1.617181e+01 1.426531e+01 4.214511e+00 3.865990e+00 4.610381e+01 3.791642e+01 9.355898e+01 9.638253e+01 7.347282e+01 6.565414e+01 1.823130e+02 1.872479e+02 1.187056e+02 1.180350e+02 5.448933e+00 4.813651e+00 6.463629e+00 5.574701e+00 5.938303e+00 5.843869e+00 3.848318e+00 3.553271e+00
<VARIANCE> 22
 2.678440e+02 3.480502e+02 2.590983e+01 2.667120e+01 1.347432e+03 1.214671e+03 7.917094e+02 5.653244e+02 1.996367e+02 1.766897e+02 1.188231e+03 8.568104e+02 1.856484e+02 1.096409e+02 8.048662e+00 2.264024e-01 3.104688e-01 2.672749e-01 4.797594e-01 5.178478e-01 5.898687e+00 6.046226e+00
<GCONST> 1.202520e+02
<MIXTURE> 3 2.144807e-01
<MEAN> 22
 1.896332e+00 3.037475e+00 7.210528e-01 1.067818e+00 6.677773e+00 9.329840e+00 9.131114e+01 9.040636e+01 5.813815e+01 5.643591e+01 1.888908e+02 1.879717e+02 1.131017e+02 1.136477e+02 6.998611e+00 5.000000e+00 6.000327e+00 5.956980e+00 6.000000e+00 5.999964e+00 2.322387e+00 2.442705e+00
<VARIANCE> 22
 8.472103e+00 1.913069e+01 3.300595e+00 2.440521e+00 4.956268e+01 1.015762e+02 4.204953e+01 5.371267e+01 1.370277e+01 2.643116e+01 4.928308e+01 6.921972e+01 2.529285e+01 1.821517e+01 6.504288e-02 1.793316e-02 2.326111e-02 4.116551e-02 2.082489e-02 5.618803e-02 6.156194e+00 6.300117e+00
<GCONST> 6.721645e+01
<MIXTURE> 4 6.826272e-02
<MEAN> 22
 6.997806e+00 6.186961e+00 1.638295e+00 1.480956e+00 8.635476e+01 9.955626e+01 9.449535e+01 1.019285e+02 7.569219e+01 7.365057e+01 1.327918e+02 1.254471e+02 1.090486e+02 1.076769e+02 2.900436e+00 3.663033e+00 5.655827e+00 5.007505e+00 4.324683e+00 3.831798e+00 2.782053e+00 2.994932e+00
<VARIANCE> 22
 1.096546e+02 7.214368e+01 6.313593e+00 3.251411e+00 5.423044e+03 5.880145e+03 1.453581e+03 1.679064e+03 3.724033e+02 4.873701e+02 3.525020e+03 3.672144e+03 2.214386e+02 1.953652e+02 8.994504e+00 1.435383e+00 4.612793e+00 1.049368e+00 4.433543e+00 5.322378e+00 5.959396e+00 6.170004e+00
<GCONST> 1.344777e+02
<MIXTURE> 5 1.974299e-01
<MEAN> 22
 1.032277e+00 1.754306e+00 4.051544e-01 6.790419e-01 5.629410e+00 8.813579e+00 8.232378e+01 8.188407e+01 5.336817e+01 5.173125e+01 1.739357e+02 1.736663e+02 1.056180e+02 1.044355e+02 6.999550e+00 5.000001e+00 6.004008e+00 5.931407e+00 6.000000e+00 5.999794e+00 1.583911e+00 1.974304e+00
<VARIANCE> 22
 4.801635e+00 6.106833e+00 3.300595e+00 2.164982e+00 4.956268e+01 1.085558e+02 3.203872e+01 4.660773e+01 1.643461e+01 4.529744e+01 5.769714e+01 6.614604e+01 2.136646e+01 2.483068e+01 6.504288e-02 1.793316e-02 2.326111e-02 6.388001e-02 2.082489e-02 5.618803e-02 4.954321e+00 5.623269e+00
<GCONST> 6.612198e+01
<MIXTURE> 6 1.778577e-01
<MEAN> 22
 1.518707e+00 1.467083e+00 6.363651e-01 6.322084e-01 9.725924e+00 1.169314e+01 1.085124e+02 1.068294e+02 6.784837e+01 6.410580e+01 2.106064e+02 2.094663e+02 1.245414e+02 1.241829e+02 6.998976e+00 5.000000e+00 6.179883e+00 5.857468e+00 6.002065e+00 5.995441e+00 1.870721e+00 1.682791e+00
<VARIANCE> 22
 5.483756e+00 4.497962e+00 3.300595e+00 2.164982e+00 1.005800e+02 2.673702e+02 7.178755e+01 8.547876e+01 3.079379e+01 4.310466e+01 1.891714e+02 1.785712e+02 7.258897e+01 5.992706e+01 6.504288e-02 1.793316e-02 1.475153e-01 1.222167e-01 2.082489e-02 5.618803e-02 5.306909e+00 4.983201e+00
<GCONST> 7.627815e+01
<MIXTURE> 7 5.578412e-02
<MEAN> 22
 4.226999e+00 5.603079e+00 8.384581e-01 1.024444e+00 6.348951e+01 8.797240e+01 6.069769e+01 6.239864e+01 6.078168e+01 6.017223e+01 1.166968e+02 9.054721e+01 9.804308e+01 9.504204e+01 3.772862e+00 3.298725e+00 6.027126e+00 5.345932e+00 4.730782e+00 3.374072e+00 2.148984e+00 2.320737e+00
<VARIANCE> 22
 4.264372e+01 5.543823e+01 3.300595e+00 2.164982e+00 4.207224e+03 3.929678e+03 8.401418e+02 1.142900e+03 1.481593e+02 1.845960e+02 2.336667e+03 2.150441e+03 1.964459e+02 2.008747e+02 8.451338e+00 2.391909e+00 1.338625e+00 1.183944e+00 2.205764e+00 8.060409e+00 5.362657e+00 5.375428e+00
<GCONST> 1.264994e+02
<MIXTURE> 8 8.585291e-02
<MEAN> 22
 1.232668e+01 1.775222e+01 2.448657e+00 4.134266e+00 4.113328e+01 6.051895e+01 6.554449e+01 6.387996e+01 6.182473e+01 6.243061e+01 1.477865e+02 1.268006e+02 1.039072e+02 1.022651e+02 5.027384e+00 4.200377e+00 6.218293e+00 5.518239e+00 5.539634e+00 5.007411e+00 2.937506e+00 2.929748e+00
<VARIANCE> 22
 2.204513e+02 2.512027e+02 1.207287e+01 2.143459e+01 1.249375e+03 2.011880e+03 6.003702e+02 7.189207e+02 1.070437e+02 1.840628e+02 1.191240e+03 1.606098e+03 9.631625e+01 9.334102e+01 8.645323e+00 1.182740e+00 2.282167e-01 4.051343e-01 7.760863e-01 5.347293e+00 5.977956e+00 4.703280e+00
<GCONST> 1.227837e+02
<TRANSP> 5
 0.000000e+00 1.000000e+00 0.000000e+00 0.000000e+00 0.000000e+00
 0.000000e+00 6.089945e-01 3.910055e-01 0.000000e+00 0.000000e+00
 0.000000e+00 0.000000e+00 8.582749e-01 1.417251e-01 0.000000e+00
 0.000000e+00 0.000000e+00 0.000000e+00 9.126970e-01 8.730298e-02
 0.000000e+00 0.000000e+00 0.000000e+00 0.000000e+00 0.000000e+00
<ENDHMM>
