~o
<STREAMINFO> 1 39
<VECSIZE> 39<NULLD><MFCC_D_A_C_K_0><DIAGC>
~s "silst"
<NUMMIXES> 14
<MIXTURE> 1 2.084148e-02
<MEAN> 39
 -1.602482e+01 -8.362922e+00 -8.681666e+00 -1.451107e+01 -7.622755e+00 -1.701121e+01 -8.797782e+00 -7.722681e+00 -2.518632e+00 -3.439626e+00 -3.104678e+00 -7.206157e-01 6.843875e+01 -4.626221e-01 -2.859605e-01 2.235648e-02 -4.956488e-01 4.223943e-01 4.346661e-02 6.173626e-01 5.365859e-01 6.116804e-01 -8.197469e-02 5.452287e-01 1.379358e-01 1.569918e+00 1.873571e-01 -4.247832e-02 -1.184317e-01 1.132342e-01 -1.037554e-01 7.536712e-02 -5.311012e-02 -8.847072e-02 -1.446425e-01 -1.184926e-02 -1.375251e-01 -5.547244e-02 -2.764964e-01
<VARIANCE> 39
 6.470807e+01 4.956110e+01 6.318812e+01 5.602261e+01 8.132317e+01 6.865542e+01 7.353970e+01 7.043797e+01 6.201912e+01 6.076792e+01 5.697146e+01 4.328657e+01 7.192689e+01 4.577871e+00 3.543095e+00 4.658884e+00 4.626221e+00 6.369968e+00 5.426301e+00 6.057607e+00 6.159496e+00 5.505270e+00 5.093905e+00 4.972465e+00 3.819592e+00 4.852820e+00 6.823793e-01 5.406561e-01 6.898411e-01 7.673748e-01 9.762670e-01 9.048216e-01 1.035378e+00 1.080079e+00 9.579164e-01 8.872478e-01 8.614256e-01 6.768527e-01 8.976137e-01
<GCONST> 1.438435e+02
<MIXTURE> 2 5.095351e-02
<MEAN> 39
 -1.570524e+01 -9.987301e+00 -1.336369e+01 -1.367750e+01 -1.148722e+01 -1.635771e+01 -1.064964e+01 -1.037802e+01 -6.736666e+00 -5.866676e+00 -7.826807e+00 -2.234686e+00 5.717642e+01 5.531412e-03 -7.712981e-05 3.003696e-02 1.232353e-01 2.183931e-01 3.995617e-01 5.444037e-01 6.710706e-01 7.232273e-01 6.963214e-01 5.401765e-01 3.449494e-01 -3.822418e-02 4.040512e-02 6.306752e-02 1.099015e-01 1.501545e-01 9.128227e-02 -4.043775e-03 -3.396432e-02 3.808899e-02 1.889849e-01 3.123299e-01 2.440233e-01 1.269415e-01 2.556717e-02
<VARIANCE> 39
 6.567164e+00 6.392437e+00 8.383277e+00 9.951073e+00 1.462138e+01 1.559902e+01 1.577859e+01 1.678423e+01 1.719733e+01 1.400006e+01 1.570197e+01 1.675201e+01 6.438495e+00 1.891740e-01 3.124247e-01 5.032320e-01 7.450573e-01 9.946309e-01 1.274585e+00 1.454923e+00 1.609733e+00 1.676312e+00 1.675992e+00 1.629841e+00 1.574676e+00 6.974933e-02 3.823059e-02 6.640876e-02 1.007767e-01 1.449932e-01 2.058756e-01 2.664329e-01 3.109621e-01 3.332027e-01 3.118820e-01 2.745640e-01 3.010533e-01 3.163655e-01 1.319919e-02
<GCONST> 7.584819e+01
<MIXTURE> 3 1.333354e-01
<MEAN> 39
 -1.271809e+01 -8.543340e+00 -1.026781e+01 -8.457128e+00 -9.410050e+00 -1.637099e+01 -1.327066e+01 -1.313864e+01 -8.700426e+00 -4.551857e+00 -8.810308e+00 -3.068542e+00 5.703378e+01 -1.077913e-01 -1.819876e-01 -1.913310e-01 -1.160349e-01 2.208676e-02 2.252918e-01 4.056781e-01 5.560885e-01 6.198542e-01 5.897338e-01 4.141976e-01 2.239223e-01 -5.970450e-02 -4.925158e-02 -6.618777e-02 -1.430049e-01 -2.168495e-01 -1.538229e-01 -9.447782e-02 -3.677194e-03 3.125321e-02 7.521654e-03 -4.425175e-02 -1.764632e-02 -1.955218e-02 4.990232e-03
<VARIANCE> 39
 2.135304e+00 3.150289e+00 4.213776e+00 5.792797e+00 9.361005e+00 1.195009e+01 1.246505e+01 1.230070e+01 1.343544e+01 1.375311e+01 1.439788e+01 1.450930e+01 1.007049e+00 1.700879e-01 3.087240e-01 4.993111e-01 7.432871e-01 1.000779e+00 1.207909e+00 1.376157e+00 1.522320e+00 1.591589e+00 1.577115e+00 1.567027e+00 1.543054e+00 5.306590e-02 3.005168e-02 5.374027e-02 8.146561e-02 1.198876e-01 1.795527e-01 2.311803e-01 2.569377e-01 2.678323e-01 2.803009e-01 2.903990e-01 3.117023e-01 3.150413e-01 9.646683e-03
<GCONST> 6.656885e+01
<MIXTURE> 4 8.477937e-02
<MEAN> 39
 -1.527009e+01 -7.614425e+00 -1.081063e+01 -1.132046e+01 -9.400544e+00 -1.820651e+01 -1.312357e+01 -1.326686e+01 -7.976580e+00 -6.090741e+00 -7.552999e+00 -3.375489e+00 5.942981e+01 -2.087265e-01 8.477595e-02 5.635344e-02 -1.399003e-01 1.973024e-01 1.319927e-02 1.759831e-01 1.473085e-01 2.396659e-01 5.675760e-02 2.727672e-01 7.855423e-02 2.026873e-01 6.324563e-03 -6.028925e-02 -3.153488e-02 -3.836714e-02 2.341729e-02 1.005552e-01 1.718054e-01 1.796141e-01 1.371999e-01 8.722616e-02 1.066334e-01 9.422501e-02 6.360003e-02
<VARIANCE> 39
 1.169505e+01 1.009774e+01 1.316119e+01 1.510857e+01 1.903852e+01 2.009628e+01 2.186342e+01 2.221355e+01 2.393266e+01 2.478156e+01 2.125072e+01 1.967004e+01 4.819183e+00 1.043274e+00 9.242328e-01 1.249500e+00 1.603466e+00 1.960306e+00 2.042778e+00 2.362564e+00 2.503999e+00 2.592685e+00 2.563901e+00 2.353705e+00 2.053327e+00 5.570813e-01 1.740017e-01 1.582494e-01 2.232294e-01 2.935596e-01 3.603615e-01 3.829109e-01 4.281701e-01 4.619427e-01 4.786447e-01 4.901260e-01 4.500735e-01 4.016451e-01 1.089399e-01
<GCONST> 9.927930e+01
<MIXTURE> 5 8.916106e-02
<MEAN> 39
 -1.288710e+01 -9.228619e+00 -1.169323e+01 -1.045073e+01 -1.139291e+01 -1.783497e+01 -1.388523e+01 -1.271354e+01 -8.113481e+00 -4.150927e+00 -8.848993e+00 -3.107988e+00 5.688140e+01 2.507600e-01 4.306707e-01 5.344298e-01 4.751984e-01 2.580073e-01 -4.757729e-03 -2.732044e-01 -4.193207e-01 -4.150398e-01 -2.847225e-01 -1.457477e-01 -1.812909e-02 8.902130e-02 -8.391196e-03 3.567441e-02 5.836859e-02 6.893685e-02 1.256629e-01 8.937860e-02 4.340713e-02 -4.825161e-02 -9.303981e-02 -1.046390e-01 -2.595035e-02 -6.975172e-03 2.183960e-02
<VARIANCE> 39
 1.913033e+00 3.168685e+00 4.378179e+00 5.912468e+00 8.954954e+00 1.156782e+01 1.214145e+01 1.268711e+01 1.393992e+01 1.439883e+01 1.398548e+01 1.402600e+01 9.150886e-01 1.473566e-01 2.550426e-01 4.170731e-01 6.599205e-01 9.447325e-01 1.199354e+00 1.348805e+00 1.485331e+00 1.533453e+00 1.532768e+00 1.547691e+00 1.547956e+00 4.525105e-02 3.017449e-02 5.617106e-02 8.507508e-02 1.198518e-01 1.726298e-01 2.269730e-01 2.580957e-01 2.798111e-01 2.975407e-01 3.092515e-01 3.094313e-01 3.075798e-01 9.453236e-03
<GCONST> 6.555119e+01
<MIXTURE> 6 9.029707e-02
<MEAN> 39
 -1.532607e+01 -1.025609e+01 -1.348066e+01 -1.323493e+01 -1.157765e+01 -1.587736e+01 -9.749930e+00 -7.843120e+00 -2.386693e+00 -2.097378e-01 -3.593514e+00 4.698439e-01 5.680668e+01 2.356163e-02 4.421552e-02 6.184766e-02 7.776101e-02 7.175860e-02 7.490551e-02 6.016426e-02 7.066195e-02 7.922006e-02 1.011650e-01 9.024404e-02 6.453325e-02 -1.415492e-02 3.802828e-02 8.869015e-02 1.229868e-01 1.131169e-01 6.636491e-02 -6.751137e-02 -1.969355e-01 -3.434796e-01 -4.645836e-01 -5.064105e-01 -4.082570e-01 -2.588307e-01 3.214265e-02
<VARIANCE> 39
 6.348502e+00 5.670885e+00 7.506136e+00 9.841651e+00 1.314430e+01 1.547855e+01 1.855737e+01 1.764025e+01 1.718599e+01 1.393676e+01 1.494543e+01 1.572565e+01 4.667696e+00 1.985916e-01 3.474360e-01 5.521512e-01 7.933858e-01 1.057592e+00 1.335221e+00 1.551416e+00 1.780264e+00 1.885286e+00 1.849151e+00 1.762623e+00 1.631882e+00 6.988918e-02 4.077673e-02 7.242595e-02 1.123514e-01 1.583108e-01 2.060476e-01 2.627014e-01 3.170871e-01 3.470982e-01 3.427901e-01 3.119513e-01 3.233352e-01 3.227512e-01 1.294107e-02
<GCONST> 7.683494e+01
<MIXTURE> 7 5.972378e-02
<MEAN> 39
 -1.738803e+01 -9.253666e+00 -1.109282e+01 -1.373981e+01 -9.105448e+00 -1.674147e+01 -9.649435e+00 -8.708280e+00 -3.713748e+00 -4.136447e+00 -3.587167e+00 9.560004e-03 6.142017e+01 5.949001e-02 3.053343e-02 5.436609e-02 1.586277e-01 7.267671e-02 1.356835e-01 1.125377e-01 1.558111e-01 1.447869e-01 1.888228e-01 1.179909e-01 1.270772e-01 -1.212892e-01 2.995962e-02 -6.631073e-04 -2.101553e-02 1.798447e-02 -2.816839e-02 -6.320804e-03 -4.172846e-02 -4.782325e-02 -2.714508e-02 1.789644e-02 -8.165168e-02 -6.923550e-02 -1.910929e-02
<VARIANCE> 39
 1.818032e+01 1.453991e+01 1.801005e+01 1.682256e+01 2.921742e+01 2.779576e+01 2.872643e+01 3.082006e+01 3.296262e+01 2.695412e+01 2.497095e+01 2.359714e+01 9.162373e+00 2.796725e-01 4.223662e-01 6.782215e-01 9.097615e-01 1.214651e+00 1.464625e+00 1.658881e+00 1.839927e+00 1.900066e+00 1.889097e+00 1.782434e+00 1.687736e+00 1.585533e-01 4.470896e-02 7.618780e-02 1.238649e-01 1.784017e-01 2.488825e-01 3.073989e-01 3.524901e-01 3.904648e-01 3.978333e-01 3.781868e-01 3.725495e-01 3.558301e-01 1.763779e-02
<GCONST> 8.944747e+01
<MIXTURE> 8 3.572135e-02
<MEAN> 39
 -1.545654e+01 -1.004767e+01 -1.048248e+01 -1.513575e+01 -7.185189e+00 -1.505131e+01 -7.286850e+00 -6.745265e+00 -2.504887e+00 -3.420768e+00 -2.572630e+00 -7.021373e-01 6.808263e+01 1.208174e-01 9.618670e-02 -1.150412e-01 1.715632e-01 -5.769267e-02 -5.067117e-02 -1.814718e-01 -2.916334e-01 -2.776591e-01 -9.611625e-02 -2.225250e-01 -9.343286e-02 -4.477361e-01 5.937833e-02 4.618692e-02 4.552274e-02 1.193957e-01 -1.186714e-01 -1.125986e-01 -2.068165e-01 -1.846844e-01 -1.601875e-01 -6.056736e-02 -1.555216e-01 -5.731959e-02 -1.741429e-01
<VARIANCE> 39
 6.277988e+01 4.746901e+01 6.421674e+01 5.261198e+01 8.785777e+01 7.102637e+01 7.009297e+01 7.036616e+01 6.633856e+01 6.296609e+01 5.444693e+01 4.699220e+01 4.574456e+01 8.116843e-01 1.070351e+00 1.588071e+00 1.927034e+00 2.428363e+00 2.640805e+00 3.107231e+00 3.320035e+00 3.181134e+00 2.978468e+00 2.797834e+00 2.498360e+00 1.002752e+00 1.762525e-01 2.097978e-01 3.307539e-01 4.055517e-01 5.010794e-01 5.417582e-01 6.300530e-01 6.755012e-01 6.648433e-01 6.412113e-01 5.913605e-01 5.236665e-01 1.268239e-01
<GCONST> 1.228635e+02
<MIXTURE> 9 6.550062e-02
<MEAN> 39
 -1.284861e+01 -7.975978e+00 -1.011551e+01 -9.345410e+00 -1.031796e+01 -1.810498e+01 -1.537422e+01 -1.629702e+01 -1.244208e+01 -8.584761e+00 -1.096176e+01 -4.207977e+00 5.754893e+01 6.152102e-02 1.024318e-01 1.617317e-01 2.093251e-01 1.965533e-01 2.150482e-01 1.896484e-01 1.875755e-01 2.132837e-01 2.694607e-01 2.453930e-01 1.866144e-01 -1.515606e-03 -8.422545e-02 -1.279668e-01 -1.655931e-01 -1.461817e-01 -7.658412e-03 1.297614e-01 3.257862e-01 5.097098e-01 6.037070e-01 5.300502e-01 3.590980e-01 1.549909e-01 -7.049586e-03
<VARIANCE> 39
 3.643258e+00 4.535718e+00 6.078035e+00 8.325956e+00 1.170737e+01 1.379060e+01 1.449178e+01 1.404684e+01 1.438959e+01 1.399313e+01 1.535886e+01 1.553915e+01 1.680691e+00 2.118795e-01 3.442076e-01 5.380735e-01 7.774010e-01 9.974931e-01 1.236605e+00 1.465342e+00 1.688963e+00 1.810826e+00 1.739939e+00 1.619951e+00 1.532508e+00 7.130683e-02 4.020596e-02 6.652279e-02 1.021208e-01 1.522079e-01 2.121610e-01 2.564591e-01 2.873358e-01 2.947235e-01 2.872440e-01 2.899280e-01 3.255207e-01 3.290888e-01 1.372361e-02
<GCONST> 7.267206e+01
<MIXTURE> 10 9.644428e-02
<MEAN> 39
 -1.359732e+01 -9.911847e+00 -1.207947e+01 -1.002607e+01 -9.623972e+00 -1.514523e+01 -1.050535e+01 -9.539631e+00 -5.495762e+00 -2.384790e+00 -7.705221e+00 -2.739635e+00 5.670660e+01 -4.446853e-02 -9.348112e-02 -1.335706e-01 -1.444410e-01 -1.619227e-01 -1.270066e-01 -1.156735e-01 -9.821412e-02 -1.228953e-01 -1.285033e-01 -1.434560e-01 -9.824075e-02 -4.124826e-02 5.109181e-02 1.121496e-01 9.323082e-02 -1.733389e-02 -1.150618e-01 -2.668234e-01 -3.850947e-01 -4.592229e-01 -4.250407e-01 -3.348717e-01 -1.526145e-01 -4.976745e-02 4.296206e-02
<VARIANCE> 39
 2.279429e+00 3.178939e+00 4.444924e+00 6.284607e+00 9.502107e+00 1.114631e+01 1.118574e+01 1.138695e+01 1.258281e+01 1.319980e+01 1.290428e+01 1.365370e+01 1.155674e+00 1.709569e-01 3.063883e-01 4.879763e-01 7.339550e-01 9.885674e-01 1.228160e+00 1.437657e+00 1.641834e+00 1.760089e+00 1.742069e+00 1.671128e+00 1.605105e+00 5.373661e-02 3.069844e-02 5.607698e-02 8.824162e-02 1.314641e-01 1.833358e-01 2.190365e-01 2.349268e-01 2.564355e-01 2.801022e-01 2.895346e-01 2.981903e-01 3.068286e-01 9.816104e-03
<GCONST> 6.681345e+01
<MIXTURE> 11 6.696335e-02
<MEAN> 39
 -1.271740e+01 -8.887619e+00 -1.116591e+01 -9.758173e+00 -1.059894e+01 -1.742259e+01 -1.418171e+01 -1.363753e+01 -9.024359e+00 -4.670569e+00 -9.066677e+00 -3.234814e+00 5.698968e+01 7.207716e-02 9.386835e-02 7.321034e-02 -2.436488e-02 -2.311748e-01 -4.466941e-01 -7.202857e-01 -9.384440e-01 -1.062145e+00 -1.008637e+00 -8.131292e-01 -4.553547e-01 4.191293e-03 -4.764207e-02 -3.274346e-02 -3.696727e-02 -4.989824e-02 1.156682e-02 4.950918e-02 1.268729e-01 1.306395e-01 7.955255e-02 2.027395e-03 3.123733e-02 2.112729e-02 5.016556e-03
<VARIANCE> 39
 2.059708e+00 3.214660e+00 4.579788e+00 6.663238e+00 9.736959e+00 1.208619e+01 1.230391e+01 1.207112e+01 1.295338e+01 1.345637e+01 1.448804e+01 1.459518e+01 9.324373e-01 1.505672e-01 2.688113e-01 4.422389e-01 6.844245e-01 9.489292e-01 1.152215e+00 1.302864e+00 1.398285e+00 1.444121e+00 1.440570e+00 1.464343e+00 1.493530e+00 4.723980e-02 2.918591e-02 5.465165e-02 8.471064e-02 1.301945e-01 1.862075e-01 2.350480e-01 2.537990e-01 2.637175e-01 2.702914e-01 2.912106e-01 3.159901e-01 3.178715e-01 9.136993e-03
<GCONST> 6.563224e+01
<MIXTURE> 12 8.753881e-02
<MEAN> 39
 -1.385188e+01 -1.012671e+01 -1.333618e+01 -1.262438e+01 -1.251126e+01 -1.881252e+01 -1.439632e+01 -1.360457e+01 -9.224444e+00 -5.784314e+00 -9.685188e+00 -3.853423e+00 5.694675e+01 -1.039987e-01 -2.102148e-01 -2.520515e-01 -2.052547e-01 -1.522965e-01 3.127324e-03 1.014955e-01 1.940827e-01 2.062686e-01 1.802141e-01 6.225924e-02 9.282116e-03 -7.972530e-02 5.914365e-02 1.551216e-01 2.542076e-01 2.900572e-01 2.766988e-01 2.009511e-01 1.499397e-01 1.233176e-01 1.306481e-01 1.332653e-01 1.583544e-01 1.218131e-01 4.558981e-02
<VARIANCE> 39
 3.291056e+00 3.987413e+00 4.907847e+00 6.754004e+00 1.016471e+01 1.275417e+01 1.391751e+01 1.457420e+01 1.583861e+01 1.510152e+01 1.593584e+01 1.552227e+01 1.699538e+00 1.812458e-01 3.025056e-01 4.891506e-01 7.418865e-01 9.994407e-01 1.240433e+00 1.441646e+00 1.634466e+00 1.718459e+00 1.702115e+00 1.666587e+00 1.594019e+00 6.059984e-02 3.524942e-02 5.883671e-02 8.273031e-02 1.220303e-01 1.822935e-01 2.434471e-01 2.850067e-01 3.150747e-01 3.279237e-01 3.233743e-01 3.362217e-01 3.332403e-01 1.167810e-02
<GCONST> 7.066787e+01
<MIXTURE> 13 6.325224e-02
<MEAN> 39
 -1.607262e+01 -8.422664e+00 -1.098781e+01 -1.219829e+01 -8.870918e+00 -1.672680e+01 -1.056038e+01 -1.029465e+01 -5.619121e+00 -5.094251e+00 -5.437554e+00 -1.493090e+00 5.971392e+01 1.319528e-01 -4.145795e-02 -8.172752e-02 -1.425967e-03 -3.671741e-01 -3.915898e-01 -6.447975e-01 -7.546524e-01 -8.189889e-01 -6.919885e-01 -7.404589e-01 -4.337205e-01 -1.824972e-01 2.181612e-02 -5.732217e-02 -6.387333e-02 -4.214133e-02 -1.106953e-01 -6.703069e-02 -1.119951e-01 -9.164461e-02 -5.868675e-02 1.226775e-02 -9.307879e-02 -6.251694e-02 -2.480810e-02
<VARIANCE> 39
 1.134195e+01 1.051007e+01 1.358304e+01 1.415059e+01 2.074548e+01 2.151771e+01 2.273228e+01 2.458816e+01 2.624917e+01 2.344325e+01 2.235907e+01 2.155510e+01 5.598618e+00 3.541601e-01 4.636169e-01 7.175303e-01 9.679827e-01 1.219144e+00 1.439529e+00 1.650415e+00 1.785261e+00 1.866061e+00 1.839406e+00 1.731686e+00 1.680196e+00 1.641685e-01 5.507709e-02 7.953286e-02 1.279388e-01 1.846668e-01 2.449854e-01 2.972162e-01 3.437159e-01 3.704239e-01 3.947832e-01 3.861081e-01 3.885758e-01 3.629901e-01 2.069813e-02
<GCONST> 8.685841e+01
<MIXTURE> 14 5.548831e-02
<MEAN> 39
 -1.245452e+01 -7.843060e+00 -9.924230e+00 -9.038576e+00 -1.036300e+01 -1.804489e+01 -1.542273e+01 -1.628399e+01 -1.248575e+01 -8.330332e+00 -1.119337e+01 -4.276528e+00 5.738987e+01 -2.769832e-02 -9.618741e-02 -1.397969e-01 -1.627979e-01 -2.484654e-01 -2.398451e-01 -2.672102e-01 -2.742191e-01 -3.077150e-01 -3.211513e-01 -3.662969e-01 -2.552180e-01 -4.846398e-02 -1.132904e-01 -1.640985e-01 -1.975115e-01 -1.666685e-01 -2.569805e-02 1.130841e-01 2.905479e-01 4.540416e-01 5.319689e-01 4.614762e-01 3.250852e-01 1.386567e-01 -2.378759e-02
<VARIANCE> 39
 2.925090e+00 3.896990e+00 5.555922e+00 8.035815e+00 1.081326e+01 1.351100e+01 1.425727e+01 1.353854e+01 1.377771e+01 1.376369e+01 1.475372e+01 1.488692e+01 1.237977e+00 1.933101e-01 3.348914e-01 5.291314e-01 7.475294e-01 9.607642e-01 1.187581e+00 1.404505e+00 1.573782e+00 1.674213e+00 1.611787e+00 1.526821e+00 1.473574e+00 6.151046e-02 3.478916e-02 6.107452e-02 9.648673e-02 1.487366e-01 2.032842e-01 2.543885e-01 2.860761e-01 2.916467e-01 2.881040e-01 2.929215e-01 3.167453e-01 3.203187e-01 1.064741e-02
<GCONST> 7.013570e+01
~h "sp"
<BEGINHMM>
<NUMSTATES> 3
<STATE> 2
~s "silst"
<TRANSP> 3
 0.000000e+00 5.885841e-01 4.114158e-01
 0.000000e+00 9.848138e-01 1.518623e-02
 0.000000e+00 0.000000e+00 0.000000e+00
<ENDHMM>
~h "oov"
<BEGINHMM>
<NUMSTATES> 3
<STATE> 2
<NUMMIXES> 14
<MIXTURE> 1 7.484356e-02
<MEAN> 39
 -1.554989e+01 -4.657354e+00 -9.547057e+00 -1.228327e+01 -7.876846e+00 -1.940056e+01 -9.005712e+00 -6.927256e+00 -7.903495e-01 -2.089792e+00 -8.590201e-01 6.336080e-02 6.698714e+01 8.644524e-01 -2.560123e-01 3.167739e-01 -1.066906e+00 -7.642286e-01 -6.598300e-01 8.516431e-02 9.758574e-01 9.810649e-01 4.719736e-01 8.575241e-01 3.373525e-01 1.665161e+00 3.294380e-01 -3.465010e-01 -7.369584e-02 -3.313267e-01 -2.725583e-01 1.332592e-01 -5.451476e-02 -5.113188e-02 -2.286106e-01 -1.510906e-01 -2.366427e-01 -1.529866e-01 2.498828e-01
<VARIANCE> 39
 5.926868e+01 4.081928e+01 4.227586e+01 3.464234e+01 6.651102e+01 6.047929e+01 5.747939e+01 4.700055e+01 4.537238e+01 4.910637e+01 3.723450e+01 3.258579e+01 1.717019e+01 7.791119e+00 4.420914e+00 6.060751e+00 5.466176e+00 9.047722e+00 7.590803e+00 7.613751e+00 7.701135e+00 6.591493e+00 6.468549e+00 5.964282e+00 4.932567e+00 2.879602e+00 5.578977e-01 4.269253e-01 4.955711e-01 5.359298e-01 7.813413e-01 8.486865e-01 8.412637e-01 8.309920e-01 7.428844e-01 7.710903e-01 7.264904e-01 6.277996e-01 2.726305e-01
<GCONST> 1.379735e+02
<MIXTURE> 2 4.399279e-02
<MEAN> 39
 -1.906246e+01 -5.302299e+00 -9.619416e+00 -1.350901e+01 -4.692103e+00 -1.506224e+01 -5.883059e+00 -7.222167e+00 -1.555478e+00 -4.575371e+00 2.949687e-01 -1.004102e+00 7.101730e+01 -4.203295e-02 1.344238e-01 1.937886e-01 2.782654e-01 3.578501e-01 3.755544e-01 3.707990e-01 4.596367e-01 4.636081e-01 3.568865e-01 2.933689e-01 1.853137e-01 -1.223600e-01 1.198805e-01 -5.610020e-02 3.673008e-02 2.306718e-03 -6.597672e-02 7.203759e-03 -1.004378e-02 7.275177e-03 7.302988e-03 6.357887e-02 -2.457774e-02 1.526752e-02 -2.698738e-02
<VARIANCE> 39
 1.079450e+02 9.828343e+01 8.240067e+01 8.147295e+01 1.055150e+02 7.962554e+01 8.781805e+01 8.770627e+01 7.404822e+01 7.029633e+01 7.890087e+01 5.273076e+01 3.521775e+01 3.844022e-01 6.874275e-01 9.326103e-01 1.223958e+00 1.625017e+00 1.898046e+00 2.138881e+00 2.212251e+00 2.231641e+00 2.194981e+00 2.096946e+00 1.892190e+00 2.570242e-01 8.315881e-02 1.315522e-01 1.673542e-01 2.444727e-01 3.176464e-01 3.724014e-01 4.301203e-01 4.579416e-01 4.409291e-01 4.315155e-01 4.070740e-01 3.658601e-01 2.882988e-02
<GCONST> 1.127061e+02
<MIXTURE> 3 1.019738e-01
<MEAN> 39
 -2.797941e+00 -8.600561e+00 -1.628839e+01 -2.097370e+01 -9.853603e+00 -1.305461e+01 -1.156596e+01 -1.074285e+01 -3.342022e+00 1.953381e+00 -6.074678e-01 6.655079e-02 7.024454e+01 -2.763558e-02 1.156846e-01 -1.809448e-01 2.573781e-01 6.042712e-02 2.197672e-01 5.953989e-02 -2.742895e-01 -1.616371e-01 8.708934e-02 -1.963289e-01 -8.818372e-02 -4.521303e-01 -4.062595e-01 -9.752003e-02 3.180478e-01 2.659418e-01 5.817227e-02 -2.046261e-01 5.109967e-02 3.011852e-01 8.223886e-02 -2.786686e-01 -1.174749e-01 -3.929352e-02 -1.779477e-02
<VARIANCE> 39
 1.308384e+01 3.347498e+01 3.829993e+01 6.160500e+01 6.258339e+01 8.685089e+01 7.153179e+01 6.858710e+01 8.502646e+01 8.321271e+01 9.427776e+01 8.146027e+01 2.032811e+01 1.289374e+00 1.786293e+00 1.992366e+00 3.544879e+00 3.155081e+00 4.497103e+00 4.114723e+00 4.757249e+00 4.855882e+00 4.448337e+00 4.378904e+00 3.737055e+00 1.492513e+00 1.659873e-01 2.173840e-01 2.937840e-01 5.605984e-01 5.280114e-01 6.376554e-01 6.956137e-01 7.627821e-01 8.288840e-01 7.864993e-01 7.892392e-01 6.999924e-01 1.526670e-01
<GCONST> 1.283827e+02
<MIXTURE> 4 6.198949e-02
<MEAN> 39
 -6.407889e+00 -1.402112e+01 -1.120790e+01 -1.943253e+01 -9.942722e+00 -1.584411e+01 -1.221120e+01 -4.046638e+00 1.658875e+00 -6.402237e-01 -6.679813e-01 -2.853695e+00 7.620646e+01 4.818851e-01 -1.659047e+00 -1.749272e-01 -1.059427e+00 1.509633e-01 6.337438e-01 5.831423e-01 1.563074e+00 5.732502e-01 -2.702391e-01 1.424564e-01 -1.106336e-01 1.820522e+00 -4.241349e-01 3.375230e-01 1.061250e-01 4.009708e-01 1.471978e-01 -4.769068e-03 2.981901e-01 -2.911917e-01 -4.841289e-01 -1.956306e-01 -1.455845e-01 1.590815e-01 -4.614685e-01
<VARIANCE> 39
 2.486014e+01 4.526704e+01 7.619640e+01 7.062430e+01 1.025284e+02 1.359508e+02 1.079630e+02 9.072041e+01 8.972317e+01 8.677723e+01 1.016648e+02 8.252699e+01 3.561120e+01 3.240196e+00 3.479858e+00 4.958255e+00 5.876708e+00 6.905329e+00 7.725027e+00 7.078448e+00 7.239022e+00 6.795884e+00 6.387492e+00 5.976553e+00 5.810915e+00 3.029063e+00 4.196416e-01 5.075310e-01 7.280642e-01 8.852979e-01 1.078128e+00 1.270551e+00 1.199773e+00 1.249344e+00 1.180386e+00 1.087212e+00 1.115513e+00 9.334536e-01 4.157450e-01
<GCONST> 1.478737e+02
<MIXTURE> 5 1.015951e-01
<MEAN> 39
 -6.757359e+00 -1.705168e+01 -7.872959e+00 -1.935282e+01 -1.176306e+01 -1.580098e+01 -7.454796e+00 -3.695342e-01 -2.467492e+00 -4.040298e+00 -1.864163e+00 -1.813314e+00 7.724146e+01 6.783363e-02 2.626692e-01 -9.452759e-02 1.840171e-01 -8.385087e-02 -7.112983e-02 -1.433711e-02 -2.541524e-01 -2.090369e-01 3.629598e-02 -7.397350e-02 7.931242e-02 -4.307142e-01 -6.918376e-03 2.534832e-01 -7.698330e-02 1.581487e-01 -7.171102e-03 -8.686025e-02 -9.754168e-02 -2.173818e-01 6.268261e-02 1.206627e-01 -3.516343e-02 4.085508e-02 -2.141804e-01
<VARIANCE> 39
 1.947157e+01 3.651535e+01 9.065054e+01 7.028371e+01 1.501187e+02 1.363913e+02 1.381469e+02 1.051960e+02 1.049445e+02 8.593247e+01 9.720995e+01 9.986974e+01 2.807440e+01 4.642373e-01 1.110287e+00 1.639733e+00 1.777596e+00 2.532088e+00 2.770910e+00 3.375649e+00 3.594023e+00 3.411341e+00 3.094994e+00 2.915721e+00 2.680891e+00 6.197393e-01 7.299491e-02 1.582921e-01 2.421384e-01 3.022833e-01 4.270073e-01 4.867235e-01 6.036617e-01 6.216997e-01 6.178117e-01 5.585931e-01 5.456904e-01 5.071442e-01 7.588381e-02
<GCONST> 1.223695e+02
<MIXTURE> 6 5.972703e-02
<MEAN> 39
 -9.522494e+00 -8.668622e+00 -1.428820e+01 -1.587396e+01 -1.255286e+01 -1.650091e+01 -1.113743e+01 -8.784028e+00 -3.874488e+00 -2.243877e+00 -5.354143e+00 -1.020455e+00 6.301170e+01 -3.404204e-01 1.200044e-01 2.516227e-01 3.647695e-01 1.144849e-01 2.031092e-02 -1.686649e-02 -3.465764e-02 -5.145636e-02 9.452873e-02 9.199681e-02 1.443748e-01 -4.529232e-01 -1.034946e-02 4.599814e-02 1.762417e-01 1.545118e-01 1.321247e-01 -2.867872e-03 -2.819428e-02 -3.188029e-02 -3.011346e-02 9.245405e-03 1.376751e-01 6.034830e-02 9.215188e-02
<VARIANCE> 39
 2.088584e+01 1.624045e+01 2.732253e+01 2.392546e+01 3.440324e+01 4.122873e+01 3.656383e+01 4.282347e+01 4.816125e+01 4.174922e+01 4.211841e+01 3.377311e+01 9.896974e+00 4.764827e-01 6.339664e-01 1.066995e+00 1.214484e+00 1.611039e+00 2.063705e+00 2.254117e+00 2.476366e+00 2.399575e+00 2.395645e+00 2.262126e+00 2.067299e+00 2.976543e-01 6.760721e-02 9.503152e-02 1.509055e-01 1.883132e-01 2.578803e-01 3.214247e-01 3.766854e-01 4.318779e-01 4.536876e-01 4.546655e-01 4.266142e-01 3.909882e-01 3.691829e-02
<GCONST> 1.002381e+02
<MIXTURE> 7 8.369575e-02
<MEAN> 39
 -1.917182e+01 -2.531336e+00 -4.898439e+00 -1.581373e+01 -8.678618e+00 -2.011983e+01 -7.916374e+00 -9.514504e+00 -2.456789e+00 -3.960324e+00 -7.892454e-02 -1.995612e-01 7.267941e+01 -8.362459e-02 3.710469e-01 1.169437e-01 8.302244e-02 -3.042717e-01 -4.887965e-01 1.545646e-02 -1.739139e-01 3.715366e-02 -6.363069e-02 1.362307e-01 4.578541e-02 3.470951e-01 4.501590e-01 -2.859583e-01 -2.580154e-01 9.038349e-02 -1.324408e-01 1.214239e-01 -9.019855e-02 1.685252e-01 2.571438e-02 8.559414e-02 -1.513833e-01 -5.788541e-02 -1.879431e-01
<VARIANCE> 39
 6.596494e+01 5.951507e+01 9.593147e+01 7.925298e+01 1.300418e+02 1.022383e+02 9.330909e+01 8.554395e+01 7.761316e+01 7.990648e+01 6.632902e+01 5.307214e+01 2.949546e+01 5.724439e+00 3.512028e+00 3.791281e+00 4.101349e+00 6.482510e+00 5.609071e+00 5.831534e+00 5.203990e+00 4.753875e+00 4.658471e+00 4.378626e+00 3.642886e+00 1.548134e+00 7.588999e-01 5.164890e-01 7.219681e-01 7.542225e-01 1.289283e+00 1.210206e+00 1.137541e+00 1.104950e+00 1.020733e+00 1.005898e+00 8.887566e-01 7.425616e-01 2.796995e-01
<GCONST> 1.441733e+02
<MIXTURE> 8 5.217448e-02
<MEAN> 39
 -1.246766e+01 -7.719316e+00 -1.106546e+01 -1.106410e+01 -9.809058e+00 -1.718990e+01 -1.250141e+01 -1.181723e+01 -7.044806e+00 -4.275013e+00 -7.149469e+00 -2.341182e+00 6.008336e+01 -7.839170e-02 1.028703e-01 5.356488e-01 -7.570917e-01 4.453332e-01 -8.583497e-02 5.422346e-01 1.234675e+00 1.114192e+00 6.484578e-01 1.322475e+00 5.499502e-01 1.412910e+00 8.742745e-02 -1.184384e-01 3.461615e-02 -5.041622e-01 2.965869e-02 -1.177647e-01 2.571446e-01 5.180547e-01 4.687249e-01 1.903115e-01 3.984407e-01 1.696071e-01 8.183872e-01
<VARIANCE> 39
 1.533421e+01 1.121105e+01 1.726934e+01 1.594947e+01 2.193265e+01 2.362179e+01 2.539794e+01 2.731577e+01 2.807159e+01 2.832548e+01 2.606907e+01 2.332911e+01 7.859402e+00 4.306989e+00 2.387004e+00 4.261583e+00 3.525495e+00 5.233457e+00 4.720701e+00 4.931968e+00 5.080940e+00 4.785673e+00 4.898543e+00 4.247783e+00 3.579752e+00 1.663858e+00 4.621359e-01 4.541067e-01 6.175410e-01 5.404534e-01 8.295097e-01 7.751819e-01 7.770366e-01 8.509551e-01 7.828414e-01 7.958188e-01 7.338650e-01 6.538771e-01 2.318297e-01
<GCONST> 1.220560e+02
<MIXTURE> 9 6.715971e-02
<MEAN> 39
 -1.153121e+01 -1.427058e+01 -1.843404e+01 -1.383721e+01 -8.473279e-01 -9.793115e+00 -3.493837e+00 -3.892495e+00 1.812888e+00 -3.894672e+00 -5.525661e+00 -3.329387e+00 7.332281e+01 -1.951475e-01 4.529559e-01 -2.575483e-02 4.266384e-01 -8.632161e-02 -1.756941e-01 -3.947155e-01 -6.815234e-01 -4.567450e-01 -1.940942e-01 -3.253836e-01 5.951465e-02 -8.585599e-01 7.002893e-02 1.293392e-01 3.070727e-01 -1.409936e-01 -4.275226e-01 -3.686176e-01 -4.362049e-01 -2.834193e-01 -2.716883e-01 1.257846e-02 1.435557e-01 9.153393e-02 -1.025584e-01
<VARIANCE> 39
 6.208280e+01 5.324894e+01 4.664462e+01 4.400118e+01 6.717136e+01 9.296041e+01 6.865096e+01 6.407339e+01 6.170257e+01 5.851381e+01 5.660695e+01 5.847583e+01 5.402889e+01 1.409736e+00 1.694275e+00 1.920664e+00 2.104741e+00 3.315051e+00 3.687975e+00 3.755877e+00 3.973456e+00 3.657394e+00 3.417675e+00 3.289248e+00 2.847935e+00 1.163743e+00 2.156518e-01 2.530060e-01 3.050251e-01 3.486541e-01 4.612272e-01 6.069357e-01 5.987365e-01 6.594892e-01 6.424269e-01 6.148384e-01 5.743807e-01 5.226920e-01 1.580675e-01
<GCONST> 1.258817e+02
<MIXTURE> 10 8.893626e-02
<MEAN> 39
 -8.146521e+00 -6.336208e+00 -3.645169e+00 -1.399328e+01 -1.870887e+01 -2.367372e+01 -1.230733e+01 -1.005418e+01 -5.867286e+00 -4.556867e-01 -1.353717e+00 1.776377e+00 6.747990e+01 -1.100946e-01 1.423146e-01 -4.326180e-01 2.628359e-01 3.895319e-01 4.173670e-01 -2.188816e-01 -3.715836e-01 -7.753005e-02 2.495381e-02 -2.399194e-01 -6.292467e-02 -6.889541e-01 -1.652454e-01 -1.823578e-01 -2.153013e-01 -1.089312e-01 2.834744e-01 2.981285e-01 1.718466e-01 1.800824e-01 4.144580e-02 -1.902194e-01 -1.286820e-01 -1.684251e-01 3.343755e-02
<VARIANCE> 39
 1.617968e+01 2.390245e+01 5.227416e+01 5.458416e+01 4.828062e+01 6.338642e+01 6.737006e+01 8.610538e+01 8.214382e+01 6.957119e+01 6.489986e+01 5.538076e+01 1.931864e+01 7.683382e-01 1.113050e+00 2.410342e+00 2.450363e+00 2.711054e+00 2.920758e+00 3.539880e+00 4.175927e+00 3.761877e+00 3.670861e+00 3.462701e+00 3.021409e+00 1.099327e+00 9.525028e-02 1.375123e-01 2.580815e-01 3.416759e-01 3.857495e-01 4.431485e-01 5.474096e-01 6.529585e-01 6.852368e-01 6.162948e-01 5.775536e-01 5.366898e-01 7.654725e-02
<GCONST> 1.193702e+02
<MIXTURE> 11 6.793363e-02
<MEAN> 39
 -7.630614e+00 -1.423870e+01 -4.381959e+00 -1.768892e+01 -1.652125e+01 -2.413893e+01 -7.821983e+00 2.226436e+00 -1.160667e+00 -3.290129e+00 -1.829029e+00 1.591593e+00 7.605816e+01 2.698094e-01 -2.005661e-01 -3.567874e-01 -5.281571e-02 1.282528e-01 3.070983e-01 4.962279e-01 -1.257906e-01 -4.046585e-01 -8.628149e-02 -3.015559e-01 -6.248815e-02 -4.870519e-02 -1.857433e-01 4.851918e-01 -3.264192e-01 2.923900e-01 4.397942e-01 4.040725e-01 -2.000805e-01 -8.882148e-01 -1.614881e-01 1.627179e-01 -3.050761e-02 -1.705645e-01 -5.354793e-01
<VARIANCE> 39
 1.758458e+01 3.691230e+01 8.968837e+01 6.185403e+01 1.091823e+02 9.374800e+01 1.349257e+02 8.230396e+01 1.045539e+02 1.013531e+02 9.905473e+01 8.999831e+01 3.437767e+01 1.491641e+00 2.665447e+00 4.096310e+00 3.599046e+00 4.936168e+00 4.650554e+00 5.741527e+00 6.436839e+00 5.390892e+00 5.307097e+00 4.577077e+00 3.946839e+00 2.109704e+00 2.729913e-01 3.351917e-01 6.217148e-01 6.487737e-01 8.962711e-01 9.159316e-01 1.144718e+00 9.536403e-01 1.106014e+00 1.072286e+00 9.670205e-01 8.532401e-01 2.009826e-01
<GCONST> 1.399973e+02
<MIXTURE> 12 8.799484e-02
<MEAN> 39
 -1.385492e+01 -5.991825e+00 -1.098780e+01 -1.052348e+01 -1.023082e+01 -1.844421e+01 -1.342698e+01 -1.362611e+01 -8.142480e+00 -6.717858e+00 -7.109450e+00 -2.848966e+00 6.177774e+01 -6.292209e-02 1.665480e-02 8.241937e-02 1.338673e-01 -5.535765e-02 -3.682594e-02 -2.518238e-01 -1.517164e-01 -1.463422e-01 -5.974554e-02 -9.967842e-02 -1.396884e-01 -1.944222e-01 1.052648e-01 -5.647711e-02 7.023654e-03 -2.499464e-01 -3.880586e-02 5.636244e-02 2.571896e-01 4.464892e-01 3.974189e-01 3.382553e-01 3.437938e-01 2.054795e-01 2.439879e-01
<VARIANCE> 39
 3.143614e+01 1.771690e+01 2.060234e+01 1.830806e+01 2.374295e+01 2.588583e+01 2.745117e+01 2.793235e+01 3.134022e+01 2.784854e+01 3.067024e+01 2.460610e+01 1.042662e+01 1.677106e+00 1.116693e+00 1.426958e+00 1.625579e+00 2.105610e+00 2.169456e+00 2.488861e+00 2.770460e+00 2.787820e+00 2.710791e+00 2.591805e+00 2.246878e+00 5.995899e-01 2.310858e-01 1.828302e-01 2.682661e-01 2.896073e-01 3.997162e-01 4.282808e-01 4.549542e-01 5.040106e-01 5.158752e-01 5.117298e-01 4.910768e-01 4.374640e-01 9.735872e-02
<GCONST> 1.067736e+02
<MIXTURE> 13 5.188198e-02
<MEAN> 39
 -9.619517e+00 -9.017199e+00 -1.392355e+01 -1.379508e+01 -1.078355e+01 -1.554810e+01 -9.929956e+00 -8.284002e+00 -4.511381e+00 -2.495104e+00 -5.829093e+00 -6.573193e-01 6.168784e+01 -7.709607e-01 4.975500e-02 3.091605e-01 6.083852e-01 1.167499e-01 -1.345858e-01 -7.085136e-01 -1.106355e+00 -1.202684e+00 -9.458888e-01 -9.589428e-01 -6.291892e-01 -8.990422e-01 8.758608e-03 -2.494435e-02 9.400783e-02 -6.053391e-02 -5.877182e-02 -1.852954e-01 -1.253972e-01 -4.723600e-02 -4.061082e-02 -7.357579e-02 2.670515e-02 -5.117596e-02 1.863692e-01
<VARIANCE> 39
 1.211941e+01 1.271023e+01 2.376994e+01 2.060044e+01 3.042163e+01 3.892943e+01 3.292913e+01 3.831914e+01 4.247619e+01 4.026590e+01 4.097328e+01 3.067976e+01 7.005315e+00 5.819076e-01 7.934128e-01 1.429595e+00 1.541454e+00 2.102028e+00 2.606943e+00 2.610629e+00 2.942884e+00 2.912877e+00 2.894578e+00 2.620640e+00 2.415149e+00 3.785523e-01 7.076706e-02 1.023102e-01 1.553557e-01 2.107263e-01 2.686132e-01 3.416482e-01 3.876003e-01 4.451656e-01 4.687079e-01 4.739828e-01 4.450225e-01 4.016055e-01 4.158721e-02
<GCONST> 1.015169e+02
<MIXTURE> 14 5.457898e-02
<MEAN> 39
 -1.585389e+01 -5.612118e+00 -9.750067e+00 -1.388848e+01 -6.845279e+00 -1.444071e+01 -7.856250e+00 -8.285861e+00 -2.161919e+00 -3.224855e+00 -5.676667e-01 5.194063e-02 6.876845e+01 -3.644068e-03 -1.433160e-01 -2.115146e-01 -1.479327e-01 -3.044541e-01 -2.177370e-01 -2.770968e-01 -2.202489e-01 -2.589316e-01 -2.395439e-01 -3.509648e-01 -1.811044e-01 -3.387335e-01 5.174798e-02 -9.051440e-02 -8.281678e-02 -8.392880e-02 -1.715930e-01 -1.641418e-01 -1.294474e-01 -1.057500e-01 -1.171815e-01 -9.069625e-02 -1.611579e-01 -9.821565e-02 -4.309920e-02
<VARIANCE> 39
 1.017466e+02 6.778517e+01 6.935799e+01 6.520515e+01 9.616963e+01 6.783208e+01 8.438718e+01 7.494112e+01 6.803788e+01 5.739110e+01 5.511621e+01 4.170522e+01 3.310063e+01 3.608466e-01 5.766117e-01 8.194783e-01 1.088125e+00 1.455948e+00 1.738391e+00 1.956154e+00 2.063288e+00 2.027936e+00 2.044491e+00 1.921874e+00 1.747862e+00 2.470171e-01 7.803295e-02 1.040866e-01 1.472912e-01 2.174662e-01 2.735684e-01 3.264840e-01 3.999607e-01 4.281459e-01 4.192628e-01 4.130247e-01 3.912347e-01 3.487405e-01 2.515871e-02
<GCONST> 1.079903e+02
<TRANSP> 3
 0.000000e+00 1.000000e+00 0.000000e+00
 0.000000e+00 9.889276e-01 1.107237e-02
 0.000000e+00 0.000000e+00 0.000000e+00
<ENDHMM>
~h "sil"
<BEGINHMM>
<NUMSTATES> 3
<STATE> 2
~s "silst"
<TRANSP> 3
 0.000000e+00 1.000000e+00 0.000000e+00
 0.000000e+00 9.956573e-01 4.342676e-03
 0.000000e+00 0.000000e+00 0.000000e+00
<ENDHMM>
~h "noise"
<BEGINHMM>
<NUMSTATES> 3
<STATE> 2
~s "silst"
<TRANSP> 3
 0.000000e+00 1.000000e+00 0.000000e+00
 0.000000e+00 9.873917e-01 1.260833e-02
 0.000000e+00 0.000000e+00 0.000000e+00
<ENDHMM>
