~o
<STREAMINFO> 1 22
<VECSIZE> 22<NULLD><MFCC_0><DIAGC>
~h "BN"
<BEGINHMM>
<NUMSTATES> 5
<STATE> 2
<NUMMIXES> 2
<MIXTURE> 1 3.230955e-001
<MEAN> 22
 9.029018e+000 1.368801e+001 5.249573e+000 5.487429e+000 1.834015e+001 2.195720e+001 8.106925e+001 7.358048e+001 5.903960e+001 5.574468e+001 1.772443e+002 1.679842e+002 1.101845e+002 1.081030e+002 6.886186e+000 5.026996e+000 6.066864e+000 5.905170e+000 5.812900e+000 6.124070e+000 2.419649e+000 2.222687e+000
<VARIANCE> 22
 2.362770e+003 1.596313e+003 1.902329e+003 1.202518e+003 4.129440e+002 4.111160e+002 6.020176e+002 5.677809e+002 6.505903e+001 5.873493e+001 8.872550e+002 1.010705e+003 1.606488e+002 1.616192e+002 1.652083e-001 1.551565e-001 6.239380e-002 8.583678e-002 1.581673e-001 2.393709e-001 5.720317e+000 4.008275e+000
<GCONST> 1.180880e+002
<MIXTURE> 2 6.769042e-001
<MEAN> 22
 5.999062e+000 8.118836e+000 1.640061e+000 2.699816e+000 1.446278e+002 1.577653e+002 7.179885e+001 8.489337e+001 7.007614e+001 7.181467e+001 1.079995e+002 7.297470e+001 9.331565e+001 9.217534e+001 3.038882e+000 2.481339e+000 4.679077e+000 4.063355e+000 4.063967e+000 2.080443e+000 2.288161e+000 2.373376e+000
<VARIANCE> 22
 1.252022e+002 2.308230e+002 1.018441e+001 1.635947e+001 3.283211e+004 1.701066e+004 2.333048e+003 2.680234e+003 9.719921e+002 1.147763e+003 5.846818e+003 3.369910e+003 1.734456e+003 1.335404e+003 8.176054e+000 2.129064e+000 7.473995e+000 3.323736e+000 3.673725e+000 5.332810e+000 6.089844e+000 5.745783e+000
<GCONST> 1.495861e+002
<STATE> 3
<NUMMIXES> 2
<MIXTURE> 1 3.957614e-001
<MEAN> 22
 1.494856e+000 2.087676e+001 4.977775e-001 5.305589e+000 7.514799e+000 1.377649e+002 1.005237e+002 1.022656e+002 6.226630e+001 8.582868e+001 2.038724e+002 8.298418e+001 1.219463e+002 1.107201e+002 6.998807e+000 3.011581e+000 6.104344e+000 4.612712e+000 5.998219e+000 2.536270e+000 1.744822e+000 3.626732e+000
<VARIANCE> 22
 9.940516e+000 3.739863e+002 3.300596e+000 2.865894e+001 9.939509e+001 5.756340e+003 3.277611e+002 1.653911e+003 6.851620e+001 5.726442e+002 6.670176e+002 2.877837e+003 2.273682e+002 1.775238e+002 6.504287e-002 1.226144e+000 9.404980e-002 8.809674e-001 2.082488e-002 5.647326e+000 5.516755e+000 5.334519e+000
<GCONST> 1.115367e+002
<MIXTURE> 2 6.042395e-001
<MEAN> 22
 8.929899e-001 4.837614e+000 4.308908e-001 1.554982e+000 9.861129e+000 1.724668e+002 8.683569e+001 1.186838e+002 5.624828e+001 8.847829e+001 1.806843e+002 3.178735e+001 1.097862e+002 9.648140e+001 6.932696e+000 2.061430e+000 6.005441e+000 3.674628e+000 5.960482e+000 1.102495e+000 1.364313e+000 2.641628e+000
<VARIANCE> 22
 4.801632e+000 4.250790e+001 3.300596e+000 3.508207e+000 5.823114e+002 9.736089e+002 1.359826e+002 2.003546e+002 5.567146e+001 2.623059e+002 4.141545e+002 3.308286e+002 6.208174e+001 8.230930e+001 3.646521e-001 1.162808e-001 2.315236e-001 4.735412e-001 1.158643e-001 3.009945e-001 4.861263e+000 5.963245e+000
<GCONST> 9.625730e+001
<STATE> 4
<NUMMIXES> 2
<MIXTURE> 1 4.299621e-001
<MEAN> 22
 1.393047e+001 5.097116e+000 3.116461e+000 1.662869e+000 5.243909e+001 2.392175e+001 8.762302e+001 9.488430e+001 7.146104e+001 5.804391e+001 1.545339e+002 1.940681e+002 1.144802e+002 1.168615e+002 4.880026e+000 4.992406e+000 6.401779e+000 5.851924e+000 5.201949e+000 6.011194e+000 3.651609e+000 2.781664e+000
<VARIANCE> 22
 3.026123e+002 6.855396e+001 2.006372e+001 6.335165e+000 2.860757e+003 8.691084e+002 6.194800e+002 3.245959e+002 2.773324e+002 6.504762e+001 3.832869e+003 5.125622e+002 2.723576e+002 1.198850e+002 8.429880e+000 2.194533e-002 2.430022e-001 1.261507e-001 1.752792e+000 5.618803e-002 5.911026e+000 6.563962e+000
<GCONST> 1.130091e+002
<MIXTURE> 2 5.700375e-001
<MEAN> 22
 6.143030e+000 1.616567e+000 2.549623e+000 7.405194e-001 1.634668e+002 1.814131e+001 1.268516e+002 8.620874e+001 9.192194e+001 5.856652e+001 3.475748e+001 1.794337e+002 9.918801e+001 1.150830e+002 1.972098e+000 4.712227e+000 7.728538e-001 5.817936e+000 2.863517e+000 5.641150e+000 2.997690e+000 1.930932e+000
<VARIANCE> 22
 8.374545e+001 1.231962e+001 1.790059e+001 2.164982e+000 3.852819e+003 7.589998e+002 3.758645e+002 7.985574e+002 3.252189e+002 6.825010e+001 3.760847e+002 1.720600e+003 2.197858e+002 1.706110e+002 3.706553e-001 4.323094e-001 1.594466e+000 1.849164e-001 2.658113e-001 2.620422e+000 6.210840e+000 5.671317e+000
<GCONST> 1.125977e+002
<TRANSP> 5
 0.000000e+000 1.000000e+000 0.000000e+000 0.000000e+000 0.000000e+000
 0.000000e+000 8.128764e-001 1.871236e-001 0.000000e+000 0.000000e+000
 0.000000e+000 0.000000e+000 9.555537e-001 4.444632e-002 0.000000e+000
 0.000000e+000 0.000000e+000 0.000000e+000 9.268194e-001 7.318059e-002
 0.000000e+000 0.000000e+000 0.000000e+000 0.000000e+000 0.000000e+000
<ENDHMM>
~h "BS"
<BEGINHMM>
<NUMSTATES> 5
<STATE> 2
<NUMMIXES> 2
<MIXTURE> 1 7.085697e-002
<MEAN> 22
 3.624398e+001 3.412299e+001 2.237616e+001 1.941801e+001 4.427994e+002 3.206935e+002 1.036183e+002 9.484435e+001 6.817885e+001 6.613319e+001 1.602833e+002 1.473100e+002 1.129499e+002 1.129255e+002 1.544125e+000 3.840487e+000 6.707227e+000 5.318385e+000 3.311050e+000 4.118918e+000 1.843702e+000 2.429344e+000
<VARIANCE> 22
 9.815780e+003 7.300369e+003 8.616459e+003 5.660835e+003 3.453569e+004 1.469516e+004 1.748599e+003 1.433187e+003 3.410497e+001 2.159988e+001 1.305500e+003 8.855875e+002 1.214787e+002 7.794143e+001 6.923142e+000 1.452577e+000 2.070573e-001 2.341016e-001 8.711399e+000 3.376789e+000 5.755813e+000 6.073397e+000
<GCONST> 1.469383e+002
<MIXTURE> 2 9.291429e-001
<MEAN> 22
 1.348784e+001 1.327487e+001 2.283305e+000 2.322189e+000 5.173029e+001 5.080918e+001 6.405735e+001 6.195259e+001 6.346378e+001 6.025613e+001 1.547737e+002 1.510126e+002 1.090509e+002 1.085027e+002 5.763138e+000 4.622395e+000 5.994002e+000 5.828564e+000 5.399877e+000 5.587143e+000 2.757090e+000 1.974832e+000
<VARIANCE> 22
 1.675321e+002 1.526600e+002 5.876931e+000 6.262568e+000 4.283303e+003 3.204547e+003 1.018768e+003 9.403587e+002 1.492568e+002 1.508885e+002 1.850141e+003 1.921175e+003 3.277469e+002 2.924598e+002 5.334160e+000 1.384423e+000 5.824280e-001 5.118608e-001 9.720695e-001 4.137210e+000 3.114138e+000 3.821343e+000
<GCONST> 1.256296e+002
<STATE> 3
<NUMMIXES> 2
<MIXTURE> 1 4.227684e-001
<MEAN> 22
 1.460607e+001 1.488884e+001 3.551187e+000 3.460275e+000 1.314688e+002 1.238403e+002 1.461547e+002 1.413603e+002 8.894337e+001 7.866441e+001 1.533818e+002 1.607224e+002 1.164259e+002 1.149145e+002 4.458577e-001 3.717388e+000 4.416199e+000 4.723993e+000 1.804077e+000 3.836722e+000 2.923637e+000 3.876606e+000
<VARIANCE> 22
 4.222479e+002 4.379314e+002 1.894500e+001 2.096433e+001 1.500188e+003 1.695698e+003 9.990208e+002 8.846590e+002 1.826001e+002 2.644555e+002 2.129917e+003 1.291698e+003 1.775275e+002 1.376971e+002 3.208972e-001 3.391747e-001 1.127014e+001 2.558564e-001 6.075655e+000 9.194464e-001 6.451794e+000 5.580206e+000
<GCONST> 1.268482e+002
<MIXTURE> 2 5.772309e-001
<MEAN> 22
 2.169843e+001 2.240072e+001 3.711432e+000 3.635081e+000 9.316270e+001 9.561497e+001 4.768452e+001 4.890378e+001 6.502934e+001 6.076178e+001 9.431272e+001 9.318327e+001 1.003974e+002 1.011534e+002 2.123012e+000 2.818097e+000 6.146346e+000 5.754353e+000 4.129788e+000 2.366974e+000 2.706414e+000 2.838929e+000
<VARIANCE> 22
 3.497170e+002 3.640284e+002 2.341380e+001 1.814734e+001 1.588874e+003 1.265443e+003 6.480848e+002 6.532588e+002 1.177228e+002 1.232011e+002 9.082202e+002 8.177683e+002 1.171869e+002 9.963797e+001 3.975014e+000 2.167123e+000 3.727942e-001 3.734556e-001 1.898315e+000 7.744078e+000 5.366323e+000 4.381908e+000
<GCONST> 1.242022e+002
<STATE> 4
<NUMMIXES> 2
<MIXTURE> 1 4.467226e-001
<MEAN> 22
 9.205684e+000 8.844806e+000 2.483756e+000 2.143996e+000 3.442804e+001 3.514258e+001 1.024473e+002 9.970428e+001 6.545229e+001 6.012305e+001 1.934948e+002 1.913821e+002 1.153040e+002 1.146560e+002 6.724760e+000 4.942663e+000 6.440828e+000 5.518809e+000 6.059204e+000 5.833809e+000 3.869856e+000 3.684461e+000
<VARIANCE> 22
 8.308225e+001 7.902799e+001 7.268976e+000 5.496281e+000 1.081874e+003 8.340935e+002 5.907816e+002 4.290984e+002 1.053686e+002 8.694116e+001 7.744654e+002 6.606841e+002 1.879111e+002 1.458620e+002 1.625262e+000 1.311817e-001 2.841393e-001 2.502699e-001 1.951901e-001 3.228817e-001 4.476157e+000 8.364811e+000
<GCONST> 1.082229e+002
<MIXTURE> 2 5.532765e-001
<MEAN> 22
 6.316988e+000 6.043577e+000 1.762475e+000 1.640664e+000 9.048319e+001 8.906877e+001 1.168992e+002 1.179785e+002 6.845833e+001 6.380444e+001 1.566527e+002 1.560746e+002 1.052521e+002 1.048844e+002 7.467052e-003 3.999266e+000 6.999491e+000 5.000000e+000 3.506124e+000 4.354942e+000 3.061061e+000 3.803379e+000
<VARIANCE> 22
 6.461929e+001 5.839317e+001 5.953289e+000 5.046018e+000 7.150768e+002 6.526104e+002 5.863776e+002 5.129852e+002 9.804440e+001 1.273006e+002 4.214382e+002 4.577317e+002 7.308829e+001 7.981490e+001 6.504287e-002 1.793315e-002 2.326111e-002 1.170389e-002 1.191341e+001 2.649250e-001 6.495001e+000 7.382649e+000
<GCONST> 9.806934e+001
<TRANSP> 5
 0.000000e+000 1.000000e+000 0.000000e+000 0.000000e+000 0.000000e+000
 0.000000e+000 7.724017e-001 2.275983e-001 0.000000e+000 0.000000e+000
 0.000000e+000 0.000000e+000 9.236299e-001 7.637008e-002 0.000000e+000
 0.000000e+000 0.000000e+000 0.000000e+000 9.481779e-001 5.182218e-002
 0.000000e+000 0.000000e+000 0.000000e+000 0.000000e+000 0.000000e+000
<ENDHMM>
~h "CF"
<BEGINHMM>
<NUMSTATES> 5
<STATE> 2
<NUMMIXES> 2
<MIXTURE> 1 1.557992e-001
<MEAN> 22
 2.328870e+001 1.491497e+001 1.113725e+001 8.276262e+000 3.236749e+001 2.679187e+001 9.305836e+001 8.368611e+001 6.861992e+001 6.023408e+001 1.662881e+002 1.777576e+002 1.128663e+002 1.146700e+002 5.754601e+000 4.805349e+000 5.946208e+000 5.841583e+000 5.446301e+000 5.950557e+000 2.783330e+000 2.440548e+000
<VARIANCE> 22
 3.683082e+003 2.450408e+003 3.018158e+003 1.797255e+003 1.859019e+003 1.082873e+003 8.264790e+002 7.312736e+002 3.217781e+002 1.387165e+002 3.332044e+003 1.369454e+003 2.720187e+002 1.655953e+002 5.541077e+000 4.014764e-001 1.242056e+000 1.590204e-001 1.348415e+000 9.791368e-001 5.802315e+000 4.827109e+000
<GCONST> 1.393256e+002
<MIXTURE> 2 8.442017e-001
<MEAN> 22
 6.586220e+000 6.745827e+000 2.679585e+000 2.336044e+000 8.496349e+001 8.756469e+001 8.396439e+001 6.837789e+001 7.938406e+001 6.549361e+001 8.618732e+001 1.020361e+002 9.484515e+001 1.024017e+002 2.753699e+000 3.173415e+000 4.500953e+000 5.005113e+000 3.784306e+000 3.351736e+000 2.863517e+000 2.638832e+000
<VARIANCE> 22
 1.003095e+002 1.172835e+002 1.614928e+001 1.380573e+001 8.453796e+003 7.071361e+003 2.342060e+003 1.763409e+003 6.781675e+002 5.577421e+002 3.348705e+003 3.363846e+003 6.447483e+002 5.457228e+002 5.012205e+000 2.284322e+000 6.130164e+000 2.046075e+000 2.272058e+000 7.780350e+000 6.061042e+000 5.577368e+000
<GCONST> 1.415645e+002
<STATE> 3
<NUMMIXES> 2
<MIXTURE> 1 3.749310e-001
<MEAN> 22
 2.625712e+000 2.262837e+001 9.698024e-001 5.660824e+000 1.648120e+001 1.121632e+002 9.905099e+001 8.935212e+001 6.297952e+001 8.317847e+001 1.929452e+002 1.027526e+002 1.172941e+002 1.043431e+002 6.851815e+000 3.461664e+000 6.184621e+000 4.869581e+000 5.910294e+000 3.388705e+000 2.071014e+000 3.738478e+000
<VARIANCE> 22
 2.371890e+001 4.725244e+002 3.300596e+000 3.899289e+001 9.342703e+002 6.139895e+003 5.286069e+002 1.893190e+003 1.246799e+002 5.062873e+002 1.396933e+003 3.374265e+003 2.832024e+002 2.635988e+002 7.217767e-001 1.535564e+000 5.462154e-001 1.606310e+000 2.382843e-001 7.546402e+000 5.979781e+000 5.086026e+000
<GCONST> 1.256069e+002
<MIXTURE> 2 6.250679e-001
<MEAN> 22
 9.478138e-001 6.500656e+000 4.624532e-001 3.077560e+000 5.916519e+000 1.946078e+002 9.023948e+001 1.289922e+002 5.719668e+001 1.020593e+002 1.860433e+002 3.126773e+001 1.110739e+002 8.364090e+001 7.000000e+000 2.000000e+000 6.008958e+000 2.940133e+000 5.999990e+000 9.938873e-001 1.420495e+000 2.541659e+000
<VARIANCE> 22
 4.801632e+000 9.530093e+001 3.300596e+000 1.941995e+001 4.956259e+001 9.299113e+002 1.853248e+002 4.360759e+002 5.013482e+001 3.957988e+002 3.663746e+002 1.501028e+002 1.046157e+002 2.393667e+002 6.504287e-002 1.793315e-002 2.326111e-002 1.255141e+000 2.082488e-002 5.618803e-002 5.142049e+000 5.751325e+000
<GCONST> 9.004552e+001
<STATE> 4
<NUMMIXES> 2
<MIXTURE> 1 4.239679e-001
<MEAN> 22
 9.104920e+000 5.562102e+000 2.720436e+000 2.077966e+000 2.925197e+001 2.389089e+001 9.045849e+001 9.738003e+001 6.581197e+001 6.071880e+001 1.867782e+002 1.947388e+002 1.164778e+002 1.164914e+002 6.331640e+000 5.000444e+000 6.198748e+000 5.713986e+000 5.884148e+000 5.989820e+000 3.383440e+000 3.024114e+000
<VARIANCE> 22
 1.794188e+002 5.716248e+001 1.420946e+001 7.440190e+000 7.976016e+002 5.787067e+002 6.463419e+002 3.205501e+002 1.560178e+002 9.068642e+001 1.053123e+003 5.064916e+002 2.018470e+002 1.282426e+002 4.014978e+000 1.793315e-002 1.592472e-001 2.050963e-001 1.250292e-001 5.618803e-002 6.401576e+000 6.396162e+000
<GCONST> 1.052207e+002
<MIXTURE> 2 5.760323e-001
<MEAN> 22
 1.058628e+001 1.553444e+000 3.862468e+000 8.083084e-001 1.726386e+002 2.492111e+001 1.211175e+002 9.683038e+001 9.688261e+001 5.760652e+001 3.812511e+001 1.915879e+002 8.564983e+001 1.134173e+002 1.912257e+000 4.976931e+000 2.478595e+000 5.676994e+000 3.034271e+000 5.952983e+000 3.148708e+000 2.042705e+000
<VARIANCE> 22
 2.124763e+002 8.443069e+000 2.884605e+001 2.164982e+000 3.403650e+003 1.101351e+003 1.186424e+003 2.396856e+002 4.560477e+002 8.354128e+001 5.088851e+002 4.445505e+002 4.436763e+002 1.193502e+002 2.203088e-001 6.675033e-002 4.621750e+000 2.401305e-001 2.152176e-001 2.205870e-001 6.220588e+000 5.598500e+000
<GCONST> 1.098966e+002
<TRANSP> 5
 0.000000e+000 1.000000e+000 0.000000e+000 0.000000e+000 0.000000e+000
 0.000000e+000 8.128192e-001 1.871808e-001 0.000000e+000 0.000000e+000
 0.000000e+000 0.000000e+000 9.523676e-001 4.763237e-002 0.000000e+000
 0.000000e+000 0.000000e+000 0.000000e+000 9.299643e-001 7.003573e-002
 0.000000e+000 0.000000e+000 0.000000e+000 0.000000e+000 0.000000e+000
<ENDHMM>
~h "CN"
<BEGINHMM>
<NUMSTATES> 5
<STATE> 2
<NUMMIXES> 2
<MIXTURE> 1 4.180347e-001
<MEAN> 22
 8.700367e+000 8.182329e+000 2.877700e+000 2.753253e+000 2.115372e+001 2.358880e+001 9.285347e+001 8.873879e+001 6.386750e+001 5.942791e+001 1.920661e+002 1.885806e+002 1.189344e+002 1.170492e+002 6.999014e+000 5.000000e+000 6.131793e+000 5.935072e+000 5.999431e+000 6.016289e+000 2.756855e+000 1.962860e+000
<VARIANCE> 22
 5.289399e+002 4.141778e+002 3.707088e+002 2.725926e+002 3.517321e+002 5.059813e+002 5.984528e+002 4.011596e+002 9.205603e+001 6.772888e+001 8.176874e+002 6.562695e+002 2.511222e+002 1.908716e+002 6.504287e-002 1.793315e-002 1.144236e-001 6.071200e-002 2.082488e-002 5.618803e-002 3.245550e+000 3.991953e+000
<GCONST> 1.055281e+002
<MIXTURE> 2 5.819649e-001
<MEAN> 22
 2.081873e+001 2.063121e+001 2.608108e+000 2.903798e+000 9.219954e+001 8.799696e+001 4.350280e+001 4.550251e+001 6.555553e+001 6.211041e+001 9.968197e+001 9.902170e+001 1.054300e+002 1.046142e+002 3.024327e+000 3.332033e+000 6.018704e+000 5.874901e+000 4.292310e+000 3.084610e+000 2.630945e+000 2.041186e+000
<VARIANCE> 22
 3.268246e+002 3.060700e+002 9.526980e+000 1.168986e+001 2.103849e+003 2.062405e+003 4.795608e+002 6.300480e+002 1.160643e+002 1.090816e+002 1.444375e+003 1.663636e+003 1.644176e+002 1.348764e+002 6.084937e+000 2.085365e+000 1.920246e-001 4.295414e-001 7.593167e-001 9.844108e+000 2.248055e+000 3.096319e+000
<GCONST> 1.227038e+002
<STATE> 3
<NUMMIXES> 2
<MIXTURE> 1 4.702338e-001
<MEAN> 22
 8.800333e+000 8.425408e+000 1.138101e+000 1.038467e+000 1.649278e+002 1.589248e+002 8.566531e+001 8.254031e+001 6.857493e+001 6.674050e+001 3.937638e+001 4.327813e+001 1.063442e+002 1.082924e+002 2.065238e+000 1.834551e+000 5.534307e+000 5.868588e+000 3.109824e+000 8.274127e-001 2.964974e+000 2.888452e+000
<VARIANCE> 22
 1.545553e+002 1.764220e+002 3.300596e+000 2.164982e+000 1.643488e+003 1.414994e+003 4.301614e+002 5.323411e+002 1.593361e+002 1.755397e+002 4.017117e+002 5.460309e+002 2.434095e+002 1.860641e+002 1.260217e-001 2.197643e-001 1.585256e+000 1.188107e+000 1.365561e-001 2.291583e-001 5.996109e+000 6.033133e+000
<GCONST> 1.100429e+002
<MIXTURE> 2 5.297660e-001
<MEAN> 22
 6.364816e+000 7.515060e+000 1.236214e+000 9.932730e-001 1.319854e+002 1.260463e+002 6.148218e+001 5.953817e+001 6.481709e+001 6.192218e+001 4.470148e+001 4.670277e+001 1.005327e+002 1.012534e+002 2.006700e+000 2.000000e+000 6.000000e+000 6.000000e+000 3.229588e+000 7.550679e-001 3.371405e+000 3.299746e+000
<VARIANCE> 22
 6.035087e+001 9.337921e+001 3.556291e+000 2.164982e+000 1.160589e+003 9.044806e+002 2.933266e+002 3.345036e+002 5.070317e+001 5.540310e+001 2.316637e+002 2.883853e+002 5.174139e+001 5.127429e+001 6.504287e-002 1.793315e-002 2.326111e-002 1.170389e-002 1.768773e-001 1.849419e-001 6.007239e+000 5.984643e+000
<GCONST> 8.860243e+001
<STATE> 4
<NUMMIXES> 2
<MIXTURE> 1 3.986995e-001
<MEAN> 22
 1.057253e+001 9.613074e+000 3.177794e+000 2.752199e+000 3.901482e+001 3.142738e+001 9.930737e+001 9.544915e+001 6.505439e+001 6.061521e+001 1.954025e+002 1.929565e+002 1.163653e+002 1.154700e+002 6.989946e+000 5.000000e+000 6.281351e+000 5.778818e+000 6.012990e+000 5.978789e+000 3.789121e+000 3.697626e+000
<VARIANCE> 22
 1.181928e+002 9.681723e+001 8.597424e+000 7.188123e+000 7.100202e+003 4.430306e+003 4.347963e+002 3.487045e+002 9.378065e+001 6.486874e+001 5.075758e+002 4.674826e+002 1.501440e+002 1.186053e+002 6.504287e-002 1.793315e-002 2.021902e-001 1.722624e-001 2.082488e-002 5.618803e-002 7.951110e+000 4.567330e+000
<GCONST> 1.007038e+002
<MIXTURE> 2 6.013001e-001
<MEAN> 22
 1.668222e+001 1.616588e+001 2.177922e+000 2.440571e+000 9.325036e+001 9.136874e+001 5.324578e+001 5.138259e+001 6.765714e+001 6.566903e+001 1.160787e+002 1.102864e+002 1.067458e+002 1.072825e+002 3.576476e+000 3.297717e+000 6.054804e+000 5.909596e+000 4.442923e+000 3.077633e+000 4.225012e+000 4.108217e+000
<VARIANCE> 22
 4.067839e+002 3.479137e+002 1.067588e+001 1.581359e+001 3.625222e+003 3.093061e+003 1.234969e+003 1.279016e+003 2.198587e+002 1.634356e+002 1.817478e+003 1.913821e+003 3.075722e+002 1.856888e+002 5.884773e+000 3.699745e+000 3.809307e-001 3.353162e-001 1.481731e+000 9.459949e+000 6.818382e+000 5.179875e+000
<GCONST> 1.316594e+002
<TRANSP> 5
 0.000000e+000 1.000000e+000 0.000000e+000 0.000000e+000 0.000000e+000
 0.000000e+000 8.407008e-001 1.592992e-001 0.000000e+000 0.000000e+000
 0.000000e+000 0.000000e+000 9.636300e-001 3.637002e-002 0.000000e+000
 0.000000e+000 0.000000e+000 0.000000e+000 9.192030e-001 8.079703e-002
 0.000000e+000 0.000000e+000 0.000000e+000 0.000000e+000 0.000000e+000
<ENDHMM>
~h "CP"
<BEGINHMM>
<NUMSTATES> 5
<STATE> 2
<NUMMIXES> 2
<MIXTURE> 1 7.746420e-001
<MEAN> 22
 1.374392e+001 1.211676e+001 4.111819e+000 3.500734e+000 5.413719e+001 5.495002e+001 1.056687e+002 1.056564e+002 7.517534e+001 6.982854e+001 1.834347e+002 1.875068e+002 1.240020e+002 1.201017e+002 3.889988e+000 4.606379e+000 6.664264e+000 5.479457e+000 5.349299e+000 5.528304e+000 3.240245e+000 3.136318e+000
<VARIANCE> 22
 7.183102e+002 4.779066e+002 4.969734e+002 2.847272e+002 1.437633e+003 1.615959e+003 1.344983e+003 1.452772e+003 2.024389e+002 2.091363e+002 2.328417e+003 1.323480e+003 4.640680e+002 2.579637e+002 1.152612e+001 3.281983e-001 2.272362e-001 2.496609e-001 4.134335e+000 8.647010e-001 5.365459e+000 5.375419e+000
<GCONST> 1.345676e+002
<MIXTURE> 2 2.253578e-001
<MEAN> 22
 6.833147e+000 4.256590e+000 9.974989e-001 1.054735e+000 3.144496e+002 2.304400e+002 5.888330e+001 4.707659e+001 3.466093e+001 3.217851e+001 5.067251e+001 6.273083e+001 5.141954e+001 5.281921e+001 1.091599e+000 1.651137e+000 1.338438e+000 2.622594e+000 1.284574e+000 1.476159e+000 1.436356e+000 1.708064e+000
<VARIANCE> 22
 4.046098e+002 7.948325e+001 4.343762e+000 4.702190e+000 3.264414e+004 2.109305e+004 4.806905e+003 3.680531e+003 1.468776e+003 1.209119e+003 4.330494e+003 5.548968e+003 3.003002e+003 3.020185e+003 3.287151e+000 3.709920e+000 5.906913e+000 7.558219e+000 3.207009e+000 4.936449e+000 5.199999e+000 6.135986e+000
<GCONST> 1.507970e+002
<STATE> 3
<NUMMIXES> 2
<MIXTURE> 1 5.156974e-001
<MEAN> 22
 1.175151e+001 1.107857e+001 2.868592e+000 2.970717e+000 5.075956e+001 4.166061e+001 9.199776e+001 9.590892e+001 7.322640e+001 6.817418e+001 1.831969e+002 1.857447e+002 1.222214e+002 1.208372e+002 5.653159e+000 4.727596e+000 6.493643e+000 5.403272e+000 6.008649e+000 5.748338e+000 3.613195e+000 3.427129e+000
<VARIANCE> 22
 1.113482e+002 1.085144e+002 1.005109e+001 1.089161e+001 1.485971e+003 7.305864e+002 6.495328e+002 5.526459e+002 1.275473e+002 1.148212e+002 8.074092e+002 7.148419e+002 1.739855e+002 1.415710e+002 7.545153e+000 2.324714e-001 3.081863e-001 2.645707e-001 2.509261e-001 4.324169e-001 5.218097e+000 5.131122e+000
<GCONST> 1.133084e+002
<MIXTURE> 2 4.843016e-001
<MEAN> 22
 1.075910e+001 1.123495e+001 3.098955e+000 2.990835e+000 6.844615e+001 6.093037e+001 5.852801e+001 6.227419e+001 7.230585e+001 6.821427e+001 1.158690e+002 1.180716e+002 1.036022e+002 1.035258e+002 2.869591e-001 3.729769e+000 6.797844e+000 5.188185e+000 5.145339e+000 4.746505e+000 3.384928e+000 3.120251e+000
<VARIANCE> 22
 1.187255e+002 1.091202e+002 1.539892e+001 1.315454e+001 5.758145e+002 7.950941e+002 2.836638e+002 3.679904e+002 1.350701e+002 1.744560e+002 4.053305e+002 4.690758e+002 1.010255e+002 9.897059e+001 4.526431e-001 4.720776e-001 1.629839e-001 1.527684e-001 2.149848e+000 5.533517e+000 5.251638e+000 5.065397e+000
<GCONST> 1.117578e+002
<STATE> 4
<NUMMIXES> 2
<MIXTURE> 1 6.556365e-001
<MEAN> 22
 6.864501e+000 6.807856e+000 1.838939e+000 1.995563e+000 3.062779e+001 2.927087e+001 8.573573e+001 8.635419e+001 6.289635e+001 6.002275e+001 1.782633e+002 1.791998e+002 1.118764e+002 1.119674e+002 6.995709e+000 4.999539e+000 6.240035e+000 5.665065e+000 6.001433e+000 5.984808e+000 3.886657e+000 3.716452e+000
<VARIANCE> 22
 4.405178e+001 4.411698e+001 3.900685e+000 4.694467e+000 6.641871e+002 5.064553e+002 3.319780e+002 2.985389e+002 7.455252e+001 8.318782e+001 5.040577e+002 4.782087e+002 1.079643e+002 1.035638e+002 6.504287e-002 1.793315e-002 1.824226e-001 2.227545e-001 2.082488e-002 5.618803e-002 5.574293e+000 5.775212e+000
<GCONST> 9.235450e+001
<MIXTURE> 2 3.443630e-001
<MEAN> 22
 7.152574e+000 7.143554e+000 1.256347e+000 1.175446e+000 4.858058e+001 4.530751e+001 6.099781e+001 6.243895e+001 6.162957e+001 5.928009e+001 1.364132e+002 1.379709e+002 9.956417e+001 9.901320e+001 2.825690e+000 4.378020e+000 6.587769e+000 5.358483e+000 5.899658e+000 5.947809e+000 3.287448e+000 3.112324e+000
<VARIANCE> 22
 5.073598e+001 4.610199e+001 3.300596e+000 2.204882e+000 4.340612e+002 3.479385e+002 2.952627e+002 3.732439e+002 7.010622e+001 1.006104e+002 2.737937e+002 3.218360e+002 5.013809e+001 6.154898e+001 1.149615e+001 3.521937e-001 3.023026e-001 2.546287e-001 4.020610e-001 5.289954e-001 5.272096e+000 5.114730e+000
<GCONST> 1.025740e+002
<TRANSP> 5
 0.000000e+000 1.000000e+000 0.000000e+000 0.000000e+000 0.000000e+000
 0.000000e+000 6.947467e-001 3.052532e-001 0.000000e+000 0.000000e+000
 0.000000e+000 0.000000e+000 9.230837e-001 7.691628e-002 0.000000e+000
 0.000000e+000 0.000000e+000 0.000000e+000 9.470658e-001 5.293419e-002
 0.000000e+000 0.000000e+000 0.000000e+000 0.000000e+000 0.000000e+000
<ENDHMM>
~h "CV"
<BEGINHMM>
<NUMSTATES> 5
<STATE> 2
<NUMMIXES> 2
<MIXTURE> 1 4.075844e-001
<MEAN> 22
 8.919820e+000 9.624484e+000 3.133880e+000 2.970493e+000 2.048882e+001 2.145551e+001 9.072419e+001 8.608778e+001 6.259398e+001 5.822030e+001 1.874000e+002 1.836495e+002 1.158557e+002 1.153484e+002 6.987841e+000 4.993921e+000 6.151772e+000 5.907858e+000 5.993914e+000 6.011594e+000 2.737670e+000 2.272207e+000
<VARIANCE> 22
 5.345593e+002 4.703458e+002 5.172330e+002 3.212659e+002 3.772504e+002 3.684278e+002 5.280816e+002 4.476563e+002 7.953907e+001 5.784518e+001 7.319225e+002 7.030777e+002 1.832805e+002 1.482888e+002 6.504287e-002 2.022928e-002 1.287376e-001 8.567894e-002 2.082488e-002 8.846491e-002 3.263391e+000 4.064476e+000
<GCONST> 1.060476e+002
<MIXTURE> 2 5.924157e-001
<MEAN> 22
 1.972458e+001 1.937168e+001 3.381942e+000 3.221158e+000 1.029947e+002 9.670292e+001 6.527898e+001 6.609993e+001 6.872186e+001 6.036299e+001 1.011637e+002 1.113009e+002 1.089443e+002 1.076660e+002 2.338254e+000 3.523010e+000 6.009483e+000 5.396616e+000 4.083684e+000 3.491524e+000 2.689808e+000 2.582105e+000
<VARIANCE> 22
 4.543441e+002 4.137535e+002 1.524247e+001 1.345679e+001 8.553238e+003 5.894521e+003 9.611741e+002 9.833149e+002 2.276821e+002 1.299791e+002 2.785594e+003 2.508283e+003 3.648763e+002 3.268057e+002 6.463824e+000 1.392739e+000 2.755275e+000 7.203969e-001 2.087806e+000 7.037589e+000 3.853088e+000 3.787735e+000
<GCONST> 1.353908e+002
<STATE> 3
<NUMMIXES> 2
<MIXTURE> 1 3.917128e-001
<MEAN> 22
 8.670595e+000 8.697245e+000 2.658181e+000 2.909621e+000 1.681179e+002 1.632319e+002 9.982233e+001 9.868513e+001 7.230656e+001 6.912568e+001 4.735254e+001 5.225955e+001 1.131554e+002 1.131851e+002 1.681042e+000 2.413582e+000 4.493744e+000 4.773073e+000 2.649040e+000 1.492967e+000 3.396836e+000 3.288154e+000
<VARIANCE> 22
 1.384198e+002 1.347396e+002 1.531878e+001 2.031180e+001 1.818909e+003 1.428021e+003 5.263089e+002 6.604195e+002 1.363306e+002 1.014344e+002 4.625253e+002 4.712750e+002 2.948692e+002 1.954055e+002 3.509160e-001 3.021636e-001 1.016689e+001 7.276291e-001 3.447790e-001 4.469701e-001 5.512897e+000 5.717577e+000
<GCONST> 1.176620e+002
<MIXTURE> 2 6.082860e-001
<MEAN> 22
 5.984234e+000 6.404938e+000 1.253597e+000 1.321596e+000 1.203635e+002 1.213913e+002 6.950368e+001 6.976660e+001 6.075097e+001 5.751870e+001 5.248308e+001 5.282946e+001 9.881564e+001 9.950694e+001 1.338992e+000 2.563162e+000 6.890136e+000 5.180056e+000 2.869129e+000 1.216867e+000 3.495883e+000 3.363012e+000
<VARIANCE> 22
 5.875108e+001 5.812026e+001 3.300596e+000 2.606884e+000 1.222605e+003 8.516273e+002 2.319272e+002 2.743623e+002 3.293238e+001 4.366702e+001 1.961615e+002 2.138075e+002 6.032014e+001 6.275686e+001 2.373031e-001 2.990824e-001 9.803849e-002 2.643465e-001 2.310668e-001 2.872087e-001 5.632337e+000 5.968394e+000
<GCONST> 9.629620e+001
<STATE> 4
<NUMMIXES> 2
<MIXTURE> 1 4.820621e-001
<MEAN> 22
 1.066464e+001 9.604386e+000 3.055531e+000 2.608381e+000 2.314055e+001 2.307420e+001 9.478059e+001 9.246380e+001 6.403175e+001 5.839438e+001 1.911293e+002 1.903895e+002 1.154861e+002 1.146569e+002 6.993744e+000 5.000484e+000 6.223359e+000 5.832370e+000 6.021943e+000 5.989767e+000 4.228805e+000 4.051408e+000
<VARIANCE> 22
 1.084454e+002 9.982173e+001 9.450697e+000 7.314473e+000 4.958976e+002 4.522811e+002 4.506584e+002 3.447867e+002 8.918127e+001 6.615424e+001 6.593478e+002 5.808563e+002 1.769648e+002 1.416336e+002 6.504287e-002 1.793315e-002 1.734702e-001 1.395299e-001 2.157297e-002 5.618803e-002 6.772238e+000 5.024005e+000
<GCONST> 9.623744e+001
<MIXTURE> 2 5.179375e-001
<MEAN> 22
 1.573215e+001 1.569633e+001 2.645649e+000 3.003368e+000 7.776833e+001 6.835459e+001 4.513317e+001 5.026867e+001 6.513998e+001 6.001004e+001 1.059256e+002 1.134538e+002 1.040622e+002 1.042648e+002 2.520424e+000 3.532319e+000 6.144331e+000 5.760982e+000 4.446859e+000 3.441901e+000 4.315440e+000 4.246798e+000
<VARIANCE> 22
 2.774268e+002 2.562209e+002 1.574279e+001 1.639910e+001 1.400461e+003 1.416621e+003 5.553828e+002 6.950433e+002 1.067996e+002 8.971082e+001 1.344516e+003 1.674729e+003 1.563545e+002 1.172636e+002 6.451552e+000 1.977604e+000 2.257845e-001 2.521156e-001 9.628372e-001 9.466386e+000 5.835358e+000 5.574727e+000
<GCONST> 1.235062e+002
<TRANSP> 5
 0.000000e+000 1.000000e+000 0.000000e+000 0.000000e+000 0.000000e+000
 0.000000e+000 8.451330e-001 1.548670e-001 0.000000e+000 0.000000e+000
 0.000000e+000 0.000000e+000 9.469409e-001 5.305905e-002 0.000000e+000
 0.000000e+000 0.000000e+000 0.000000e+000 9.192156e-001 8.078439e-002
 0.000000e+000 0.000000e+000 0.000000e+000 0.000000e+000 0.000000e+000
<ENDHMM>
~h "DC"
<BEGINHMM>
<NUMSTATES> 5
<STATE> 2
<NUMMIXES> 2
<MIXTURE> 1 4.208443e-001
<MEAN> 22
 9.774856e+000 9.279053e+000 3.799916e+000 3.332571e+000 4.242404e+001 4.007706e+001 8.997439e+001 8.656110e+001 6.349013e+001 5.941002e+001 1.879610e+002 1.851692e+002 1.177549e+002 1.168148e+002 6.975571e+000 4.993258e+000 6.178967e+000 5.862879e+000 5.962252e+000 6.008706e+000 2.484622e+000 2.113773e+000
<VARIANCE> 22
 8.955599e+002 6.477142e+002 8.326710e+002 5.129013e+002 1.056221e+004 6.624178e+003 6.840057e+002 4.728707e+002 9.912579e+001 6.142182e+001 8.735862e+002 7.513175e+002 2.313187e+002 1.799862e+002 1.307791e-001 1.793315e-002 1.469365e-001 1.183194e-001 8.377769e-002 1.103983e-001 3.092390e+000 3.479258e+000
<GCONST> 1.177495e+002
<MIXTURE> 2 5.791546e-001
<MEAN> 22
 1.388885e+001 1.345262e+001 2.699243e+000 2.828469e+000 1.079054e+002 9.948080e+001 4.508809e+001 4.575158e+001 6.520890e+001 6.154280e+001 1.105827e+002 1.136992e+002 1.049184e+002 1.029253e+002 2.002772e+000 3.476805e+000 6.056918e+000 5.564776e+000 4.510746e+000 4.258725e+000 2.526747e+000 1.994504e+000
<VARIANCE> 22
 1.603117e+002 1.393543e+002 1.261293e+001 1.373932e+001 1.064270e+004 7.274844e+003 6.745423e+002 7.316045e+002 2.834104e+002 2.180465e+002 1.252580e+003 1.359513e+003 6.418443e+002 5.280551e+002 6.912924e+000 2.160706e+000 1.464634e+000 1.227161e+000 1.984480e+000 9.351191e+000 2.853075e+000 3.188692e+000
<GCONST> 1.334085e+002
<STATE> 3
<NUMMIXES> 2
<MIXTURE> 1 4.900548e-001
<MEAN> 22
 1.381939e+001 1.534203e+001 2.864220e+000 3.240209e+000 1.366297e+002 1.344151e+002 6.710052e+001 6.834749e+001 6.833213e+001 6.544275e+001 5.985021e+001 6.036067e+001 9.863275e+001 9.915897e+001 1.915924e+000 2.219898e+000 5.874167e+000 5.716953e+000 3.406361e+000 8.418779e-001 2.729611e+000 2.678068e+000
<VARIANCE> 22
 2.700057e+002 3.476884e+002 2.643073e+001 3.085677e+001 2.342944e+003 1.696375e+003 6.008550e+002 6.297937e+002 1.127077e+002 1.592681e+002 5.264547e+002 5.736008e+002 1.982352e+002 2.084060e+002 5.146788e-001 5.045171e-001 8.010991e-001 7.174675e-001 3.547646e-001 1.018651e+000 5.481757e+000 5.476510e+000
<GCONST> 1.201504e+002
<MIXTURE> 2 5.099452e-001
<MEAN> 22
 8.816225e+000 9.011008e+000 1.083217e+000 1.160345e+000 1.112729e+002 1.075750e+002 3.099549e+001 3.375994e+001 6.316365e+001 6.070137e+001 7.997821e+001 8.096540e+001 9.957614e+001 1.002523e+002 2.000622e+000 2.006827e+000 6.000123e+000 6.005712e+000 4.000204e+000 2.792378e-002 2.759306e+000 2.441478e+000
<VARIANCE> 22
 1.369391e+002 1.263226e+002 3.300596e+000 2.305516e+000 4.740430e+002 5.201888e+002 1.173986e+002 1.328994e+002 6.829278e+001 8.809553e+001 1.693495e+002 1.787794e+002 9.729475e+001 9.494901e+001 6.024770e-001 8.889599e-001 2.326111e-002 1.016023e-001 2.082488e-002 5.618803e-002 5.405480e+000 5.824569e+000
<GCONST> 9.246993e+001
<STATE> 4
<NUMMIXES> 2
<MIXTURE> 1 5.527728e-001
<MEAN> 22
 9.989034e+000 9.221457e+000 3.176864e+000 2.826342e+000 2.254346e+001 2.220320e+001 9.598720e+001 9.353465e+001 6.417363e+001 5.972273e+001 1.909336e+002 1.902328e+002 1.145948e+002 1.145928e+002 6.996800e+000 5.001575e+000 6.305165e+000 5.722709e+000 6.012833e+000 5.997402e+000 4.103981e+000 3.914604e+000
<VARIANCE> 22
 8.517212e+001 8.139908e+001 8.457881e+000 7.127522e+000 3.602235e+002 3.713435e+002 3.898940e+002 3.458822e+002 9.095033e+001 7.884129e+001 5.175971e+002 4.755684e+002 1.536079e+002 1.270187e+002 6.504287e-002 1.793315e-002 2.120363e-001 2.003994e-001 2.082488e-002 5.618803e-002 7.135994e+000 4.408182e+000
<GCONST> 9.494812e+001
<MIXTURE> 2 4.472280e-001
<MEAN> 22
 1.855597e+001 1.833407e+001 2.904595e+000 2.684540e+000 7.449962e+001 6.689872e+001 3.984864e+001 4.347485e+001 6.627074e+001 6.159883e+001 1.221292e+002 1.269180e+002 1.035693e+002 1.038177e+002 3.533061e+000 4.211292e+000 6.110348e+000 5.809918e+000 4.887214e+000 5.544798e+000 4.284026e+000 4.228289e+000
<VARIANCE> 22
 3.657458e+002 3.574818e+002 2.255864e+001 1.737782e+001 1.403312e+003 1.181530e+003 5.050811e+002 4.914890e+002 1.207100e+002 1.229449e+002 7.962491e+002 8.587990e+002 1.522826e+002 1.220316e+002 8.838627e+000 2.143081e+000 1.652313e-001 2.078162e-001 6.922906e-001 6.113109e+000 7.300683e+000 4.710736e+000
<GCONST> 1.223499e+002
<TRANSP> 5
 0.000000e+000 1.000000e+000 0.000000e+000 0.000000e+000 0.000000e+000
 0.000000e+000 8.699767e-001 1.300233e-001 0.000000e+000 0.000000e+000
 0.000000e+000 0.000000e+000 9.550480e-001 4.495196e-002 0.000000e+000
 0.000000e+000 0.000000e+000 0.000000e+000 9.084269e-001 9.157307e-002
 0.000000e+000 0.000000e+000 0.000000e+000 0.000000e+000 0.000000e+000
<ENDHMM>
~h "FM"
<BEGINHMM>
<NUMSTATES> 5
<STATE> 2
<NUMMIXES> 2
<MIXTURE> 1 1.318029e-001
<MEAN> 22
 1.293274e+001 1.755109e+001 7.740228e+000 7.770041e+000 4.839718e+001 6.826495e+001 6.970071e+001 7.331628e+001 7.148193e+001 7.548785e+001 1.519967e+002 1.309463e+002 1.077765e+002 1.096630e+002 4.626190e+000 3.967000e+000 5.997128e+000 5.351221e+000 5.213004e+000 5.284302e+000 2.695438e+000 3.096303e+000
<VARIANCE> 22
 2.381964e+003 2.388422e+003 1.908513e+003 1.234007e+003 3.652238e+003 3.718356e+003 1.127319e+003 1.223796e+003 4.738256e+002 3.753936e+002 2.159010e+003 2.257221e+003 7.174015e+002 3.388271e+002 9.205426e+000 1.140542e+000 1.496965e+000 5.492609e-001 1.517442e+000 4.864189e+000 7.079924e+000 5.337832e+000
<GCONST> 1.488967e+002
<MIXTURE> 2 8.681971e-001
<MEAN> 22
 7.135746e+000 1.292884e+000 2.006046e+000 6.288887e-001 6.410796e+001 8.921930e+000 6.347104e+001 1.009488e+002 9.514071e+001 5.728851e+001 1.408081e+002 2.011194e+002 1.144453e+002 1.192530e+002 2.260418e+000 5.000000e+000 6.523439e+000 5.904313e+000 5.281987e+000 5.998955e+000 3.142690e+000 1.831358e+000
<VARIANCE> 22
 6.426547e+001 4.063125e+000 7.818218e+000 2.164982e+000 7.999684e+002 7.039246e+001 7.996650e+002 2.056494e+002 4.993737e+002 7.209356e+001 1.169793e+003 3.740552e+002 1.767011e+002 1.307387e+002 1.023579e+001 1.793315e-002 2.494506e-001 8.653042e-002 3.492798e-001 5.618803e-002 6.393419e+000 5.542648e+000
<GCONST> 9.940997e+001
<STATE> 3
<NUMMIXES> 2
<MIXTURE> 1 4.383573e-001
<MEAN> 22
 2.339866e+000 9.210430e+000 8.698060e-001 3.182006e+000 1.566348e+001 5.262215e+001 1.048536e+002 8.151164e+001 6.419820e+001 9.157742e+001 2.058492e+002 1.618730e+002 1.213799e+002 1.165514e+002 6.991041e+000 4.482017e+000 6.139967e+000 5.269930e+000 5.992496e+000 6.297143e+000 2.212933e+000 3.326817e+000
<VARIANCE> 22
 1.758913e+001 8.219939e+001 3.300596e+000 1.691975e+001 6.620139e+002 1.025537e+003 4.521172e+002 4.988067e+002 8.310593e+001 5.882985e+002 8.127223e+002 9.740454e+002 3.299791e+002 1.642002e+002 6.504287e-002 2.820804e-001 1.542114e-001 2.212433e-001 3.753114e-002 3.253951e-001 6.285223e+000 5.625232e+000
<GCONST> 1.045500e+002
<MIXTURE> 2 5.616413e-001
<MEAN> 22
 8.114619e-001 5.915676e+000 3.601959e-001 1.204287e+000 5.707652e+000 6.203195e+001 8.840002e+001 5.094651e+001 5.314236e+001 8.198214e+001 1.830071e+002 1.202302e+002 1.100867e+002 9.870667e+001 6.962914e+000 4.055671e+000 6.002519e+000 5.408176e+000 5.994463e+000 6.291762e+000 1.359024e+000 3.126569e+000
<VARIANCE> 22
 4.801632e+000 3.688105e+001 3.300596e+000 2.164982e+000 4.956259e+001 2.718788e+002 7.065305e+001 2.912377e+002 3.650369e+001 1.430756e+002 1.510790e+002 3.803333e+002 4.136757e+001 5.045351e+001 2.457790e-001 2.796004e-001 2.326111e-002 2.423034e-001 2.082488e-002 2.382859e+000 4.936076e+000 5.828941e+000
<GCONST> 8.668002e+001
<STATE> 4
<NUMMIXES> 2
<MIXTURE> 1 9.018117e-001
<MEAN> 22
 6.315985e+000 5.418797e+000 1.616919e+000 1.648522e+000 4.386362e+001 3.382515e+001 6.035796e+001 5.577508e+001 7.928753e+001 6.525481e+001 1.357847e+002 1.335593e+002 1.055161e+002 1.033605e+002 2.911474e+000 3.988949e+000 6.441382e+000 5.612099e+000 5.303107e+000 5.282581e+000 2.681165e+000 2.561150e+000
<VARIANCE> 22
 7.586555e+001 6.072790e+001 6.332078e+000 8.718067e+000 7.496000e+002 6.935662e+002 8.023206e+002 8.270755e+002 3.801828e+002 1.853787e+002 1.173135e+003 1.364469e+003 1.143602e+002 1.234728e+002 1.030342e+001 1.535097e+000 2.571162e-001 2.386292e-001 5.018736e-001 5.892659e+000 5.831544e+000 6.276016e+000
<GCONST> 1.191052e+002
<MIXTURE> 2 9.818836e-002
<MEAN> 22
 2.114536e-001 1.916301e+000 5.726879e-002 4.889875e-001 4.969779e+002 3.758194e+002 2.887149e+001 2.326000e+001 1.550595e+001 2.032273e+001 5.165448e+001 4.249540e+001 2.734261e+001 2.745017e+001 1.757711e+000 1.127754e+000 1.612334e+000 1.334804e+000 1.506607e+000 1.475771e+000 2.511014e-001 8.986785e-001
<VARIANCE> 22
 4.801632e+000 2.215611e+001 3.300596e+000 2.164982e+000 3.248393e+003 8.365381e+002 2.487267e+003 1.708870e+003 7.176953e+002 1.294395e+003 7.958741e+003 5.511315e+003 2.230314e+003 2.248536e+003 9.214421e+000 3.855946e+000 7.814461e+000 5.368105e+000 6.769802e+000 6.522508e+000 1.007429e+000 3.844356e+000
<GCONST> 1.363595e+002
<TRANSP> 5
 0.000000e+000 1.000000e+000 0.000000e+000 0.000000e+000 0.000000e+000
 0.000000e+000 8.890970e-001 1.109030e-001 0.000000e+000 0.000000e+000
 0.000000e+000 0.000000e+000 9.556197e-001 4.438033e-002 0.000000e+000
 0.000000e+000 0.000000e+000 0.000000e+000 8.369295e-001 1.630705e-001
 0.000000e+000 0.000000e+000 0.000000e+000 0.000000e+000 0.000000e+000
<ENDHMM>
~h "FN"
<BEGINHMM>
<NUMSTATES> 5
<STATE> 2
<NUMMIXES> 2
<MIXTURE> 1 5.591769e-001
<MEAN> 22
 1.746576e+001 4.031805e+000 6.463858e+000 3.066958e+000 1.696180e+002 1.359725e+001 1.128270e+002 1.024184e+002 8.328744e+001 6.044064e+001 5.074795e+001 2.034278e+002 1.035882e+002 1.208152e+002 1.917390e+000 4.980659e+000 3.093201e+000 5.856422e+000 3.086404e+000 5.964828e+000 3.869071e+000 2.070117e+000
<VARIANCE> 22
 1.603715e+003 9.077695e+002 1.216068e+003 7.089418e+002 3.101981e+003 3.086599e+002 1.170031e+003 2.494191e+002 1.945751e+002 6.543749e+001 2.251406e+003 5.916948e+002 3.831253e+002 1.158727e+002 1.249732e+000 5.064840e-002 8.351287e+000 1.370435e-001 9.688705e-001 1.606009e-001 6.163256e+000 6.050725e+000
<GCONST> 1.280359e+002
<MIXTURE> 2 4.408227e-001
<MEAN> 22
 4.515476e+000 1.088469e+001 1.499752e+000 2.781133e+000 1.244924e+002 1.541311e+002 8.547134e+001 9.086128e+001 6.628701e+001 6.467448e+001 1.556554e+002 9.391923e+001 1.011304e+002 9.904175e+001 4.618024e+000 3.055296e+000 5.521066e+000 4.566319e+000 5.078396e+000 2.893813e+000 2.305119e+000 2.626612e+000
<VARIANCE> 22
 7.189435e+001 2.340009e+002 1.077015e+001 1.525191e+001 3.622713e+004 1.835281e+004 1.856863e+003 1.625352e+003 6.293508e+002 5.237654e+002 5.271608e+003 6.100318e+003 1.749211e+003 1.107099e+003 8.896252e+000 2.595219e+000 3.978199e+000 3.054328e+000 3.042971e+000 6.264482e+000 6.125669e+000 5.398269e+000
<GCONST> 1.470518e+002
<STATE> 3
<NUMMIXES> 2
<MIXTURE> 1 4.765912e-001
<MEAN> 22
 2.327384e+000 1.769770e+001 7.737823e-001 3.687155e+000 1.073221e+001 8.019706e+001 9.619286e+001 7.866367e+001 6.014733e+001 6.713342e+001 1.945127e+002 1.248106e+002 1.158338e+002 1.084152e+002 6.992821e+000 3.896963e+000 6.150012e+000 5.426859e+000 5.995125e+000 4.060976e+000 2.167479e+000 3.885037e+000
<VARIANCE> 22
 1.864601e+001 3.134854e+002 3.300596e+000 2.267424e+001 2.166573e+002 3.758898e+003 2.985405e+002 1.195822e+003 7.067262e+001 1.986992e+002 4.875752e+002 3.473957e+003 1.483611e+002 1.675328e+002 6.504287e-002 1.411761e+000 1.375529e-001 6.784946e-001 2.082488e-002 6.835106e+000 6.330433e+000 5.268605e+000
<GCONST> 1.106290e+002
<MIXTURE> 2 5.234092e-001
<MEAN> 22
 8.763596e-001 8.937261e+000 4.628133e-001 2.518292e+000 7.126636e+000 1.724467e+002 8.866309e+001 1.085041e+002 5.675624e+001 6.680365e+001 1.860313e+002 2.604515e+001 1.105846e+002 9.415657e+001 6.953272e+000 2.034772e+000 6.000925e+000 4.205303e+000 5.973248e+000 1.273615e+000 1.317545e+000 3.107200e+000
<VARIANCE> 22
 4.801632e+000 1.053066e+002 3.300596e+000 1.033641e+001 3.032962e+002 1.143545e+003 1.841297e+002 4.934036e+002 4.218236e+001 1.117034e+002 4.831678e+002 2.840395e+002 1.213176e+002 2.162347e+002 2.226528e-001 6.025245e-002 2.326111e-002 1.429154e+000 6.902431e-002 2.966070e-001 4.625648e+000 5.422082e+000
<GCONST> 9.644278e+001
<STATE> 4
<NUMMIXES> 2
<MIXTURE> 1 6.692787e-001
<MEAN> 22
 1.035311e+001 2.419609e+000 2.753124e+000 8.931887e-001 1.003627e+002 2.066068e+001 1.021339e+002 9.681424e+001 7.146484e+001 5.641862e+001 1.101086e+002 1.966371e+002 1.062689e+002 1.172635e+002 3.711864e+000 4.998135e+000 4.716972e+000 5.808342e+000 4.214391e+000 5.988287e+000 3.407858e+000 2.108800e+000
<VARIANCE> 22
 1.647164e+002 1.520371e+001 1.344715e+001 2.164982e+000 5.461195e+003 8.983564e+002 1.248891e+003 2.562056e+002 1.948699e+002 7.352342e+001 6.754546e+003 4.590316e+002 4.468098e+002 1.519715e+002 7.175661e+000 1.793315e-002 6.771331e+000 1.549241e-001 2.920725e+000 5.618803e-002 6.051625e+000 5.993320e+000
<GCONST> 1.151363e+002
<MIXTURE> 2 3.307211e-001
<MEAN> 22
 7.065160e+000 7.082838e+000 1.825186e+000 1.705884e+000 5.152882e+001 4.303662e+001 5.619108e+001 4.078571e+001 6.476853e+001 5.669800e+001 8.076708e+001 1.005509e+002 9.865476e+001 1.001043e+002 2.851358e+000 3.078107e+000 5.599019e+000 5.661468e+000 3.876003e+000 2.913697e+000 2.833081e+000 2.617316e+000
<VARIANCE> 22
 1.342517e+002 2.005902e+002 1.059443e+001 7.768301e+000 1.526079e+003 1.675740e+003 1.299485e+003 5.847476e+002 8.559676e+001 4.549955e+001 2.276361e+003 1.137262e+003 1.505292e+002 9.578575e+001 4.129797e+000 2.537001e+000 2.908647e+000 7.748877e-001 9.237796e-001 1.013108e+001 6.399036e+000 6.261875e+000
<GCONST> 1.250392e+002
<TRANSP> 5
 0.000000e+000 1.000000e+000 0.000000e+000 0.000000e+000 0.000000e+000
 0.000000e+000 8.159609e-001 1.840391e-001 0.000000e+000 0.000000e+000
 0.000000e+000 0.000000e+000 9.552369e-001 4.476313e-002 0.000000e+000
 0.000000e+000 0.000000e+000 0.000000e+000 9.059056e-001 9.409438e-002
 0.000000e+000 0.000000e+000 0.000000e+000 0.000000e+000 0.000000e+000
<ENDHMM>
~h "FU"
<BEGINHMM>
<NUMSTATES> 5
<STATE> 2
<NUMMIXES> 2
<MIXTURE> 1 8.054694e-001
<MEAN> 22
 9.846256e+000 1.312234e+000 2.365280e+000 6.944981e-001 1.380184e+002 1.889574e+001 1.027328e+002 9.420406e+001 6.509837e+001 5.468073e+001 5.158285e+001 1.916812e+002 9.893515e+001 1.126430e+002 2.544432e+000 5.000000e+000 3.295298e+000 5.848841e+000 3.241667e+000 5.996480e+000 3.226274e+000 1.949117e+000
<VARIANCE> 22
 2.437949e+002 4.063125e+000 1.030917e+001 2.164982e+000 4.880046e+003 7.360981e+002 9.696340e+002 1.754423e+002 1.994254e+002 5.460491e+001 3.169006e+003 3.220392e+002 2.182324e+002 1.351942e+002 3.220282e+000 1.793315e-002 7.841047e+000 1.283115e-001 1.449587e+000 5.618803e-002 6.258837e+000 5.676702e+000
<GCONST> 1.092162e+002
<MIXTURE> 2 1.945310e-001
<MEAN> 22
 8.595088e+000 9.197264e+000 2.825020e+000 2.328491e+000 5.545403e+001 5.628812e+001 7.909142e+001 5.821291e+001 6.250834e+001 5.719452e+001 8.921471e+001 1.144191e+002 9.883539e+001 1.003757e+002 3.399995e+000 3.627676e+000 5.213428e+000 5.526389e+000 4.080605e+000 4.096665e+000 2.910144e+000 2.835418e+000
<VARIANCE> 22
 1.901594e+002 1.466205e+002 2.928216e+001 1.270860e+001 3.003525e+003 2.939286e+003 1.451439e+003 9.139843e+002 1.319219e+002 9.412413e+001 4.192512e+003 2.305539e+003 2.619229e+002 1.448132e+002 5.778899e+000 2.078131e+000 4.279040e+000 6.018599e-001 1.952596e+000 7.689849e+000 5.922186e+000 5.167367e+000
<GCONST> 1.322961e+002
<STATE> 3
<NUMMIXES> 2
<MIXTURE> 1 4.332969e-001
<MEAN> 22
 2.143042e+000 1.883461e+001 7.015896e-001 3.382185e+000 7.664927e+000 1.378879e+002 1.025735e+002 9.138820e+001 6.229786e+001 6.955787e+001 2.046659e+002 7.295576e+001 1.213052e+002 1.072693e+002 6.998035e+000 2.909486e+000 6.153278e+000 4.869409e+000 5.998919e+000 2.615961e+000 2.036155e+000 3.231740e+000
<VARIANCE> 22
 2.235785e+001 3.702811e+002 3.300596e+000 1.477528e+001 9.904521e+001 5.761564e+003 3.932781e+002 1.684418e+003 8.813400e+001 1.779363e+002 7.863797e+002 3.262670e+003 2.720877e+002 1.809013e+002 6.504287e-002 1.472102e+000 1.297842e-001 1.526255e+000 2.082488e-002 5.821059e+000 6.279667e+000 5.634670e+000
<GCONST> 1.127132e+002
<MIXTURE> 2 5.667031e-001
<MEAN> 22
 9.758388e-001 3.756762e+000 5.251915e-001 1.285299e+000 7.636894e+000 1.626996e+002 8.247490e+001 1.033368e+002 5.246223e+001 5.790677e+001 1.745570e+002 2.029889e+001 1.043428e+002 8.944419e+001 6.933616e+000 2.034196e+000 6.015276e+000 4.150009e+000 5.961666e+000 1.305216e+000 1.381866e+000 2.629152e+000
<VARIANCE> 22
 4.801632e+000 3.194021e+001 3.300596e+000 2.436624e+000 4.402424e+002 7.643745e+002 8.810206e+001 2.250164e+002 3.534580e+001 9.515460e+001 3.106985e+002 3.277124e+002 6.011310e+001 7.090945e+001 3.574571e-001 9.162537e-002 6.462363e-002 2.211289e+000 1.104854e-001 4.188349e-001 4.875522e+000 6.680177e+000
<GCONST> 9.322700e+001
<STATE> 4
<NUMMIXES> 2
<MIXTURE> 1 6.881935e-001
<MEAN> 22
 4.560497e+000 1.120153e+001 2.006580e+000 3.292055e+000 1.523101e+001 2.408198e+001 9.818502e+001 9.043954e+001 6.073307e+001 5.801654e+001 1.963013e+002 1.881035e+002 1.168354e+002 1.136415e+002 6.992821e+000 5.001050e+000 6.119369e+000 5.832655e+000 5.998914e+000 6.003739e+000 2.880944e+000 3.657957e+000
<VARIANCE> 22
 2.291349e+002 3.222316e+002 1.603814e+002 1.057918e+002 1.686156e+002 4.763115e+002 2.547546e+002 3.032675e+002 7.669800e+001 8.446600e+001 4.115066e+002 4.890218e+002 1.400509e+002 1.224084e+002 6.504287e-002 1.793315e-002 1.051205e-001 1.393394e-001 2.082488e-002 5.618803e-002 6.683408e+000 5.500325e+000
<GCONST> 1.005448e+002
<MIXTURE> 2 3.118063e-001
<MEAN> 22
 6.097062e+000 7.581099e+000 1.410966e+000 3.013748e+000 2.224819e+002 1.879183e+002 6.443114e+001 6.392804e+001 5.146692e+001 5.233004e+001 1.175238e+002 9.106096e+001 8.331015e+001 7.440372e+001 3.791633e+000 2.977922e+000 4.482076e+000 3.913733e+000 4.004811e+000 3.396166e+000 2.221304e+000 2.219112e+000
<VARIANCE> 22
 1.499425e+002 2.188721e+002 7.620346e+000 5.890421e+001 4.453535e+004 2.338943e+004 2.258170e+003 2.530455e+003 9.584167e+002 1.118991e+003 7.663180e+003 6.135638e+003 2.549763e+003 2.315839e+003 9.350221e+000 4.677282e+000 6.979198e+000 5.903522e+000 5.818793e+000 8.264627e+000 6.767845e+000 6.346428e+000
<GCONST> 1.555339e+002
<TRANSP> 5
 0.000000e+000 1.000000e+000 0.000000e+000 0.000000e+000 0.000000e+000
 0.000000e+000 9.246731e-001 7.532693e-002 0.000000e+000 0.000000e+000
 0.000000e+000 0.000000e+000 9.467819e-001 5.321811e-002 0.000000e+000
 0.000000e+000 0.000000e+000 0.000000e+000 8.349641e-001 1.650359e-001
 0.000000e+000 0.000000e+000 0.000000e+000 0.000000e+000 0.000000e+000
<ENDHMM>
~h "MC"
<BEGINHMM>
<NUMSTATES> 5
<STATE> 2
<NUMMIXES> 2
<MIXTURE> 1 9.548762e-002
<MEAN> 22
 1.829586e+001 2.193804e+001 1.141565e+001 9.662551e+000 1.491472e+002 1.682981e+002 1.121331e+002 6.039553e+001 7.432995e+001 7.812790e+001 1.906431e+002 1.128722e+002 1.288802e+002 1.163044e+002 5.434011e+000 3.197903e+000 6.135417e+000 5.748750e+000 5.289810e+000 2.901524e+000 2.283938e+000 2.937358e+000
<VARIANCE> 22
 2.879447e+003 2.210084e+003 2.548589e+003 1.493145e+003 4.616248e+004 2.040822e+004 2.068319e+003 1.004831e+003 2.682664e+002 2.021393e+002 8.321787e+003 2.814040e+003 1.553270e+003 5.400133e+002 5.450337e+000 1.426392e+000 1.211779e+000 4.467945e-001 1.279440e+000 8.922960e+000 6.011921e+000 5.291268e+000
<GCONST> 1.553038e+002
<MIXTURE> 2 9.045129e-001
<MEAN> 22
 5.669161e+000 6.995949e+000 1.542413e+000 2.097248e+000 4.840842e+001 5.657853e+001 6.100847e+001 5.027626e+001 7.111056e+001 6.622549e+001 1.139437e+002 1.084743e+002 1.015288e+002 1.012600e+002 3.641378e+000 3.415696e+000 6.185368e+000 5.726627e+000 4.756282e+000 3.782031e+000 2.887816e+000 2.728104e+000
<VARIANCE> 22
 5.416858e+001 7.408291e+001 3.882036e+000 7.606477e+000 1.241910e+003 1.706673e+003 7.217037e+002 7.451756e+002 2.136283e+002 2.416877e+002 2.845969e+003 1.860670e+003 1.477217e+002 1.244539e+002 7.832251e+000 1.689694e+000 2.597129e-001 2.133820e-001 1.404088e+000 9.691261e+000 6.084023e+000 5.592846e+000
<GCONST> 1.218591e+002
<STATE> 3
<NUMMIXES> 2
<MIXTURE> 1 2.832787e-001
<MEAN> 22
 2.627097e+000 1.399454e+001 7.822381e-001 4.336187e+000 1.063614e+001 1.135971e+002 1.090083e+002 7.906934e+001 6.592123e+001 9.170188e+001 2.124607e+002 1.056806e+002 1.262623e+002 1.135138e+002 6.884657e+000 3.365978e+000 6.184778e+000 5.339713e+000 5.967115e+000 2.647913e+000 2.182343e+000 3.455036e+000
<VARIANCE> 22
 2.144649e+001 1.648703e+002 3.300596e+000 2.420767e+001 4.127858e+002 4.159044e+003 3.552909e+002 1.291873e+003 5.957452e+001 6.680063e+002 6.649642e+002 3.270970e+003 1.554137e+002 1.365016e+002 6.358752e-001 1.418192e+000 1.667450e-001 5.509908e-001 7.629015e-002 8.099316e+000 6.081617e+000 5.184388e+000
<GCONST> 1.160029e+002
<MIXTURE> 2 7.167209e-001
<MEAN> 22
 1.045893e+000 8.272476e+000 5.917416e-001 2.370271e+000 6.067598e+000 1.011702e+002 8.696546e+001 5.141723e+001 5.296711e+001 7.622494e+001 1.806497e+002 7.708572e+001 1.077618e+002 9.333981e+001 6.999999e+000 2.904100e+000 6.002121e+000 5.739480e+000 6.000000e+000 2.154750e+000 1.662037e+000 3.161877e+000
<VARIANCE> 22
 4.801632e+000 5.934575e+001 3.300596e+000 6.408931e+000 4.956259e+001 1.256536e+003 8.384602e+001 4.283732e+002 4.411274e+001 2.449669e+002 1.477371e+002 1.324284e+003 5.073040e+001 1.676166e+002 6.504287e-002 1.091811e+000 2.326111e-002 2.345146e-001 2.082488e-002 8.426182e+000 5.544788e+000 5.086240e+000
<GCONST> 9.492895e+001
<STATE> 4
<NUMMIXES> 2
<MIXTURE> 1 9.409488e-001
<MEAN> 22
 8.769297e+000 2.700933e+000 2.745078e+000 1.014321e+000 8.165076e+001 1.431355e+001 6.496910e+001 9.771430e+001 7.602731e+001 5.608965e+001 1.202528e+002 1.962517e+002 1.098348e+002 1.161645e+002 3.248886e+000 5.000000e+000 6.262668e+000 5.804375e+000 4.630893e+000 5.994591e+000 3.273196e+000 2.594521e+000
<VARIANCE> 22
 7.992761e+001 1.466265e+001 1.250547e+001 2.164982e+000 2.712524e+003 1.950954e+002 8.694902e+002 2.512784e+002 4.631454e+002 5.676398e+001 3.331000e+003 4.319709e+002 2.687395e+002 1.255032e+002 7.972031e+000 1.793315e-002 2.154922e-001 1.573521e-001 1.321368e+000 5.618803e-002 5.905756e+000 6.243955e+000
<GCONST> 1.067322e+002
<MIXTURE> 2 5.905112e-002
<MEAN> 22
 4.408922e+000 2.649478e+001 1.170604e+000 4.595469e+000 1.215369e+002 1.187686e+002 6.713743e+001 7.000938e+001 6.127510e+001 5.556381e+001 1.310939e+002 1.183727e+002 9.892542e+001 9.521258e+001 3.816520e+000 3.270458e+000 5.194157e+000 4.529572e+000 4.324885e+000 3.867211e+000 1.893011e+000 3.146222e+000
<VARIANCE> 22
 8.253230e+001 2.984589e+003 4.899527e+000 3.796069e+001 2.823929e+004 1.658986e+004 2.034323e+003 2.246316e+003 1.073467e+003 7.274822e+002 6.583619e+003 6.512790e+003 2.243552e+003 2.072399e+003 1.014574e+001 3.592122e+000 6.035978e+000 4.784353e+000 4.820097e+000 7.863298e+000 5.506017e+000 6.460357e+000
<GCONST> 1.540332e+002
<TRANSP> 5
 0.000000e+000 1.000000e+000 0.000000e+000 0.000000e+000 0.000000e+000
 0.000000e+000 8.745501e-001 1.254499e-001 0.000000e+000 0.000000e+000
 0.000000e+000 0.000000e+000 9.591480e-001 4.085201e-002 0.000000e+000
 0.000000e+000 0.000000e+000 0.000000e+000 9.009965e-001 9.900349e-002
 0.000000e+000 0.000000e+000 0.000000e+000 0.000000e+000 0.000000e+000
<ENDHMM>
~h "NU"
<BEGINHMM>
<NUMSTATES> 5
<STATE> 2
<NUMMIXES> 2
<MIXTURE> 1 8.052907e-001
<MEAN> 22
 8.166800e+000 1.181683e+001 2.995978e+000 2.926468e+000 9.664891e+001 8.856203e+001 9.536067e+001 8.257905e+001 7.166348e+001 6.363520e+001 1.651860e+002 1.460188e+002 1.135657e+002 1.156247e+002 5.079286e+000 4.085358e+000 5.905705e+000 5.570647e+000 5.143194e+000 4.224139e+000 2.677185e+000 2.525289e+000
<VARIANCE> 22
 6.173494e+002 1.120924e+003 4.397228e+002 2.792404e+002 2.102373e+004 1.302250e+004 1.428597e+003 9.456080e+002 2.249686e+002 1.247076e+002 4.332695e+003 3.697181e+003 9.186760e+002 2.534695e+002 7.441627e+000 1.297991e+000 2.505737e+000 3.831084e-001 2.220482e+000 6.027449e+000 6.116042e+000 5.068391e+000
<GCONST> 1.465874e+002
<MIXTURE> 2 1.947093e-001
<MEAN> 22
 0.000000e+000 0.000000e+000 0.000000e+000 0.000000e+000 5.315967e+002 4.080165e+002 0.000000e+000 0.000000e+000 0.000000e+000 0.000000e+000 0.000000e+000 0.000000e+000 0.000000e+000 0.000000e+000 0.000000e+000 0.000000e+000 0.000000e+000 0.000000e+000 0.000000e+000 0.000000e+000 0.000000e+000 0.000000e+000
<VARIANCE> 22
 4.801632e+000 4.063125e+000 3.300596e+000 2.164982e+000 3.309071e+003 2.711511e+003 9.838196e+000 1.115232e+001 2.936353e+000 3.516743e+000 3.745900e+001 4.440890e+001 4.184655e+000 3.870682e+000 6.504287e-002 1.793315e-002 2.326111e-002 1.170389e-002 2.082488e-002 5.618803e-002 6.153807e-002 6.060927e-002
<GCONST> 5.130988e+001
<STATE> 3
<NUMMIXES> 2
<MIXTURE> 1 5.621530e-001
<MEAN> 22
 1.397108e+000 1.342097e+001 5.091207e-001 3.326386e+000 7.048479e+000 8.731715e+001 9.855132e+001 7.306449e+001 6.032162e+001 6.666285e+001 1.987789e+002 1.152039e+002 1.181734e+002 1.097049e+002 6.999000e+000 3.757701e+000 6.083796e+000 5.398008e+000 6.000000e+000 3.821849e+000 1.691903e+000 3.478280e+000
<VARIANCE> 22
 8.219519e+000 1.677516e+002 3.300596e+000 1.391907e+001 5.438502e+001 3.342686e+003 2.763199e+002 9.333830e+002 6.609749e+001 1.583658e+002 5.491106e+002 2.572621e+003 2.001900e+002 1.721245e+002 6.504287e-002 1.100127e+000 7.677384e-002 4.248310e-001 2.082488e-002 6.748935e+000 5.570247e+000 5.030555e+000
<GCONST> 1.052357e+002
<MIXTURE> 2 4.378467e-001
<MEAN> 22
 7.941739e-001 2.403933e+000 3.995457e-001 1.094559e+000 1.139739e+001 1.123109e+002 8.553230e+001 6.725674e+001 5.522015e+001 6.126851e+001 1.778832e+002 6.657073e+001 1.070250e+002 9.779057e+001 6.894190e+000 2.759844e+000 6.070268e+000 5.177168e+000 5.939259e+000 1.269926e+000 1.213412e+000 2.818521e+000
<VARIANCE> 22
 4.801632e+000 6.952400e+000 3.300596e+000 2.164982e+000 7.732849e+002 9.156464e+002 1.615368e+002 4.320514e+002 4.496499e+001 6.892414e+001 4.092646e+002 6.074205e+002 6.413175e+001 9.787054e+001 6.007241e-001 2.701707e-001 1.063972e-001 3.196754e-001 1.658832e-001 9.545388e-001 4.431934e+000 6.169790e+000
<GCONST> 9.600462e+001
<STATE> 4
<NUMMIXES> 2
<MIXTURE> 1 5.486766e-001
<MEAN> 22
 8.234118e+000 3.684092e+000 2.446434e+000 1.273752e+000 7.414365e+001 1.368818e+001 8.272823e+001 9.780624e+001 6.979194e+001 5.620126e+001 1.367212e+002 1.971147e+002 1.137799e+002 1.170208e+002 3.953126e+000 5.000000e+000 6.512781e+000 5.908134e+000 4.642597e+000 5.996283e+000 3.297106e+000 2.565533e+000
<VARIANCE> 22
 9.921105e+001 2.906823e+001 9.622948e+000 3.202441e+000 3.054354e+003 2.086596e+002 7.092810e+002 2.548945e+002 2.318323e+002 6.241458e+001 3.815103e+003 4.193195e+002 2.323142e+002 1.238165e+002 9.206308e+000 1.793315e-002 2.536893e-001 8.342808e-002 2.693450e+000 5.618803e-002 6.223893e+000 6.362632e+000
<GCONST> 1.075644e+002
<MIXTURE> 2 4.513227e-001
<MEAN> 22
 4.782941e+000 5.970122e+000 1.367461e+000 2.039311e+000 6.076652e+001 6.608991e+001 6.161075e+001 5.787913e+001 6.737886e+001 5.677427e+001 9.601993e+001 9.949153e+001 1.021584e+002 9.987888e+001 2.320172e+000 3.164527e+000 5.924080e+000 5.426543e+000 3.979078e+000 2.828365e+000 2.651629e+000 2.779913e+000
<VARIANCE> 22
 5.543834e+001 9.348682e+001 4.077453e+000 1.167271e+001 2.698522e+003 2.707399e+003 1.208154e+003 9.968083e+002 1.431058e+002 5.573525e+001 2.305336e+003 1.627025e+003 1.206187e+002 1.440908e+002 5.118914e+000 1.447253e+000 3.216040e+000 3.933092e-001 1.871895e+000 7.154938e+000 6.212470e+000 6.296181e+000
<GCONST> 1.250383e+002
<TRANSP> 5
 0.000000e+000 1.000000e+000 0.000000e+000 0.000000e+000 0.000000e+000
 0.000000e+000 7.035292e-001 2.964708e-001 0.000000e+000 0.000000e+000
 0.000000e+000 0.000000e+000 9.480216e-001 5.197836e-002 0.000000e+000
 0.000000e+000 0.000000e+000 0.000000e+000 9.214212e-001 7.857884e-002
 0.000000e+000 0.000000e+000 0.000000e+000 0.000000e+000 0.000000e+000
<ENDHMM>
~h "OK"
<BEGINHMM>
<NUMSTATES> 5
<STATE> 2
<NUMMIXES> 2
<MIXTURE> 1 6.616654e-001
<MEAN> 22
 1.492749e+001 3.034372e+000 4.444268e+000 1.472268e+000 1.234845e+002 1.698481e+001 1.029082e+002 9.671604e+001 7.852150e+001 5.393651e+001 8.206320e+001 1.991821e+002 1.085479e+002 1.176769e+002 2.366316e+000 4.997851e+000 4.445869e+000 5.905355e+000 3.421805e+000 5.994611e+000 3.509746e+000 2.226854e+000
<VARIANCE> 22
 5.377340e+002 2.284154e+002 2.738907e+002 1.563796e+002 4.338024e+003 4.612529e+002 9.366395e+002 2.195966e+002 2.529185e+002 6.065327e+001 3.696875e+003 3.763871e+002 3.625769e+002 1.268588e+002 5.184958e+000 1.793315e-002 9.562844e+000 8.568926e-002 2.355309e+000 5.618803e-002 5.899888e+000 5.978694e+000
<GCONST> 1.230467e+002
<MIXTURE> 2 3.383344e-001
<MEAN> 22
 8.634897e+000 7.193223e+000 2.013890e+000 1.926541e+000 5.322864e+001 5.917709e+001 7.415451e+001 5.162385e+001 6.950808e+001 6.027666e+001 9.256579e+001 9.901881e+001 9.918878e+001 1.010625e+002 2.766673e+000 3.213426e+000 4.794717e+000 5.500933e+000 3.952308e+000 3.590728e+000 3.016228e+000 2.581841e+000
<VARIANCE> 22
 1.770056e+002 1.566632e+002 1.574007e+001 1.502067e+001 2.002859e+003 3.207808e+003 1.796373e+003 1.030384e+003 1.367234e+002 1.125119e+002 2.844079e+003 1.458344e+003 3.546169e+002 1.379215e+002 5.306740e+000 1.583501e+000 6.697376e+000 6.380293e-001 2.178744e+000 9.003319e+000 6.543043e+000 5.976680e+000
<GCONST> 1.321365e+002
<STATE> 3
<NUMMIXES> 2
<MIXTURE> 1 5.000115e-001
<MEAN> 22
 2.237323e+000 1.999729e+001 7.590669e-001 4.190326e+000 1.012119e+001 9.828075e+001 1.009287e+002 8.900606e+001 6.160202e+001 7.441460e+001 2.024593e+002 1.165356e+002 1.203504e+002 1.124181e+002 6.998154e+000 3.758847e+000 6.128255e+000 5.129975e+000 5.998938e+000 3.906341e+000 2.130692e+000 3.782933e+000
<VARIANCE> 22
 2.047796e+001 3.892958e+002 3.300596e+000 2.087903e+001 2.145134e+002 5.566346e+003 3.804969e+002 1.274351e+003 8.580499e+001 2.910551e+002 7.259155e+002 3.215280e+003 2.574633e+002 1.927649e+002 6.504287e-002 1.231119e+000 1.125346e-001 6.282892e-001 2.082488e-002 6.112698e+000 6.420085e+000 5.201358e+000
<GCONST> 1.126085e+002
<MIXTURE> 2 4.999886e-001
<MEAN> 22
 9.898912e-001 6.463435e+000 6.342105e-001 2.119711e+000 7.881321e+000 1.454158e+002 8.471645e+001 9.733387e+001 5.248388e+001 6.822383e+001 1.812042e+002 4.617164e+001 1.087956e+002 9.707716e+001 6.937279e+000 2.449159e+000 6.014748e+000 4.519542e+000 5.978117e+000 1.536170e+000 1.576889e+000 3.142931e+000
<VARIANCE> 22
 4.801632e+000 6.825274e+001 3.300596e+000 6.628755e+000 3.714551e+002 1.087014e+003 8.965604e+001 4.821311e+002 3.753510e+001 8.239865e+001 2.253391e+002 3.202906e+002 5.103043e+001 8.171329e+001 3.637291e-001 2.853353e-001 4.517443e-002 4.350292e-001 6.591018e-002 4.243110e-001 5.392728e+000 5.888293e+000
<GCONST> 9.413939e+001
<STATE> 4
<NUMMIXES> 2
<MIXTURE> 1 8.840662e-001
<MEAN> 22
 5.915720e+000 4.766872e+000 1.874380e+000 1.592142e+000 3.956931e+001 2.851927e+001 9.354276e+001 9.310848e+001 6.314869e+001 5.591536e+001 1.791809e+002 1.924665e+002 1.148005e+002 1.156536e+002 6.158170e+000 4.999064e+000 6.220961e+000 5.875741e+000 5.607217e+000 6.000025e+000 2.858039e+000 2.917763e+000
<VARIANCE> 22
 8.102399e+001 5.455104e+001 7.113576e+000 4.705799e+000 2.143838e+003 1.090099e+003 4.107529e+002 1.873529e+002 9.329879e+001 6.049020e+001 2.222318e+003 3.342335e+002 1.641678e+002 9.506370e+001 4.408368e+000 1.793315e-002 1.721357e-001 1.088201e-001 1.367060e+000 5.618803e-002 6.084440e+000 6.423074e+000
<GCONST> 1.046493e+002
<MIXTURE> 2 1.159339e-001
<MEAN> 22
 2.833084e+000 2.238085e+000 1.180881e+000 8.177084e-001 2.847080e+002 2.027253e+002 5.264266e+001 3.169042e+001 3.600295e+001 2.921251e+001 3.520682e+001 7.593419e+001 4.915224e+001 5.460708e+001 1.318706e+000 2.355099e+000 1.066376e+000 3.102150e+000 1.618635e+000 2.963476e+000 1.605585e+000 1.512938e+000
<VARIANCE> 22
 3.376333e+001 3.502607e+001 7.432010e+000 5.468970e+000 4.632839e+004 3.386777e+004 3.053482e+003 1.208503e+003 1.174063e+003 7.780516e+002 2.653405e+003 5.731844e+003 2.212825e+003 2.621657e+003 3.345250e+000 5.419302e+000 5.022162e+000 8.459846e+000 3.396114e+000 9.603211e+000 5.125263e+000 5.071328e+000
<GCONST> 1.467338e+002
<TRANSP> 5
 0.000000e+000 1.000000e+000 0.000000e+000 0.000000e+000 0.000000e+000
 0.000000e+000 8.949877e-001 1.050123e-001 0.000000e+000 0.000000e+000
 0.000000e+000 0.000000e+000 9.312367e-001 6.876334e-002 0.000000e+000
 0.000000e+000 0.000000e+000 0.000000e+000 8.486780e-001 1.513220e-001
 0.000000e+000 0.000000e+000 0.000000e+000 0.000000e+000 0.000000e+000
<ENDHMM>
~h "PF"
<BEGINHMM>
<NUMSTATES> 5
<STATE> 2
<NUMMIXES> 2
<MIXTURE> 1 3.200636e-001
<MEAN> 22
 1.048001e+001 1.309690e+001 7.186297e+000 7.271374e+000 1.716825e+002 1.409261e+002 1.010056e+002 9.226034e+001 6.316545e+001 6.309795e+001 1.987410e+002 1.868210e+002 1.153990e+002 1.162848e+002 6.986639e+000 4.949256e+000 6.131295e+000 5.790864e+000 5.982870e+000 6.015996e+000 2.448136e+000 2.444823e+000
<VARIANCE> 22
 2.982079e+003 2.423048e+003 2.586614e+003 1.719131e+003 4.957237e+004 3.061457e+004 2.894900e+002 5.882595e+002 4.480802e+001 1.110264e+002 5.127623e+002 9.750054e+002 1.121020e+002 1.380585e+002 6.662358e-002 1.509892e-001 1.140560e-001 1.974634e-001 5.225185e-002 3.129944e-001 6.365060e+000 5.764009e+000
<GCONST> 1.270980e+002
<MIXTURE> 2 6.799363e-001
<MEAN> 22
 7.078723e+000 1.059597e+001 2.136986e+000 2.876134e+000 1.101663e+002 1.621955e+002 8.283167e+001 1.175675e+002 7.164841e+001 7.741114e+001 1.334375e+002 7.889905e+001 9.983345e+001 9.323766e+001 3.459653e+000 2.641065e+000 5.355156e+000 4.123750e+000 4.752271e+000 2.203056e+000 2.466300e+000 2.887310e+000
<VARIANCE> 22
 1.858879e+002 2.596012e+002 3.159781e+001 1.605818e+001 2.046484e+004 9.720136e+003 1.965460e+003 3.186201e+003 5.790623e+002 8.045394e+002 5.207552e+003 3.792655e+003 1.156891e+003 7.024088e+002 9.368598e+000 1.539586e+000 4.985214e+000 2.412100e+000 2.894412e+000 3.842012e+000 6.206827e+000 5.066943e+000
<GCONST> 1.466768e+002
<STATE> 3
<NUMMIXES> 2
<MIXTURE> 1 3.542483e-001
<MEAN> 22
 2.284415e+000 2.150204e+001 9.117753e-001 4.528841e+000 1.143989e+001 5.143945e+001 9.394006e+001 8.607175e+001 5.905227e+001 6.538424e+001 1.932380e+002 1.601832e+002 1.154370e+002 1.110148e+002 6.994215e+000 4.460758e+000 6.040663e+000 5.512932e+000 5.998989e+000 5.206718e+000 2.319965e+000 3.764652e+000
<VARIANCE> 22
 1.222566e+001 4.392497e+002 3.300596e+000 2.224773e+001 1.589286e+002 1.597868e+003 2.080106e+002 6.147760e+002 4.273790e+001 1.765216e+002 3.868334e+002 2.123955e+003 1.207444e+002 1.383231e+002 6.504287e-002 6.432120e-001 3.901014e-002 2.616285e-001 2.082488e-002 3.226263e+000 6.172001e+000 5.746401e+000
<GCONST> 1.029024e+002
<MIXTURE> 2 6.457513e-001
<MEAN> 22
 1.351580e+000 9.975666e+000 6.236723e-001 3.589327e+000 1.006013e+001 1.887917e+002 9.244197e+001 1.362228e+002 5.799497e+001 8.560721e+001 1.878847e+002 5.589962e+001 1.129761e+002 9.161179e+001 6.923441e+000 2.421852e+000 6.059670e+000 3.567244e+000 5.957039e+000 1.706170e+000 1.692584e+000 3.322412e+000
<VARIANCE> 22
 8.245488e+000 1.408321e+002 3.300596e+000 1.982676e+001 6.230922e+002 1.634526e+003 2.697586e+002 7.715251e+002 7.055459e+001 2.613603e+002 6.779702e+002 9.441232e+002 1.317312e+002 2.108791e+002 3.941764e-001 3.156216e-001 2.792273e-001 6.165489e-001 1.242934e-001 5.008383e-001 5.839660e+000 4.374075e+000
<GCONST> 1.077953e+002
<STATE> 4
<NUMMIXES> 2
<MIXTURE> 1 7.477368e-001
<MEAN> 22
 1.215963e+001 1.525768e+000 3.606724e+000 7.506885e-001 1.365255e+002 1.916549e+001 1.315952e+002 9.924069e+001 8.416889e+001 5.645290e+001 1.082627e+002 1.988417e+002 1.038498e+002 1.180663e+002 2.711637e+000 5.000000e+000 3.081940e+000 5.817279e+000 3.335121e+000 5.999063e+000 3.421875e+000 2.300548e+000
<VARIANCE> 22
 2.266144e+002 4.739282e+000 2.318090e+001 2.164982e+000 6.465108e+003 6.888625e+002 1.717026e+003 2.123767e+002 4.304847e+002 6.912392e+001 4.417196e+003 4.026989e+002 4.088780e+002 1.310579e+002 6.295191e+000 1.793315e-002 8.501729e+000 1.493331e-001 3.621295e+000 5.618803e-002 6.851296e+000 6.095062e+000
<GCONST> 1.152225e+002
<MIXTURE> 2 2.522629e-001
<MEAN> 22
 6.874438e+000 7.295467e+000 2.623400e+000 2.356722e+000 5.734821e+001 2.738158e+001 8.505787e+001 4.770847e+001 7.740504e+001 5.794451e+001 9.320254e+001 1.182802e+002 9.867397e+001 1.034665e+002 2.825070e+000 3.499502e+000 4.243615e+000 5.631708e+000 3.744747e+000 3.522883e+000 2.750519e+000 2.801557e+000
<VARIANCE> 22
 1.365976e+002 1.289340e+002 2.306742e+001 1.232929e+001 2.249282e+003 7.271543e+002 3.272994e+003 8.292848e+002 3.715309e+002 6.632609e+001 2.590089e+003 1.253851e+003 2.695734e+002 8.782104e+001 4.930728e+000 2.054089e+000 6.495999e+000 2.917976e-001 1.798142e+000 9.473154e+000 6.546703e+000 6.326050e+000
<GCONST> 1.296730e+002
<TRANSP> 5
 0.000000e+000 1.000000e+000 0.000000e+000 0.000000e+000 0.000000e+000
 0.000000e+000 6.784281e-001 3.215719e-001 0.000000e+000 0.000000e+000
 0.000000e+000 0.000000e+000 9.551194e-001 4.488064e-002 0.000000e+000
 0.000000e+000 0.000000e+000 0.000000e+000 9.150085e-001 8.499154e-002
 0.000000e+000 0.000000e+000 0.000000e+000 0.000000e+000 0.000000e+000
<ENDHMM>
~h "PR"
<BEGINHMM>
<NUMSTATES> 5
<STATE> 2
<NUMMIXES> 2
<MIXTURE> 1 8.262779e-001
<MEAN> 22
 9.188308e+000 1.152432e+001 4.293141e+000 4.845644e+000 3.601627e+001 6.394772e+001 8.887753e+001 9.424413e+001 7.356837e+001 6.619141e+001 1.716208e+002 1.474291e+002 1.127753e+002 1.123262e+002 4.884568e+000 4.127371e+000 6.423490e+000 5.330855e+000 5.581767e+000 4.516494e+000 2.451565e+000 2.941982e+000
<VARIANCE> 22
 1.279041e+003 9.930496e+002 9.783887e+002 6.376425e+002 1.486072e+003 3.313005e+003 1.323838e+003 1.032295e+003 2.905614e+002 2.126689e+002 3.229582e+003 2.512946e+003 8.593826e+002 3.022224e+002 9.233915e+000 1.009263e+000 3.344425e-001 4.857311e-001 1.335674e+000 3.796673e+000 5.942815e+000 5.732477e+000
<GCONST> 1.423438e+002
<MIXTURE> 2 1.737220e-001
<MEAN> 22
 1.834882e+000 2.069820e+000 5.148489e-001 6.451188e-001 4.201917e+002 3.147209e+002 3.619179e+001 2.394676e+001 2.154865e+001 2.004976e+001 4.762212e+001 4.293175e+001 3.337268e+001 3.358508e+001 1.427364e+000 1.231564e+000 1.179234e+000 1.778904e+000 1.374926e+000 1.185948e+000 7.619237e-001 8.482844e-001
<VARIANCE> 22
 3.795618e+001 3.183449e+001 3.300596e+000 4.522286e+000 1.734088e+004 1.561629e+004 2.923768e+003 1.495369e+003 1.043036e+003 8.882644e+002 6.525691e+003 4.944243e+003 2.467201e+003 2.450990e+003 7.036143e+000 3.713953e+000 5.553044e+000 6.893961e+000 5.309848e+000 5.336544e+000 2.802389e+000 3.401229e+000
<GCONST> 1.440917e+002
<STATE> 3
<NUMMIXES> 2
<MIXTURE> 1 7.872862e-001
<MEAN> 22
 1.296097e+000 1.163110e+001 5.800247e-001 3.745853e+000 7.648945e+000 9.258504e+001 9.517172e+001 8.580234e+001 5.903491e+001 6.606176e+001 1.925127e+002 1.133394e+002 1.144190e+002 1.047953e+002 6.999410e+000 3.644858e+000 6.058206e+000 5.082115e+000 5.999745e+000 3.699788e+000 1.851706e+000 3.797854e+000
<VARIANCE> 22
 5.826915e+000 1.554598e+002 3.300596e+000 2.054485e+001 7.231772e+001 2.464750e+003 2.456900e+002 7.744973e+002 5.944566e+001 1.701611e+002 4.804045e+002 1.871109e+003 1.536328e+002 2.212200e+002 6.504287e-002 7.478103e-001 5.481547e-002 3.746364e-001 2.082488e-002 4.103662e+000 6.010283e+000 5.887262e+000
<GCONST> 1.032682e+002
<MIXTURE> 2 2.127147e-001
<MEAN> 22
 8.963630e-001 2.208440e+000 4.278165e-001 1.139544e+000 1.745059e+001 1.121691e+002 8.162371e+001 8.622051e+001 5.550647e+001 5.814060e+001 1.695645e+002 7.128185e+001 1.049164e+002 9.339017e+001 6.674607e+000 2.927820e+000 6.136545e+000 4.912939e+000 5.844134e+000 2.132734e+000 1.050635e+000 2.912725e+000
<VARIANCE> 22
 4.801632e+000 6.775504e+000 3.300596e+000 2.164982e+000 1.287907e+003 1.559562e+003 1.532887e+002 4.049129e+002 7.148087e+001 8.755392e+001 5.520900e+002 1.251853e+003 7.354717e+001 1.368118e+002 1.835511e+000 4.098219e-001 2.768901e-001 3.093410e-001 5.453432e-001 1.403162e+000 3.807208e+000 7.480337e+000
<GCONST> 1.031747e+002
<STATE> 4
<NUMMIXES> 2
<MIXTURE> 1 7.031580e-001
<MEAN> 22
 8.823805e+000 2.229094e+000 2.564593e+000 1.002683e+000 7.093776e+001 1.584899e+001 8.420954e+001 9.609299e+001 6.950825e+001 5.545315e+001 1.268872e+002 1.950782e+002 1.094349e+002 1.156185e+002 3.224121e+000 5.000240e+000 6.609344e+000 5.844979e+000 4.220782e+000 5.998006e+000 3.561957e+000 2.255976e+000
<VARIANCE> 22
 1.167767e+002 1.173536e+001 1.110211e+001 2.164982e+000 2.558981e+003 2.808887e+002 6.147004e+002 1.910421e+002 2.217220e+002 6.177914e+001 3.569344e+003 3.442105e+002 2.357397e+002 1.065746e+002 9.073877e+000 1.793315e-002 2.387138e-001 1.309937e-001 3.805562e+000 5.618803e-002 5.833907e+000 6.020945e+000
<GCONST> 1.064082e+002
<MIXTURE> 2 2.968414e-001
<MEAN> 22
 9.725226e+000 4.826998e+000 2.560426e+000 1.441626e+000 5.670994e+001 2.950230e+001 8.085233e+001 5.428425e+001 7.556743e+001 5.924046e+001 9.298497e+001 1.289984e+002 1.035731e+002 1.012548e+002 1.882197e+000 3.780566e+000 5.106794e+000 5.638325e+000 3.252966e+000 4.618263e+000 2.675923e+000 2.437420e+000
<VARIANCE> 22
 1.777724e+002 7.170380e+001 1.303089e+001 7.220023e+000 2.263358e+003 8.869668e+002 1.822405e+003 1.076700e+003 1.483268e+002 5.490060e+001 1.273078e+003 1.443148e+003 1.212979e+002 1.046194e+002 4.315670e+000 1.190737e+000 7.593482e+000 2.814086e-001 2.336346e+000 7.346371e+000 5.915032e+000 6.301010e+000
<GCONST> 1.251670e+002
<TRANSP> 5
 0.000000e+000 1.000000e+000 0.000000e+000 0.000000e+000 0.000000e+000
 0.000000e+000 6.804790e-001 3.195209e-001 0.000000e+000 0.000000e+000
 0.000000e+000 0.000000e+000 9.494130e-001 5.058701e-002 0.000000e+000
 0.000000e+000 0.000000e+000 0.000000e+000 9.168248e-001 8.317519e-002
 0.000000e+000 0.000000e+000 0.000000e+000 0.000000e+000 0.000000e+000
<ENDHMM>
~h "SP"
<BEGINHMM>
<NUMSTATES> 5
<STATE> 2
<NUMMIXES> 2
<MIXTURE> 1 8.354760e-001
<MEAN> 22
 1.060774e+001 1.438335e+001 6.245686e+000 7.057899e+000 4.407320e+001 1.181319e+002 9.435707e+001 1.171014e+002 7.625494e+001 8.666145e+001 1.641359e+002 1.084018e+002 1.144246e+002 1.071781e+002 4.447487e+000 3.364801e+000 6.040738e+000 4.432428e+000 5.488509e+000 3.094541e+000 2.374704e+000 2.654431e+000
<VARIANCE> 22
 2.675032e+003 1.819823e+003 2.171343e+003 1.310685e+003 3.133941e+003 8.997567e+003 1.667972e+003 1.861860e+003 3.676439e+002 1.070634e+003 4.465298e+003 3.785413e+003 6.128627e+002 3.331512e+002 9.899042e+000 1.620654e+000 2.331374e+000 1.657766e+000 1.226253e+000 5.596169e+000 5.866017e+000 4.939910e+000
<GCONST> 1.539690e+002
<MIXTURE> 2 1.645238e-001
<MEAN> 22
 -7.032846e-016 2.777944e-015 4.995248e-014 -3.737918e-015 5.310355e+002 3.993492e+002 -1.180337e-012 5.388345e-012 -3.173484e-012 1.733319e-012 5.009980e-013 6.091484e-013 3.407257e-012 1.213803e-012 8.550241e-024 -8.001816e-015 1.068990e-012 -2.234349e-014 1.828110e-013 6.585601e-015 1.007284e-015 -5.282978e-014
<VARIANCE> 22
 4.801632e+000 4.063125e+000 3.300596e+000 2.164982e+000 3.435541e+003 2.506350e+003 9.838196e+000 1.115232e+001 2.936353e+000 3.516743e+000 3.745900e+001 4.440890e+001 4.184655e+000 3.870682e+000 6.504287e-002 1.793315e-002 2.326111e-002 1.170389e-002 2.082488e-002 5.618803e-002 6.153807e-002 6.060927e-002
<GCONST> 5.126871e+001
<STATE> 3
<NUMMIXES> 2
<MIXTURE> 1 4.997588e-001
<MEAN> 22
 1.619290e+000 1.947375e+001 6.241581e-001 5.567513e+000 9.135176e+000 1.253753e+002 9.996259e+001 1.111299e+002 6.238400e+001 7.934504e+001 1.992481e+002 1.069354e+002 1.187549e+002 1.050548e+002 6.998419e+000 3.412563e+000 6.123794e+000 4.547363e+000 5.999572e+000 3.423071e+000 2.026881e+000 3.672529e+000
<VARIANCE> 22
 8.427736e+000 3.701570e+002 3.300596e+000 3.898344e+001 1.179970e+002 7.668046e+003 3.445095e+002 1.732703e+003 7.654425e+001 5.584390e+002 5.924202e+002 3.455391e+003 1.941564e+002 2.169347e+002 6.504287e-002 1.460058e+000 1.084704e-001 1.217128e+000 2.082488e-002 5.003961e+000 6.159137e+000 5.396729e+000
<GCONST> 1.130575e+002
<MIXTURE> 2 5.002419e-001
<MEAN> 22
 1.123282e+000 3.851777e+000 4.688835e-001 1.939684e+000 1.102301e+001 1.860219e+002 8.882432e+001 1.352748e+002 5.795512e+001 8.824864e+001 1.781440e+002 4.727026e+001 1.072204e+002 8.639031e+001 6.885272e+000 2.115802e+000 6.027063e+000 3.194993e+000 5.944181e+000 1.485014e+000 1.367205e+000 2.497540e+000
<VARIANCE> 22
 7.477830e+000 2.922184e+001 3.300596e+000 7.138375e+000 7.376058e+002 1.425713e+003 2.333760e+002 3.517350e+002 7.669867e+001 3.614760e+002 5.171060e+002 4.930549e+002 7.921355e+001 1.492661e+002 6.123358e-001 1.867299e-001 4.134482e-001 2.977766e-001 2.316658e-001 5.604317e-001 4.865009e+000 5.996713e+000
<GCONST> 1.032865e+002
<STATE> 4
<NUMMIXES> 2
<MIXTURE> 1 7.082677e-001
<MEAN> 22
 1.265264e+001 1.153627e+000 4.156150e+000 5.730140e-001 1.533059e+002 1.403146e+001 1.282926e+002 9.717130e+001 9.306376e+001 5.697947e+001 8.625826e+001 1.948629e+002 9.445130e+001 1.157575e+002 2.517062e+000 5.000000e+000 2.863761e+000 5.833213e+000 3.475328e+000 5.991709e+000 3.399273e+000 1.877940e+000
<VARIANCE> 22
 3.285779e+002 4.063125e+000 5.314719e+001 2.164982e+000 6.345878e+003 6.561563e+002 1.406105e+003 1.890001e+002 4.830124e+002 5.188110e+001 3.235794e+003 3.350915e+002 4.182879e+002 1.093321e+002 4.557014e+000 1.793315e-002 7.655210e+000 1.389717e-001 2.671223e+000 5.618803e-002 6.259395e+000 5.699261e+000
<GCONST> 1.140991e+002
<MIXTURE> 2 2.917322e-001
<MEAN> 22
 7.550258e+000 6.585665e+000 2.689724e+000 2.286139e+000 6.781670e+001 2.839529e+001 1.007766e+002 5.018465e+001 8.508902e+001 5.951148e+001 9.462414e+001 1.183103e+002 9.748434e+001 1.034375e+002 3.008118e+000 3.568802e+000 3.937402e+000 5.641384e+000 3.894546e+000 3.289701e+000 2.994281e+000 2.675910e+000
<VARIANCE> 22
 1.180229e+002 1.293793e+002 1.845637e+001 1.187213e+001 2.597883e+003 9.292881e+002 2.707158e+003 8.249577e+002 6.889642e+002 7.349518e+001 2.999135e+003 1.656867e+003 2.636684e+002 1.176962e+002 5.367986e+000 1.559425e+000 6.897089e+000 3.330576e-001 1.760807e+000 9.564243e+000 6.633512e+000 6.729300e+000
<GCONST> 1.309452e+002
<TRANSP> 5
 0.000000e+000 1.000000e+000 0.000000e+000 0.000000e+000 0.000000e+000
 0.000000e+000 6.359059e-001 3.640941e-001 0.000000e+000 0.000000e+000
 0.000000e+000 0.000000e+000 9.582323e-001 4.176771e-002 0.000000e+000
 0.000000e+000 0.000000e+000 0.000000e+000 9.240379e-001 7.596208e-002
 0.000000e+000 0.000000e+000 0.000000e+000 0.000000e+000 0.000000e+000
<ENDHMM>
~h "ST"
<BEGINHMM>
<NUMSTATES> 5
<STATE> 2
<NUMMIXES> 2
<MIXTURE> 1 1.782936e-001
<MEAN> 22
 1.751373e+001 2.586566e+001 1.171113e+001 8.842164e+000 1.930339e+002 2.041670e+002 1.244964e+002 9.157813e+001 7.869156e+001 7.992120e+001 2.152493e+002 1.274487e+002 1.330614e+002 1.227398e+002 6.109952e+000 3.407812e+000 6.653118e+000 5.811549e+000 5.634196e+000 3.257021e+000 2.409497e+000 2.930220e+000
<VARIANCE> 22
 3.332734e+003 3.395578e+003 2.979933e+003 1.796437e+003 5.578283e+004 2.398455e+004 1.837289e+003 8.770580e+002 2.607165e+002 2.741179e+002 5.855383e+003 5.798769e+003 1.249106e+003 3.803988e+002 4.099414e+000 2.518179e+000 3.175268e-001 5.444937e-001 6.776143e-001 7.580461e+000 6.783029e+000 6.234545e+000
<GCONST> 1.550244e+002
<MIXTURE> 2 8.217061e-001
<MEAN> 22
 4.594156e+000 7.499398e+000 1.109086e+000 2.128930e+000 7.018781e+001 9.012334e+001 7.611461e+001 7.714747e+001 6.767633e+001 7.236362e+001 1.424131e+002 1.048669e+002 1.055041e+002 1.067324e+002 4.295835e+000 3.191242e+000 5.904893e+000 5.473557e+000 4.859262e+000 2.810332e+000 2.698366e+000 2.690298e+000
<VARIANCE> 22
 5.915979e+001 1.094521e+002 3.300596e+000 8.048339e+000 1.135980e+004 6.577394e+003 1.151788e+003 1.069245e+003 3.694058e+002 5.688543e+002 3.388073e+003 4.675558e+003 8.234639e+002 6.383517e+002 9.026452e+000 2.341728e+000 2.169823e+000 1.460872e+000 2.990228e+000 7.365679e+000 6.375758e+000 5.720737e+000
<GCONST> 1.375412e+002
<STATE> 3
<NUMMIXES> 2
<MIXTURE> 1 4.144276e-001
<MEAN> 22
 2.407093e+000 1.607442e+001 7.926806e-001 3.615212e+000 1.665021e+001 7.979198e+001 9.735725e+001 7.106424e+001 6.177985e+001 7.476668e+001 1.957175e+002 1.200863e+002 1.177449e+002 1.115857e+002 6.914975e+000 3.788924e+000 6.187004e+000 5.738692e+000 5.965455e+000 4.019325e+000 1.952972e+000 3.337894e+000
<VARIANCE> 22
 1.810837e+001 2.195998e+002 3.300596e+000 1.584153e+001 7.945566e+002 3.616494e+003 3.472919e+002 8.094618e+002 7.810432e+001 4.115294e+002 7.916011e+002 3.738921e+003 1.939456e+002 1.501396e+002 4.177911e-001 1.816000e+000 1.651810e-001 3.347460e-001 7.951053e-002 8.151335e+000 5.643930e+000 5.258682e+000
<GCONST> 1.154390e+002
<MIXTURE> 2 5.855716e-001
<MEAN> 22
 7.510583e-001 7.174251e+000 3.759724e-001 1.255011e+000 5.869853e+000 1.343665e+002 8.886752e+001 6.640309e+001 5.663619e+001 8.268378e+001 1.863971e+002 4.732246e+001 1.115428e+002 1.013548e+002 6.999947e+000 2.050564e+000 6.000040e+000 5.906610e+000 6.000000e+000 3.963648e-001 1.272757e+000 2.787833e+000
<VARIANCE> 22
 4.801632e+000 8.250406e+001 3.300596e+000 2.192005e+000 4.956259e+001 8.497322e+002 1.212673e+002 4.806841e+002 3.428388e+001 2.264213e+002 2.641186e+002 3.404447e+002 7.528397e+001 8.488252e+001 6.504287e-002 8.311416e-002 2.326111e-002 3.764971e-001 2.082488e-002 2.412174e-001 4.632722e+000 6.059086e+000
<GCONST> 8.722462e+001
<STATE> 4
<NUMMIXES> 2
<MIXTURE> 1 7.644458e-001
<MEAN> 22
 1.043249e+001 1.427562e+000 2.348144e+000 6.184127e-001 1.016804e+002 1.795658e+001 7.741308e+001 9.867876e+001 8.356575e+001 5.714304e+001 9.292098e+001 1.991833e+002 1.100565e+002 1.184945e+002 3.093092e+000 5.000000e+000 6.208159e+000 5.906853e+000 4.227886e+000 5.995487e+000 3.302213e+000 1.980614e+000
<VARIANCE> 22
 1.450006e+002 4.715980e+000 9.664887e+000 2.164982e+000 3.698194e+003 7.050620e+002 6.655704e+002 1.880599e+002 3.691940e+002 4.851426e+001 4.681472e+003 3.679284e+002 2.803910e+002 1.251447e+002 5.830839e+000 1.793315e-002 3.087080e-001 8.446890e-002 1.537283e+000 5.618803e-002 6.124496e+000 5.794603e+000
<GCONST> 1.063468e+002
<MIXTURE> 2 2.355542e-001
<MEAN> 22
 7.762911e+000 7.314022e+000 1.638099e+000 2.462582e+000 5.273396e+001 2.993514e+001 7.139059e+001 5.555546e+001 7.590430e+001 5.981881e+001 9.196465e+001 1.363995e+002 1.043557e+002 1.057863e+002 2.907638e+000 4.187037e+000 5.432975e+000 5.779943e+000 4.169385e+000 5.364343e+000 2.728257e+000 2.714066e+000
<VARIANCE> 22
 9.042852e+001 1.117247e+002 5.359228e+000 1.321691e+001 3.387663e+003 1.096396e+003 1.122221e+003 1.013808e+003 3.392329e+002 7.283162e+001 4.133417e+003 1.905361e+003 1.488316e+002 1.219979e+002 6.199338e+000 1.067565e+000 3.921207e+000 2.355375e-001 1.607063e+000 5.534951e+000 5.881452e+000 6.174740e+000
<GCONST> 1.263755e+002
<TRANSP> 5
 0.000000e+000 1.000000e+000 0.000000e+000 0.000000e+000 0.000000e+000
 0.000000e+000 7.018321e-001 2.981679e-001 0.000000e+000 0.000000e+000
 0.000000e+000 0.000000e+000 9.572468e-001 4.275326e-002 0.000000e+000
 0.000000e+000 0.000000e+000 0.000000e+000 9.193559e-001 8.064413e-002
 0.000000e+000 0.000000e+000 0.000000e+000 0.000000e+000 0.000000e+000
<ENDHMM>
~h "TT"
<BEGINHMM>
<NUMSTATES> 5
<STATE> 2
<NUMMIXES> 2
<MIXTURE> 1 4.663216e-001
<MEAN> 22
 1.996804e+001 5.449259e+000 8.460438e+000 3.314929e+000 2.254343e+002 8.455748e+000 1.727573e+002 1.041227e+002 1.226202e+002 6.044208e+001 9.630483e+001 2.014256e+002 1.039786e+002 1.189855e+002 1.377076e+000 4.997136e+000 1.215583e+000 5.917769e+000 2.311015e+000 5.991388e+000 3.683531e+000 2.316492e+000
<VARIANCE> 22
 1.931762e+003 1.199982e+003 1.384416e+003 8.877605e+002 2.513324e+003 1.344363e+002 1.296377e+003 2.690828e+002 5.363660e+002 1.116446e+002 8.652158e+002 3.926349e+002 3.198935e+002 1.381593e+002 4.512878e-001 1.793315e-002 2.663846e+000 7.546925e-002 5.860352e-001 5.618803e-002 5.679341e+000 6.454279e+000
<GCONST> 1.228036e+002
<MIXTURE> 2 5.336785e-001
<MEAN> 22
 9.377228e+000 1.206468e+001 2.874587e+000 3.856184e+000 4.634492e+001 1.116335e+002 9.143699e+001 1.202754e+002 7.448979e+001 8.787160e+001 1.772904e+002 1.395520e+002 1.158319e+002 1.118528e+002 5.178013e+000 3.744416e+000 6.369506e+000 4.721028e+000 5.706469e+000 3.862606e+000 3.045195e+000 2.791188e+000
<VARIANCE> 22
 2.004062e+002 3.165870e+002 2.368993e+001 3.342448e+001 2.590640e+003 1.101064e+004 1.954991e+003 2.864596e+003 3.153039e+002 1.220044e+003 3.117180e+003 2.982894e+003 5.621743e+002 2.592080e+002 8.541412e+000 1.631626e+000 4.725467e-001 1.793787e+000 6.040738e-001 5.525477e+000 6.804976e+000 5.104180e+000
<GCONST> 1.388874e+002
<STATE> 3
<NUMMIXES> 2
<MIXTURE> 1 3.777530e-001
<MEAN> 22
 2.356242e+000 2.505037e+001 9.020138e-001 6.535863e+000 1.117347e+001 6.673584e+001 9.457839e+001 9.988683e+001 5.959409e+001 7.163792e+001 1.924532e+002 1.555869e+002 1.155902e+002 1.094237e+002 6.990839e+000 4.248918e+000 6.078143e+000 5.206736e+000 5.997197e+000 4.947018e+000 2.246508e+000 3.851971e+000
<VARIANCE> 22
 1.566795e+001 5.458151e+002 3.300596e+000 5.734165e+001 1.610547e+002 3.065333e+003 2.696611e+002 7.721744e+002 7.216479e+001 4.138120e+002 5.059961e+002 2.273358e+003 1.553191e+002 2.116381e+002 6.504287e-002 7.556142e-001 7.203494e-002 4.125101e-001 2.082488e-002 2.593900e+000 5.843176e+000 5.179107e+000
<GCONST> 1.087091e+002
<MIXTURE> 2 6.222463e-001
<MEAN> 22
 1.573734e+000 1.165010e+001 6.949822e-001 4.969041e+000 9.816299e+000 2.256926e+002 9.457681e+001 1.749480e+002 5.854983e+001 1.249751e+002 1.904647e+002 8.795010e+001 1.139587e+002 9.399471e+001 6.968930e+000 2.428451e+000 6.087241e+000 3.129740e+000 5.991515e+000 1.625149e+000 1.838160e+000 3.562933e+000
<VARIANCE> 22
 1.063247e+001 1.433315e+002 3.300596e+000 4.284980e+001 3.018112e+002 1.258311e+003 2.884450e+002 7.183217e+002 9.709196e+001 4.421359e+002 4.902960e+002 5.851573e+002 1.501326e+002 3.234650e+002 1.683453e-001 2.621124e-001 1.210564e-001 1.721329e-001 3.401501e-002 3.154173e-001 5.818244e+000 5.598085e+000
<GCONST> 1.037846e+002
<STATE> 4
<NUMMIXES> 2
<MIXTURE> 1 7.384806e-001
<MEAN> 22
 1.514754e+001 2.136259e+000 5.211315e+000 1.018540e+000 1.404824e+002 2.686368e+001 1.389569e+002 9.709537e+001 9.764830e+001 5.606942e+001 1.205479e+002 1.943829e+002 1.022796e+002 1.158431e+002 2.732783e+000 5.000016e+000 3.276033e+000 5.827442e+000 3.554647e+000 5.987929e+000 3.350381e+000 2.347312e+000
<VARIANCE> 22
 3.666068e+002 1.064074e+001 6.121784e+001 2.164982e+000 8.222443e+003 9.238270e+002 2.287900e+003 2.451960e+002 1.032231e+003 5.243139e+001 2.981006e+003 4.261974e+002 3.884742e+002 1.345540e+002 6.641294e+000 1.793315e-002 8.540131e+000 1.427853e-001 3.727047e+000 5.618803e-002 5.511190e+000 6.231698e+000
<GCONST> 1.185314e+002
<MIXTURE> 2 2.615195e-001
<MEAN> 22
 1.026003e+001 6.279252e+000 4.131956e+000 2.504957e+000 1.305150e+002 6.689349e+001 9.016822e+001 3.781338e+001 8.708018e+001 5.306713e+001 9.111646e+001 1.025243e+002 8.724267e+001 9.224454e+001 2.065452e+000 3.044639e+000 3.672819e+000 5.176223e+000 3.387293e+000 2.664954e+000 2.744070e+000 2.217526e+000
<VARIANCE> 22
 2.513285e+002 1.199791e+002 4.581089e+001 2.306053e+001 1.882368e+004 1.415272e+004 5.190634e+003 1.106563e+003 2.151315e+003 4.416644e+002 2.335969e+003 2.438806e+003 1.147209e+003 1.120495e+003 4.255426e+000 3.023969e+000 7.386702e+000 3.485807e+000 2.895542e+000 1.014653e+001 6.337509e+000 6.066997e+000
<GCONST> 1.488934e+002
<TRANSP> 5
 0.000000e+000 1.000000e+000 0.000000e+000 0.000000e+000 0.000000e+000
 0.000000e+000 8.321537e-001 1.678463e-001 0.000000e+000 0.000000e+000
 0.000000e+000 0.000000e+000 9.534952e-001 4.650481e-002 0.000000e+000
 0.000000e+000 0.000000e+000 0.000000e+000 9.197026e-001 8.029736e-002
 0.000000e+000 0.000000e+000 0.000000e+000 0.000000e+000 0.000000e+000
<ENDHMM>
~h "VA"
<BEGINHMM>
<NUMSTATES> 5
<STATE> 2
<NUMMIXES> 2
<MIXTURE> 1 4.590375e-001
<MEAN> 22
 1.713629e+001 1.204287e+001 7.731864e+000 4.964283e+000 8.869939e+001 3.474703e+001 1.238274e+002 9.619601e+001 8.985101e+001 6.253452e+001 1.581530e+002 1.901616e+002 1.141642e+002 1.169695e+002 4.157377e+000 4.836165e+000 4.855321e+000 5.696136e+000 4.526724e+000 5.906846e+000 3.004997e+000 2.517677e+000
<VARIANCE> 22
 1.747610e+003 1.505790e+003 1.231858e+003 7.697822e+002 9.400191e+003 1.490893e+003 3.834070e+003 6.239981e+002 1.084485e+003 1.324319e+002 5.232325e+003 1.077710e+003 4.693652e+002 1.892963e+002 8.805330e+000 1.818354e-001 7.111728e+000 2.235370e-001 3.949636e+000 3.557805e-001 5.714970e+000 5.241864e+000
<GCONST> 1.436113e+002
<MIXTURE> 2 5.409617e-001
<MEAN> 22
 8.332097e+000 1.210815e+001 3.786867e+000 4.416465e+000 1.763635e+002 2.358740e+002 8.025514e+001 1.174689e+002 6.537777e+001 9.071933e+001 1.163861e+002 6.927741e+001 8.342608e+001 7.831778e+001 3.161555e+000 2.089704e+000 4.444638e+000 3.251365e+000 4.053422e+000 1.354144e+000 2.488405e+000 2.644873e+000
<VARIANCE> 22
 3.588741e+002 2.203431e+002 8.428075e+001 3.604039e+001 3.863393e+004 9.960309e+003 3.204722e+003 5.918668e+003 1.327105e+003 2.363965e+003 6.556828e+003 2.332391e+003 2.326021e+003 1.531771e+003 9.084332e+000 1.286303e+000 7.328596e+000 3.204093e+000 4.912325e+000 1.845114e+000 6.196744e+000 5.108873e+000
<GCONST> 1.541184e+002
<STATE> 3
<NUMMIXES> 2
<MIXTURE> 1 5.541779e-001
<MEAN> 22
 1.769614e+000 1.985936e+001 7.536142e-001 7.041354e+000 8.087184e+000 8.582506e+001 9.112196e+001 8.736392e+001 5.700427e+001 7.959749e+001 1.887305e+002 1.183592e+002 1.130319e+002 9.998460e+001 6.995957e+000 3.772430e+000 6.020976e+000 5.244007e+000 6.000000e+000 4.091766e+000 2.015626e+000 3.716881e+000
<VARIANCE> 22
 8.134074e+000 3.717733e+002 3.300596e+000 5.021477e+001 7.585418e+001 3.665303e+003 2.097546e+002 7.617202e+002 6.413509e+001 4.363200e+002 4.093827e+002 3.901274e+003 1.193117e+002 4.098558e+002 6.504287e-002 1.350552e+000 2.326111e-002 5.594853e-001 2.082488e-002 6.642272e+000 5.965805e+000 5.236257e+000
<GCONST> 1.080853e+002
<MIXTURE> 2 4.458224e-001
<MEAN> 22
 2.831141e+000 1.009288e+001 1.487590e+000 4.053411e+000 1.515581e+001 2.210902e+002 9.084641e+001 1.677642e+002 5.647982e+001 1.153817e+002 1.851651e+002 8.114257e+001 1.121175e+002 7.941476e+001 6.839564e+000 2.351482e+000 6.063148e+000 3.142372e+000 5.910305e+000 1.739444e+000 2.330684e+000 3.299709e+000
<VARIANCE> 22
 2.412648e+001 1.387525e+002 1.101561e+001 2.298490e+001 8.592762e+002 2.763544e+003 4.295608e+002 1.470566e+003 1.355936e+002 5.465974e+002 1.024247e+003 1.126796e+003 2.247498e+002 3.590288e+002 8.560627e-001 3.551842e-001 3.395534e-001 7.089153e-001 2.016577e-001 7.008043e-001 6.276552e+000 5.421791e+000
<GCONST> 1.175464e+002
<STATE> 4
<NUMMIXES> 2
<MIXTURE> 1 7.355578e-001
<MEAN> 22
 1.459475e+001 2.553334e+000 5.210269e+000 1.210056e+000 1.390886e+002 1.781932e+001 1.342716e+002 9.823259e+001 9.945018e+001 5.579618e+001 1.222111e+002 1.961632e+002 9.713924e+001 1.159924e+002 3.107328e+000 5.001328e+000 3.699942e+000 5.848953e+000 3.799058e+000 5.986946e+000 3.341980e+000 2.448089e+000
<VARIANCE> 22
 2.917163e+002 1.753331e+001 4.223634e+001 3.392460e+000 8.471593e+003 6.090742e+002 2.738435e+003 2.151893e+002 8.712562e+002 8.648714e+001 4.340493e+003 3.494823e+002 5.168806e+002 1.254566e+002 7.052814e+000 1.793315e-002 8.622388e+000 1.282337e-001 3.633389e+000 5.618803e-002 5.988451e+000 6.312597e+000
<GCONST> 1.192993e+002
<MIXTURE> 2 2.644419e-001
<MEAN> 22
 6.859898e+000 6.741816e+000 3.004774e+000 2.919284e+000 7.526377e+001 3.718682e+001 9.490974e+001 4.720546e+001 8.509641e+001 5.664872e+001 7.717102e+001 1.047232e+002 9.226459e+001 1.018425e+002 2.372108e+000 3.111247e+000 3.868892e+000 5.539007e+000 3.452480e+000 2.852411e+000 2.964444e+000 2.701467e+000
<VARIANCE> 22
 1.032113e+002 1.783937e+002 2.552079e+001 2.373523e+001 2.999658e+003 1.195457e+003 3.705241e+003 5.125022e+002 3.921542e+002 1.125319e+002 1.589667e+003 8.710434e+002 4.219521e+002 1.074555e+002 2.428435e+000 1.502342e+000 6.768180e+000 3.044304e-001 1.176155e+000 8.233891e+000 6.318636e+000 6.313456e+000
<GCONST> 1.297416e+002
<TRANSP> 5
 0.000000e+000 1.000000e+000 0.000000e+000 0.000000e+000 0.000000e+000
 0.000000e+000 7.409792e-001 2.590208e-001 0.000000e+000 0.000000e+000
 0.000000e+000 0.000000e+000 9.439133e-001 5.608668e-002 0.000000e+000
 0.000000e+000 0.000000e+000 0.000000e+000 9.205490e-001 7.945105e-002
 0.000000e+000 0.000000e+000 0.000000e+000 0.000000e+000 0.000000e+000
<ENDHMM>
~h "VQ"
<BEGINHMM>
<NUMSTATES> 5
<STATE> 2
<NUMMIXES> 2
<MIXTURE> 1 1.790082e-001
<MEAN> 22
 2.163793e+001 3.003278e+001 1.413293e+001 1.543965e+001 5.169587e+001 1.211494e+002 7.511958e+001 9.441034e+001 6.713319e+001 6.511866e+001 1.361061e+002 7.337375e+001 9.814133e+001 9.373814e+001 4.194172e+000 2.895603e+000 5.679966e+000 4.597251e+000 5.066068e+000 2.526724e+000 2.827939e+000 3.245810e+000
<VARIANCE> 22
 5.768979e+003 4.278957e+003 4.547064e+003 2.920333e+003 6.231994e+003 4.956960e+003 1.243696e+003 1.281582e+003 2.833047e+002 2.516809e+002 3.047069e+003 1.866001e+003 7.190499e+002 3.500151e+002 8.963477e+000 9.841740e-001 3.243709e+000 9.977614e-001 2.166089e+000 3.407321e+000 6.535049e+000 4.774577e+000
<GCONST> 1.533395e+002
<MIXTURE> 2 8.209909e-001
<MEAN> 22
 1.166183e+001 2.976505e+000 4.090995e+000 1.314413e+000 1.066538e+002 2.199195e+001 1.012831e+002 7.225731e+001 7.853760e+001 5.485305e+001 8.249506e+001 1.597870e+002 9.692593e+001 1.098208e+002 2.362682e+000 4.239108e+000 3.475721e+000 5.712145e+000 3.265930e+000 4.914329e+000 3.534209e+000 2.491420e+000
<VARIANCE> 22
 2.031828e+002 2.024545e+001 3.028462e+001 4.668593e+000 5.686260e+003 4.400814e+002 2.462269e+003 1.013773e+003 3.438759e+002 6.382211e+001 2.969222e+003 2.064181e+003 3.677167e+002 1.304710e+002 3.969807e+000 1.652011e+000 8.921830e+000 2.050704e-001 2.340519e+000 5.275881e+000 5.924312e+000 5.935279e+000
<GCONST> 1.281316e+002
<STATE> 3
<NUMMIXES> 2
<MIXTURE> 1 5.110783e-001
<MEAN> 22
 2.630829e+000 1.979571e+001 8.502468e-001 5.773075e+000 9.079677e+000 1.024943e+002 9.882362e+001 9.545509e+001 6.013515e+001 7.199189e+001 2.001250e+002 1.193906e+002 1.197032e+002 1.053978e+002 6.997583e+000 3.747313e+000 6.122462e+000 5.042364e+000 5.998556e+000 4.021843e+000 2.170215e+000 3.841480e+000
<VARIANCE> 22
 2.271691e+001 3.278115e+002 3.300596e+000 5.387629e+001 1.278998e+002 7.159145e+003 4.298118e+002 1.990944e+003 8.829958e+001 3.615409e+002 7.895987e+002 3.172551e+003 2.593767e+002 2.578676e+002 6.504287e-002 1.309064e+000 1.074646e-001 1.055009e+000 2.082488e-002 5.496426e+000 6.170894e+000 4.879306e+000
<GCONST> 1.147293e+002
<MIXTURE> 2 4.889212e-001
<MEAN> 22
 1.136996e+000 6.077040e+000 7.134473e-001 3.036343e+000 1.003531e+001 1.642177e+002 8.415089e+001 1.149004e+002 5.274590e+001 7.436598e+001 1.791801e+002 4.565316e+001 1.073541e+002 8.147874e+001 6.943711e+000 2.387563e+000 6.050707e+000 4.091236e+000 5.961868e+000 1.754639e+000 1.685554e+000 3.482648e+000
<VARIANCE> 22
 4.801632e+000 3.789117e+001 3.300596e+000 1.405533e+001 6.344034e+002 1.483016e+003 1.827453e+002 7.206202e+002 5.979348e+001 2.017507e+002 4.159773e+002 4.143032e+002 8.777412e+001 2.410821e+002 2.959267e-001 2.821142e-001 1.500078e-001 6.678966e-001 1.169491e-001 3.431941e-001 5.432198e+000 6.169191e+000
<GCONST> 1.019445e+002
<STATE> 4
<NUMMIXES> 2
<MIXTURE> 1 9.040896e-001
<MEAN> 22
 1.039623e+001 3.017840e+000 3.883296e+000 1.213288e+000 9.580941e+001 2.348509e+001 1.054169e+002 9.443236e+001 7.504116e+001 5.371958e+001 1.079731e+002 1.928727e+002 1.003663e+002 1.143090e+002 3.264000e+000 4.999631e+000 4.282557e+000 5.860872e+000 3.898147e+000 5.995385e+000 3.500664e+000 2.456030e+000
<VARIANCE> 22
 1.649723e+002 2.795197e+001 3.040464e+001 4.078547e+000 5.257813e+003 9.915901e+002 9.808656e+002 2.027487e+002 4.319246e+002 6.462074e+001 4.819199e+003 3.124246e+002 3.998258e+002 1.146738e+002 7.743862e+000 1.793315e-002 8.724978e+000 1.197714e-001 3.560673e+000 5.618803e-002 5.861438e+000 6.146233e+000
<GCONST> 1.165967e+002
<MIXTURE> 2 9.591029e-002
<MEAN> 22
 2.862436e+000 4.253846e+000 1.394275e+000 1.789652e+000 4.102528e+002 3.190987e+002 3.959538e+001 3.810583e+001 2.624734e+001 2.756569e+001 5.390588e+001 3.345134e+001 4.041299e+001 4.020829e+001 1.825647e+000 1.240783e+000 2.115877e+000 1.935201e+000 1.760646e+000 9.657773e-001 1.007293e+000 1.658103e+000
<VARIANCE> 22
 6.938126e+001 1.017383e+002 1.294405e+001 1.850836e+001 4.710118e+004 2.008586e+004 2.867720e+003 2.701082e+003 1.032697e+003 1.152418e+003 6.075423e+003 2.398652e+003 2.490787e+003 2.436428e+003 7.834055e+000 2.588915e+000 8.647227e+000 5.726965e+000 5.981858e+000 2.762738e+000 3.816628e+000 5.962050e+000
<GCONST> 1.502494e+002
<TRANSP> 5
 0.000000e+000 1.000000e+000 0.000000e+000 0.000000e+000 0.000000e+000
 0.000000e+000 8.546194e-001 1.453806e-001 0.000000e+000 0.000000e+000
 0.000000e+000 0.000000e+000 9.443642e-001 5.563575e-002 0.000000e+000
 0.000000e+000 0.000000e+000 0.000000e+000 8.853613e-001 1.146387e-001
 0.000000e+000 0.000000e+000 0.000000e+000 0.000000e+000 0.000000e+000
<ENDHMM>
~h "SIL"
<BEGINHMM>
<NUMSTATES> 5
<STATE> 2
<NUMMIXES> 2
<MIXTURE> 1 1.630117e-001
<MEAN> 22
 4.894039e+002 4.131265e+002 4.451680e+002 3.567676e+002 8.751599e-001 1.243783e+000 3.967144e+001 3.896919e+001 2.806568e+001 2.654408e+001 7.764199e+001 7.462550e+001 4.931455e+001 4.857864e+001 2.753340e+000 1.992505e+000 2.639729e+000 2.527077e+000 2.481128e+000 2.332902e+000 4.666974e+000 4.663992e+000
<VARIANCE> 22
 6.537454e+003 4.053969e+003 4.566193e+003 3.294407e+003 6.611315e+001 1.564664e+002 2.347926e+003 2.294268e+003 1.092285e+003 1.015259e+003 8.563676e+003 8.145371e+003 3.231938e+003 3.132368e+003 1.120333e+001 5.743435e+000 9.251115e+000 8.404300e+000 8.294965e+000 8.442374e+000 4.022799e+000 4.056318e+000
<GCONST> 1.624649e+002
<MIXTURE> 2 8.369884e-001
<MEAN> 22
 0.000000e+000 0.000000e+000 0.000000e+000 0.000000e+000 3.661409e+001 2.963482e+001 0.000000e+000 0.000000e+000 0.000000e+000 0.000000e+000 0.000000e+000 0.000000e+000 0.000000e+000 0.000000e+000 0.000000e+000 0.000000e+000 0.000000e+000 0.000000e+000 0.000000e+000 0.000000e+000 0.000000e+000 0.000000e+000
<VARIANCE> 22
 4.801632e+000 4.063125e+000 3.300596e+000 2.164982e+000 1.817520e+004 1.195245e+004 9.838196e+000 1.115232e+001 2.936353e+000 3.516743e+000 3.745900e+001 4.440890e+001 4.184655e+000 3.870682e+000 6.504287e-002 1.793315e-002 2.326111e-002 1.170389e-002 2.082488e-002 5.618803e-002 6.153807e-002 6.060927e-002
<GCONST> 5.449670e+001
<STATE> 3
<NUMMIXES> 2
<MIXTURE> 1 7.781348e-001
<MEAN> 22
 1.416605e+000 1.829569e+000 6.011210e-001 7.573618e-001 7.956254e+000 9.858690e+000 1.012854e+002 9.784589e+001 6.364012e+001 5.940061e+001 1.986705e+002 1.963824e+002 1.187602e+002 1.173976e+002 6.999703e+000 5.000002e+000 6.125337e+000 5.906631e+000 6.001796e+000 6.000604e+000 1.986611e+000 2.013313e+000
<VARIANCE> 22
 4.941756e+000 7.079595e+000 3.300596e+000 2.164982e+000 6.972982e+001 1.198864e+002 3.549204e+002 2.289712e+002 1.043356e+002 8.022946e+001 5.933397e+002 4.422025e+002 2.067392e+002 1.449922e+002 6.504287e-002 1.793315e-002 1.095863e-001 8.470219e-002 2.082488e-002 5.618803e-002 5.623556e+000 5.625400e+000
<GCONST> 8.337971e+001
<MIXTURE> 2 2.218720e-001
<MEAN> 22
 8.893604e+000 1.132780e+001 2.257874e+000 2.851910e+000 5.402311e+001 6.135527e+001 8.188783e+001 7.942221e+001 6.961481e+001 6.419823e+001 1.454681e+002 1.415472e+002 1.087576e+002 1.090613e+002 4.593079e+000 4.082500e+000 5.909994e+000 5.526907e+000 5.060308e+000 4.551440e+000 2.478462e+000 2.486998e+000
<VARIANCE> 22
 1.790325e+002 2.149823e+002 1.469532e+001 1.606907e+001 2.826078e+003 2.820614e+003 1.382325e+003 1.262766e+003 2.699640e+002 2.063739e+002 3.556508e+003 3.572396e+003 3.869093e+002 2.165629e+002 8.446424e+000 1.671165e+000 2.144650e+000 4.957578e-001 2.021258e+000 6.062318e+000 5.213827e+000 4.717927e+000
<GCONST> 1.337584e+002
<STATE> 4
<NUMMIXES> 2
<MIXTURE> 1 2.365863e-001
<MEAN> 22
 5.715539e-001 1.104422e+000 2.789388e-001 6.303772e-001 3.985605e+000 4.111627e+000 1.063354e+002 1.138265e+002 6.400082e+001 6.617442e+001 2.298199e+002 2.341068e+002 1.356084e+002 1.379987e+002 7.000000e+000 5.000000e+000 6.000167e+000 5.997325e+000 6.000000e+000 6.000000e+000 9.852077e-001 1.466182e+000
<VARIANCE> 22
 4.801632e+000 5.093755e+000 3.300596e+000 2.199020e+000 4.956259e+001 5.429972e+001 1.149802e+001 1.305584e+001 3.890576e+000 7.100824e+000 3.745900e+001 4.440890e+001 6.501758e+000 7.675107e+000 6.504287e-002 1.793315e-002 2.326111e-002 1.170389e-002 2.082488e-002 5.618803e-002 3.574191e+000 4.652920e+000
<GCONST> 5.426501e+001
<MIXTURE> 2 7.634115e-001
<MEAN> 22
 1.023705e+000 1.610891e+000 4.000854e-001 6.268886e-001 4.851224e+000 6.054340e+000 8.671111e+001 8.621537e+001 5.627204e+001 5.497511e+001 1.822948e+002 1.819088e+002 1.105380e+002 1.100638e+002 6.990261e+000 4.994121e+000 6.006892e+000 5.976634e+000 5.996633e+000 5.992774e+000 1.769506e+000 1.903278e+000
<VARIANCE> 22
 4.801632e+000 1.132752e+001 3.300596e+000 2.164982e+000 7.010366e+001 8.371509e+001 5.060501e+001 5.364919e+001 2.204812e+001 4.098581e+001 1.101096e+002 1.286335e+002 3.357635e+001 3.758519e+001 6.504287e-002 1.793315e-002 2.326111e-002 2.463634e-002 2.082488e-002 5.618803e-002 5.365829e+000 5.871965e+000
<GCONST> 6.896651e+001
<TRANSP> 5
 0.000000e+000 1.000000e+000 0.000000e+000 0.000000e+000 0.000000e+000
 0.000000e+000 9.079409e-001 9.205906e-002 0.000000e+000 0.000000e+000
 0.000000e+000 0.000000e+000 9.973097e-001 2.690303e-003 0.000000e+000
 0.000000e+000 0.000000e+000 0.000000e+000 9.924665e-001 7.533513e-003
 0.000000e+000 0.000000e+000 0.000000e+000 0.000000e+000 0.000000e+000
<ENDHMM>
