~o
<STREAMINFO> 1 39
<VECSIZE> 39<NULLD><MFCC_D_A_C_K_0><DIAGC>
~s "silst"
<NUMMIXES> 8
<MIXTURE> 1 2.562604e-02
<MEAN> 39
 -1.376841e+01 -9.156569e+00 -9.210847e+00 -1.455992e+01 -8.984449e+00 -1.636218e+01 -9.080485e+00 -7.614411e+00 -3.356717e+00 -3.261344e+00 -3.929164e+00 -8.371595e-01 6.765594e+01 -5.314900e-01 -1.476320e-01 2.423670e-01 -5.230740e-01 5.702676e-01 2.410161e-01 8.872572e-01 9.209255e-01 8.928584e-01 2.907701e-01 8.925164e-01 4.233808e-01 1.364942e+00 -3.028339e-02 -3.972047e-03 -7.482031e-02 1.963948e-02 4.327697e-02 2.848591e-02 5.412814e-02 -2.057875e-02 -9.413845e-03 -2.126545e-02 -2.413970e-03 -1.806505e-04 -2.385613e-02
<VARIANCE> 39
 5.448711e+01 5.205763e+01 6.459831e+01 5.855269e+01 8.369184e+01 7.259624e+01 7.365591e+01 7.483068e+01 6.359733e+01 6.119123e+01 6.296622e+01 4.850491e+01 7.583072e+01 4.171317e+00 3.372993e+00 4.293560e+00 4.495750e+00 5.843850e+00 5.102526e+00 5.476975e+00 5.367977e+00 4.902342e+00 4.852455e+00 4.479172e+00 3.680245e+00 3.649109e+00 5.055909e-01 4.531353e-01 5.802070e-01 6.560079e-01 7.980435e-01 7.853661e-01 9.090968e-01 9.610772e-01 8.699419e-01 8.002520e-01 8.082816e-01 6.551520e-01 6.167201e-01
<GCONST> 1.409352e+02
<MIXTURE> 2 1.125475e-01
<MEAN> 39
 -1.487240e+01 -9.753420e+00 -1.253886e+01 -1.214929e+01 -1.082501e+01 -1.682356e+01 -1.167993e+01 -1.087457e+01 -6.226327e+00 -3.961588e+00 -7.000646e+00 -2.091342e+00 5.743476e+01 1.332047e-02 4.324636e-02 8.933131e-02 1.775250e-01 2.977726e-01 4.398682e-01 5.555656e-01 6.624464e-01 7.257783e-01 7.291200e-01 6.313195e-01 4.227307e-01 -1.289483e-02 5.048174e-02 8.849009e-02 1.016455e-01 8.417875e-02 5.243671e-02 -1.101043e-02 -4.946274e-02 -7.408959e-02 -7.379369e-02 -5.680302e-02 -2.389894e-02 -5.943693e-03 4.036782e-02
<VARIANCE> 39
 6.279768e+00 5.852068e+00 7.980921e+00 1.096764e+01 1.448547e+01 1.597410e+01 1.749884e+01 1.854918e+01 2.016104e+01 1.859416e+01 1.854394e+01 1.803836e+01 4.231946e+00 2.331921e-01 3.709583e-01 5.804369e-01 8.231680e-01 1.051663e+00 1.291079e+00 1.492856e+00 1.685524e+00 1.774985e+00 1.733612e+00 1.656287e+00 1.605969e+00 8.528260e-02 4.362275e-02 7.193053e-02 1.124525e-01 1.657354e-01 2.263676e-01 2.780032e-01 3.172789e-01 3.525230e-01 3.750548e-01 3.756117e-01 3.635652e-01 3.463305e-01 1.643568e-02
<GCONST> 7.900143e+01
<MIXTURE> 3 2.507217e-01
<MEAN> 39
 -1.272288e+01 -8.517390e+00 -1.059192e+01 -9.263215e+00 -1.032289e+01 -1.747646e+01 -1.441694e+01 -1.440960e+01 -1.017614e+01 -6.157343e+00 -1.001771e+01 -3.794312e+00 5.712767e+01 3.965206e-02 6.969928e-02 1.057052e-01 1.307952e-01 1.387714e-01 1.540981e-01 1.406104e-01 1.480082e-01 1.701892e-01 2.070746e-01 1.846048e-01 1.374710e-01 3.071285e-03 -5.526679e-02 -6.223799e-02 -9.568439e-02 -1.140765e-01 -1.954638e-02 4.935723e-02 1.554374e-01 2.132922e-01 2.280884e-01 1.861093e-01 1.698906e-01 8.872426e-02 6.909020e-03
<VARIANCE> 39
 2.378260e+00 3.724706e+00 5.345322e+00 7.422945e+00 1.050481e+01 1.297987e+01 1.357778e+01 1.461148e+01 1.607569e+01 1.629263e+01 1.467462e+01 1.441678e+01 1.129731e+00 1.938006e-01 3.488756e-01 5.511981e-01 7.710338e-01 9.803113e-01 1.203768e+00 1.441383e+00 1.688080e+00 1.792239e+00 1.720949e+00 1.599506e+00 1.528967e+00 5.935644e-02 3.452231e-02 6.316365e-02 1.010031e-01 1.480926e-01 2.023109e-01 2.485563e-01 2.826997e-01 3.192937e-01 3.446550e-01 3.433658e-01 3.269216e-01 3.155065e-01 1.126641e-02
<GCONST> 7.087346e+01
<MIXTURE> 4 1.056689e-01
<MEAN> 39
 -1.552815e+01 -8.021506e+00 -1.113445e+01 -1.294133e+01 -9.918952e+00 -1.773642e+01 -1.159833e+01 -1.111982e+01 -5.853180e+00 -5.024076e+00 -5.277643e+00 -1.551426e+00 6.148580e+01 -1.269948e-01 4.833433e-02 5.173041e-02 2.775253e-02 1.972898e-01 1.644313e-01 2.826333e-01 3.416218e-01 3.933858e-01 3.350755e-01 3.945011e-01 2.257991e-01 2.544176e-02 1.642610e-02 -2.269311e-02 3.533499e-03 1.535409e-02 4.220164e-02 6.895417e-02 9.762956e-02 1.131861e-01 9.906340e-02 8.830113e-02 5.885802e-02 3.423634e-02 2.940731e-02
<VARIANCE> 39
 2.683521e+01 1.714639e+01 2.231982e+01 2.228167e+01 3.239647e+01 3.049217e+01 3.463505e+01 3.823246e+01 4.038231e+01 3.415882e+01 3.389007e+01 2.773858e+01 1.202155e+01 7.485670e-01 7.192460e-01 1.041272e+00 1.334945e+00 1.664530e+00 1.866950e+00 2.079471e+00 2.214627e+00 2.244112e+00 2.231788e+00 2.103648e+00 1.914618e+00 4.281300e-01 1.323828e-01 1.353585e-01 2.030750e-01 2.660777e-01 3.356227e-01 3.816064e-01 4.425910e-01 4.917193e-01 5.043705e-01 4.945654e-01 4.723969e-01 4.129645e-01 7.746167e-02
<GCONST> 1.030904e+02
<MIXTURE> 5 1.492714e-01
<MEAN> 39
 -1.280370e+01 -8.799410e+00 -1.108898e+01 -9.817092e+00 -1.059721e+01 -1.751308e+01 -1.408549e+01 -1.375041e+01 -9.474085e+00 -5.477427e+00 -9.614794e+00 -3.595726e+00 5.708780e+01 -1.146730e-02 -4.628682e-02 -8.778096e-02 -1.527291e-01 -2.917304e-01 -3.646386e-01 -4.603403e-01 -5.163430e-01 -5.674365e-01 -5.633877e-01 -5.442302e-01 -3.581762e-01 -3.671963e-02 -4.795059e-02 -3.967296e-02 -4.441178e-02 -5.096933e-02 8.802448e-03 4.176499e-02 9.512366e-02 1.155648e-01 1.185972e-01 8.466019e-02 9.691397e-02 5.569089e-02 2.636667e-03
<VARIANCE> 39
 2.368037e+00 3.703337e+00 5.333335e+00 7.551409e+00 1.058751e+01 1.316375e+01 1.386810e+01 1.477401e+01 1.620646e+01 1.645850e+01 1.504202e+01 1.462756e+01 1.096235e+00 1.804031e-01 3.338865e-01 5.311089e-01 7.445514e-01 9.593689e-01 1.178545e+00 1.425225e+00 1.646998e+00 1.760274e+00 1.693212e+00 1.577161e+00 1.514701e+00 5.510344e-02 3.235470e-02 6.199821e-02 9.886120e-02 1.476322e-01 2.023659e-01 2.514953e-01 2.854952e-01 3.214214e-01 3.445288e-01 3.471158e-01 3.311801e-01 3.193282e-01 9.888306e-03
<GCONST> 7.038694e+01
<MIXTURE> 6 2.147226e-01
<MEAN> 39
 -1.455739e+01 -9.988466e+00 -1.283161e+01 -1.203500e+01 -1.091968e+01 -1.609811e+01 -1.072786e+01 -9.557803e+00 -5.002543e+00 -2.499514e+00 -6.191346e+00 -1.414713e+00 5.694598e+01 -3.026580e-02 -8.274469e-02 -1.080030e-01 -9.718329e-02 -1.358819e-01 -9.657838e-02 -1.048086e-01 -9.098556e-02 -1.024452e-01 -9.310831e-02 -1.286523e-01 -9.194992e-02 -5.959297e-02 4.536820e-02 9.423294e-02 1.200035e-01 9.372907e-02 2.791071e-02 -9.653122e-02 -2.080693e-01 -2.810259e-01 -2.940475e-01 -2.660382e-01 -1.984615e-01 -1.193593e-01 3.161164e-02
<VARIANCE> 39
 5.218728e+00 4.892859e+00 6.826477e+00 1.010493e+01 1.295924e+01 1.475581e+01 1.632841e+01 1.705373e+01 1.847704e+01 1.708005e+01 1.728279e+01 1.687596e+01 3.368158e+00 1.869456e-01 3.327805e-01 5.291335e-01 7.582492e-01 9.858966e-01 1.223193e+00 1.432093e+00 1.646511e+00 1.737796e+00 1.701305e+00 1.626846e+00 1.562341e+00 6.343048e-02 3.426111e-02 6.422927e-02 1.021919e-01 1.514563e-01 2.086721e-01 2.609420e-01 2.983298e-01 3.329328e-01 3.557945e-01 3.558927e-01 3.437203e-01 3.293676e-01 1.105203e-02
<GCONST> 7.503440e+01
<MIXTURE> 7 1.031400e-01
<MEAN> 39
 -1.557880e+01 -8.129124e+00 -1.111933e+01 -1.238966e+01 -9.089042e+00 -1.705383e+01 -1.099780e+01 -1.067828e+01 -5.732501e+00 -4.903263e+00 -5.339213e+00 -1.588920e+00 6.064829e+01 5.835100e-02 1.181260e-03 8.320574e-03 8.963552e-02 -2.071173e-01 -2.873898e-01 -5.392920e-01 -6.539015e-01 -7.172670e-01 -6.266130e-01 -6.532334e-01 -3.999667e-01 -1.997981e-01 3.247528e-02 -4.446956e-02 -2.959543e-02 -2.933568e-02 -7.507667e-02 -2.904798e-02 -3.869524e-02 -2.007082e-02 -2.208690e-02 3.110249e-03 -5.584659e-02 -2.894126e-02 3.576719e-03
<VARIANCE> 39
 1.924798e+01 1.372367e+01 1.829202e+01 1.833953e+01 2.603576e+01 2.677565e+01 2.937756e+01 3.309182e+01 3.546020e+01 3.123389e+01 2.866762e+01 2.505486e+01 6.760407e+00 6.494341e-01 6.681604e-01 9.930947e-01 1.266788e+00 1.581075e+00 1.765413e+00 1.988565e+00 2.136341e+00 2.201877e+00 2.151612e+00 1.987164e+00 1.864810e+00 3.461390e-01 8.644982e-02 1.080099e-01 1.652275e-01 2.258981e-01 2.875298e-01 3.424846e-01 4.005074e-01 4.487746e-01 4.746860e-01 4.683594e-01 4.362060e-01 3.901035e-01 4.118715e-02
<GCONST> 9.720544e+01
<MIXTURE> 8 3.672581e-02
<MEAN> 39
 -1.536817e+01 -8.623265e+00 -9.974705e+00 -1.520544e+01 -7.318472e+00 -1.605238e+01 -7.275715e+00 -7.122756e+00 -2.430927e+00 -3.638968e+00 -2.408658e+00 -5.270473e-01 6.904196e+01 2.067140e-01 8.145519e-02 -2.651491e-01 1.721582e-02 -1.571911e-01 -2.308501e-01 -2.931739e-01 -4.892765e-01 -3.534323e-01 -2.974088e-01 -3.368090e-01 -2.132184e-01 -1.836403e-01 1.458749e-01 -2.294063e-03 -1.072828e-02 1.418277e-01 -1.644102e-01 -4.422840e-02 -2.157971e-01 -1.826801e-01 -1.870898e-01 -4.066642e-02 -1.952882e-01 -7.636619e-02 -2.859115e-01
<VARIANCE> 39
 7.500215e+01 5.505618e+01 7.304281e+01 6.289714e+01 1.018366e+02 8.353577e+01 7.830140e+01 7.422949e+01 6.725404e+01 6.585608e+01 5.881496e+01 4.727567e+01 4.478438e+01 1.811319e+00 1.572015e+00 2.192634e+00 2.729822e+00 3.297983e+00 3.434838e+00 3.742981e+00 3.799367e+00 3.588010e+00 3.449301e+00 3.122004e+00 2.739256e+00 2.002097e+00 3.890597e-01 3.073429e-01 4.606801e-01 5.537552e-01 6.875082e-01 7.185141e-01 7.746708e-01 8.096226e-01 7.666689e-01 7.446082e-01 6.720092e-01 5.752233e-01 2.830431e-01
<GCONST> 1.321192e+02
~h "sp"
<BEGINHMM>
<NUMSTATES> 3
<STATE> 2
~s "silst"
<TRANSP> 3
 0.000000e+00 5.126595e-01 4.873404e-01
 0.000000e+00 9.890267e-01 1.097338e-02
 0.000000e+00 0.000000e+00 0.000000e+00
<ENDHMM>
~h "oov"
<BEGINHMM>
<NUMSTATES> 3
<STATE> 2
<NUMMIXES> 8
<MIXTURE> 1 7.008871e-02
<MEAN> 39
 -1.584294e+01 -5.310712e+00 -9.960710e+00 -1.239944e+01 -6.845474e+00 -1.780005e+01 -9.183902e+00 -8.527226e+00 -3.204822e+00 -3.910178e+00 -3.216322e+00 -1.299619e+00 6.600176e+01 -5.659257e-01 1.860371e-01 4.963985e-01 -6.709883e-01 5.726144e-01 -8.560351e-02 9.955602e-01 1.573044e+00 1.647830e+00 7.616935e-01 1.591472e+00 7.057184e-01 1.874105e+00 3.497260e-01 -3.095509e-01 -2.364319e-02 -3.219527e-01 -2.644987e-01 -1.619589e-02 -2.374995e-02 1.676573e-01 1.252761e-01 1.135568e-01 6.879726e-02 2.858697e-02 4.501535e-01
<VARIANCE> 39
 5.705447e+01 4.611723e+01 4.369918e+01 3.315815e+01 6.183895e+01 5.366983e+01 5.482129e+01 4.641365e+01 4.915093e+01 4.673930e+01 4.609826e+01 3.223054e+01 3.228094e+01 7.566216e+00 5.185045e+00 5.714348e+00 5.357177e+00 8.436130e+00 6.765483e+00 6.311381e+00 6.370609e+00 5.626832e+00 5.815390e+00 5.072396e+00 4.451861e+00 3.142984e+00 7.135425e-01 5.504376e-01 6.152237e-01 6.365044e-01 9.600194e-01 9.151322e-01 9.293709e-01 9.094266e-01 8.944857e-01 8.738686e-01 8.870285e-01 7.087588e-01 4.249003e-01
<GCONST> 1.401413e+02
<MIXTURE> 2 1.168789e-01
<MEAN> 39
 -1.223507e+01 -1.030802e+01 -1.010658e+01 -1.763449e+01 -7.879742e+00 -1.410588e+01 -6.815494e+00 -5.118874e+00 -1.716021e+00 -3.570874e+00 -9.312569e-01 -1.241499e+00 7.394476e+01 -3.281269e-03 7.977256e-02 7.677928e-02 2.384454e-01 2.870519e-01 3.460070e-01 3.415181e-01 4.009853e-01 3.900270e-01 3.463461e-01 2.772832e-01 1.979571e-01 -1.422398e-01 6.441503e-02 6.532803e-02 2.307105e-02 1.167268e-01 -3.792152e-02 -6.316753e-02 -5.724156e-02 -4.905039e-02 3.871263e-02 1.038639e-01 1.856430e-03 3.643472e-02 -1.158267e-01
<VARIANCE> 39
 1.031978e+02 1.033885e+02 9.856143e+01 9.230961e+01 1.427660e+02 1.191994e+02 1.071575e+02 9.742974e+01 8.606582e+01 8.186884e+01 8.460603e+01 7.843997e+01 4.027581e+01 4.959649e-01 1.000438e+00 1.312659e+00 1.665022e+00 2.189177e+00 2.475402e+00 2.800609e+00 2.775150e+00 2.795509e+00 2.659292e+00 2.551542e+00 2.354172e+00 4.185679e-01 1.108756e-01 1.903103e-01 2.266735e-01 3.115708e-01 3.985053e-01 4.578199e-01 5.212606e-01 5.258785e-01 5.271901e-01 5.127872e-01 4.867811e-01 4.485665e-01 6.274112e-02
<GCONST> 1.220668e+02
<MIXTURE> 3 1.565214e-01
<MEAN> 39
 -6.337874e+00 -9.155663e+00 -1.172522e+01 -1.524137e+01 -1.272404e+01 -1.905437e+01 -1.207389e+01 -1.038109e+01 -5.180926e+00 -1.816964e+00 -4.516002e+00 -1.171170e+00 6.821029e+01 -1.786287e-01 4.162244e-01 7.949198e-03 4.558524e-01 7.515670e-02 1.253994e-01 -1.243983e-01 -4.285480e-01 -1.154942e-01 2.443743e-01 -3.344353e-02 1.762286e-01 -8.045399e-01 -1.834606e-01 -4.982249e-02 1.249620e-01 -3.793405e-02 1.477929e-01 1.283567e-01 1.548559e-01 3.288342e-01 1.877305e-01 -1.998637e-03 1.744113e-01 6.580633e-02 9.026990e-02
<VARIANCE> 39
 2.250977e+01 3.246659e+01 6.481437e+01 4.540956e+01 6.611147e+01 7.726292e+01 6.388702e+01 8.053178e+01 8.117619e+01 7.372625e+01 7.506321e+01 6.555282e+01 3.225128e+01 7.985504e-01 1.164065e+00 1.928826e+00 2.045620e+00 2.500208e+00 3.128254e+00 3.269227e+00 3.883356e+00 3.568261e+00 3.419481e+00 3.223149e+00 2.912944e+00 8.877395e-01 1.254166e-01 1.700812e-01 2.916529e-01 3.521283e-01 4.159788e-01 5.029868e-01 5.516820e-01 6.788288e-01 7.000076e-01 6.819749e-01 6.313933e-01 5.745901e-01 1.091588e-01
<GCONST> 1.218960e+02
<MIXTURE> 4 1.466562e-01
<MEAN> 39
 -7.351574e+00 -1.316870e+01 -8.067410e+00 -1.957478e+01 -1.267838e+01 -1.826343e+01 -9.832117e+00 -2.566317e+00 -1.223927e-02 -1.175760e+00 -5.573774e-01 -4.951458e-01 7.608343e+01 1.955562e-01 -7.756419e-01 -1.761175e-01 -5.434317e-01 1.761464e-01 4.843880e-01 7.176828e-01 8.142363e-01 2.945212e-01 3.434303e-02 1.537120e-01 1.009650e-01 9.168183e-01 -2.660732e-01 3.277735e-01 -1.138020e-01 3.966569e-01 2.613516e-01 9.318386e-02 4.387626e-02 -4.284133e-01 -2.625340e-01 -6.442539e-02 -1.263660e-01 -1.231020e-02 -4.572538e-01
<VARIANCE> 39
 3.006740e+01 5.314367e+01 1.050456e+02 7.026878e+01 1.188464e+02 1.404379e+02 1.235356e+02 1.077691e+02 9.982626e+01 9.727312e+01 9.927319e+01 9.434605e+01 3.490794e+01 2.633534e+00 3.741558e+00 4.454479e+00 5.150857e+00 6.006967e+00 6.335653e+00 6.349927e+00 7.027140e+00 6.197574e+00 5.871752e+00 5.393450e+00 4.914421e+00 3.057451e+00 3.888670e-01 4.774648e-01 7.161181e-01 7.602809e-01 9.982587e-01 1.145714e+00 1.196448e+00 1.243106e+00 1.160439e+00 1.092857e+00 1.022068e+00 9.250814e-01 3.114514e-01
<GCONST> 1.471600e+02
<MIXTURE> 5 1.590354e-01
<MEAN> 39
 -1.132645e+01 -1.121816e+01 -9.577056e+00 -1.706119e+01 -8.022733e+00 -1.359548e+01 -6.472250e+00 -3.832738e+00 -1.254678e+00 -2.839656e+00 -6.864405e-01 -1.035501e+00 7.391718e+01 2.152037e-02 4.640261e-02 -2.139175e-01 4.261944e-02 -1.970650e-01 -2.061483e-01 -2.539582e-01 -3.602942e-01 -3.384327e-01 -2.107495e-01 -3.017631e-01 -1.135476e-01 -4.280053e-01 3.584703e-02 6.732035e-02 -6.784900e-02 4.033321e-02 -1.519708e-01 -2.267283e-01 -2.086958e-01 -2.431803e-01 -1.021792e-01 -3.164322e-02 -1.294146e-01 -3.324178e-02 -1.533541e-01
<VARIANCE> 39
 8.822591e+01 8.885168e+01 1.054255e+02 8.162380e+01 1.460408e+02 1.174777e+02 1.123932e+02 1.049268e+02 9.049905e+01 7.836686e+01 7.888860e+01 7.297273e+01 4.271376e+01 5.051786e-01 9.824460e-01 1.313711e+00 1.600474e+00 2.167016e+00 2.478259e+00 2.824637e+00 2.830968e+00 2.824039e+00 2.645094e+00 2.480885e+00 2.268795e+00 5.228608e-01 1.100949e-01 1.843332e-01 2.434148e-01 3.214574e-01 4.227898e-01 4.648902e-01 5.592700e-01 5.674560e-01 5.606466e-01 5.206047e-01 4.944272e-01 4.593951e-01 6.761792e-02
<GCONST> 1.223744e+02
<MIXTURE> 6 1.176185e-01
<MEAN> 39
 -7.723710e+00 -9.254580e+00 -1.281197e+01 -1.454416e+01 -1.140306e+01 -1.676585e+01 -9.531553e+00 -7.275119e+00 -3.166105e+00 -1.589178e+00 -4.300580e+00 -2.004350e-01 6.578227e+01 -6.398565e-01 3.226965e-01 -7.724160e-02 6.522197e-01 2.157677e-01 6.694156e-02 -5.500468e-01 -1.135165e+00 -1.006918e+00 -7.116129e-01 -9.290878e-01 -4.776877e-01 -1.171131e+00 -1.235109e-01 -8.699739e-02 1.404035e-01 -9.079780e-02 -3.226860e-02 -1.145918e-01 -1.040362e-01 -4.572395e-03 -7.750586e-02 -1.270036e-01 9.601668e-03 -7.626399e-02 1.412759e-01
<VARIANCE> 39
 2.151193e+01 2.601135e+01 5.828470e+01 3.649035e+01 6.396489e+01 7.149388e+01 5.644749e+01 6.634785e+01 6.574877e+01 5.943607e+01 6.185247e+01 4.962264e+01 2.150636e+01 8.723876e-01 1.169080e+00 2.084552e+00 2.057172e+00 2.728369e+00 3.279637e+00 3.398513e+00 3.734803e+00 3.569644e+00 3.508147e+00 3.217845e+00 2.944637e+00 7.380142e-01 1.166035e-01 1.419530e-01 2.307013e-01 2.867898e-01 3.580763e-01 4.470653e-01 5.023714e-01 5.726553e-01 5.947621e-01 5.809999e-01 5.397630e-01 4.823073e-01 7.438749e-02
<GCONST> 1.174700e+02
<MIXTURE> 7 1.013800e-01
<MEAN> 39
 -1.204155e+01 -8.454309e+00 -7.042698e+00 -1.757320e+01 -1.057006e+01 -2.002415e+01 -8.685993e+00 -4.864064e+00 -7.598479e-01 -1.651081e+00 3.986641e-01 5.041463e-01 7.457743e+01 6.147453e-01 -1.489322e-01 -2.165832e-01 -1.131570e-01 -5.125908e-01 -3.650672e-01 -3.047743e-01 -4.030658e-01 -3.918808e-01 -2.716411e-01 -3.325208e-01 -3.209221e-01 2.283351e-01 6.079314e-02 3.274916e-02 -1.651159e-01 2.094592e-01 3.439178e-02 1.618734e-01 -9.479290e-02 -2.759124e-01 -2.095846e-01 -9.782192e-02 -2.651924e-01 -1.378822e-01 -3.536080e-01
<VARIANCE> 39
 7.939697e+01 7.331748e+01 1.108402e+02 7.646065e+01 1.413849e+02 1.286346e+02 1.106654e+02 9.953859e+01 9.270622e+01 9.494625e+01 8.337890e+01 7.186321e+01 3.249395e+01 3.615849e+00 3.431220e+00 4.158418e+00 4.704098e+00 6.197455e+00 6.334949e+00 5.918941e+00 6.219260e+00 5.628509e+00 5.426574e+00 4.886931e+00 4.172586e+00 2.574453e+00 7.221780e-01 5.370449e-01 7.676919e-01 7.713760e-01 1.287350e+00 1.260648e+00 1.186065e+00 1.190802e+00 1.108628e+00 1.098599e+00 9.458244e-01 8.149210e-01 2.661827e-01
<GCONST> 1.478881e+02
<MIXTURE> 8 1.298929e-01
<MEAN> 39
 -1.384481e+01 -5.044285e+00 -1.035933e+01 -1.150547e+01 -9.638294e+00 -1.912581e+01 -1.180210e+01 -1.152689e+01 -4.885020e+00 -3.777063e+00 -3.935138e+00 -1.494413e+00 6.457767e+01 6.117091e-01 -1.090593e-01 2.452250e-01 -5.895551e-01 -5.152636e-01 -4.531834e-01 -2.913159e-01 4.231194e-01 3.095938e-01 1.129786e-01 3.641157e-01 5.826659e-02 7.599983e-01 1.989207e-01 -2.613583e-01 2.133171e-02 -3.990741e-01 -1.063429e-01 6.890444e-02 1.916065e-01 4.516466e-01 2.222214e-01 7.645672e-02 1.356139e-01 5.928670e-02 4.294145e-01
<VARIANCE> 39
 5.094930e+01 3.004318e+01 3.498154e+01 2.931650e+01 4.442684e+01 4.474316e+01 4.646905e+01 4.484737e+01 4.930159e+01 4.607550e+01 4.348567e+01 3.259695e+01 2.390501e+01 5.016392e+00 2.548631e+00 3.911515e+00 3.874669e+00 5.591960e+00 5.154809e+00 5.076898e+00 5.654832e+00 4.814992e+00 4.896706e+00 4.411218e+00 3.717846e+00 1.618494e+00 5.045762e-01 3.688183e-01 5.065501e-01 5.028250e-01 7.388407e-01 7.647853e-01 7.682677e-01 8.321432e-01 8.316541e-01 7.992787e-01 7.499587e-01 6.330525e-01 2.417853e-01
<GCONST> 1.311233e+02
<TRANSP> 3
 0.000000e+00 1.000000e+00 0.000000e+00
 0.000000e+00 9.865520e-01 1.344803e-02
 0.000000e+00 0.000000e+00 0.000000e+00
<ENDHMM>
~h "sil"
<BEGINHMM>
<NUMSTATES> 3
<STATE> 2
~s "silst"
<TRANSP> 3
 0.000000e+00 1.000000e+00 0.000000e+00
 0.000000e+00 9.966454e-01 3.354590e-03
 0.000000e+00 0.000000e+00 0.000000e+00
<ENDHMM>
~h "noise"
<BEGINHMM>
<NUMSTATES> 3
<STATE> 2
~s "silst"
<TRANSP> 3
 0.000000e+00 1.000000e+00 0.000000e+00
 0.000000e+00 9.874812e-01 1.251882e-02
 0.000000e+00 0.000000e+00 0.000000e+00
<ENDHMM>
