~o
<STREAMINFO> 1 39
<VECSIZE> 39<NULLD><MFCC_D_A_C_K_0><DIAGC>
~s "silst"
<MEAN> 39
 -1.365926e+01 -8.984192e+00 -1.131364e+01 -1.170909e+01 -1.031631e+01 -1.705234e+01 -1.205523e+01 -1.130905e+01 -6.806181e+00 -4.400693e+00 -6.990876e+00 -2.258173e+00 5.959828e+01 -7.741246e-03 1.837211e-03 2.667957e-03 9.754756e-03 5.784076e-04 -3.517985e-04 -1.073956e-02 -1.141329e-02 -9.214121e-03 -2.883352e-03 -9.749000e-03 -5.737205e-03 -1.525775e-02 1.252474e-03 8.515910e-04 2.074268e-03 -3.202324e-03 1.404345e-03 8.457621e-05 4.058848e-03 6.041170e-03 5.850517e-03 3.049886e-03 6.249199e-03 2.377115e-03 6.935263e-03
<VARIANCE> 39
 1.757030e+01 1.427475e+01 1.980660e+01 2.265544e+01 2.745373e+01 2.790121e+01 3.155651e+01 3.562316e+01 3.613548e+01 2.942844e+01 3.282058e+01 2.524739e+01 2.921902e+01 5.919802e-01 6.674336e-01 9.622752e-01 1.229899e+00 1.573718e+00 1.789119e+00 2.077759e+00 2.355042e+00 2.395247e+00 2.295236e+00 2.168650e+00 1.922111e+00 4.545023e-01 9.324643e-02 1.157929e-01 1.709599e-01 2.282345e-01 2.925553e-01 3.420914e-01 4.003002e-01 4.580303e-01 4.711599e-01 4.549886e-01 4.282560e-01 3.845171e-01 6.064080e-02
<GCONST> 1.003274e+02
~h "sp"
<BEGINHMM>
<NUMSTATES> 3
<STATE> 2
~s "silst"
<TRANSP> 3
 0.000000e+00 3.251815e-01 6.748185e-01
 0.000000e+00 9.908646e-01 9.135398e-03
 0.000000e+00 0.000000e+00 0.000000e+00
<ENDHMM>
~h "oov"
<BEGINHMM>
<NUMSTATES> 3
<STATE> 2
<MEAN> 39
 -1.096674e+01 -9.303827e+00 -9.971853e+00 -1.591386e+01 -9.806120e+00 -1.714132e+01 -8.991610e+00 -6.538400e+00 -2.308198e+00 -2.585887e+00 -2.028634e+00 -8.843775e-01 7.083267e+01 3.488430e-02 -1.380697e-02 -1.891227e-02 -5.384227e-02 -4.489290e-03 8.190900e-04 4.997091e-02 5.357768e-02 4.315816e-02 1.164577e-02 4.181071e-02 2.517625e-02 8.959363e-02 -5.374206e-03 -2.853274e-03 -8.772838e-03 1.712667e-02 -5.982904e-03 1.168095e-03 -1.860751e-02 -2.779084e-02 -2.725931e-02 -1.325834e-02 -2.898016e-02 -1.037788e-02 -3.922168e-02
<VARIANCE> 39
 7.143885e+01 6.465636e+01 8.201100e+01 6.629733e+01 1.060967e+02 1.017403e+02 8.941671e+01 9.243330e+01 8.076910e+01 7.459605e+01 7.562034e+01 6.336073e+01 5.157402e+01 2.667243e+00 2.413030e+00 3.031675e+00 3.431730e+00 4.418348e+00 4.471931e+00 4.656299e+00 5.281232e+00 4.722570e+00 4.310182e+00 4.196207e+00 3.463834e+00 2.453417e+00 3.732657e-01 3.547203e-01 4.604047e-01 5.543501e-01 7.126034e-01 7.581189e-01 7.962019e-01 9.101495e-01 8.312212e-01 7.721900e-01 7.338857e-01 6.282762e-01 3.023950e-01
<GCONST> 1.383825e+02
<TRANSP> 3
 0.000000e+00 1.000000e+00 0.000000e+00
 0.000000e+00 9.812834e-01 1.871662e-02
 0.000000e+00 0.000000e+00 0.000000e+00
<ENDHMM>
~h "sil"
<BEGINHMM>
<NUMSTATES> 3
<STATE> 2
~s "silst"
<TRANSP> 3
 0.000000e+00 1.000000e+00 0.000000e+00
 0.000000e+00 9.991013e-01 8.986836e-04
 0.000000e+00 0.000000e+00 0.000000e+00
<ENDHMM>
~h "noise"
<BEGINHMM>
<NUMSTATES> 3
<STATE> 2
~s "silst"
<TRANSP> 3
 0.000000e+00 1.000000e+00 0.000000e+00
 0.000000e+00 9.819030e-01 1.809706e-02
 0.000000e+00 0.000000e+00 0.000000e+00
<ENDHMM>
