~o
<STREAMINFO> 1 39
<VECSIZE> 39<NULLD><MFCC_D_A_C_K_0><DIAGC>
~s "silst"
<NUMMIXES> 16
<MIXTURE> 1 2.126109e-02
<MEAN> 39
 -1.571904e+01 -8.529235e+00 -8.610426e+00 -1.475201e+01 -7.782413e+00 -1.696416e+01 -8.789124e+00 -7.435723e+00 -2.444888e+00 -3.303311e+00 -3.013756e+00 -6.412656e-01 6.881255e+01 -4.264483e-01 -2.835729e-01 -1.748619e-03 -4.749877e-01 4.016456e-01 4.914754e-02 5.874447e-01 5.271433e-01 5.848905e-01 -7.360792e-02 5.190991e-01 1.297850e-01 1.495076e+00 1.793426e-01 -3.321831e-02 -1.152547e-01 1.212606e-01 -9.596612e-02 6.928506e-02 -5.753744e-02 -9.776396e-02 -1.472400e-01 -1.570808e-02 -1.411730e-01 -6.058776e-02 -2.852241e-01
<VARIANCE> 39
 6.589745e+01 5.148769e+01 6.619913e+01 5.847982e+01 8.448036e+01 7.293218e+01 7.616565e+01 7.367361e+01 6.443534e+01 6.316031e+01 5.887318e+01 4.502481e+01 7.322752e+01 4.478813e+00 3.506893e+00 4.603055e+00 4.615986e+00 6.327641e+00 5.491007e+00 6.029568e+00 6.138194e+00 5.557352e+00 5.103461e+00 4.972255e+00 3.807411e+00 4.936920e+00 6.716042e-01 5.394086e-01 6.910015e-01 7.717800e-01 9.843666e-01 9.226099e-01 1.041687e+00 1.085164e+00 9.700009e-01 8.964818e-01 8.680680e-01 6.812668e-01 8.753397e-01
<GCONST> 1.443503e+02
<MIXTURE> 2 6.010687e-02
<MEAN> 39
 -1.600192e+01 -1.011310e+01 -1.352273e+01 -1.389359e+01 -1.131139e+01 -1.547015e+01 -9.438192e+00 -9.544328e+00 -6.507088e+00 -6.221375e+00 -8.029666e+00 -2.173596e+00 5.704982e+01 9.845630e-04 -1.739461e-02 -8.725186e-03 5.157518e-02 7.995831e-02 1.947458e-01 2.629538e-01 3.293334e-01 3.460715e-01 3.334831e-01 2.394651e-01 1.572589e-01 -5.208939e-02 3.366541e-02 5.125326e-02 9.622129e-02 1.305519e-01 5.206612e-02 -8.959056e-02 -1.329940e-01 -6.657027e-03 2.293893e-01 4.053797e-01 3.295687e-01 1.695683e-01 2.319119e-02
<VARIANCE> 39
 6.469868e+00 6.488311e+00 8.544308e+00 9.679836e+00 1.433634e+01 1.464691e+01 1.394497e+01 1.626763e+01 1.782329e+01 1.328319e+01 1.539443e+01 1.652762e+01 7.084843e+00 1.801146e-01 3.108974e-01 5.082346e-01 7.503056e-01 9.958158e-01 1.283760e+00 1.478037e+00 1.646043e+00 1.685966e+00 1.698492e+00 1.638677e+00 1.562141e+00 6.599954e-02 3.554418e-02 6.424240e-02 1.024570e-01 1.487130e-01 2.008783e-01 2.559168e-01 3.009004e-01 3.220237e-01 2.931600e-01 2.406847e-01 2.688190e-01 2.989528e-01 1.177146e-02
<GCONST> 7.494431e+01
<MIXTURE> 3 6.006565e-02
<MEAN> 39
 -1.280657e+01 -8.566637e+00 -1.034589e+01 -8.641241e+00 -9.570537e+00 -1.662959e+01 -1.348978e+01 -1.316470e+01 -8.448464e+00 -4.278519e+00 -8.406272e+00 -2.806664e+00 5.707701e+01 -5.519618e-02 -9.423883e-02 -7.592575e-02 1.825239e-02 1.969611e-01 4.413399e-01 6.737885e-01 8.676458e-01 9.573800e-01 9.225181e-01 7.117965e-01 4.260240e-01 -3.226456e-02 -4.317626e-02 -5.802054e-02 -1.327152e-01 -1.981682e-01 -1.210704e-01 -5.065081e-02 4.724002e-02 6.920183e-02 1.623265e-02 -5.611865e-02 -4.292047e-02 -3.891765e-02 8.548666e-03
<VARIANCE> 39
 2.243072e+00 3.176363e+00 4.308775e+00 5.944855e+00 9.538247e+00 1.186439e+01 1.214521e+01 1.218649e+01 1.366321e+01 1.364836e+01 1.459011e+01 1.471318e+01 1.095268e+00 1.681199e-01 2.928029e-01 4.747541e-01 7.229965e-01 9.863679e-01 1.194229e+00 1.356604e+00 1.498497e+00 1.566339e+00 1.561143e+00 1.562490e+00 1.538986e+00 5.332836e-02 3.061070e-02 5.288211e-02 8.174863e-02 1.232616e-01 1.818320e-01 2.295454e-01 2.526875e-01 2.672250e-01 2.845706e-01 2.896422e-01 3.149263e-01 3.196933e-01 9.966322e-03
<GCONST> 6.663586e+01
<MIXTURE> 4 7.824817e-02
<MEAN> 39
 -1.529419e+01 -7.689362e+00 -1.093779e+01 -1.134512e+01 -9.424795e+00 -1.814282e+01 -1.305971e+01 -1.321278e+01 -7.920720e+00 -6.023493e+00 -7.685011e+00 -3.479749e+00 5.930246e+01 -2.478656e-01 9.011972e-02 5.731158e-02 -1.706771e-01 2.271520e-01 2.547915e-02 2.215567e-01 1.971824e-01 2.977596e-01 8.463877e-02 3.238481e-01 9.748216e-02 2.350992e-01 1.888263e-03 -5.164496e-02 -1.770578e-02 -3.120725e-02 3.483025e-02 9.586770e-02 1.655560e-01 1.713139e-01 1.295120e-01 7.695897e-02 1.200084e-01 1.043434e-01 7.473122e-02
<VARIANCE> 39
 1.117128e+01 9.906034e+00 1.279776e+01 1.490362e+01 1.838917e+01 1.950480e+01 2.127870e+01 2.173247e+01 2.313133e+01 2.373096e+01 2.028170e+01 1.888291e+01 4.585692e+00 1.061891e+00 9.463096e-01 1.271365e+00 1.627458e+00 1.990480e+00 2.065606e+00 2.366554e+00 2.491606e+00 2.569748e+00 2.568973e+00 2.340244e+00 2.059951e+00 5.659432e-01 1.796448e-01 1.629871e-01 2.277502e-01 2.985319e-01 3.624273e-01 3.825596e-01 4.282883e-01 4.627462e-01 4.743776e-01 4.802666e-01 4.399290e-01 3.944048e-01 1.133541e-01
<GCONST> 9.902202e+01
<MIXTURE> 5 7.855528e-02
<MEAN> 39
 -1.277717e+01 -9.071769e+00 -1.160750e+01 -1.058851e+01 -1.177573e+01 -1.822208e+01 -1.397648e+01 -1.230795e+01 -7.505502e+00 -3.634934e+00 -8.470523e+00 -2.845595e+00 5.691776e+01 2.357981e-01 4.058521e-01 5.022417e-01 4.372360e-01 2.184850e-01 -3.298391e-02 -2.766979e-01 -3.927429e-01 -3.721889e-01 -2.469913e-01 -1.314543e-01 -2.237405e-02 8.314764e-02 -2.206930e-02 1.278983e-02 4.162211e-02 8.606727e-02 1.787529e-01 1.433526e-01 5.068203e-02 -1.038856e-01 -1.768909e-01 -1.787632e-01 -7.815304e-02 -3.884723e-02 1.567796e-02
<VARIANCE> 39
 1.863953e+00 3.067325e+00 4.278452e+00 5.663402e+00 8.356050e+00 1.053603e+01 1.118424e+01 1.223989e+01 1.376568e+01 1.422410e+01 1.370175e+01 1.383080e+01 9.072206e-01 1.447260e-01 2.550555e-01 4.186400e-01 6.630506e-01 9.533701e-01 1.209563e+00 1.354699e+00 1.490835e+00 1.541675e+00 1.549963e+00 1.566853e+00 1.560061e+00 4.426903e-02 2.899993e-02 5.429551e-02 8.309019e-02 1.156146e-01 1.610626e-01 2.092444e-01 2.428353e-01 2.689371e-01 2.928961e-01 3.056722e-01 3.055101e-01 3.047991e-01 9.084553e-03
<GCONST> 6.463530e+01
<MIXTURE> 6 9.053286e-02
<MEAN> 39
 -1.520937e+01 -1.008481e+01 -1.342951e+01 -1.335600e+01 -1.186703e+01 -1.634587e+01 -1.021962e+01 -8.182926e+00 -2.482697e+00 -5.830098e-03 -3.218796e+00 7.387868e-01 5.689380e+01 -3.286094e-03 -7.795988e-03 -7.683887e-03 1.213850e-03 -8.265136e-03 6.638257e-03 -4.210521e-03 3.866960e-03 -1.337675e-03 1.053609e-02 2.088513e-03 3.101605e-03 -2.903536e-02 2.650494e-02 7.181743e-02 1.161398e-01 1.293168e-01 1.068776e-01 -9.695634e-03 -1.370091e-01 -2.974963e-01 -4.499200e-01 -5.363629e-01 -4.605507e-01 -2.981336e-01 2.795732e-02
<VARIANCE> 39
 6.593472e+00 5.731828e+00 7.456983e+00 9.529459e+00 1.260187e+01 1.510949e+01 1.833671e+01 1.773638e+01 1.688192e+01 1.303223e+01 1.344146e+01 1.475533e+01 4.556546e+00 2.016465e-01 3.493094e-01 5.538638e-01 7.994137e-01 1.066180e+00 1.340072e+00 1.558695e+00 1.787145e+00 1.906788e+00 1.866412e+00 1.788640e+00 1.645947e+00 7.115819e-02 4.084227e-02 7.177297e-02 1.111461e-01 1.565811e-01 2.004757e-01 2.539743e-01 3.101770e-01 3.482373e-01 3.381640e-01 2.898696e-01 3.011131e-01 3.110166e-01 1.294282e-02
<GCONST> 7.630223e+01
<MIXTURE> 7 5.773543e-02
<MEAN> 39
 -1.738095e+01 -9.267411e+00 -1.073342e+01 -1.378616e+01 -9.312787e+00 -1.708358e+01 -9.919409e+00 -8.410169e+00 -3.155632e+00 -3.451617e+00 -2.828967e+00 5.423645e-01 6.149317e+01 1.786393e-02 -5.068118e-02 -6.088038e-02 4.387383e-02 2.998540e-02 1.523859e-01 2.000449e-01 2.776662e-01 2.775947e-01 2.728789e-01 1.589047e-01 1.206359e-01 -1.164015e-01 2.109293e-02 -1.304841e-02 -4.533741e-02 2.253566e-02 -1.535279e-02 2.267548e-02 -2.516863e-02 -8.896203e-02 -1.133332e-01 -9.018074e-02 -1.912506e-01 -1.434882e-01 -3.265195e-02
<VARIANCE> 39
 1.884012e+01 1.479943e+01 1.867452e+01 1.673959e+01 3.166629e+01 2.959776e+01 3.254739e+01 3.361975e+01 3.408112e+01 2.743267e+01 2.400521e+01 2.324269e+01 8.430326e+00 2.719678e-01 4.215966e-01 6.961035e-01 9.290751e-01 1.266132e+00 1.510100e+00 1.709622e+00 1.885159e+00 1.948536e+00 1.955234e+00 1.867920e+00 1.733375e+00 1.585986e-01 4.646865e-02 7.897486e-02 1.288202e-01 1.859449e-01 2.624970e-01 3.279898e-01 3.834744e-01 4.238634e-01 4.168972e-01 3.789571e-01 3.705666e-01 3.588674e-01 1.781417e-02
<GCONST> 9.057909e+01
<MIXTURE> 8 3.531728e-02
<MEAN> 39
 -1.556155e+01 -9.931232e+00 -1.065478e+01 -1.498415e+01 -7.047902e+00 -1.501264e+01 -7.441014e+00 -7.073945e+00 -2.827112e+00 -3.721025e+00 -2.881146e+00 -9.717113e-01 6.770263e+01 1.248839e-01 1.070985e-01 -9.206086e-02 1.938437e-01 -7.964010e-02 -9.090768e-02 -2.330671e-01 -3.543072e-01 -3.364414e-01 -1.431055e-01 -2.637103e-01 -1.161958e-01 -4.571597e-01 7.144908e-02 3.841669e-02 4.890304e-02 1.155847e-01 -1.297298e-01 -1.104050e-01 -1.985600e-01 -1.624826e-01 -1.401903e-01 -3.378244e-02 -1.368847e-01 -4.203507e-02 -1.677188e-01
<VARIANCE> 39
 6.160299e+01 4.654178e+01 6.175668e+01 5.036623e+01 8.367597e+01 6.853336e+01 6.823391e+01 6.843135e+01 6.543732e+01 6.149744e+01 5.419998e+01 4.536097e+01 4.558581e+01 8.312474e-01 1.059056e+00 1.567084e+00 1.898162e+00 2.396240e+00 2.602874e+00 3.075640e+00 3.265723e+00 3.141443e+00 2.964022e+00 2.773148e+00 2.475615e+00 1.005052e+00 1.780769e-01 2.084906e-01 3.248968e-01 3.979528e-01 4.900663e-01 5.343825e-01 6.254338e-01 6.668552e-01 6.591353e-01 6.368470e-01 5.885041e-01 5.190334e-01 1.271003e-01
<GCONST> 1.223036e+02
<MIXTURE> 9 6.738121e-02
<MEAN> 39
 -1.328320e+01 -8.360371e+00 -1.053453e+01 -9.610250e+00 -9.991229e+00 -1.788307e+01 -1.512056e+01 -1.643147e+01 -1.279266e+01 -9.075982e+00 -1.115904e+01 -4.484347e+00 5.758270e+01 2.972259e-02 5.310664e-02 1.221442e-01 1.974832e-01 1.887034e-01 2.159640e-01 1.840929e-01 1.872481e-01 2.330103e-01 3.081720e-01 2.663373e-01 1.869197e-01 -2.438345e-02 -4.562663e-02 -7.067631e-02 -1.087089e-01 -1.276349e-01 -4.513830e-02 8.435074e-02 2.909252e-01 5.150982e-01 6.401126e-01 5.711243e-01 3.775747e-01 1.751435e-01 5.048404e-03
<VARIANCE> 39
 3.778618e+00 4.822932e+00 6.085675e+00 8.341336e+00 1.201312e+01 1.461926e+01 1.503654e+01 1.424634e+01 1.448887e+01 1.387423e+01 1.584944e+01 1.595244e+01 1.954255e+00 2.301997e-01 3.654098e-01 5.645692e-01 8.034809e-01 1.027580e+00 1.263351e+00 1.487559e+00 1.700074e+00 1.817694e+00 1.740351e+00 1.639986e+00 1.557065e+00 8.027406e-02 4.255197e-02 6.709538e-02 9.926374e-02 1.499532e-01 2.179082e-01 2.681040e-01 2.989050e-01 3.007655e-01 2.880912e-01 2.899700e-01 3.327266e-01 3.362553e-01 1.501550e-02
<GCONST> 7.385155e+01
<MIXTURE> 10 5.731934e-02
<MEAN> 39
 -1.373672e+01 -1.021921e+01 -1.212823e+01 -9.599869e+00 -8.979721e+00 -1.445542e+01 -1.006015e+01 -9.579116e+00 -5.873755e+00 -2.903733e+00 -8.470493e+00 -3.374875e+00 5.661545e+01 3.665704e-02 6.270871e-02 8.647943e-02 1.243601e-01 1.606472e-01 2.058065e-01 2.341019e-01 2.854142e-01 3.071627e-01 3.251677e-01 2.884068e-01 2.008571e-01 5.309520e-03 8.558962e-02 1.678620e-01 1.275283e-01 -4.695427e-02 -1.881969e-01 -3.578730e-01 -4.483790e-01 -4.692508e-01 -3.888392e-01 -2.610060e-01 -5.246892e-02 2.985686e-02 6.225540e-02
<VARIANCE> 39
 2.011957e+00 3.012461e+00 4.417484e+00 6.034032e+00 8.970586e+00 1.042810e+01 1.067042e+01 1.194952e+01 1.389911e+01 1.408079e+01 1.299382e+01 1.355833e+01 1.027637e+00 1.846830e-01 3.236232e-01 5.100023e-01 7.550107e-01 1.000794e+00 1.220372e+00 1.415751e+00 1.620946e+00 1.733357e+00 1.707521e+00 1.643947e+00 1.604746e+00 5.762419e-02 3.148871e-02 5.440973e-02 8.936862e-02 1.334201e-01 1.788269e-01 2.087165e-01 2.261075e-01 2.618109e-01 2.950760e-01 2.985961e-01 2.978211e-01 3.064752e-01 1.058023e-02
<GCONST> 6.679899e+01
<MIXTURE> 11 6.594303e-02
<MEAN> 39
 -1.265994e+01 -8.734627e+00 -1.085136e+01 -9.239828e+00 -1.004538e+01 -1.698453e+01 -1.413694e+01 -1.389069e+01 -9.149391e+00 -4.490222e+00 -8.628053e+00 -2.847491e+00 5.701208e+01 1.171260e-01 1.702927e-01 1.705627e-01 7.495070e-02 -1.317531e-01 -3.745100e-01 -6.884841e-01 -9.500485e-01 -1.086815e+00 -1.010645e+00 -7.706261e-01 -4.010230e-01 2.669994e-02 -5.507039e-02 -5.165122e-02 -7.746622e-02 -1.191509e-01 -6.768492e-02 -6.888486e-03 1.308109e-01 1.751984e-01 1.059966e-01 -2.032266e-02 -3.064604e-02 -3.589083e-02 2.484593e-03
<VARIANCE> 39
 2.043640e+00 3.090743e+00 4.393702e+00 6.513625e+00 9.297723e+00 1.173775e+01 1.200480e+01 1.188173e+01 1.267630e+01 1.296241e+01 1.433625e+01 1.458837e+01 9.462250e-01 1.510707e-01 2.723989e-01 4.506601e-01 6.992303e-01 9.711571e-01 1.164278e+00 1.292804e+00 1.358363e+00 1.380578e+00 1.398654e+00 1.464449e+00 1.508424e+00 4.728532e-02 2.885393e-02 5.215465e-02 8.169740e-02 1.270796e-01 1.777680e-01 2.285883e-01 2.480504e-01 2.557113e-01 2.603518e-01 2.776777e-01 3.103987e-01 3.175263e-01 9.193769e-03
<GCONST> 6.499544e+01
<MIXTURE> 12 9.225924e-02
<MEAN> 39
 -1.359368e+01 -1.010283e+01 -1.323106e+01 -1.238826e+01 -1.262103e+01 -1.916276e+01 -1.505850e+01 -1.407712e+01 -9.431502e+00 -5.542401e+00 -9.731327e+00 -3.871815e+00 5.689066e+01 -8.201592e-02 -1.588013e-01 -1.859926e-01 -1.477364e-01 -9.807998e-02 2.816957e-02 1.088363e-01 1.831470e-01 1.925853e-01 1.699808e-01 7.242214e-02 2.364559e-02 -6.040113e-02 5.142277e-02 1.512228e-01 2.468945e-01 2.815058e-01 2.901030e-01 2.405592e-01 2.121278e-01 1.619953e-01 1.256242e-01 9.268408e-02 1.295971e-01 1.053355e-01 4.451308e-02
<VARIANCE> 39
 2.658225e+00 3.534688e+00 4.487565e+00 6.276591e+00 9.365988e+00 1.158306e+01 1.216013e+01 1.354314e+01 1.531661e+01 1.482937e+01 1.544588e+01 1.510794e+01 1.291733e+00 1.762562e-01 3.045119e-01 4.966512e-01 7.484171e-01 1.015163e+00 1.263236e+00 1.477202e+00 1.697746e+00 1.806654e+00 1.780113e+00 1.712848e+00 1.613286e+00 5.786854e-02 3.393924e-02 5.628785e-02 7.964181e-02 1.183216e-01 1.745590e-01 2.279579e-01 2.651880e-01 3.052658e-01 3.216748e-01 3.182703e-01 3.312529e-01 3.306681e-01 1.110539e-02
<GCONST> 6.911516e+01
<MIXTURE> 13 6.848938e-02
<MEAN> 39
 -1.606170e+01 -8.282337e+00 -1.092956e+01 -1.156537e+01 -8.367307e+00 -1.675847e+01 -1.082283e+01 -1.103502e+01 -6.433613e+00 -5.830105e+00 -6.375640e+00 -2.382354e+00 5.948429e+01 1.972970e-01 4.796073e-02 4.463779e-02 1.306878e-01 -2.933398e-01 -3.544437e-01 -6.589951e-01 -7.906153e-01 -8.482471e-01 -6.745453e-01 -7.004510e-01 -3.760307e-01 -1.654502e-01 4.062300e-02 -4.696662e-02 -5.595130e-02 -6.546727e-02 -1.411505e-01 -7.365492e-02 -1.087178e-01 -5.882176e-02 -1.491152e-02 7.459946e-02 -2.393366e-02 2.634812e-03 -1.550119e-02
<VARIANCE> 39
 9.289876e+00 9.576981e+00 1.184682e+01 1.283517e+01 1.706023e+01 1.939280e+01 2.009734e+01 2.199010e+01 2.318927e+01 2.027574e+01 1.938878e+01 1.953504e+01 4.277954e+00 3.646668e-01 4.798187e-01 7.247429e-01 9.678711e-01 1.226564e+00 1.426433e+00 1.597631e+00 1.702416e+00 1.788708e+00 1.806551e+00 1.707194e+00 1.677493e+00 1.695300e-01 5.629934e-02 8.084494e-02 1.269545e-01 1.815203e-01 2.334660e-01 2.873212e-01 3.305551e-01 3.589178e-01 3.808625e-01 3.589590e-01 3.598714e-01 3.513807e-01 2.191442e-02
<GCONST> 8.466420e+01
<MIXTURE> 14 5.834209e-02
<MEAN> 39
 -1.204472e+01 -7.534320e+00 -9.508257e+00 -8.710841e+00 -1.061852e+01 -1.806827e+01 -1.543097e+01 -1.591439e+01 -1.206379e+01 -7.910291e+00 -1.116134e+01 -4.125564e+00 5.731401e+01 2.096791e-02 -8.874331e-03 -5.087772e-02 -1.030333e-01 -1.937180e-01 -2.076084e-01 -2.304082e-01 -2.327853e-01 -2.690831e-01 -2.945194e-01 -3.195771e-01 -2.062117e-01 -1.377044e-02 -1.463638e-01 -2.127689e-01 -2.506100e-01 -1.860408e-01 4.285797e-03 1.357764e-01 2.908269e-01 4.130559e-01 4.818136e-01 4.316673e-01 3.271948e-01 1.350567e-01 -3.306041e-02
<VARIANCE> 39
 2.188105e+00 3.339205e+00 5.011532e+00 7.638492e+00 1.023525e+01 1.287225e+01 1.378271e+01 1.348239e+01 1.320275e+01 1.287083e+01 1.369439e+01 1.408861e+01 9.780229e-01 1.732959e-01 3.207436e-01 5.150047e-01 7.286564e-01 9.460444e-01 1.164125e+00 1.377298e+00 1.538373e+00 1.613056e+00 1.561844e+00 1.493862e+00 1.458630e+00 5.281601e-02 2.935091e-02 5.457441e-02 9.123445e-02 1.476610e-01 1.963084e-01 2.466781e-01 2.836984e-01 2.929051e-01 2.795996e-01 2.769643e-01 2.974889e-01 3.068113e-01 9.158116e-03
<GCONST> 6.762686e+01
<MIXTURE> 15 6.578863e-02
<MEAN> 39
 -1.257894e+01 -8.438731e+00 -1.024627e+01 -8.562110e+00 -9.661560e+00 -1.656571e+01 -1.336727e+01 -1.308495e+01 -8.659986e+00 -4.480542e+00 -8.840097e+00 -3.046624e+00 5.703197e+01 -2.119525e-01 -3.639737e-01 -4.250213e-01 -3.564352e-01 -2.184950e-01 1.609625e-02 2.193013e-01 3.710661e-01 4.106253e-01 3.455238e-01 1.515070e-01 1.992180e-02 -1.110619e-01 -6.145267e-02 -8.535423e-02 -1.503554e-01 -2.020341e-01 -1.324971e-01 -7.751958e-02 -1.256341e-02 -8.825075e-04 -2.992356e-02 -7.459866e-02 -3.679068e-02 -3.077828e-02 -3.058258e-03
<VARIANCE> 39
 2.015281e+00 3.017496e+00 4.178242e+00 5.941957e+00 9.246038e+00 1.140737e+01 1.168622e+01 1.222378e+01 1.357500e+01 1.369211e+01 1.429694e+01 1.438607e+01 9.480584e-01 1.507257e-01 2.752106e-01 4.511159e-01 6.911540e-01 9.451250e-01 1.151720e+00 1.293707e+00 1.384469e+00 1.431007e+00 1.423624e+00 1.453001e+00 1.496533e+00 4.717113e-02 2.799014e-02 5.114472e-02 7.992690e-02 1.204964e-01 1.772164e-01 2.202354e-01 2.414591e-01 2.609703e-01 2.786949e-01 2.885130e-01 3.093514e-01 3.109518e-01 8.781227e-03
<GCONST> 6.476988e+01
<MIXTURE> 16 4.301019e-02
<MEAN> 39
 -1.348764e+01 -1.008722e+01 -1.226045e+01 -1.011603e+01 -9.692845e+00 -1.501305e+01 -1.039323e+01 -9.594850e+00 -5.902311e+00 -2.796634e+00 -8.398194e+00 -3.189202e+00 5.663799e+01 -7.849659e-02 -1.474534e-01 -2.120717e-01 -2.604973e-01 -3.318734e-01 -3.513941e-01 -3.909749e-01 -4.126689e-01 -4.583486e-01 -4.601573e-01 -4.447682e-01 -3.078081e-01 -5.803650e-02 4.928603e-02 1.248557e-01 1.164025e-01 5.406207e-03 -1.157899e-01 -2.962211e-01 -4.283462e-01 -4.861629e-01 -4.111843e-01 -2.906218e-01 -8.902740e-02 -3.376937e-03 3.993541e-02
<VARIANCE> 39
 1.986914e+00 2.983893e+00 4.434109e+00 6.122021e+00 8.784689e+00 1.034418e+01 1.072265e+01 1.188831e+01 1.410617e+01 1.426314e+01 1.316495e+01 1.341424e+01 9.931139e-01 1.569781e-01 2.936397e-01 4.723842e-01 7.071677e-01 9.398184e-01 1.178323e+00 1.376129e+00 1.561734e+00 1.660775e+00 1.651421e+00 1.567036e+00 1.527504e+00 4.924972e-02 2.795385e-02 5.273803e-02 8.702724e-02 1.300922e-01 1.730052e-01 2.027809e-01 2.211663e-01 2.537317e-01 2.934094e-01 3.046512e-01 3.022853e-01 3.050553e-01 8.780803e-03
<GCONST> 6.538669e+01
~h "sp"
<BEGINHMM>
<NUMSTATES> 3
<STATE> 2
~s "silst"
<TRANSP> 3
 0.000000e+00 6.166609e-01 3.833392e-01
 0.000000e+00 9.840032e-01 1.599681e-02
 0.000000e+00 0.000000e+00 0.000000e+00
<ENDHMM>
~h "oov"
<BEGINHMM>
<NUMSTATES> 3
<STATE> 2
<NUMMIXES> 16
<MIXTURE> 1 7.185255e-02
<MEAN> 39
 -1.388914e+01 -5.094379e+00 -9.187315e+00 -1.250403e+01 -9.623387e+00 -2.026501e+01 -1.016604e+01 -7.643765e+00 -1.274486e+00 -1.801899e+00 -9.565095e-01 4.613986e-01 6.665942e+01 1.103936e+00 -3.529549e-01 3.338960e-01 -1.203752e+00 -9.988711e-01 -7.038919e-01 -6.203193e-03 9.774728e-01 8.920389e-01 4.549116e-01 7.973610e-01 3.405379e-01 1.654661e+00 1.908960e-01 -3.483731e-01 -9.061792e-02 -3.422337e-01 -1.196882e-01 2.507375e-01 8.514655e-02 5.389304e-02 -1.910013e-01 -1.650863e-01 -2.292841e-01 -1.819566e-01 2.844107e-01
<VARIANCE> 39
 4.804039e+01 3.247212e+01 4.184930e+01 3.321550e+01 6.048829e+01 6.195388e+01 5.623052e+01 4.949105e+01 4.729210e+01 4.978077e+01 3.804309e+01 3.391083e+01 1.699310e+01 7.247403e+00 4.131272e+00 6.215322e+00 5.445805e+00 8.784812e+00 7.694023e+00 7.817731e+00 8.072894e+00 6.919095e+00 6.742688e+00 6.228893e+00 5.121754e+00 2.803306e+00 4.999969e-01 3.961739e-01 4.725719e-01 5.264097e-01 7.568551e-01 8.366122e-01 8.250292e-01 8.476996e-01 7.498583e-01 7.646871e-01 7.160813e-01 6.298873e-01 2.558567e-01
<GCONST> 1.372614e+02
<MIXTURE> 2 4.137543e-02
<MEAN> 39
 -2.366985e+01 -2.887407e+00 -8.366645e+00 -1.069234e+01 -2.141389e+00 -1.601310e+01 -4.223482e+00 -6.202540e+00 -1.289072e+00 -5.554118e+00 1.045956e+00 -1.578956e+00 7.106866e+01 -1.689671e-01 1.211407e-01 1.984539e-01 3.326883e-01 4.221576e-01 3.526801e-01 3.733817e-01 4.089403e-01 4.104432e-01 2.599455e-01 1.962268e-01 9.019956e-02 -1.183415e-01 2.103874e-01 -1.197135e-01 -1.941251e-02 -1.071472e-01 -1.982193e-01 -5.411692e-02 -1.126601e-01 -9.609287e-02 -4.291555e-02 5.399275e-02 -6.416111e-02 2.024099e-02 -6.613603e-02
<VARIANCE> 39
 5.967893e+01 9.878709e+01 6.914819e+01 5.957238e+01 8.510632e+01 6.728104e+01 7.990353e+01 8.687576e+01 7.386254e+01 6.345992e+01 7.885925e+01 4.693589e+01 3.850872e+01 4.897375e-01 8.740020e-01 1.099809e+00 1.350419e+00 1.797764e+00 2.058352e+00 2.294838e+00 2.381071e+00 2.421537e+00 2.344534e+00 2.234863e+00 1.989412e+00 3.234146e-01 1.091127e-01 1.698697e-01 1.981473e-01 2.703558e-01 3.585331e-01 4.163989e-01 4.803244e-01 5.031991e-01 4.820006e-01 4.583489e-01 4.421518e-01 3.856994e-01 3.948529e-02
<GCONST> 1.144067e+02
<MIXTURE> 3 4.568522e-02
<MEAN> 39
 -2.042360e+00 -7.986469e+00 -1.603366e+01 -2.337277e+01 -1.027173e+01 -1.108887e+01 -1.125075e+01 -1.140280e+01 -4.825285e+00 1.552438e+00 7.454852e-01 7.204627e-01 7.127339e+01 1.784867e-01 -1.261288e-01 -2.165004e-01 -4.674675e-02 2.350463e-01 5.049222e-01 7.005981e-02 4.129723e-02 3.308297e-01 6.001461e-01 3.441307e-01 8.690774e-02 -6.021908e-02 -3.584133e-01 -1.177869e-01 2.481724e-01 3.546956e-01 1.029745e-01 -2.622844e-01 2.151067e-02 3.585739e-01 2.678613e-01 -1.321917e-01 -1.361984e-01 -6.140133e-02 -2.598385e-02
<VARIANCE> 39
 1.258881e+01 3.870414e+01 3.714664e+01 7.095325e+01 7.576833e+01 9.391029e+01 7.346931e+01 7.210475e+01 8.559941e+01 9.253600e+01 1.033115e+02 9.340337e+01 2.037592e+01 9.681407e-01 1.771970e+00 1.860584e+00 3.648815e+00 3.328210e+00 4.405163e+00 4.118223e+00 4.399421e+00 4.491467e+00 4.114184e+00 4.393791e+00 3.887129e+00 1.298129e+00 1.625604e-01 2.361353e-01 3.080457e-01 6.402162e-01 5.967022e-01 6.767858e-01 7.200101e-01 8.118490e-01 8.207022e-01 8.069338e-01 8.264711e-01 7.666864e-01 1.646028e-01
<GCONST> 1.294069e+02
<MIXTURE> 4 6.325221e-02
<MEAN> 39
 -6.406682e+00 -1.313786e+01 -1.200572e+01 -1.965309e+01 -8.795217e+00 -1.621364e+01 -1.289141e+01 -4.820579e+00 2.019238e+00 1.967836e-01 -1.021538e+00 -3.018437e+00 7.568356e+01 6.016922e-01 -1.557049e+00 -3.349704e-01 -1.040506e+00 1.957880e-01 5.746216e-01 4.297109e-01 1.340188e+00 5.705960e-01 -2.369402e-01 4.569751e-02 -1.792331e-01 1.730726e+00 -4.498341e-01 2.888578e-01 1.697155e-01 4.261746e-01 6.399328e-02 2.686285e-02 3.597881e-01 -2.421341e-01 -5.304082e-01 -2.875171e-01 -1.167674e-01 1.835819e-01 -4.341055e-01
<VARIANCE> 39
 2.407756e+01 4.775579e+01 7.214090e+01 6.756962e+01 9.855741e+01 1.305543e+02 1.017796e+02 9.333270e+01 8.982699e+01 9.140946e+01 1.049855e+02 8.213922e+01 3.492916e+01 3.516920e+00 3.711022e+00 4.840465e+00 5.980259e+00 6.843193e+00 7.896617e+00 6.994900e+00 7.602807e+00 6.894502e+00 6.599916e+00 6.078933e+00 5.841764e+00 3.177886e+00 4.244643e-01 5.282081e-01 7.356461e-01 8.611600e-01 1.143676e+00 1.278604e+00 1.192286e+00 1.330377e+00 1.198001e+00 1.139179e+00 1.159191e+00 9.511696e-01 4.216148e-01
<GCONST> 1.483428e+02
<MIXTURE> 5 5.041908e-02
<MEAN> 39
 -6.535840e+00 -1.725588e+01 -9.212790e+00 -2.007929e+01 -1.042137e+01 -1.432432e+01 -8.665004e+00 -2.639764e+00 -2.205093e+00 -3.774073e+00 -2.363717e+00 -2.683440e+00 7.742481e+01 9.388141e-02 1.582069e-01 3.985636e-02 2.067911e-01 4.439459e-02 1.267974e-01 2.052456e-01 2.310980e-01 1.793884e-01 2.946585e-01 1.828534e-01 2.280973e-01 -2.521925e-01 1.355257e-02 2.404434e-01 -7.234034e-03 1.777312e-01 1.186229e-02 -3.334623e-02 3.750690e-02 -1.982224e-02 1.127527e-01 1.574313e-01 5.239725e-02 1.079064e-01 -1.603796e-01
<VARIANCE> 39
 2.009637e+01 4.244379e+01 9.711363e+01 7.735671e+01 1.542821e+02 1.475650e+02 1.342369e+02 1.108063e+02 1.022971e+02 8.763751e+01 9.906356e+01 1.006988e+02 2.586532e+01 4.040651e-01 9.820155e-01 1.431114e+00 1.658443e+00 2.292601e+00 2.553799e+00 3.006018e+00 3.100213e+00 3.006874e+00 2.772949e+00 2.644024e+00 2.497269e+00 4.592946e-01 6.511049e-02 1.501951e-01 2.168947e-01 2.850581e-01 3.822699e-01 4.550749e-01 5.337197e-01 5.605437e-01 5.626724e-01 5.132098e-01 5.023223e-01 4.710744e-01 6.568764e-02
<GCONST> 1.199494e+02
<MIXTURE> 6 7.388052e-02
<MEAN> 39
 -9.658254e+00 -7.782490e+00 -1.306063e+01 -1.610301e+01 -1.344801e+01 -1.713587e+01 -1.168903e+01 -9.096918e+00 -3.769833e+00 -1.818549e+00 -4.115184e+00 -2.430140e-01 6.324849e+01 -1.866560e-01 1.781472e-02 6.642284e-02 1.732121e-01 5.790655e-02 5.970087e-02 8.234781e-02 9.567159e-02 2.246193e-02 5.603968e-02 2.140624e-02 7.650271e-02 -3.101219e-01 -3.898400e-02 1.560971e-02 1.184487e-01 1.708939e-01 1.559640e-01 3.311305e-02 -1.516273e-02 -6.904485e-02 -8.784354e-02 -5.901263e-02 3.415956e-02 8.292409e-03 3.665037e-02
<VARIANCE> 39
 2.420846e+01 1.804928e+01 2.944449e+01 2.542964e+01 3.378079e+01 4.058281e+01 3.806417e+01 4.496004e+01 4.826098e+01 4.090731e+01 3.995892e+01 3.386340e+01 1.013982e+01 3.605392e-01 5.220587e-01 8.763986e-01 1.068644e+00 1.374406e+00 1.797178e+00 1.971704e+00 2.183120e+00 2.223770e+00 2.253203e+00 2.135465e+00 1.945800e+00 1.987856e-01 5.740227e-02 8.537610e-02 1.359780e-01 1.698337e-01 2.298323e-01 2.949948e-01 3.540597e-01 4.084564e-01 4.246899e-01 4.249226e-01 4.008447e-01 3.758287e-01 2.443720e-02
<GCONST> 9.717878e+01
<MIXTURE> 7 7.840079e-02
<MEAN> 39
 -2.170545e+01 -1.996622e+00 -6.195513e+00 -1.454547e+01 -6.015018e+00 -1.898004e+01 -6.691624e+00 -8.514977e+00 -1.759869e+00 -4.844605e+00 -1.477310e-01 -7.803894e-01 7.212991e+01 -3.047188e-01 4.937828e-01 1.207375e-01 2.214330e-01 -1.454355e-01 -5.524318e-01 7.687486e-02 -1.522946e-01 1.354488e-01 -4.016639e-02 2.125256e-01 6.306712e-02 3.553298e-01 6.682950e-01 -2.932077e-01 -2.074239e-01 2.183969e-02 -3.570395e-01 -2.144631e-02 -2.445490e-01 3.716872e-02 -3.222658e-02 1.361136e-01 -1.643787e-01 -2.276904e-02 -1.824903e-01
<VARIANCE> 39
 5.183203e+01 6.409185e+01 8.540384e+01 7.088650e+01 1.130086e+02 9.266666e+01 8.562416e+01 8.107693e+01 6.963352e+01 6.581614e+01 5.678441e+01 4.472300e+01 2.939187e+01 5.822012e+00 3.637819e+00 3.477423e+00 3.526299e+00 6.327080e+00 5.318352e+00 5.595584e+00 5.032768e+00 4.569923e+00 4.251428e+00 4.103775e+00 3.359979e+00 1.722266e+00 6.559772e-01 5.458921e-01 6.826881e-01 7.124860e-01 1.140726e+00 1.133578e+00 1.065420e+00 1.099328e+00 9.807464e-01 9.240614e-01 8.545341e-01 7.054626e-01 2.856086e-01
<GCONST> 1.416040e+02
<MIXTURE> 8 5.200092e-02
<MEAN> 39
 -1.262168e+01 -7.753271e+00 -1.114725e+01 -1.098825e+01 -9.765648e+00 -1.712608e+01 -1.247829e+01 -1.185368e+01 -7.098423e+00 -4.366585e+00 -7.246305e+00 -2.415576e+00 5.990015e+01 -1.115579e-01 1.341162e-01 5.425557e-01 -6.819552e-01 4.554612e-01 -9.111047e-02 5.135375e-01 1.141409e+00 1.043558e+00 6.094024e-01 1.270345e+00 5.131649e-01 1.348096e+00 8.737513e-02 -9.979899e-02 4.349984e-02 -4.957532e-01 2.991215e-02 -1.291584e-01 2.509347e-01 5.101606e-01 4.711504e-01 1.965926e-01 4.084383e-01 1.788116e-01 8.170341e-01
<VARIANCE> 39
 1.466444e+01 1.085820e+01 1.630192e+01 1.535582e+01 2.101587e+01 2.256370e+01 2.458599e+01 2.672942e+01 2.725768e+01 2.726124e+01 2.509993e+01 2.248343e+01 7.187069e+00 4.175574e+00 2.305064e+00 4.062391e+00 3.401385e+00 5.033878e+00 4.520062e+00 4.809124e+00 5.000526e+00 4.707839e+00 4.754933e+00 4.184402e+00 3.485349e+00 1.656216e+00 4.624125e-01 4.409089e-01 6.118945e-01 5.328749e-01 8.238581e-01 7.566901e-01 7.685667e-01 8.410876e-01 7.730199e-01 7.817516e-01 7.168200e-01 6.409965e-01 2.249641e-01
<GCONST> 1.209337e+02
<MIXTURE> 9 6.917775e-02
<MEAN> 39
 -9.789594e+00 -1.515887e+01 -1.924491e+01 -1.446966e+01 -1.390348e+00 -1.023709e+01 -4.144611e+00 -4.064034e+00 1.741663e+00 -3.467085e+00 -6.371482e+00 -3.637805e+00 7.332961e+01 -2.337967e-01 4.068104e-01 -2.827303e-03 4.193305e-01 -6.362436e-03 -8.438973e-02 -2.672139e-01 -5.476753e-01 -3.818978e-01 -1.742969e-01 -2.642133e-01 1.203173e-01 -7.918686e-01 6.029103e-03 1.773188e-01 3.550520e-01 -1.038424e-01 -3.918650e-01 -3.273108e-01 -3.947254e-01 -2.504224e-01 -2.491206e-01 2.385016e-02 2.159069e-01 1.137599e-01 -1.104471e-01
<VARIANCE> 39
 4.435214e+01 3.759140e+01 3.888029e+01 4.093568e+01 6.521639e+01 9.688184e+01 6.838137e+01 6.595741e+01 6.356034e+01 6.097279e+01 5.655834e+01 6.217811e+01 5.656343e+01 1.366356e+00 1.685936e+00 2.005844e+00 2.163554e+00 3.450129e+00 3.914071e+00 3.885956e+00 4.168543e+00 3.783417e+00 3.594873e+00 3.414088e+00 2.967720e+00 1.261835e+00 2.117176e-01 2.529372e-01 3.119218e-01 3.674440e-01 4.940472e-01 6.548004e-01 6.257368e-01 6.991649e-01 6.720514e-01 6.452522e-01 5.930542e-01 5.449371e-01 1.977731e-01
<GCONST> 1.263113e+02
<MIXTURE> 10 9.114879e-02
<MEAN> 39
 -8.074638e+00 -6.266926e+00 -3.737392e+00 -1.431203e+01 -1.837670e+01 -2.344488e+01 -1.213177e+01 -1.035501e+01 -5.541076e+00 -2.151640e-01 -1.731655e+00 1.616230e+00 6.778772e+01 -1.145114e-01 1.731453e-01 -4.065767e-01 2.995367e-01 3.823200e-01 4.099017e-01 -2.608569e-01 -4.147140e-01 -9.821488e-02 2.243891e-02 -2.316979e-01 -7.064315e-02 -7.132013e-01 -1.775115e-01 -1.992703e-01 -2.006064e-01 -1.100447e-01 2.776949e-01 2.873033e-01 1.773184e-01 2.263300e-01 3.015012e-02 -2.117551e-01 -9.449613e-02 -1.509472e-01 4.618828e-02
<VARIANCE> 39
 1.733524e+01 2.483702e+01 5.582726e+01 5.942860e+01 5.043013e+01 6.632072e+01 7.014773e+01 8.808397e+01 8.580090e+01 7.247454e+01 6.891406e+01 5.904503e+01 1.917240e+01 8.444932e-01 1.192442e+00 2.505633e+00 2.615356e+00 2.794642e+00 3.086954e+00 3.690360e+00 4.340112e+00 3.878204e+00 3.806869e+00 3.568287e+00 3.132407e+00 1.145962e+00 1.054083e-01 1.453221e-01 2.790233e-01 3.724747e-01 4.073280e-01 4.714968e-01 5.797204e-01 6.956190e-01 7.192617e-01 6.443802e-01 6.096585e-01 5.595964e-01 8.676942e-02
<GCONST> 1.214611e+02
<MIXTURE> 11 7.703561e-02
<MEAN> 39
 -8.136767e+00 -1.398536e+01 -2.488238e+00 -1.756463e+01 -1.832952e+01 -2.433888e+01 -7.302401e+00 1.529397e+00 -2.293624e+00 -3.614410e+00 -1.305944e+00 1.839385e+00 7.627706e+01 2.136863e-01 -2.335126e-01 -1.456246e-01 -1.289622e-01 -3.234302e-02 2.816225e-01 5.451692e-01 3.599634e-02 -3.632873e-01 -7.031976e-02 -1.784425e-01 1.321216e-02 4.572297e-02 -1.468536e-01 4.388646e-01 -4.144129e-01 2.572316e-01 5.287529e-01 3.921722e-01 -2.196486e-01 -7.636005e-01 -5.179671e-02 1.903869e-01 -6.494931e-02 -1.823693e-01 -5.016553e-01
<VARIANCE> 39
 1.885864e+01 3.918293e+01 8.170768e+01 6.772320e+01 9.280656e+01 9.264027e+01 1.355846e+02 8.958694e+01 1.033200e+02 9.804274e+01 9.531940e+01 8.543051e+01 3.432127e+01 1.470630e+00 2.639630e+00 4.307845e+00 3.675582e+00 5.075431e+00 4.505292e+00 5.800894e+00 6.364115e+00 5.311093e+00 5.140778e+00 4.580962e+00 3.884847e+00 2.139512e+00 2.672395e-01 3.458671e-01 5.795680e-01 6.677853e-01 8.215265e-01 9.015660e-01 1.097532e+00 9.926478e-01 1.048151e+00 1.011778e+00 9.146458e-01 8.036710e-01 2.036735e-01
<GCONST> 1.395470e+02
<MIXTURE> 12 8.800349e-02
<MEAN> 39
 -1.370922e+01 -6.107367e+00 -1.084642e+01 -1.056872e+01 -1.023884e+01 -1.843402e+01 -1.355517e+01 -1.375480e+01 -8.482111e+00 -6.971782e+00 -7.284171e+00 -2.899060e+00 6.185172e+01 -8.661080e-02 -6.205718e-03 6.188641e-02 1.410027e-01 -2.663828e-02 -1.988076e-04 -2.025812e-01 -1.099093e-01 -1.121957e-01 -3.217705e-02 -9.421133e-02 -1.218775e-01 -2.264557e-01 9.168040e-02 -5.517349e-02 -8.124474e-03 -2.329971e-01 -4.157090e-02 5.739161e-02 2.571942e-01 4.361305e-01 4.115045e-01 3.592791e-01 3.512312e-01 2.076126e-01 2.137151e-01
<VARIANCE> 39
 3.109819e+01 1.750734e+01 2.110885e+01 1.860375e+01 2.367224e+01 2.595956e+01 2.722645e+01 2.811561e+01 3.147443e+01 2.768671e+01 3.071541e+01 2.483839e+01 1.050558e+01 1.418497e+00 1.006443e+00 1.329475e+00 1.508732e+00 1.938620e+00 2.056457e+00 2.343379e+00 2.632964e+00 2.681586e+00 2.624874e+00 2.512477e+00 2.189453e+00 5.309210e-01 2.047150e-01 1.681288e-01 2.492142e-01 2.728556e-01 3.733164e-01 4.073876e-01 4.314518e-01 4.807711e-01 4.915681e-01 4.891979e-01 4.745143e-01 4.290745e-01 8.599750e-02
<GCONST> 1.050647e+02
<MIXTURE> 13 5.084965e-02
<MEAN> 39
 -9.814682e+00 -9.425791e+00 -1.420147e+01 -1.353475e+01 -1.040937e+01 -1.536786e+01 -9.676785e+00 -8.229701e+00 -4.876268e+00 -3.051941e+00 -6.564773e+00 -1.000347e+00 6.139456e+01 -8.229699e-01 1.166605e-01 4.159255e-01 7.113829e-01 1.674723e-01 -1.251444e-01 -7.771196e-01 -1.159988e+00 -1.181749e+00 -8.404079e-01 -8.441767e-01 -5.615977e-01 -9.554106e-01 3.665822e-02 -7.575619e-03 1.110628e-01 -8.835843e-02 -7.514110e-02 -1.965122e-01 -1.104075e-01 -3.769440e-04 2.373143e-02 -1.212118e-02 9.298498e-02 -1.581184e-02 2.266031e-01
<VARIANCE> 39
 1.036753e+01 1.158954e+01 2.273747e+01 1.897273e+01 2.950270e+01 3.847158e+01 3.163814e+01 3.626373e+01 4.031247e+01 3.865637e+01 3.927227e+01 3.025992e+01 6.111975e+00 5.709683e-01 8.400506e-01 1.511207e+00 1.540101e+00 2.250293e+00 2.729463e+00 2.672073e+00 2.979557e+00 2.949653e+00 3.052828e+00 2.774700e+00 2.549740e+00 3.602620e-01 7.106666e-02 1.079547e-01 1.653287e-01 2.149162e-01 2.831685e-01 3.527422e-01 4.031171e-01 4.520197e-01 4.709406e-01 4.839975e-01 4.554422e-01 4.131228e-01 4.216747e-02
<GCONST> 1.014587e+02
<MIXTURE> 14 4.964353e-02
<MEAN> 39
 -1.554149e+01 -6.893668e+00 -1.019326e+01 -1.418368e+01 -7.112759e+00 -1.400489e+01 -7.831361e+00 -8.516675e+00 -1.590916e+00 -2.838883e+00 -4.688609e-01 4.884412e-01 6.898701e+01 6.954604e-02 -8.902439e-02 -2.065133e-01 -1.651031e-01 -3.766470e-01 -2.746630e-01 -3.991927e-01 -3.377160e-01 -3.647091e-01 -2.644356e-01 -3.763675e-01 -1.474225e-01 -3.950030e-01 3.701550e-02 -5.509286e-02 -5.358957e-02 -7.596869e-02 -1.437461e-01 -1.480346e-01 -1.043639e-01 -6.719812e-02 -1.168355e-01 -1.143875e-01 -1.715268e-01 -1.235971e-01 -1.985948e-02
<VARIANCE> 39
 9.389196e+01 6.280219e+01 7.308593e+01 6.383300e+01 9.513587e+01 7.127569e+01 8.010608e+01 6.985593e+01 6.377360e+01 5.527308e+01 4.618801e+01 3.909514e+01 2.954338e+01 3.577949e-01 5.696387e-01 8.050341e-01 1.072491e+00 1.434543e+00 1.737440e+00 1.944650e+00 2.071433e+00 2.017184e+00 2.059685e+00 1.946929e+00 1.763146e+00 2.616447e-01 6.252664e-02 9.313954e-02 1.425817e-01 2.054102e-01 2.599315e-01 3.232222e-01 3.929520e-01 4.226143e-01 4.092195e-01 4.018650e-01 3.769955e-01 3.386318e-01 2.288034e-02
<GCONST> 1.066076e+02
<MIXTURE> 15 4.627940e-02
<MEAN> 39
 -3.266949e+00 -8.305073e+00 -1.719292e+01 -2.041921e+01 -9.796577e+00 -1.325432e+01 -1.131804e+01 -9.927665e+00 -2.411895e+00 2.423430e+00 -2.728285e-01 3.647309e-01 6.888514e+01 -2.677789e-01 2.693265e-01 -1.834070e-01 5.215664e-01 -4.965976e-02 1.735769e-02 1.391458e-01 -5.760286e-01 -6.778579e-01 -4.494609e-01 -6.812783e-01 -3.113991e-01 -7.389988e-01 -4.653694e-01 -8.869518e-02 3.777215e-01 3.107904e-01 5.559063e-02 -2.363409e-01 -1.222032e-02 1.471619e-01 -7.109155e-02 -3.943772e-01 -2.195732e-01 -9.566949e-02 -4.887315e-02
<VARIANCE> 39
 1.287035e+01 2.626613e+01 3.042657e+01 4.294497e+01 4.876997e+01 6.953639e+01 6.544308e+01 6.051174e+01 7.462302e+01 7.105502e+01 7.709092e+01 6.455991e+01 1.755751e+01 1.714519e+00 1.665775e+00 1.991046e+00 3.416074e+00 2.924319e+00 4.279704e+00 3.968228e+00 4.398775e+00 4.590418e+00 4.194180e+00 3.885687e+00 3.430752e+00 1.364565e+00 1.765206e-01 1.928398e-01 2.547985e-01 4.434784e-01 4.608143e-01 5.550853e-01 6.436202e-01 6.870800e-01 7.372296e-01 6.973336e-01 6.824148e-01 6.084869e-01 1.212372e-01
<GCONST> 1.238601e+02
<MIXTURE> 16 4.938751e-02
<MEAN> 39
 -6.445269e+00 -1.686353e+01 -7.889808e+00 -1.852253e+01 -1.127334e+01 -1.573104e+01 -7.380620e+00 5.202029e-01 -2.693881e+00 -4.305708e+00 -1.503310e+00 -1.380458e+00 7.658050e+01 4.744199e-02 4.300253e-01 -2.530621e-01 1.973997e-01 -2.300731e-01 -3.539938e-01 -3.426934e-01 -8.261260e-01 -6.032721e-01 -2.335356e-01 -4.186582e-01 -1.148611e-01 -6.657658e-01 -4.706021e-02 2.234172e-01 -1.074041e-01 1.023547e-01 -8.927466e-02 -1.652679e-01 -1.497970e-01 -3.216675e-01 6.565753e-03 5.976664e-02 -1.359206e-01 -9.744130e-03 -2.132280e-01
<VARIANCE> 39
 1.931636e+01 3.351945e+01 8.009678e+01 6.535515e+01 1.459028e+02 1.219904e+02 1.417244e+02 1.062158e+02 1.065507e+02 8.440852e+01 9.556358e+01 9.742544e+01 2.860589e+01 4.781812e-01 1.143880e+00 1.606160e+00 1.802744e+00 2.495545e+00 2.753794e+00 3.373983e+00 3.603362e+00 3.442052e+00 3.165184e+00 2.945908e+00 2.732147e+00 6.732815e-01 6.992030e-02 1.525678e-01 2.312519e-01 3.007333e-01 4.234984e-01 4.822160e-01 6.134845e-01 6.322781e-01 6.446561e-01 5.703527e-01 5.567579e-01 5.181554e-01 6.811900e-02
<GCONST> 1.220077e+02
<TRANSP> 3
 0.000000e+00 1.000000e+00 0.000000e+00
 0.000000e+00 9.891512e-01 1.084877e-02
 0.000000e+00 0.000000e+00 0.000000e+00
<ENDHMM>
~h "sil"
<BEGINHMM>
<NUMSTATES> 3
<STATE> 2
~s "silst"
<TRANSP> 3
 0.000000e+00 1.000000e+00 0.000000e+00
 0.000000e+00 9.956773e-01 4.322703e-03
 0.000000e+00 0.000000e+00 0.000000e+00
<ENDHMM>
~h "noise"
<BEGINHMM>
<NUMSTATES> 3
<STATE> 2
~s "silst"
<TRANSP> 3
 0.000000e+00 1.000000e+00 0.000000e+00
 0.000000e+00 9.872528e-01 1.274713e-02
 0.000000e+00 0.000000e+00 0.000000e+00
<ENDHMM>
