~o
<STREAMINFO> 1 39
<VECSIZE> 39<NULLD><MFCC_D_A_C_K_0><DIAGC>
~s "silst"
<NUMMIXES> 10
<MIXTURE> 1 2.316464e-02
<MEAN> 39
 -1.422129e+01 -8.589011e+00 -9.120122e+00 -1.413214e+01 -8.905252e+00 -1.693214e+01 -9.575158e+00 -8.174763e+00 -3.596771e+00 -3.415839e+00 -4.195035e+00 -1.017210e+00 6.653439e+01 -5.708283e-01 -2.474901e-01 1.996166e-01 -7.113215e-01 5.594327e-01 1.433088e-01 9.005138e-01 9.448159e-01 8.977925e-01 1.455323e-01 8.523133e-01 3.542036e-01 1.753903e+00 -1.695845e-02 -2.283457e-02 -1.028562e-01 1.882886e-02 4.997119e-02 6.952451e-02 8.085121e-02 -1.647382e-02 -2.709856e-02 -3.121251e-02 -1.446006e-02 -5.432065e-03 -3.571562e-02
<VARIANCE> 39
 5.063354e+01 4.233986e+01 5.758963e+01 5.143867e+01 7.112550e+01 6.374017e+01 6.551357e+01 6.847231e+01 5.929424e+01 5.687669e+01 5.761031e+01 4.325185e+01 7.306350e+01 4.779476e+00 3.625252e+00 4.780782e+00 4.825918e+00 6.401073e+00 5.639548e+00 5.950614e+00 5.733811e+00 5.250949e+00 5.294527e+00 4.865576e+00 3.903218e+00 3.817499e+00 5.637916e-01 4.734854e-01 6.184093e-01 6.949808e-01 8.282931e-01 8.207766e-01 9.330269e-01 1.010468e+00 9.031697e-01 8.289588e-01 8.419502e-01 6.644865e-01 7.495130e-01
<GCONST> 1.413518e+02
<MIXTURE> 2 1.202400e-01
<MEAN> 39
 -1.487214e+01 -9.770085e+00 -1.263345e+01 -1.224631e+01 -1.094257e+01 -1.701771e+01 -1.191279e+01 -1.118198e+01 -6.591877e+00 -4.338530e+00 -7.346397e+00 -2.349503e+00 5.738660e+01 -2.424584e-02 -2.556594e-02 6.789848e-03 1.014102e-01 2.299394e-01 4.022678e-01 5.418560e-01 6.645682e-01 7.307492e-01 7.264535e-01 6.010200e-01 3.794654e-01 -3.471734e-02 4.867173e-02 8.585113e-02 1.049397e-01 9.409357e-02 5.693461e-02 -9.857481e-04 -4.053500e-02 -6.106038e-02 -5.797544e-02 -3.252135e-02 -9.215913e-03 3.912357e-03 3.528537e-02
<VARIANCE> 39
 6.059778e+00 5.761943e+00 7.861095e+00 1.080894e+01 1.445893e+01 1.571873e+01 1.687464e+01 1.726636e+01 1.861384e+01 1.717747e+01 1.781435e+01 1.760963e+01 4.136222e+00 2.283687e-01 3.680845e-01 5.778028e-01 8.199386e-01 1.049477e+00 1.273334e+00 1.457296e+00 1.631590e+00 1.707371e+00 1.675075e+00 1.618649e+00 1.590129e+00 8.362182e-02 4.298815e-02 7.133592e-02 1.115954e-01 1.654487e-01 2.274392e-01 2.775793e-01 3.119368e-01 3.390643e-01 3.590768e-01 3.614657e-01 3.555808e-01 3.444372e-01 1.584666e-02
<GCONST> 7.808184e+01
<MIXTURE> 3 1.101191e-01
<MEAN> 39
 -1.264073e+01 -8.345150e+00 -1.036920e+01 -9.036072e+00 -1.009409e+01 -1.726488e+01 -1.426645e+01 -1.430167e+01 -1.003854e+01 -6.070347e+00 -9.785216e+00 -3.582376e+00 5.723173e+01 7.487957e-02 1.242215e-01 1.827951e-01 2.366301e-01 2.929108e-01 3.482006e-01 3.719140e-01 4.073280e-01 4.496132e-01 4.876529e-01 4.491886e-01 3.382640e-01 2.556900e-02 -4.804134e-02 -5.407204e-02 -9.032248e-02 -1.104938e-01 -3.074840e-03 7.427832e-02 1.977140e-01 2.721867e-01 2.960334e-01 2.481690e-01 2.250199e-01 1.233480e-01 1.584825e-02
<VARIANCE> 39
 2.439289e+00 3.743440e+00 5.305300e+00 7.372875e+00 1.055621e+01 1.299901e+01 1.349461e+01 1.431567e+01 1.563788e+01 1.596099e+01 1.448456e+01 1.441872e+01 1.174311e+00 1.962650e-01 3.492852e-01 5.539685e-01 7.758904e-01 9.812518e-01 1.197603e+00 1.422483e+00 1.659757e+00 1.758098e+00 1.685149e+00 1.574725e+00 1.518900e+00 6.092447e-02 3.527718e-02 6.290926e-02 1.003291e-01 1.477637e-01 2.030325e-01 2.489214e-01 2.824598e-01 3.162023e-01 3.396951e-01 3.390269e-01 3.263498e-01 3.163676e-01 1.197234e-02
<GCONST> 7.083895e+01
<MIXTURE> 4 1.065925e-01
<MEAN> 39
 -1.537360e+01 -7.954367e+00 -1.102180e+01 -1.276512e+01 -1.006352e+01 -1.794796e+01 -1.203342e+01 -1.155907e+01 -6.330731e+00 -5.278386e+00 -5.686702e+00 -1.800718e+00 6.116977e+01 -1.659574e-01 1.758733e-02 3.199726e-04 -5.295107e-02 1.868348e-01 1.586855e-01 3.323264e-01 4.057729e-01 4.678190e-01 3.638672e-01 4.364602e-01 2.230028e-01 6.186696e-02 1.029019e-02 -3.100050e-02 -6.443113e-03 1.631981e-02 5.450743e-02 8.648417e-02 1.242915e-01 1.339964e-01 1.173915e-01 9.796973e-02 6.938445e-02 3.989715e-02 3.114471e-02
<VARIANCE> 39
 2.432617e+01 1.609242e+01 2.133196e+01 2.167510e+01 3.058076e+01 2.896346e+01 3.278347e+01 3.634314e+01 3.888787e+01 3.320626e+01 3.311744e+01 2.723416e+01 1.145914e+01 7.691054e-01 7.356042e-01 1.065406e+00 1.365595e+00 1.691481e+00 1.883677e+00 2.064240e+00 2.182816e+00 2.202801e+00 2.237521e+00 2.089533e+00 1.926682e+00 4.380694e-01 1.413005e-01 1.416274e-01 2.116569e-01 2.773155e-01 3.447686e-01 3.876468e-01 4.471427e-01 4.978807e-01 5.118623e-01 5.027390e-01 4.822715e-01 4.198875e-01 8.383385e-02
<GCONST> 1.029966e+02
<MIXTURE> 5 1.678712e-01
<MEAN> 39
 -1.281786e+01 -8.851918e+00 -1.118532e+01 -9.919488e+00 -1.066650e+01 -1.748253e+01 -1.397109e+01 -1.352025e+01 -9.191724e+00 -5.231295e+00 -9.431108e+00 -3.489624e+00 5.707418e+01 3.378272e-02 2.632918e-02 -2.548806e-03 -7.372212e-02 -2.305586e-01 -3.312594e-01 -4.508618e-01 -5.222349e-01 -5.766869e-01 -5.661140e-01 -5.248662e-01 -3.216813e-01 -1.534464e-02 -3.782634e-02 -2.136491e-02 -1.803281e-02 -2.045716e-02 3.505408e-02 5.500453e-02 9.524656e-02 1.032290e-01 1.022898e-01 7.163469e-02 9.349004e-02 5.948265e-02 7.994517e-03
<VARIANCE> 39
 2.299297e+00 3.585694e+00 5.158394e+00 7.400995e+00 1.049709e+01 1.300593e+01 1.337152e+01 1.372377e+01 1.494991e+01 1.549846e+01 1.447392e+01 1.441651e+01 1.069473e+00 1.760941e-01 3.290026e-01 5.281533e-01 7.446235e-01 9.589465e-01 1.162929e+00 1.387360e+00 1.593721e+00 1.689235e+00 1.628835e+00 1.539160e+00 1.507454e+00 5.392281e-02 3.139883e-02 5.988899e-02 9.534285e-02 1.437337e-01 1.995087e-01 2.490057e-01 2.778217e-01 3.058932e-01 3.261722e-01 3.332318e-01 3.230825e-01 3.167555e-01 9.661153e-03
<GCONST> 6.929337e+01
<MIXTURE> 6 1.055637e-01
<MEAN> 39
 -1.442659e+01 -9.986295e+00 -1.268232e+01 -1.175730e+01 -1.069464e+01 -1.564341e+01 -1.022968e+01 -8.855541e+00 -4.189682e+00 -1.630754e+00 -5.574351e+00 -9.410458e-01 5.696061e+01 6.675740e-02 7.597622e-02 8.794338e-02 1.090351e-01 7.548697e-02 8.958022e-02 6.349713e-02 7.194401e-02 6.478801e-02 8.473507e-02 7.966706e-02 1.026327e-01 -5.690024e-03 6.255794e-02 1.214472e-01 1.451724e-01 1.099144e-01 4.876330e-02 -8.938300e-02 -2.076949e-01 -2.938113e-01 -3.109197e-01 -2.889540e-01 -1.970139e-01 -1.114180e-01 4.626723e-02
<VARIANCE> 39
 5.222771e+00 4.599303e+00 6.532875e+00 1.021516e+01 1.253448e+01 1.409625e+01 1.581424e+01 1.619095e+01 1.779703e+01 1.567565e+01 1.693772e+01 1.647039e+01 3.125493e+00 1.756585e-01 3.217775e-01 5.180383e-01 7.457802e-01 9.756722e-01 1.202861e+00 1.392015e+00 1.596050e+00 1.677917e+00 1.643969e+00 1.593285e+00 1.549820e+00 5.883724e-02 3.233830e-02 6.108823e-02 9.812016e-02 1.459707e-01 2.004403e-01 2.511004e-01 2.871352e-01 3.173797e-01 3.378785e-01 3.369236e-01 3.307637e-01 3.204634e-01 1.025472e-02
<GCONST> 7.354353e+01
<MIXTURE> 7 1.103315e-01
<MEAN> 39
 -1.576337e+01 -8.231637e+00 -1.114303e+01 -1.235903e+01 -8.970785e+00 -1.698041e+01 -1.089877e+01 -1.063572e+01 -5.722018e+00 -4.989955e+00 -5.373381e+00 -1.597753e+00 6.055922e+01 9.043901e-02 2.711459e-02 5.059630e-02 1.425550e-01 -1.888265e-01 -2.683326e-01 -5.461879e-01 -6.678379e-01 -7.342693e-01 -6.150647e-01 -6.486755e-01 -3.725446e-01 -2.039187e-01 3.285197e-02 -3.928279e-02 -2.928566e-02 -3.436260e-02 -7.902218e-02 -3.094799e-02 -3.890107e-02 -1.367216e-02 -9.076647e-03 2.052585e-02 -4.378878e-02 -2.099175e-02 3.789744e-03
<VARIANCE> 39
 1.814277e+01 1.322637e+01 1.724483e+01 1.758885e+01 2.478039e+01 2.566056e+01 2.817821e+01 3.169156e+01 3.399881e+01 2.964489e+01 2.761021e+01 2.438529e+01 6.406801e+00 5.843722e-01 6.344134e-01 9.426795e-01 1.200076e+00 1.523617e+00 1.703731e+00 1.900674e+00 2.029790e+00 2.081076e+00 2.065400e+00 1.908704e+00 1.830021e+00 3.066407e-01 7.600035e-02 1.000289e-01 1.540250e-01 2.122859e-01 2.730615e-01 3.283935e-01 3.835075e-01 4.294060e-01 4.549196e-01 4.492778e-01 4.218908e-01 3.804559e-01 3.531588e-02
<GCONST> 9.509354e+01
<MIXTURE> 8 3.880972e-02
<MEAN> 39
 -1.553360e+01 -9.115099e+00 -1.025544e+01 -1.546698e+01 -6.849742e+00 -1.535974e+01 -6.452493e+00 -6.523180e+00 -1.989283e+00 -3.411955e+00 -2.088731e+00 -3.417773e-01 6.963220e+01 1.885611e-01 1.222455e-01 -2.123444e-01 1.462820e-01 -1.062281e-01 -1.420853e-01 -2.720234e-01 -4.796049e-01 -3.490086e-01 -2.188954e-01 -2.999617e-01 -1.601169e-01 -3.829658e-01 1.362784e-01 1.536021e-02 1.547217e-02 1.438076e-01 -1.744549e-01 -8.676703e-02 -2.548199e-01 -2.092847e-01 -2.005359e-01 -5.517725e-02 -2.016568e-01 -8.216345e-02 -2.754294e-01
<VARIANCE> 39
 7.728558e+01 6.025628e+01 7.683111e+01 6.583801e+01 1.072996e+02 8.522388e+01 7.872237e+01 7.425362e+01 6.743514e+01 6.758395e+01 5.918960e+01 4.936797e+01 4.299826e+01 1.403287e+00 1.392689e+00 1.939039e+00 2.380828e+00 2.959385e+00 3.121536e+00 3.475861e+00 3.532794e+00 3.356521e+00 3.241179e+00 2.950322e+00 2.647478e+00 1.355425e+00 3.386793e-01 2.887790e-01 4.251296e-01 5.188139e-01 6.412330e-01 6.727907e-01 7.241251e-01 7.577980e-01 7.235555e-01 7.129185e-01 6.358312e-01 5.608378e-01 2.305502e-01
<GCONST> 1.298520e+02
<MIXTURE> 9 1.191099e-01
<MEAN> 39
 -1.276063e+01 -8.543044e+00 -1.059381e+01 -9.297730e+00 -1.045803e+01 -1.776723e+01 -1.486429e+01 -1.511882e+01 -1.101732e+01 -6.864697e+00 -1.065300e+01 -4.203956e+00 5.706148e+01 -6.334906e-02 -9.287045e-02 -8.942401e-02 -6.346371e-02 -3.873403e-02 1.459401e-02 3.217049e-02 5.753828e-02 7.967156e-02 1.045934e-01 4.613527e-02 -1.273100e-02 -4.821573e-02 -7.732530e-02 -9.912278e-02 -1.425605e-01 -1.613721e-01 -6.557288e-02 1.956256e-02 1.422176e-01 2.200537e-01 2.388266e-01 1.916698e-01 1.544084e-01 6.561668e-02 -7.889188e-03
<VARIANCE> 39
 2.438362e+00 3.781188e+00 5.446546e+00 7.631671e+00 1.050838e+01 1.302593e+01 1.374290e+01 1.453592e+01 1.587574e+01 1.600169e+01 1.461480e+01 1.440511e+01 1.116040e+00 1.906390e-01 3.454250e-01 5.458631e-01 7.640740e-01 9.681420e-01 1.176414e+00 1.397162e+00 1.622666e+00 1.721128e+00 1.647849e+00 1.539155e+00 1.494826e+00 5.863377e-02 3.473732e-02 6.372506e-02 1.008020e-01 1.478564e-01 2.020495e-01 2.496206e-01 2.845903e-01 3.202697e-01 3.437083e-01 3.417048e-01 3.265572e-01 3.157494e-01 1.100596e-02
<GCONST> 7.060743e+01
<MIXTURE> 10 9.642427e-02
<MEAN> 39
 -1.450916e+01 -1.013488e+01 -1.300900e+01 -1.205278e+01 -1.107879e+01 -1.610733e+01 -1.076474e+01 -9.515544e+00 -5.017469e+00 -2.362181e+00 -6.307393e+00 -1.478876e+00 5.668916e+01 -7.449794e-02 -1.444747e-01 -1.908512e-01 -2.148371e-01 -2.922685e-01 -2.964173e-01 -3.400950e-01 -3.561927e-01 -3.824449e-01 -3.687802e-01 -3.807323e-01 -2.897573e-01 -7.968219e-02 2.834271e-02 7.683736e-02 9.590755e-02 5.955577e-02 -1.168549e-02 -1.463693e-01 -2.697073e-01 -3.597937e-01 -3.819888e-01 -3.530095e-01 -2.712388e-01 -1.704549e-01 2.206646e-02
<VARIANCE> 39
 4.928333e+00 4.522551e+00 6.498652e+00 1.001202e+01 1.238622e+01 1.415214e+01 1.580345e+01 1.609597e+01 1.741848e+01 1.584303e+01 1.671372e+01 1.643189e+01 2.979259e+00 1.754201e-01 3.214425e-01 5.149728e-01 7.411970e-01 9.650933e-01 1.202771e+00 1.402883e+00 1.611561e+00 1.700036e+00 1.668697e+00 1.597417e+00 1.539899e+00 5.806073e-02 3.280359e-02 6.264216e-02 1.005482e-01 1.499350e-01 2.052878e-01 2.549021e-01 2.883294e-01 3.184786e-01 3.395507e-01 3.389384e-01 3.336293e-01 3.233142e-01 1.020922e-02
<GCONST> 7.351837e+01
~h "sp"
<BEGINHMM>
<NUMSTATES> 3
<STATE> 2
~s "silst"
<TRANSP> 3
 0.000000e+00 5.208965e-01 4.791035e-01
 0.000000e+00 9.885752e-01 1.142481e-02
 0.000000e+00 0.000000e+00 0.000000e+00
<ENDHMM>
~h "oov"
<BEGINHMM>
<NUMSTATES> 3
<STATE> 2
<NUMMIXES> 10
<MIXTURE> 1 6.816532e-02
<MEAN> 39
 -1.653822e+01 -4.967432e+00 -9.777296e+00 -1.250549e+01 -6.065471e+00 -1.764970e+01 -8.413186e+00 -7.731195e+00 -2.500484e+00 -3.738564e+00 -2.625719e+00 -1.172076e+00 6.671085e+01 -5.151502e-01 1.432931e-01 5.267719e-01 -7.190867e-01 4.825505e-01 -2.234000e-01 9.238964e-01 1.563403e+00 1.633280e+00 6.833587e-01 1.549746e+00 6.276742e-01 2.004709e+00 4.089725e-01 -3.400023e-01 -3.537851e-02 -3.038787e-01 -3.488336e-01 -5.081248e-02 -1.226213e-01 6.799459e-02 4.031707e-02 7.035962e-02 -3.502965e-03 -1.123969e-02 3.986173e-01
<VARIANCE> 39
 6.026009e+01 5.116404e+01 4.706357e+01 3.500532e+01 6.491640e+01 5.719225e+01 5.683400e+01 4.596466e+01 4.903403e+01 4.762539e+01 4.545759e+01 3.232419e+01 3.022569e+01 8.264646e+00 5.551283e+00 6.223191e+00 5.682289e+00 9.191118e+00 7.349890e+00 6.792835e+00 6.646738e+00 5.861476e+00 6.135219e+00 5.313210e+00 4.676836e+00 3.128236e+00 7.292830e-01 5.783517e-01 6.300985e-01 6.478372e-01 9.662033e-01 9.447567e-01 9.366055e-01 8.903778e-01 8.808937e-01 8.745264e-01 8.779709e-01 7.081175e-01 4.287435e-01
<GCONST> 1.413978e+02
<MIXTURE> 2 1.274815e-01
<MEAN> 39
 -1.227227e+01 -9.649799e+00 -1.021943e+01 -1.744328e+01 -7.769876e+00 -1.405266e+01 -7.201250e+00 -5.700121e+00 -2.073981e+00 -3.749399e+00 -1.073266e+00 -1.293020e+00 7.334313e+01 -4.248181e-02 2.168733e-02 3.194946e-02 1.766325e-01 2.386680e-01 2.980663e-01 2.872412e-01 3.634327e-01 3.400067e-01 2.692517e-01 1.977471e-01 1.119214e-01 -1.463620e-01 5.415842e-02 3.288386e-02 1.128036e-02 9.294362e-02 -6.040504e-02 -8.134988e-02 -6.502648e-02 -4.746786e-02 2.678312e-02 8.976109e-02 -1.528693e-02 1.668535e-02 -1.043034e-01
<VARIANCE> 39
 1.037945e+02 1.008028e+02 9.887914e+01 9.172088e+01 1.377716e+02 1.162259e+02 1.045154e+02 9.397805e+01 8.354829e+01 7.994751e+01 8.346006e+01 7.525140e+01 3.962355e+01 4.601721e-01 9.182572e-01 1.237752e+00 1.591387e+00 2.086811e+00 2.382705e+00 2.671319e+00 2.646762e+00 2.684813e+00 2.578981e+00 2.475444e+00 2.285323e+00 3.748220e-01 1.026312e-01 1.756126e-01 2.147877e-01 2.999705e-01 3.798703e-01 4.377300e-01 4.953868e-01 4.972385e-01 5.038447e-01 4.972892e-01 4.726092e-01 4.362865e-01 5.346524e-02
<GCONST> 1.203681e+02
<MIXTURE> 3 6.530394e-02
<MEAN> 39
 -5.520467e+00 -8.967691e+00 -1.137549e+01 -1.573670e+01 -1.327156e+01 -1.936771e+01 -1.232391e+01 -1.087011e+01 -5.189219e+00 -1.001222e+00 -3.685598e+00 -6.966940e-01 6.910017e+01 8.605110e-04 5.022641e-01 1.321755e-01 4.878586e-01 1.563744e-01 2.816780e-01 9.302065e-02 -1.471056e-01 2.027344e-01 6.002231e-01 3.196947e-01 4.698425e-01 -6.613735e-01 -1.811817e-01 -4.280450e-02 1.394085e-01 -1.435646e-02 2.102093e-01 1.999317e-01 2.363119e-01 4.483758e-01 2.911111e-01 5.349360e-02 2.437884e-01 1.261421e-01 1.017118e-01
<VARIANCE> 39
 2.089586e+01 3.412229e+01 6.729345e+01 4.878552e+01 6.688644e+01 7.854366e+01 6.492770e+01 8.300586e+01 8.433829e+01 7.874224e+01 7.960612e+01 7.111703e+01 3.051052e+01 7.184787e-01 1.154477e+00 1.864838e+00 2.082531e+00 2.421820e+00 3.100595e+00 3.230858e+00 3.950641e+00 3.561112e+00 3.367341e+00 3.228886e+00 2.872819e+00 8.986951e-01 1.198936e-01 1.723664e-01 2.968860e-01 3.727490e-01 4.216689e-01 5.045688e-01 5.572016e-01 6.783934e-01 7.133756e-01 7.069251e-01 6.491745e-01 5.939823e-01 1.111444e-01
<GCONST> 1.222644e+02
<MIXTURE> 4 1.646105e-01
<MEAN> 39
 -6.536361e+00 -1.380707e+01 -8.524412e+00 -1.960133e+01 -1.273295e+01 -1.797527e+01 -1.018531e+01 -1.995898e+00 -2.012124e-02 -1.301082e+00 -8.851435e-01 -8.901432e-01 7.599911e+01 2.565191e-01 -8.165697e-01 -2.311151e-01 -5.388658e-01 1.865964e-01 4.996696e-01 6.611256e-01 7.624744e-01 1.734531e-01 -6.403202e-02 2.107389e-02 7.483050e-03 8.071475e-01 -3.056333e-01 3.594295e-01 -8.854458e-02 3.981930e-01 2.585666e-01 5.683953e-02 5.996665e-02 -4.681196e-01 -2.653011e-01 -5.952732e-02 -1.066785e-01 1.345684e-02 -4.487827e-01
<VARIANCE> 39
 2.227035e+01 4.703549e+01 1.007879e+02 6.801541e+01 1.131418e+02 1.366980e+02 1.224325e+02 1.062271e+02 1.001491e+02 9.554771e+01 1.021409e+02 9.583960e+01 3.482190e+01 2.235396e+00 3.479393e+00 4.254681e+00 4.991524e+00 5.644741e+00 6.124212e+00 6.170969e+00 7.081805e+00 6.194809e+00 5.764308e+00 5.337318e+00 4.890843e+00 3.105142e+00 3.223203e-01 4.266719e-01 6.720548e-01 7.241958e-01 9.097297e-01 1.079684e+00 1.150865e+00 1.201565e+00 1.132948e+00 1.054924e+00 1.009089e+00 9.082426e-01 2.950386e-01
<GCONST> 1.453598e+02
<MIXTURE> 5 6.793342e-02
<MEAN> 39
 -1.124532e+01 -1.277570e+01 -9.615087e+00 -1.741241e+01 -8.269135e+00 -1.316847e+01 -5.292841e+00 -2.603592e+00 2.829343e-02 -1.966720e+00 -3.717077e-02 -3.782282e-01 7.522293e+01 1.360608e-01 2.459499e-01 -3.027415e-02 2.542720e-01 -1.014911e-03 -1.232205e-02 -5.865487e-02 -1.735701e-01 -8.764075e-02 7.377553e-02 -1.977674e-02 1.575610e-01 -3.890001e-01 6.223108e-02 1.305489e-01 8.028230e-03 8.798485e-02 -7.707911e-02 -1.497504e-01 -1.471136e-01 -1.704532e-01 -3.920182e-02 2.852061e-02 -4.351210e-02 3.744161e-02 -1.282586e-01
<VARIANCE> 39
 8.728008e+01 8.724989e+01 1.064083e+02 8.253334e+01 1.562478e+02 1.233634e+02 1.128797e+02 1.058085e+02 9.082732e+01 8.017997e+01 8.083109e+01 7.711972e+01 4.226717e+01 4.880923e-01 9.802391e-01 1.311531e+00 1.584561e+00 2.151011e+00 2.443372e+00 2.827937e+00 2.783615e+00 2.772521e+00 2.607763e+00 2.472230e+00 2.271274e+00 5.002632e-01 1.008088e-01 1.728329e-01 2.387718e-01 3.061614e-01 4.094206e-01 4.582978e-01 5.498460e-01 5.564110e-01 5.499735e-01 5.037786e-01 4.829573e-01 4.461109e-01 6.604283e-02
<GCONST> 1.219937e+02
<MIXTURE> 6 1.302919e-01
<MEAN> 39
 -7.883127e+00 -9.187488e+00 -1.333277e+01 -1.474701e+01 -1.148847e+01 -1.641614e+01 -9.419626e+00 -7.144737e+00 -2.936289e+00 -1.423957e+00 -4.417864e+00 -1.050260e-01 6.515856e+01 -6.678341e-01 2.991256e-01 6.701544e-03 6.623509e-01 2.734527e-01 1.046294e-01 -4.795821e-01 -9.987627e-01 -9.024262e-01 -6.357046e-01 -8.065389e-01 -4.111857e-01 -1.101495e+00 -9.993733e-02 -6.934761e-02 1.654965e-01 -6.130014e-02 -2.413259e-02 -1.261873e-01 -1.135975e-01 -2.590229e-02 -8.878334e-02 -1.159880e-01 2.976651e-02 -6.435225e-02 1.555190e-01
<VARIANCE> 39
 2.053122e+01 2.414121e+01 5.293341e+01 3.406779e+01 5.962957e+01 6.731867e+01 5.159325e+01 6.014269e+01 6.059092e+01 5.587662e+01 5.778028e+01 4.629207e+01 1.792690e+01 8.084477e-01 1.121816e+00 1.961465e+00 1.957279e+00 2.601961e+00 3.164182e+00 3.301803e+00 3.612525e+00 3.455796e+00 3.415474e+00 3.144473e+00 2.865304e+00 6.902775e-01 1.092964e-01 1.342050e-01 2.147477e-01 2.704268e-01 3.410203e-01 4.230223e-01 4.768228e-01 5.322058e-01 5.570237e-01 5.535235e-01 5.180766e-01 4.622642e-01 6.547722e-02
<GCONST> 1.150465e+02
<MIXTURE> 7 1.045828e-01
<MEAN> 39
 -1.363153e+01 -6.957476e+00 -6.640484e+00 -1.707569e+01 -1.011948e+01 -2.044616e+01 -7.994893e+00 -6.073826e+00 -9.937443e-01 -1.723541e+00 6.648980e-01 9.867193e-01 7.432973e+01 5.311173e-01 9.648001e-02 -1.559604e-01 3.572234e-02 -5.730299e-01 -4.844472e-01 -3.787873e-01 -5.390003e-01 -3.159358e-01 -1.354987e-01 -2.115706e-01 -2.020453e-01 1.169629e-01 1.602001e-01 -7.409997e-02 -1.691897e-01 1.405609e-01 -1.373430e-02 1.992464e-01 -1.342243e-01 -1.477574e-01 -1.574610e-01 -9.191472e-02 -2.705993e-01 -1.731321e-01 -2.956120e-01
<VARIANCE> 39
 8.077341e+01 7.213272e+01 1.140527e+02 7.766157e+01 1.476589e+02 1.281278e+02 1.056037e+02 9.429050e+01 9.058353e+01 9.493369e+01 7.675063e+01 6.577879e+01 3.201092e+01 4.237541e+00 3.384559e+00 4.133268e+00 4.559172e+00 6.392842e+00 6.200906e+00 5.872005e+00 5.818145e+00 5.483833e+00 5.367108e+00 4.811794e+00 4.033990e+00 2.309536e+00 7.388863e-01 5.294676e-01 7.737143e-01 7.609652e-01 1.337775e+00 1.272191e+00 1.161412e+00 1.142472e+00 1.089088e+00 1.093822e+00 9.055389e-01 7.744396e-01 2.585331e-01
<GCONST> 1.473520e+02
<MIXTURE> 8 1.366618e-01
<MEAN> 39
 -1.360386e+01 -5.269521e+00 -1.049476e+01 -1.129202e+01 -1.010697e+01 -1.907846e+01 -1.225028e+01 -1.203910e+01 -5.424468e+00 -4.023643e+00 -4.408035e+00 -1.594820e+00 6.384340e+01 4.985282e-01 -4.935470e-02 2.493978e-01 -5.090942e-01 -4.171838e-01 -3.501114e-01 -2.357152e-01 3.926315e-01 3.039854e-01 1.641740e-01 3.872229e-01 1.085898e-01 6.330319e-01 1.684393e-01 -2.222411e-01 2.299134e-02 -4.002082e-01 -6.073321e-02 7.602976e-02 2.377020e-01 4.914110e-01 2.700364e-01 1.126412e-01 1.787047e-01 8.583943e-02 4.436985e-01
<VARIANCE> 39
 4.529485e+01 2.647307e+01 3.139531e+01 2.672959e+01 3.874126e+01 4.076959e+01 4.163201e+01 4.058703e+01 4.571053e+01 4.351277e+01 4.124321e+01 3.145123e+01 2.107637e+01 4.418808e+00 2.205019e+00 3.437893e+00 3.496378e+00 4.980897e+00 4.584805e+00 4.677893e+00 5.192691e+00 4.545044e+00 4.555151e+00 4.178247e+00 3.503645e+00 1.411786e+00 4.532632e-01 3.455570e-01 4.846241e-01 4.789184e-01 6.938244e-01 7.205178e-01 7.210860e-01 7.904119e-01 8.011169e-01 7.746628e-01 7.272243e-01 6.154909e-01 2.332206e-01
<GCONST> 1.279414e+02
<MIXTURE> 9 6.536640e-02
<MEAN> 39
 -1.100348e+01 -1.163588e+01 -1.002009e+01 -1.674389e+01 -7.634988e+00 -1.352792e+01 -6.415112e+00 -3.497367e+00 -1.327795e+00 -3.266743e+00 -1.209014e+00 -1.559827e+00 7.367220e+01 -2.273419e-02 1.360899e-02 -3.895621e-01 -6.821214e-02 -4.396747e-01 -4.922772e-01 -5.721729e-01 -7.538354e-01 -6.842685e-01 -4.858306e-01 -6.048321e-01 -2.977501e-01 -5.913178e-01 7.612791e-03 5.204590e-02 -1.012431e-01 -1.572871e-02 -2.317739e-01 -3.095373e-01 -3.129646e-01 -3.566179e-01 -2.035094e-01 -1.126175e-01 -2.116971e-01 -9.140047e-02 -1.797435e-01
<VARIANCE> 39
 8.282946e+01 8.243631e+01 1.041945e+02 7.671734e+01 1.429675e+02 1.161125e+02 1.109717e+02 1.026277e+02 8.776150e+01 7.572297e+01 7.606522e+01 7.072419e+01 4.113543e+01 5.051064e-01 9.962794e-01 1.289984e+00 1.576932e+00 2.163916e+00 2.446797e+00 2.822096e+00 2.810705e+00 2.804231e+00 2.645373e+00 2.464572e+00 2.238239e+00 5.516936e-01 1.070226e-01 1.789515e-01 2.408543e-01 3.163154e-01 4.217753e-01 4.598377e-01 5.550326e-01 5.636030e-01 5.616779e-01 5.195180e-01 4.910031e-01 4.555854e-01 6.472506e-02
<GCONST> 1.217378e+02
<MIXTURE> 10 6.780104e-02
<MEAN> 39
 -6.262851e+00 -8.661741e+00 -1.044465e+01 -1.476627e+01 -1.317517e+01 -1.980180e+01 -1.321295e+01 -1.157106e+01 -6.661098e+00 -2.478744e+00 -4.903940e+00 -1.666717e+00 6.810242e+01 -2.372731e-01 2.902563e-01 -2.145354e-01 2.806791e-01 -1.278997e-01 -4.041372e-02 -3.015121e-01 -6.674436e-01 -3.801739e-01 -4.283343e-02 -3.659721e-01 -9.550094e-02 -9.019825e-01 -2.352129e-01 -9.970836e-02 2.211443e-02 -7.036722e-02 1.281103e-01 1.144432e-01 1.482023e-01 3.253037e-01 1.733777e-01 -7.669210e-02 7.805783e-02 1.020379e-03 3.300169e-02
<VARIANCE> 39
 2.017736e+01 3.117914e+01 6.778287e+01 4.724496e+01 6.483155e+01 7.388290e+01 6.330723e+01 7.975604e+01 8.317507e+01 7.547622e+01 7.896199e+01 6.617867e+01 2.947626e+01 7.063810e-01 1.106234e+00 1.900832e+00 2.002785e+00 2.374158e+00 2.970357e+00 3.139299e+00 3.823304e+00 3.520787e+00 3.307632e+00 3.136860e+00 2.837590e+00 9.181332e-01 1.201365e-01 1.666182e-01 2.963796e-01 3.617919e-01 4.081672e-01 4.892882e-01 5.347566e-01 6.633451e-01 7.059771e-01 7.000403e-01 6.480584e-01 5.896933e-01 9.860308e-02
<GCONST> 1.211937e+02
<TRANSP> 3
 0.000000e+00 1.000000e+00 0.000000e+00
 0.000000e+00 9.868100e-01 1.318998e-02
 0.000000e+00 0.000000e+00 0.000000e+00
<ENDHMM>
~h "sil"
<BEGINHMM>
<NUMSTATES> 3
<STATE> 2
~s "silst"
<TRANSP> 3
 0.000000e+00 1.000000e+00 0.000000e+00
 0.000000e+00 9.964092e-01 3.590824e-03
 0.000000e+00 0.000000e+00 0.000000e+00
<ENDHMM>
~h "noise"
<BEGINHMM>
<NUMSTATES> 3
<STATE> 2
~s "silst"
<TRANSP> 3
 0.000000e+00 1.000000e+00 0.000000e+00
 0.000000e+00 9.876091e-01 1.239093e-02
 0.000000e+00 0.000000e+00 0.000000e+00
<ENDHMM>
