~o
<STREAMINFO> 1 22
<VECSIZE> 22<NULLD><MFCC_0><DIAGC>
~h "BN"
<BEGINHMM>
<NUMSTATES> 5
<STATE> 2
<NUMMIXES> 2
<MIXTURE> 1 3.385155e-001
<MEAN> 22
 8.456708e+000 1.381286e+001 4.877916e+000 5.341132e+000 1.742530e+001 2.232938e+001 8.255192e+001 7.450056e+001 5.929906e+001 5.635912e+001 1.796624e+002 1.694563e+002 1.112936e+002 1.090966e+002 6.895768e+000 5.018069e+000 6.065000e+000 5.892662e+000 5.827590e+000 6.119442e+000 2.329813e+000 2.184535e+000
<VARIANCE> 22
 2.191433e+003 1.488309e+003 1.762372e+003 1.114078e+003 3.994265e+002 4.086563e+002 5.971128e+002 5.739858e+002 6.486240e+001 6.139493e+001 9.350923e+002 1.059115e+003 1.787873e+002 1.800509e+002 1.529231e-001 1.494058e-001 6.077450e-002 9.581670e-002 1.483443e-001 2.272672e-001 5.678117e+000 3.756613e+000
<GCONST> 1.178892e+002
<MIXTURE> 2 6.614842e-001
<MEAN> 22
 5.960419e+000 8.071292e+000 1.633079e+000 2.698014e+000 1.437806e+002 1.584983e+002 7.131689e+001 8.529367e+001 6.985583e+001 7.232474e+001 1.080702e+002 7.213121e+001 9.313129e+001 9.207093e+001 3.097439e+000 2.471152e+000 4.685439e+000 4.052081e+000 4.069063e+000 2.051555e+000 2.300920e+000 2.396854e+000
<VARIANCE> 22
 1.243662e+002 2.285977e+002 1.011891e+001 1.627337e+001 3.266412e+004 1.684085e+004 2.324247e+003 2.677863e+003 9.620626e+002 1.156348e+003 5.786746e+003 3.279130e+003 1.717086e+003 1.321479e+003 8.258662e+000 2.094788e+000 7.414033e+000 3.291922e+000 3.641214e+000 5.243832e+000 6.116978e+000 5.781627e+000
<GCONST> 1.494383e+002
<STATE> 3
<NUMMIXES> 2
<MIXTURE> 1 4.082992e-001
<MEAN> 22
 1.471927e+000 2.032301e+001 5.076021e-001 5.213001e+000 7.604827e+000 1.429980e+002 1.006843e+002 1.036820e+002 6.253971e+001 8.691827e+001 2.037125e+002 7.758557e+001 1.218344e+002 1.104247e+002 6.998829e+000 2.912245e+000 6.117139e+000 4.541306e+000 5.998528e+000 2.362823e+000 1.749741e+000 3.592384e+000
<VARIANCE> 22
 9.616776e+000 3.761313e+002 3.300596e+000 2.855707e+001 1.001209e+002 5.420762e+003 3.230207e+002 1.633200e+003 7.128344e+001 5.590651e+002 6.526341e+002 2.549478e+003 2.228063e+002 1.702023e+002 6.504287e-002 1.121688e+000 1.040022e-001 8.638710e-001 2.082488e-002 5.256858e+000 5.542716e+000 5.397414e+000
<GCONST> 1.111728e+002
<MIXTURE> 2 5.917020e-001
<MEAN> 22
 8.849652e-001 4.794952e+000 4.237681e-001 1.514523e+000 9.756575e+000 1.722198e+002 8.647123e+001 1.185003e+002 5.586826e+001 8.819083e+001 1.802029e+002 3.165079e+001 1.095481e+002 9.608607e+001 6.928916e+000 2.058034e+000 5.995195e+000 3.670993e+000 5.962546e+000 1.104550e+000 1.341727e+000 2.630391e+000
<VARIANCE> 22
 4.801632e+000 4.211600e+001 3.300596e+000 3.212934e+000 5.958447e+002 9.481826e+002 1.188009e+002 1.989373e+002 5.027962e+001 2.619742e+002 3.992129e+002 3.432494e+002 5.681856e+001 7.741395e+001 3.871934e-001 1.159033e-001 2.293596e-001 4.801118e-001 1.166271e-001 3.122748e-001 4.796017e+000 5.964380e+000
<GCONST> 9.585268e+001
<STATE> 4
<NUMMIXES> 2
<MIXTURE> 1 4.174499e-001
<MEAN> 22
 1.364362e+001 5.558713e+000 3.031622e+000 1.788935e+000 4.689513e+001 2.433918e+001 8.752274e+001 9.495025e+001 7.081448e+001 5.821974e+001 1.606021e+002 1.940164e+002 1.148749e+002 1.168154e+002 5.063473e+000 4.995901e+000 6.374188e+000 5.845212e+000 5.318521e+000 6.008097e+000 3.589068e+000 2.897354e+000
<VARIANCE> 22
 3.087355e+002 7.427171e+001 2.007236e+001 6.910995e+000 2.341315e+003 8.739031e+002 6.172255e+002 3.167433e+002 2.728051e+002 6.515501e+001 3.325989e+003 5.013390e+002 2.683304e+002 1.198955e+002 8.219578e+000 1.876516e-002 2.362478e-001 1.308313e-001 1.558236e+000 5.618803e-002 5.997164e+000 6.625289e+000
<GCONST> 1.125126e+002
<MIXTURE> 2 5.825492e-001
<MEAN> 22
 6.377428e+000 1.607039e+000 2.580437e+000 7.390786e-001 1.632062e+002 1.815685e+001 1.258359e+002 8.639573e+001 9.159344e+001 5.852492e+001 3.495627e+001 1.798297e+002 9.946682e+001 1.151361e+002 1.961670e+000 4.718150e+000 9.666308e-001 5.820440e+000 2.867578e+000 5.653727e+000 3.039086e+000 1.917196e+000
<VARIANCE> 22
 8.535033e+001 1.224423e+001 1.774979e+001 2.164982e+000 3.816919e+003 7.515285e+002 4.113729e+002 7.946389e+002 3.259903e+002 6.892117e+001 3.862777e+002 1.702683e+003 2.228728e+002 1.698048e+002 3.782539e-001 4.234250e-001 2.687517e+000 1.821701e-001 2.682981e-001 2.552114e+000 6.215724e+000 5.643008e+000
<GCONST> 1.131912e+002
<TRANSP> 5
 0.000000e+000 1.000000e+000 0.000000e+000 0.000000e+000 0.000000e+000
 0.000000e+000 8.185520e-001 1.814480e-001 0.000000e+000 0.000000e+000
 0.000000e+000 0.000000e+000 9.549233e-001 4.507671e-002 0.000000e+000
 0.000000e+000 0.000000e+000 0.000000e+000 9.276009e-001 7.239907e-002
 0.000000e+000 0.000000e+000 0.000000e+000 0.000000e+000 0.000000e+000
<ENDHMM>
~h "BS"
<BEGINHMM>
<NUMSTATES> 5
<STATE> 2
<NUMMIXES> 2
<MIXTURE> 1 9.555093e-002
<MEAN> 22
 2.674022e+001 2.631065e+001 1.556255e+001 1.385601e+001 2.895777e+002 2.113538e+002 1.135067e+002 1.029251e+002 7.087740e+001 6.640019e+001 1.875942e+002 1.759113e+002 1.234793e+002 1.209000e+002 3.378753e+000 4.360771e+000 6.596440e+000 5.503468e+000 4.271760e+000 4.983118e+000 1.995687e+000 2.457499e+000
<VARIANCE> 22
 6.750359e+003 5.102014e+003 5.813142e+003 3.824923e+003 6.472637e+004 2.929597e+004 1.248667e+003 9.204927e+002 5.530310e+001 2.426230e+001 1.960065e+003 1.662701e+003 3.076041e+002 1.805234e+002 1.151470e+001 9.842599e-001 2.407012e-001 2.613266e-001 7.484765e+000 2.267315e+000 5.557134e+000 6.050046e+000
<GCONST> 1.491546e+002
<MIXTURE> 2 9.044486e-001
<MEAN> 22
 1.452957e+001 1.411468e+001 2.382114e+000 2.379077e+000 5.739576e+001 5.510050e+001 5.829579e+001 5.690330e+001 6.310021e+001 6.000280e+001 1.470640e+002 1.443970e+002 1.068387e+002 1.068184e+002 5.418396e+000 4.586452e+000 5.999539e+000 5.826301e+000 5.314541e+000 5.533408e+000 2.756461e+000 1.999079e+000
<VARIANCE> 22
 1.804582e+002 1.601857e+002 6.467857e+000 6.768937e+000 4.437193e+003 3.360540e+003 9.080844e+002 8.820927e+002 1.388036e+002 1.474095e+002 1.650714e+003 1.707198e+003 2.775186e+002 2.551103e+002 6.357539e+000 1.566265e+000 5.459617e-001 4.885162e-001 9.942296e-001 4.695155e+000 3.051539e+000 3.752112e+000
<GCONST> 1.254965e+002
<STATE> 3
<NUMMIXES> 2
<MIXTURE> 1 4.433519e-001
<MEAN> 22
 1.421278e+001 1.447535e+001 3.492666e+000 3.368146e+000 1.315331e+002 1.233878e+002 1.469714e+002 1.420677e+002 8.904240e+001 7.883733e+001 1.549067e+002 1.622684e+002 1.165569e+002 1.150471e+002 4.317002e-001 3.731328e+000 4.471670e+000 4.731470e+000 1.807537e+000 3.863732e+000 2.984759e+000 3.936934e+000
<VARIANCE> 22
 4.019582e+002 4.073741e+002 1.827475e+001 1.954368e+001 1.475948e+003 1.679828e+003 9.704731e+002 8.639894e+002 1.760790e+002 2.581145e+002 2.108363e+003 1.276914e+003 1.717975e+002 1.338028e+002 3.166596e-001 3.342745e-001 1.117435e+001 2.523630e-001 6.187623e+000 9.040750e-001 6.495935e+000 5.657633e+000
<GCONST> 1.263702e+002
<MIXTURE> 2 5.566478e-001
<MEAN> 22
 2.193355e+001 2.280585e+001 3.781909e+000 3.730915e+000 9.425866e+001 9.759586e+001 4.901328e+001 5.035571e+001 6.514249e+001 6.085003e+001 9.294608e+001 9.147140e+001 1.003920e+002 1.010703e+002 2.021531e+000 2.696393e+000 6.153085e+000 5.740813e+000 4.060308e+000 2.145553e+000 2.697917e+000 2.881269e+000
<VARIANCE> 22
 3.638299e+002 3.842289e+002 2.436825e+001 1.912844e+001 1.621155e+003 1.265011e+003 6.594479e+002 6.700148e+002 1.210294e+002 1.259776e+002 9.129731e+002 8.014223e+002 1.151850e+002 9.842490e+001 3.584819e+000 1.913686e+000 3.908522e-001 3.909592e-001 2.007123e+000 7.007846e+000 5.536877e+000 4.380607e+000
<GCONST> 1.243087e+002
<STATE> 4
<NUMMIXES> 2
<MIXTURE> 1 4.508643e-001
<MEAN> 22
 9.199144e+000 8.842852e+000 2.481928e+000 2.141499e+000 3.436436e+001 3.514103e+001 1.023152e+002 9.960195e+001 6.541154e+001 6.009809e+001 1.934015e+002 1.912797e+002 1.152760e+002 1.146325e+002 6.734162e+000 4.941990e+000 6.439563e+000 5.519771e+000 6.057718e+000 5.834945e+000 3.866418e+000 3.679619e+000
<VARIANCE> 22
 8.313950e+001 7.903528e+001 7.264129e+000 5.478174e+000 1.078009e+003 8.340794e+002 5.901440e+002 4.318254e+002 1.048943e+002 8.687046e+001 7.765135e+002 6.650139e+002 1.879478e+002 1.461021e+002 1.563603e+000 1.317762e-001 2.839915e-001 2.502171e-001 1.943653e-001 3.226641e-001 4.481364e+000 8.357114e+000
<GCONST> 1.081875e+002
<MIXTURE> 2 5.491353e-001
<MEAN> 22
 6.242142e+000 5.932742e+000 1.747647e+000 1.627936e+000 8.989079e+001 8.876242e+001 1.163151e+002 1.174546e+002 6.818811e+001 6.355230e+001 1.561963e+002 1.555087e+002 1.050891e+002 1.047234e+002 7.444644e-003 3.999258e+000 6.999466e+000 5.000000e+000 3.530339e+000 4.353787e+000 3.044926e+000 3.774894e+000
<VARIANCE> 22
 6.321472e+001 5.655876e+001 5.943418e+000 5.010272e+000 6.917156e+002 6.479171e+002 5.603790e+002 4.949500e+002 9.340251e+001 1.232032e+002 4.058001e+002 4.372788e+002 7.162415e+001 7.864053e+001 6.504287e-002 1.793315e-002 2.326111e-002 1.170389e-002 1.191428e+001 2.648950e-001 6.467224e+000 7.393390e+000
<GCONST> 9.768243e+001
<TRANSP> 5
 0.000000e+000 1.000000e+000 0.000000e+000 0.000000e+000 0.000000e+000
 0.000000e+000 7.963438e-001 2.036562e-001 0.000000e+000 0.000000e+000
 0.000000e+000 0.000000e+000 9.215966e-001 7.840335e-002 0.000000e+000
 0.000000e+000 0.000000e+000 0.000000e+000 9.476982e-001 5.230181e-002
 0.000000e+000 0.000000e+000 0.000000e+000 0.000000e+000 0.000000e+000
<ENDHMM>
~h "CF"
<BEGINHMM>
<NUMSTATES> 5
<STATE> 2
<NUMMIXES> 2
<MIXTURE> 1 1.560881e-001
<MEAN> 22
 2.735142e+001 1.351541e+001 1.356184e+001 8.235991e+000 6.001413e+001 2.816235e+001 1.019042e+002 8.807773e+001 7.849720e+001 6.096346e+001 1.389643e+002 1.817222e+002 1.118425e+002 1.175999e+002 4.676260e+000 4.729830e+000 5.184000e+000 5.762083e+000 4.841219e+000 5.843121e+000 3.160110e+000 2.625804e+000
<VARIANCE> 22
 3.651271e+003 2.458583e+003 3.007712e+003 1.799969e+003 4.372106e+003 1.168187e+003 1.011523e+003 8.437740e+002 4.853449e+002 1.386822e+002 5.929583e+003 1.696123e+003 3.679812e+002 1.708032e+002 7.493299e+000 4.456288e-001 4.759952e+000 2.071097e-001 2.270268e+000 1.204192e+000 5.674693e+000 5.405398e+000
<GCONST> 1.449612e+002
<MIXTURE> 2 8.439113e-001
<MEAN> 22
 5.821797e+000 6.994932e+000 2.227036e+000 2.316052e+000 8.000185e+001 8.763199e+001 8.231435e+001 6.779382e+001 7.757915e+001 6.541653e+001 9.133057e+001 1.012783e+002 9.499371e+001 1.018223e+002 2.952377e+000 3.181917e+000 4.643550e+000 5.014163e+000 3.897697e+000 3.359539e+000 2.800652e+000 2.608366e+000
<VARIANCE> 22
 8.143992e+001 1.195774e+002 1.059562e+001 1.323919e+001 8.378641e+003 7.084244e+003 2.266987e+003 1.719801e+003 6.673395e+002 5.609478e+002 3.516694e+003 3.215735e+003 6.381547e+002 5.328601e+002 5.602928e+000 2.318105e+000 5.775234e+000 2.062808e+000 2.399697e+000 7.820455e+000 6.082897e+000 5.477792e+000
<GCONST> 1.409268e+002
<STATE> 3
<NUMMIXES> 2
<MIXTURE> 1 3.847202e-001
<MEAN> 22
 2.618635e+000 2.266589e+001 9.701841e-001 5.838433e+000 1.626549e+001 1.148211e+002 9.906390e+001 9.035503e+001 6.292480e+001 8.377677e+001 1.932334e+002 1.007489e+002 1.173984e+002 1.041781e+002 6.856472e+000 3.414880e+000 6.184210e+000 4.838583e+000 5.912461e+000 3.311238e+000 2.064016e+000 3.710899e+000
<VARIANCE> 22
 2.336939e+001 4.691968e+002 3.300596e+000 4.237565e+001 9.137692e+002 6.222564e+003 5.205289e+002 1.914025e+003 1.209690e+002 5.176462e+002 1.375753e+003 3.396653e+003 2.785228e+002 2.655013e+002 6.960078e-001 1.546543e+000 5.371048e-001 1.654221e+000 2.317981e-001 7.501674e+000 5.968114e+000 5.094270e+000
<GCONST> 1.255782e+002
<MIXTURE> 2 6.152800e-001
<MEAN> 22
 9.334643e-001 6.183326e+000 4.576769e-001 2.919900e+000 5.884473e+000 1.945761e+002 9.009272e+001 1.290959e+002 5.712430e+001 1.020420e+002 1.857822e+002 3.114353e+001 1.109301e+002 8.339214e+001 7.000000e+000 2.000000e+000 6.006192e+000 2.924177e+000 5.999992e+000 9.944115e-001 1.411928e+000 2.529069e+000
<VARIANCE> 22
 4.801632e+000 8.587517e+001 3.300596e+000 1.636567e+001 4.956259e+001 9.048766e+002 1.836094e+002 4.178295e+002 4.979026e+001 3.939240e+002 3.590928e+002 1.469882e+002 1.027127e+002 2.350152e+002 6.504287e-002 1.793315e-002 2.326111e-002 1.223096e+000 2.082488e-002 5.618803e-002 5.124063e+000 5.754911e+000
<GCONST> 8.957279e+001
<STATE> 4
<NUMMIXES> 2
<MIXTURE> 1 4.239825e-001
<MEAN> 22
 9.009665e+000 5.706815e+000 2.697304e+000 2.110943e+000 2.899118e+001 2.392920e+001 9.053580e+001 9.723937e+001 6.569326e+001 6.075520e+001 1.869258e+002 1.945387e+002 1.164434e+002 1.163995e+002 6.346148e+000 5.000440e+000 6.197017e+000 5.714940e+000 5.887729e+000 5.989316e+000 3.374642e+000 3.038794e+000
<VARIANCE> 22
 1.773996e+002 6.046312e+001 1.412559e+001 7.673083e+000 7.898917e+002 5.763043e+002 6.358149e+002 3.225689e+002 1.531836e+002 9.156484e+001 1.033157e+003 5.073396e+002 1.997788e+002 1.278367e+002 3.947092e+000 1.793315e-002 1.582003e-001 2.046803e-001 1.199067e-001 5.618803e-002 6.411118e+000 6.411641e+000
<GCONST> 1.051631e+002
<MIXTURE> 2 5.760174e-001
<MEAN> 22
 1.061497e+001 1.552476e+000 3.865462e+000 8.200843e-001 1.723118e+002 2.485261e+001 1.209695e+002 9.666805e+001 9.688096e+001 5.760744e+001 3.822995e+001 1.914592e+002 8.571510e+001 1.134319e+002 1.911397e+000 4.977002e+000 2.487800e+000 5.677813e+000 3.036721e+000 5.955453e+000 3.148837e+000 2.048986e+000
<VARIANCE> 22
 2.115146e+002 8.430430e+000 2.834099e+001 2.164982e+000 3.428922e+003 1.097850e+003 1.196747e+003 2.507103e+002 4.559162e+002 8.311458e+001 5.156379e+002 4.531016e+002 4.446680e+002 1.195103e+002 2.219921e-001 6.654221e-002 4.641430e+000 2.397756e-001 2.182576e-001 2.224677e-001 6.217167e+000 5.610792e+000
<GCONST> 1.099926e+002
<TRANSP> 5
 0.000000e+000 1.000000e+000 0.000000e+000 0.000000e+000 0.000000e+000
 0.000000e+000 8.123055e-001 1.876946e-001 0.000000e+000 0.000000e+000
 0.000000e+000 0.000000e+000 9.522967e-001 4.770327e-002 0.000000e+000
 0.000000e+000 0.000000e+000 0.000000e+000 9.301883e-001 6.981173e-002
 0.000000e+000 0.000000e+000 0.000000e+000 0.000000e+000 0.000000e+000
<ENDHMM>
~h "CN"
<BEGINHMM>
<NUMSTATES> 5
<STATE> 2
<NUMMIXES> 2
<MIXTURE> 1 4.230398e-001
<MEAN> 22
 8.686870e+000 8.168036e+000 2.876834e+000 2.754678e+000 2.114857e+001 2.356587e+001 9.293542e+001 8.884270e+001 6.387939e+001 5.943003e+001 1.921629e+002 1.886951e+002 1.189712e+002 1.170822e+002 6.999046e+000 5.000000e+000 6.132303e+000 5.934778e+000 5.999271e+000 6.014493e+000 2.757447e+000 1.964150e+000
<VARIANCE> 22
 5.296773e+002 4.147217e+002 3.714159e+002 2.731219e+002 3.533202e+002 5.072013e+002 5.965514e+002 3.974438e+002 9.217470e+001 6.776498e+001 8.147073e+002 6.515936e+002 2.510016e+002 1.906964e+002 6.504287e-002 1.793315e-002 1.147987e-001 6.096814e-002 2.082488e-002 5.618803e-002 3.251085e+000 3.997129e+000
<GCONST> 1.055292e+002
<MIXTURE> 2 5.769593e-001
<MEAN> 22
 2.103785e+001 2.068260e+001 2.504224e+000 2.769506e+000 9.004333e+001 8.588401e+001 4.259431e+001 4.476766e+001 6.524998e+001 6.163730e+001 1.006890e+002 1.000152e+002 1.052732e+002 1.043661e+002 3.038686e+000 3.352923e+000 6.032069e+000 5.864270e+000 4.318216e+000 3.131831e+000 2.627750e+000 1.995712e+000
<VARIANCE> 22
 3.192032e+002 2.992361e+002 8.831930e+000 1.046031e+001 2.017014e+003 1.973782e+003 4.416742e+002 6.076736e+002 1.134913e+002 1.004421e+002 1.425304e+003 1.626554e+003 1.458147e+002 1.306105e+002 6.231922e+000 2.022769e+000 1.687463e-001 4.191471e-001 7.525215e-001 9.918736e+000 2.142941e+000 2.949169e+000
<GCONST> 1.217149e+002
<STATE> 3
<NUMMIXES> 2
<MIXTURE> 1 4.194281e-001
<MEAN> 22
 9.892033e+000 9.209487e+000 1.302078e+000 1.215444e+000 1.723758e+002 1.644836e+002 8.726343e+001 8.342493e+001 6.980315e+001 6.839570e+001 4.164846e+001 4.467130e+001 1.081488e+002 1.100561e+002 2.084315e+000 1.827306e+000 5.468419e+000 5.866880e+000 3.135761e+000 8.171477e-001 2.956731e+000 2.910520e+000
<VARIANCE> 22
 1.878554e+002 2.032134e+002 3.540897e+000 3.123800e+000 1.157771e+003 1.101602e+003 4.469463e+002 5.598280e+002 1.884648e+002 1.877491e+002 4.942706e+002 5.988787e+002 2.931275e+002 1.968318e+002 1.573715e-001 2.159145e-001 1.743224e+000 1.222167e+000 1.668000e-001 2.520556e-001 5.940562e+000 6.027712e+000
<GCONST> 1.116941e+002
<MIXTURE> 2 5.805717e-001
<MEAN> 22
 5.941356e+000 7.054499e+000 1.149605e+000 9.258240e-001 1.303853e+002 1.255594e+002 6.307865e+001 6.132916e+001 6.458069e+001 6.148804e+001 4.303159e+001 4.562584e+001 9.993829e+001 1.007780e+002 2.005749e+000 1.983054e+000 5.997169e+000 5.992844e+000 3.200300e+000 7.687103e-001 3.337015e+000 3.249974e+000
<VARIANCE> 22
 5.072646e+001 8.369784e+001 3.300596e+000 2.164982e+000 1.281573e+003 9.803445e+002 2.901210e+002 3.460744e+002 4.784113e+001 5.295444e+001 2.171879e+002 3.008896e+002 4.715298e+001 4.641838e+001 6.504287e-002 3.128589e-002 2.326111e-002 8.690490e-002 1.608861e-001 1.780700e-001 6.044510e+000 5.997612e+000
<GCONST> 9.056675e+001
<STATE> 4
<NUMMIXES> 2
<MIXTURE> 1 4.156142e-001
<MEAN> 22
 1.066229e+001 9.759609e+000 3.159334e+000 2.747124e+000 3.986632e+001 3.179115e+001 9.939000e+001 9.586754e+001 6.529783e+001 6.087107e+001 1.956419e+002 1.932916e+002 1.165678e+002 1.156490e+002 6.982109e+000 4.999702e+000 6.287062e+000 5.770013e+000 6.010903e+000 5.966845e+000 3.803017e+000 3.714891e+000
<VARIANCE> 22
 1.200096e+002 9.876588e+001 8.780981e+000 7.209475e+000 7.031962e+003 4.374967e+003 4.830065e+002 3.896967e+002 9.620271e+001 6.794629e+001 5.391851e+002 4.898925e+002 1.541174e+002 1.203640e+002 6.504287e-002 1.793315e-002 2.046567e-001 1.770942e-001 4.374186e-002 5.618803e-002 7.923558e+000 4.586153e+000
<GCONST> 1.019596e+002
<MIXTURE> 2 5.843851e-001
<MEAN> 22
 1.658514e+001 1.638500e+001 2.157903e+000 2.416806e+000 9.163400e+001 9.084712e+001 5.052283e+001 4.891876e+001 6.697340e+001 6.507388e+001 1.141506e+002 1.085245e+002 1.060645e+002 1.067039e+002 3.509255e+000 3.298868e+000 6.066408e+000 5.916374e+000 4.424249e+000 3.051573e+000 4.243986e+000 4.122556e+000
<VARIANCE> 22
 4.029122e+002 3.511784e+002 1.072222e+001 1.608373e+001 3.357630e+003 2.953272e+003 1.128836e+003 1.182930e+003 1.935003e+002 1.563767e+002 1.657394e+003 1.699477e+003 2.534679e+002 1.729014e+002 5.830774e+000 3.707345e+000 3.186081e-001 3.180916e-001 1.421342e+000 9.580297e+000 6.833062e+000 5.200360e+000
<GCONST> 1.304804e+002
<TRANSP> 5
 0.000000e+000 1.000000e+000 0.000000e+000 0.000000e+000 0.000000e+000
 0.000000e+000 8.384787e-001 1.615213e-001 0.000000e+000 0.000000e+000
 0.000000e+000 0.000000e+000 9.638594e-001 3.614055e-002 0.000000e+000
 0.000000e+000 0.000000e+000 0.000000e+000 9.186230e-001 8.137699e-002
 0.000000e+000 0.000000e+000 0.000000e+000 0.000000e+000 0.000000e+000
<ENDHMM>
~h "CP"
<BEGINHMM>
<NUMSTATES> 5
<STATE> 2
<NUMMIXES> 2
<MIXTURE> 1 8.337818e-001
<MEAN> 22
 1.370714e+001 1.133953e+001 3.874006e+000 3.228235e+000 5.393050e+001 5.246631e+001 1.078257e+002 1.079827e+002 7.614984e+001 7.085915e+001 1.882635e+002 1.914480e+002 1.264397e+002 1.222626e+002 4.200198e+000 4.637697e+000 6.692548e+000 5.455109e+000 5.526904e+000 5.543506e+000 3.284960e+000 3.176173e+000
<VARIANCE> 22
 5.707612e+002 3.752545e+002 3.661843e+002 2.101159e+002 1.529190e+003 1.418813e+003 1.159686e+003 1.173821e+003 1.700399e+002 1.701681e+002 2.024053e+003 1.143847e+003 3.790909e+002 2.174242e+002 1.130515e+001 3.080426e-001 2.159961e-001 2.480167e-001 3.449225e+000 7.685409e-001 5.396294e+000 5.471700e+000
<GCONST> 1.316013e+002
<MIXTURE> 2 1.662176e-001
<MEAN> 22
 7.069223e+000 4.032955e+000 9.894479e-001 9.751954e-001 3.316736e+002 2.414724e+002 5.860160e+001 4.821494e+001 3.320520e+001 3.061481e+001 4.566171e+001 6.130220e+001 4.831260e+001 5.012622e+001 8.176401e-001 1.557573e+000 1.025946e+000 2.411364e+000 1.041564e+000 1.559715e+000 1.369314e+000 1.477212e+000
<VARIANCE> 22
 4.267531e+002 7.479256e+001 4.392591e+000 4.534474e+000 2.956486e+004 2.032201e+004 5.065657e+003 3.879033e+003 1.517338e+003 1.242664e+003 4.109914e+003 5.857596e+003 3.021419e+003 3.083198e+003 1.940950e+000 3.658603e+000 4.605580e+000 7.281485e+000 2.344286e+000 5.109768e+000 5.019633e+000 5.378504e+000
<GCONST> 1.495486e+002
<STATE> 3
<NUMMIXES> 2
<MIXTURE> 1 4.646376e-001
<MEAN> 22
 1.124748e+001 1.141618e+001 2.678309e+000 2.980044e+000 5.515196e+001 4.618689e+001 8.020113e+001 8.583901e+001 7.186057e+001 6.735733e+001 1.664739e+002 1.702178e+002 1.146096e+002 1.146135e+002 4.750412e+000 4.582755e+000 6.508687e+000 5.332629e+000 5.946412e+000 5.766338e+000 3.699205e+000 3.551440e+000
<VARIANCE> 22
 1.020015e+002 1.058290e+002 9.371272e+000 1.089923e+001 1.289780e+003 7.431622e+002 4.415024e+002 5.135217e+002 1.524051e+002 1.478862e+002 6.121210e+002 6.368847e+002 1.301300e+002 1.306531e+002 1.058206e+001 2.804101e-001 3.140717e-001 2.483510e-001 2.939474e-001 4.251096e-001 5.199469e+000 4.984404e+000
<GCONST> 1.128004e+002
<MIXTURE> 2 5.353627e-001
<MEAN> 22
 9.999596e+000 1.056471e+001 2.758752e+000 2.639336e+000 6.489005e+001 5.768557e+001 5.630128e+001 5.972636e+001 6.950893e+001 6.612935e+001 1.145599e+002 1.162320e+002 1.012251e+002 1.009967e+002 3.334517e-001 3.773107e+000 6.771405e+000 5.230194e+000 5.246713e+000 4.846051e+000 3.332927e+000 3.107455e+000
<VARIANCE> 22
 1.039159e+002 1.005281e+002 1.319121e+001 1.151985e+001 5.405264e+002 7.549874e+002 2.511606e+002 3.549329e+002 1.027763e+002 1.598824e+002 3.104779e+002 3.622799e+002 7.710300e+001 8.310051e+001 8.136207e-001 5.017466e-001 1.793904e-001 1.772055e-001 1.953433e+000 5.359951e+000 5.187886e+000 5.114108e+000
<GCONST> 1.104132e+002
<STATE> 4
<NUMMIXES> 2
<MIXTURE> 1 5.499092e-001
<MEAN> 22
 7.774680e+000 7.309784e+000 2.215642e+000 2.310927e+000 3.191233e+001 3.007451e+001 9.431087e+001 9.489833e+001 6.668095e+001 6.275069e+001 1.900973e+002 1.909380e+002 1.181536e+002 1.180424e+002 6.995471e+000 4.999176e+000 6.258957e+000 5.649274e+000 5.998290e+000 5.972657e+000 3.860805e+000 3.644636e+000
<VARIANCE> 22
 5.834443e+001 5.580070e+001 5.487145e+000 6.084649e+000 8.818797e+002 6.148848e+002 3.394676e+002 2.443229e+002 9.133888e+001 8.131815e+001 4.270828e+002 3.771015e+002 1.240094e+002 9.222584e+001 6.504287e-002 1.793315e-002 1.918962e-001 2.277143e-001 2.082488e-002 5.618803e-002 5.745463e+000 5.804767e+000
<GCONST> 9.367817e+001
<MIXTURE> 2 4.500901e-001
<MEAN> 22
 6.244689e+000 6.447601e+000 1.147410e+000 1.176223e+000 3.891445e+001 3.699078e+001 6.563031e+001 6.571232e+001 5.878338e+001 5.680771e+001 1.467372e+002 1.476293e+002 1.010735e+002 1.004377e+002 4.983784e+000 4.683972e+000 6.417654e+000 5.509724e+000 5.953465e+000 5.976583e+000 3.487056e+000 3.323977e+000
<VARIANCE> 22
 3.717834e+001 3.595100e+001 3.300596e+000 2.164982e+000 4.489971e+002 3.380028e+002 2.215350e+002 2.554100e+002 5.562515e+001 7.855783e+001 2.484639e+002 2.796588e+002 4.746120e+001 5.331161e+001 9.891765e+000 2.842587e-001 2.916910e-001 2.698201e-001 2.190422e-001 2.930847e-001 5.290564e+000 5.416089e+000
<GCONST> 9.893990e+001
<TRANSP> 5
 0.000000e+000 1.000000e+000 0.000000e+000 0.000000e+000 0.000000e+000
 0.000000e+000 7.606497e-001 2.393503e-001 0.000000e+000 0.000000e+000
 0.000000e+000 0.000000e+000 9.236466e-001 7.635339e-002 0.000000e+000
 0.000000e+000 0.000000e+000 0.000000e+000 9.441138e-001 5.588621e-002
 0.000000e+000 0.000000e+000 0.000000e+000 0.000000e+000 0.000000e+000
<ENDHMM>
~h "CV"
<BEGINHMM>
<NUMSTATES> 5
<STATE> 2
<NUMMIXES> 2
<MIXTURE> 1 4.102490e-001
<MEAN> 22
 8.921494e+000 9.623841e+000 3.135349e+000 2.972684e+000 2.045568e+001 2.143742e+001 9.075800e+001 8.612081e+001 6.259423e+001 5.822383e+001 1.874364e+002 1.836797e+002 1.158629e+002 1.153566e+002 6.987827e+000 4.993914e+000 6.151843e+000 5.907775e+000 5.993908e+000 6.011481e+000 2.735391e+000 2.268422e+000
<VARIANCE> 22
 5.351030e+002 4.707949e+002 5.177984e+002 3.216140e+002 3.758809e+002 3.682680e+002 5.266287e+002 4.465971e+002 7.955729e+001 5.786378e+001 7.299473e+002 7.019233e+002 1.831540e+002 1.482039e+002 6.504287e-002 2.025155e-002 1.287868e-001 8.574789e-002 2.082488e-002 8.843639e-002 3.259510e+000 4.049870e+000
<GCONST> 1.060346e+002
<MIXTURE> 2 5.897511e-001
<MEAN> 22
 1.964643e+001 1.930174e+001 3.392416e+000 3.207980e+000 1.026183e+002 9.588334e+001 6.501591e+001 6.583170e+001 6.868301e+001 6.022132e+001 1.011059e+002 1.115846e+002 1.087162e+002 1.074862e+002 2.352627e+000 3.529153e+000 6.001245e+000 5.397080e+000 4.115626e+000 3.516670e+000 2.685885e+000 2.591494e+000
<VARIANCE> 22
 4.566911e+002 4.143233e+002 1.530938e+001 1.345361e+001 8.623764e+003 5.941811e+003 9.456143e+002 9.730636e+002 2.288026e+002 1.267521e+002 2.820635e+003 2.544097e+003 3.638820e+002 3.232434e+002 6.519821e+000 1.407526e+000 2.794650e+000 7.268326e-001 2.040148e+000 7.077299e+000 3.837273e+000 3.807978e+000
<GCONST> 1.354097e+002
<STATE> 3
<NUMMIXES> 2
<MIXTURE> 1 3.838830e-001
<MEAN> 22
 8.920147e+000 8.928859e+000 2.733737e+000 3.003357e+000 1.680731e+002 1.632863e+002 1.004147e+002 9.924255e+001 7.259957e+001 6.944619e+001 4.814525e+001 5.293505e+001 1.136517e+002 1.136950e+002 1.659316e+000 2.427609e+000 4.512358e+000 4.754632e+000 2.629537e+000 1.507865e+000 3.412655e+000 3.298987e+000
<VARIANCE> 22
 1.457315e+002 1.408570e+002 1.592453e+001 2.101115e+001 1.845343e+003 1.452285e+003 5.135732e+002 6.492465e+002 1.345851e+002 9.953497e+001 5.228087e+002 4.945062e+002 2.924346e+002 1.909050e+002 3.585947e-001 3.042048e-001 1.029778e+001 6.976364e-001 3.596233e-001 4.525417e-001 5.540617e+000 5.692315e+000
<GCONST> 1.179816e+002
<MIXTURE> 2 6.161180e-001
<MEAN> 22
 6.078907e+000 6.457123e+000 1.245744e+000 1.317471e+000 1.206001e+002 1.212089e+002 6.915723e+001 6.938988e+001 6.070535e+001 5.750744e+001 5.257374e+001 5.292778e+001 9.877303e+001 9.944606e+001 1.356358e+000 2.554064e+000 6.858305e+000 5.196547e+000 2.884511e+000 1.202361e+000 3.498822e+000 3.364392e+000
<VARIANCE> 22
 6.103036e+001 5.907953e+001 3.300596e+000 2.572369e+000 1.221856e+003 8.604268e+002 2.359899e+002 2.775198e+002 3.251606e+001 4.380545e+001 2.001558e+002 2.198504e+002 6.138030e+001 6.358869e+001 2.523579e-001 3.042857e-001 1.432872e-001 2.802583e-001 2.393546e-001 2.908964e-001 5.620763e+000 5.979327e+000
<GCONST> 9.700932e+001
<STATE> 4
<NUMMIXES> 2
<MIXTURE> 1 4.900432e-001
<MEAN> 22
 1.062538e+001 9.559057e+000 3.051974e+000 2.603626e+000 2.316039e+001 2.305408e+001 9.485502e+001 9.254640e+001 6.406109e+001 5.840747e+001 1.912247e+002 1.904924e+002 1.155354e+002 1.146951e+002 6.993741e+000 5.000473e+000 6.224100e+000 5.831914e+000 6.021936e+000 5.988990e+000 4.225969e+000 4.049856e+000
<VARIANCE> 22
 1.072396e+002 9.857074e+001 9.427985e+000 7.292388e+000 4.978410e+002 4.521931e+002 4.503947e+002 3.426693e+002 8.945888e+001 6.618668e+001 6.565720e+002 5.771818e+002 1.768557e+002 1.413082e+002 6.504287e-002 1.793315e-002 1.738788e-001 1.398350e-001 2.282675e-002 5.618803e-002 6.772713e+000 5.027888e+000
<GCONST> 9.625718e+001
<MIXTURE> 2 5.099559e-001
<MEAN> 22
 1.578990e+001 1.583328e+001 2.642092e+000 2.995487e+000 7.636021e+001 6.748044e+001 4.459297e+001 4.997265e+001 6.517348e+001 5.992109e+001 1.069436e+002 1.147262e+002 1.040219e+002 1.041867e+002 2.558366e+000 3.569221e+000 6.136194e+000 5.769773e+000 4.483212e+000 3.533774e+000 4.317369e+000 4.251187e+000
<VARIANCE> 22
 2.784214e+002 2.594521e+002 1.557262e+001 1.618538e+001 1.355258e+003 1.393175e+003 5.438335e+002 6.972023e+002 1.074043e+002 8.956592e+001 1.308392e+003 1.641184e+003 1.533391e+002 1.158310e+002 6.621295e+000 1.987002e+000 2.182322e-001 2.444397e-001 9.229329e-001 9.513232e+000 5.853677e+000 5.574029e+000
<GCONST> 1.232871e+002
<TRANSP> 5
 0.000000e+000 1.000000e+000 0.000000e+000 0.000000e+000 0.000000e+000
 0.000000e+000 8.439467e-001 1.560533e-001 0.000000e+000 0.000000e+000
 0.000000e+000 0.000000e+000 9.476513e-001 5.234869e-002 0.000000e+000
 0.000000e+000 0.000000e+000 0.000000e+000 9.178439e-001 8.215608e-002
 0.000000e+000 0.000000e+000 0.000000e+000 0.000000e+000 0.000000e+000
<ENDHMM>
~h "DC"
<BEGINHMM>
<NUMSTATES> 5
<STATE> 2
<NUMMIXES> 2
<MIXTURE> 1 4.253804e-001
<MEAN> 22
 9.769032e+000 9.276050e+000 3.798084e+000 3.332394e+000 4.236456e+001 4.002694e+001 8.996748e+001 8.656100e+001 6.348527e+001 5.940472e+001 1.879539e+002 1.851672e+002 1.177489e+002 1.168106e+002 6.975584e+000 4.993295e+000 6.178885e+000 5.862925e+000 5.962220e+000 6.008616e+000 2.484345e+000 2.113198e+000
<VARIANCE> 22
 8.954651e+002 6.476430e+002 8.327003e+002 5.129288e+002 1.053787e+004 6.606699e+003 6.842683e+002 4.728423e+002 9.908561e+001 6.136026e+001 8.739504e+002 7.515364e+002 2.312119e+002 1.799646e+002 1.307741e-001 1.793315e-002 1.468842e-001 1.182859e-001 8.373307e-002 1.102479e-001 3.090742e+000 3.477898e+000
<GCONST> 1.177400e+002
<MIXTURE> 2 5.746201e-001
<MEAN> 22
 1.402591e+001 1.343526e+001 2.737457e+000 2.846491e+000 1.082929e+002 9.967865e+001 4.545996e+001 4.610738e+001 6.520075e+001 6.144076e+001 1.108734e+002 1.140565e+002 1.050454e+002 1.029808e+002 2.045233e+000 3.484432e+000 6.060565e+000 5.560599e+000 4.502072e+000 4.322389e+000 2.525479e+000 2.004495e+000
<VARIANCE> 22
 1.630586e+002 1.399295e+002 1.286092e+001 1.343716e+001 1.085018e+004 7.417659e+003 6.790806e+002 7.336605e+002 2.871666e+002 2.215961e+002 1.272338e+003 1.378716e+003 6.527404e+002 5.373573e+002 7.012424e+000 2.187258e+000 1.487724e+000 1.248035e+000 2.027406e+000 9.219805e+000 2.874284e+000 3.221081e+000
<GCONST> 1.336522e+002
<STATE> 3
<NUMMIXES> 2
<MIXTURE> 1 4.652254e-001
<MEAN> 22
 1.409011e+001 1.575546e+001 2.964260e+000 3.343834e+000 1.374023e+002 1.353205e+002 6.824606e+001 6.939780e+001 6.907246e+001 6.605045e+001 5.955445e+001 6.011732e+001 9.888218e+001 9.952791e+001 1.933965e+000 2.244969e+000 5.869801e+000 5.692674e+000 3.406176e+000 9.034218e-001 2.735732e+000 2.683945e+000
<VARIANCE> 22
 2.757099e+002 3.559338e+002 2.789551e+001 3.214887e+001 2.431573e+003 1.726323e+003 5.886291e+002 6.257076e+002 1.043059e+002 1.527433e+002 5.355832e+002 5.927595e+002 2.033190e+002 2.119330e+002 5.059078e-001 4.986324e-001 8.356369e-001 7.241099e-001 3.393227e-001 1.163342e+000 5.421381e+000 5.438495e+000
<GCONST> 1.203829e+002
<MIXTURE> 2 5.347742e-001
<MEAN> 22
 8.877167e+000 8.977005e+000 1.085117e+000 1.167474e+000 1.105698e+002 1.073649e+002 3.114004e+001 3.388174e+001 6.274161e+001 6.035829e+001 7.997742e+001 8.085846e+001 9.927844e+001 9.990887e+001 1.954682e+000 1.992599e+000 6.000124e+000 6.012985e+000 3.997654e+000 2.815427e-002 2.769947e+000 2.469743e+000
<VARIANCE> 22
 1.369215e+002 1.241576e+002 3.300596e+000 2.292802e+000 4.775891e+002 5.198141e+002 1.203963e+002 1.370241e+002 7.128246e+001 9.059730e+001 1.853349e+002 1.850197e+002 9.644208e+001 9.549220e+001 6.656772e-001 9.057044e-001 2.326111e-002 1.073817e-001 5.506261e-002 5.618803e-002 5.497625e+000 5.885081e+000
<GCONST> 9.387506e+001
<STATE> 4
<NUMMIXES> 2
<MIXTURE> 1 5.631253e-001
<MEAN> 22
 9.935535e+000 9.160332e+000 3.174648e+000 2.824004e+000 2.249133e+001 2.216637e+001 9.610542e+001 9.365672e+001 6.418640e+001 5.973636e+001 1.910616e+002 1.903631e+002 1.146455e+002 1.146441e+002 6.996797e+000 5.001394e+000 6.305810e+000 5.721940e+000 6.012560e+000 5.996975e+000 4.096535e+000 3.909311e+000
<VARIANCE> 22
 8.382677e+001 8.000266e+001 8.422256e+000 7.114604e+000 3.604083e+002 3.718657e+002 3.858630e+002 3.419441e+002 9.086184e+001 7.873160e+001 5.132446e+002 4.711323e+002 1.529200e+002 1.262990e+002 6.504287e-002 1.793315e-002 2.122950e-001 2.007418e-001 2.082488e-002 5.618803e-002 7.142808e+000 4.412568e+000
<GCONST> 9.486346e+001
<MIXTURE> 2 4.368749e-001
<MEAN> 22
 1.871663e+001 1.865014e+001 2.920762e+000 2.707424e+000 7.425976e+001 6.511379e+001 4.050201e+001 4.425288e+001 6.632225e+001 6.165975e+001 1.237284e+002 1.287716e+002 1.038764e+002 1.039556e+002 3.662064e+000 4.348044e+000 6.112906e+000 5.807372e+000 4.912790e+000 5.781318e+000 4.325523e+000 4.243671e+000
<VARIANCE> 22
 3.710186e+002 3.656189e+002 2.178110e+001 1.762397e+001 1.436293e+003 1.152374e+003 5.071520e+002 4.838274e+002 1.222879e+002 1.259579e+002 7.838718e+002 8.365369e+002 1.525000e+002 1.237627e+002 8.915915e+000 1.781445e+000 1.675145e-001 2.110302e-001 6.994122e-001 5.032930e+000 7.246453e+000 4.602284e+000
<GCONST> 1.220011e+002
<TRANSP> 5
 0.000000e+000 1.000000e+000 0.000000e+000 0.000000e+000 0.000000e+000
 0.000000e+000 8.685638e-001 1.314362e-001 0.000000e+000 0.000000e+000
 0.000000e+000 0.000000e+000 9.556966e-001 4.430336e-002 0.000000e+000
 0.000000e+000 0.000000e+000 0.000000e+000 9.063430e-001 9.365698e-002
 0.000000e+000 0.000000e+000 0.000000e+000 0.000000e+000 0.000000e+000
<ENDHMM>
~h "FM"
<BEGINHMM>
<NUMSTATES> 5
<STATE> 2
<NUMMIXES> 2
<MIXTURE> 1 1.337201e-001
<MEAN> 22
 1.306346e+001 1.715809e+001 7.880557e+000 7.630915e+000 4.812779e+001 6.664696e+001 7.030287e+001 7.287879e+001 7.180560e+001 7.514867e+001 1.520147e+002 1.314806e+002 1.079140e+002 1.095654e+002 4.584383e+000 3.975426e+000 6.019754e+000 5.367892e+000 5.218215e+000 5.310532e+000 2.754273e+000 3.121946e+000
<VARIANCE> 22
 2.339312e+003 2.347676e+003 1.874246e+003 1.211706e+003 3.601606e+003 3.704395e+003 1.133828e+003 1.217243e+003 4.673000e+002 3.741337e+002 2.207407e+003 2.266012e+003 7.130406e+002 3.380116e+002 9.282288e+000 1.126562e+000 1.491034e+000 5.478877e-001 1.496391e+000 4.778261e+000 7.192275e+000 5.348921e+000
<GCONST> 1.487836e+002
<MIXTURE> 2 8.662801e-001
<MEAN> 22
 7.111874e+000 1.296310e+000 1.974787e+000 6.250960e-001 6.431421e+001 9.051439e+000 6.306942e+001 1.005027e+002 9.527512e+001 5.726817e+001 1.402667e+002 2.005826e+002 1.143191e+002 1.190649e+002 2.217346e+000 5.000000e+000 6.522780e+000 5.904937e+000 5.276681e+000 5.999236e+000 3.134912e+000 1.823877e+000
<VARIANCE> 22
 6.376453e+001 4.126061e+000 7.423472e+000 2.164982e+000 7.859031e+002 7.310111e+001 7.802501e+002 2.263917e+002 4.954477e+002 7.177339e+001 1.133546e+003 4.012251e+002 1.738010e+002 1.328448e+002 1.012748e+001 1.793315e-002 2.494757e-001 8.602739e-002 3.470298e-001 5.618803e-002 6.403718e+000 5.527224e+000
<GCONST> 9.945896e+001
<STATE> 3
<NUMMIXES> 2
<MIXTURE> 1 4.351337e-001
<MEAN> 22
 2.340973e+000 9.125487e+000 8.735335e-001 3.181501e+000 1.576931e+001 5.252806e+001 1.051047e+002 8.168892e+001 6.431168e+001 9.159340e+001 2.061811e+002 1.622610e+002 1.215719e+002 1.167402e+002 6.991049e+000 4.484659e+000 6.142875e+000 5.271953e+000 5.992519e+000 6.297832e+000 2.215284e+000 3.316565e+000
<VARIANCE> 22
 1.748649e+001 7.914341e+001 3.300596e+000 1.701872e+001 6.686745e+002 1.028981e+003 4.506601e+002 4.994994e+002 8.319240e+001 5.919099e+002 8.079046e+002 9.796851e+002 3.295995e+002 1.628121e+002 6.504287e-002 2.821622e-001 1.565674e-001 2.223582e-001 3.775379e-002 3.219992e-001 6.284767e+000 5.631547e+000
<GCONST> 1.045379e+002
<MIXTURE> 2 5.648659e-001
<MEAN> 22
 8.110195e-001 5.950993e+000 3.611220e-001 1.217358e+000 5.719430e+000 6.181955e+001 8.845326e+001 5.098814e+001 5.317657e+001 8.201325e+001 1.830744e+002 1.204073e+002 1.100968e+002 9.876317e+001 6.964350e+000 4.059399e+000 6.002502e+000 5.407619e+000 5.994703e+000 6.295548e+000 1.363904e+000 3.131092e+000
<VARIANCE> 22
 4.801632e+000 3.738675e+001 3.300596e+000 2.164982e+000 4.956259e+001 2.682220e+002 7.035189e+001 2.870517e+002 3.642861e+001 1.442070e+002 1.497627e+002 3.835872e+002 4.151195e+001 5.043769e+001 2.370806e-001 2.793422e-001 2.326111e-002 2.414765e-001 2.082488e-002 2.359191e+000 4.952486e+000 5.833743e+000
<GCONST> 8.662388e+001
<STATE> 4
<NUMMIXES> 2
<MIXTURE> 1 9.013848e-001
<MEAN> 22
 6.297849e+000 5.581965e+000 1.599278e+000 1.660475e+000 4.337120e+001 3.453330e+001 6.048776e+001 5.629963e+001 7.881407e+001 6.542301e+001 1.361730e+002 1.334574e+002 1.054354e+002 1.033487e+002 2.984736e+000 3.976818e+000 6.434597e+000 5.602828e+000 5.311137e+000 5.266778e+000 2.671062e+000 2.578498e+000
<VARIANCE> 22
 7.606006e+001 6.769607e+001 6.123493e+000 8.782745e+000 7.575313e+002 7.496259e+002 8.067952e+002 8.554551e+002 3.853640e+002 1.860376e+002 1.180924e+003 1.381095e+003 1.160370e+002 1.259429e+002 1.038446e+001 1.536231e+000 2.563295e-001 2.422989e-001 5.054519e-001 5.936614e+000 5.789515e+000 6.271152e+000
<GCONST> 1.194153e+002
<MIXTURE> 2 9.861537e-002
<MEAN> 22
 2.114531e-001 1.916299e+000 5.726877e-002 4.889867e-001 4.969780e+002 3.758194e+002 2.887153e+001 2.326003e+001 1.550590e+001 2.032275e+001 5.165448e+001 4.249529e+001 2.734258e+001 2.745014e+001 1.757709e+000 1.127752e+000 1.612336e+000 1.334803e+000 1.506606e+000 1.475769e+000 2.511007e-001 8.986783e-001
<VARIANCE> 22
 4.801632e+000 2.215598e+001 3.300596e+000 2.164982e+000 3.248374e+003 8.365384e+002 2.487267e+003 1.708863e+003 7.176918e+002 1.294398e+003 7.958795e+003 5.511281e+003 2.230304e+003 2.248539e+003 9.214400e+000 3.855932e+000 7.814516e+000 5.368111e+000 6.769804e+000 6.522505e+000 1.007433e+000 3.844365e+000
<GCONST> 1.363595e+002
<TRANSP> 5
 0.000000e+000 1.000000e+000 0.000000e+000 0.000000e+000 0.000000e+000
 0.000000e+000 8.895975e-001 1.104025e-001 0.000000e+000 0.000000e+000
 0.000000e+000 0.000000e+000 9.555914e-001 4.440857e-002 0.000000e+000
 0.000000e+000 0.000000e+000 0.000000e+000 8.362204e-001 1.637796e-001
 0.000000e+000 0.000000e+000 0.000000e+000 0.000000e+000 0.000000e+000
<ENDHMM>
~h "FN"
<BEGINHMM>
<NUMSTATES> 5
<STATE> 2
<NUMMIXES> 2
<MIXTURE> 1 3.227998e-001
<MEAN> 22
 2.680782e+001 9.470298e+000 1.156488e+001 6.390253e+000 1.668784e+002 1.909756e+001 1.189960e+002 1.025789e+002 8.539234e+001 6.161115e+001 6.888565e+001 1.997944e+002 1.060528e+002 1.213453e+002 2.223392e+000 4.898055e+000 2.717238e+000 5.789328e+000 3.277736e+000 5.837233e+000 3.973779e+000 2.295099e+000
<VARIANCE> 22
 3.497321e+003 2.208834e+003 2.866085e+003 1.686089e+003 4.471703e+003 9.823324e+002 1.389463e+003 3.752159e+002 2.702345e+002 7.389511e+001 3.989438e+003 1.221265e+003 4.028713e+002 1.278399e+002 3.002155e+000 2.101952e-001 8.299417e+000 2.128850e-001 1.838289e+000 7.187614e-001 5.814157e+000 6.461491e+000
<GCONST> 1.403077e+002
<MIXTURE> 2 6.772000e-001
<MEAN> 22
 4.141221e+000 1.001487e+001 1.154020e+000 2.422242e+000 1.227912e+002 1.491116e+002 8.471276e+001 9.047746e+001 6.539828e+001 6.345828e+001 1.460756e+002 9.175297e+001 9.948953e+001 9.848112e+001 4.514614e+000 3.062219e+000 5.343037e+000 4.561605e+000 4.952250e+000 2.897517e+000 2.286687e+000 2.502015e+000
<VARIANCE> 22
 5.968941e+001 2.027669e+002 3.300596e+000 1.151814e+001 3.333264e+004 1.735214e+004 1.729278e+003 1.459605e+003 5.742533e+002 4.785740e+002 5.685923e+003 6.050896e+003 1.588855e+003 9.979133e+002 8.637012e+000 2.551445e+000 4.479978e+000 3.178272e+000 3.027017e+000 6.245713e+000 6.050786e+000 5.401399e+000
<GCONST> 1.447187e+002
<STATE> 3
<NUMMIXES> 2
<MIXTURE> 1 5.315233e-001
<MEAN> 22
 1.986118e+000 1.694164e+001 7.286917e-001 3.687061e+000 9.708836e+000 9.771128e+001 9.898190e+001 8.628473e+001 6.107517e+001 6.923499e+001 1.993921e+002 1.131087e+002 1.182013e+002 1.096253e+002 6.995743e+000 3.652987e+000 6.133674e+000 5.218255e+000 5.999322e+000 3.771458e+000 2.077807e+000 3.773413e+000
<VARIANCE> 22
 1.283813e+001 3.017875e+002 3.300596e+000 2.243402e+001 1.676058e+002 5.369421e+003 2.757993e+002 1.377278e+003 6.443143e+001 2.078310e+002 4.828286e+002 4.165848e+003 1.539854e+002 1.574612e+002 6.504287e-002 1.683289e+000 1.157997e-001 9.883640e-001 2.082488e-002 6.757300e+000 6.203588e+000 5.284065e+000
<GCONST> 1.108197e+002
<MIXTURE> 2 4.684753e-001
<MEAN> 22
 9.692163e-001 8.707232e+000 4.763418e-001 2.391264e+000 8.645431e+000 1.634467e+002 8.518600e+001 1.037456e+002 5.536801e+001 6.445793e+001 1.791075e+002 2.836617e+001 1.074260e+002 9.121687e+001 6.908793e+000 2.096782e+000 6.002549e+000 4.293163e+000 5.948594e+000 1.283104e+000 1.293499e+000 3.149907e+000
<VARIANCE> 22
 5.605636e+000 9.853807e+001 3.300596e+000 9.095887e+000 5.421085e+002 1.241352e+003 1.146809e+002 5.083511e+002 3.481117e+001 7.868799e+001 4.675478e+002 5.739229e+002 6.639625e+001 1.660666e+002 4.404739e-001 1.591987e-001 3.229028e-002 1.516271e+000 1.394228e-001 4.613830e-001 4.518693e+000 5.530439e+000
<GCONST> 9.906612e+001
<STATE> 4
<NUMMIXES> 2
<MIXTURE> 1 7.188303e-001
<MEAN> 22
 1.083351e+001 2.162081e+000 2.870393e+000 9.116887e-001 1.132205e+002 1.882177e+001 1.030743e+002 9.811292e+001 7.362962e+001 5.718587e+001 9.737740e+001 1.982990e+002 1.056653e+002 1.180013e+002 3.356664e+000 4.998479e+000 4.482936e+000 5.821249e+000 3.992143e+000 5.990288e+000 3.535927e+000 2.089453e+000
<VARIANCE> 22
 1.666395e+002 1.260086e+001 1.326201e+001 2.164982e+000 5.564470e+003 7.462076e+002 1.226962e+003 2.548285e+002 2.022156e+002 7.540013e+001 6.371833e+003 4.552450e+002 4.308054e+002 1.459590e+002 6.495753e+000 1.793315e-002 7.319678e+000 1.467999e-001 2.699025e+000 5.618803e-002 6.139387e+000 5.974643e+000
<GCONST> 1.145319e+002
<MIXTURE> 2 2.811697e-001
<MEAN> 22
 6.882528e+000 7.143121e+000 1.850762e+000 1.728521e+000 4.912385e+001 3.870869e+001 5.585919e+001 3.851645e+001 6.497592e+001 5.671550e+001 8.241238e+001 1.035686e+002 9.912653e+001 1.005714e+002 2.902473e+000 3.136588e+000 5.626592e+000 5.765435e+000 3.911408e+000 3.000598e+000 2.828562e+000 2.643568e+000
<VARIANCE> 22
 1.279159e+002 2.014890e+002 1.076809e+001 7.822124e+000 1.357248e+003 1.186975e+003 1.302858e+003 4.392424e+002 8.524648e+001 4.614233e+001 2.325071e+003 9.760938e+002 1.481340e+002 8.823965e+001 4.304776e+000 2.601127e+000 2.763374e+000 3.382988e-001 9.434583e-001 1.037538e+001 6.446930e+000 6.266801e+000
<GCONST> 1.232926e+002
<TRANSP> 5
 0.000000e+000 1.000000e+000 0.000000e+000 0.000000e+000 0.000000e+000
 0.000000e+000 7.452409e-001 2.547591e-001 0.000000e+000 0.000000e+000
 0.000000e+000 0.000000e+000 9.550689e-001 4.493114e-002 0.000000e+000
 0.000000e+000 0.000000e+000 0.000000e+000 9.181638e-001 8.183622e-002
 0.000000e+000 0.000000e+000 0.000000e+000 0.000000e+000 0.000000e+000
<ENDHMM>
~h "FU"
<BEGINHMM>
<NUMSTATES> 5
<STATE> 2
<NUMMIXES> 2
<MIXTURE> 1 8.068008e-001
<MEAN> 22
 9.884048e+000 1.322882e+000 2.394184e+000 6.959105e-001 1.373618e+002 1.887852e+001 1.027007e+002 9.423180e+001 6.510477e+001 5.468801e+001 5.238280e+001 1.917164e+002 9.902287e+001 1.126706e+002 2.569578e+000 5.000000e+000 3.310594e+000 5.848758e+000 3.256779e+000 5.996567e+000 3.230454e+000 1.948754e+000
<VARIANCE> 22
 2.441818e+002 4.063125e+000 1.094668e+001 2.164982e+000 4.930578e+003 7.330570e+002 9.674924e+002 1.758513e+002 1.991392e+002 5.468734e+001 3.268149e+003 3.232600e+002 2.207990e+002 1.355424e+002 3.312243e+000 1.793315e-002 7.846143e+000 1.283662e-001 1.483215e+000 5.618803e-002 6.261011e+000 5.677185e+000
<GCONST> 1.093856e+002
<MIXTURE> 2 1.931996e-001
<MEAN> 22
 8.406866e+000 9.317877e+000 2.695725e+000 2.340791e+000 5.493361e+001 5.651964e+001 7.881525e+001 5.782270e+001 6.236917e+001 5.717147e+001 8.943076e+001 1.136509e+002 9.878688e+001 1.001881e+002 3.414374e+000 3.623401e+000 5.231715e+000 5.523880e+000 4.091355e+000 4.090078e+000 2.907034e+000 2.840883e+000
<VARIANCE> 22
 1.839885e+002 1.489363e+002 2.666048e+001 1.274368e+001 2.949705e+003 2.940191e+003 1.437084e+003 9.003193e+002 1.299126e+002 9.337554e+001 4.148572e+003 2.243389e+003 2.530441e+002 1.396998e+002 5.805104e+000 2.083364e+000 4.209965e+000 6.037745e-001 1.951892e+000 7.719739e+000 5.905519e+000 5.148169e+000
<GCONST> 1.320043e+002
<STATE> 3
<NUMMIXES> 2
<MIXTURE> 1 4.329841e-001
<MEAN> 22
 2.110948e+000 1.879111e+001 7.004390e-001 3.390908e+000 7.557376e+000 1.392896e+002 1.027001e+002 9.174091e+001 6.233261e+001 6.966491e+001 2.048721e+002 7.173344e+001 1.213822e+002 1.072065e+002 6.998271e+000 2.881624e+000 6.152284e+000 4.853000e+000 5.999248e+000 2.567255e+000 2.023459e+000 3.225143e+000
<VARIANCE> 22
 2.201144e+001 3.694758e+002 3.300596e+000 1.480464e+001 9.650489e+001 5.675091e+003 3.913243e+002 1.683904e+003 8.770228e+001 1.773379e+002 7.812533e+002 3.197006e+003 2.715881e+002 1.819668e+002 6.504287e-002 1.434498e+000 1.290931e-001 1.539376e+000 2.082488e-002 5.703484e+000 6.264089e+000 5.627751e+000
<GCONST> 1.125731e+002
<MIXTURE> 2 5.670161e-001
<MEAN> 22
 9.746470e-001 3.730011e+000 5.238193e-001 1.276105e+000 7.643303e+000 1.626368e+002 8.241758e+001 1.033050e+002 5.243505e+001 5.786456e+001 1.744742e+002 2.027808e+001 1.043062e+002 8.941418e+001 6.933523e+000 2.034244e+000 6.015265e+000 4.151468e+000 5.961694e+000 1.305781e+000 1.379704e+000 2.627940e+000
<VARIANCE> 22
 4.801632e+000 3.141014e+001 3.300596e+000 2.384629e+000 4.417401e+002 7.627390e+002 8.697213e+001 2.245745e+002 3.516576e+001 9.466030e+001 3.098598e+002 3.286429e+002 5.983909e+001 7.041769e+001 3.588231e-001 9.192439e-002 6.482798e-002 2.212463e+000 1.107828e-001 4.199943e-001 4.869773e+000 6.681327e+000
<GCONST> 9.316856e+001
<STATE> 4
<NUMMIXES> 2
<MIXTURE> 1 6.935506e-001
<MEAN> 22
 4.474837e+000 1.141922e+001 1.971878e+000 3.314852e+000 1.507472e+001 2.438937e+001 9.804646e+001 8.988631e+001 6.062706e+001 5.812068e+001 1.961425e+002 1.874035e+002 1.167702e+002 1.134809e+002 6.992728e+000 4.996106e+000 6.117963e+000 5.829480e+000 5.998975e+000 6.009315e+000 2.867748e+000 3.679563e+000
<VARIANCE> 22
 2.254795e+002 3.256864e+002 1.584284e+002 1.052099e+002 1.661763e+002 4.770689e+002 2.530439e+002 3.209018e+002 7.603443e+001 8.518340e+001 4.091013e+002 5.133848e+002 1.389763e+002 1.227195e+002 6.504287e-002 1.793315e-002 1.040485e-001 1.414418e-001 2.082488e-002 5.618803e-002 6.666343e+000 5.475460e+000
<GCONST> 1.005934e+002
<MIXTURE> 2 3.064492e-001
<MEAN> 22
 6.154212e+000 7.539438e+000 1.425434e+000 3.000666e+000 2.255252e+002 1.899841e+002 6.411825e+001 6.395800e+001 5.140462e+001 5.218793e+001 1.165825e+002 9.036314e+001 8.289483e+001 7.402747e+001 3.747855e+000 2.961043e+000 4.460939e+000 3.895280e+000 3.976801e+000 3.362728e+000 2.218808e+000 2.210358e+000
<VARIANCE> 22
 1.517498e+002 2.197581e+002 7.748971e+000 5.849013e+001 4.448119e+004 2.339762e+004 2.283642e+003 2.562346e+003 9.723000e+002 1.132367e+003 7.702556e+003 6.182196e+003 2.572598e+003 2.337371e+003 9.338627e+000 4.715163e+000 7.046411e+000 5.957232e+000 5.843767e+000 8.292117e+000 6.802217e+000 6.371315e+000
<GCONST> 1.556816e+002
<TRANSP> 5
 0.000000e+000 1.000000e+000 0.000000e+000 0.000000e+000 0.000000e+000
 0.000000e+000 9.250640e-001 7.493598e-002 0.000000e+000 0.000000e+000
 0.000000e+000 0.000000e+000 9.465229e-001 5.347715e-002 0.000000e+000
 0.000000e+000 0.000000e+000 0.000000e+000 8.355544e-001 1.644457e-001
 0.000000e+000 0.000000e+000 0.000000e+000 0.000000e+000 0.000000e+000
<ENDHMM>
~h "MC"
<BEGINHMM>
<NUMSTATES> 5
<STATE> 2
<NUMMIXES> 2
<MIXTURE> 1 9.735038e-002
<MEAN> 22
 1.800491e+001 2.834664e+001 1.140586e+001 9.010295e+000 1.510379e+002 1.764647e+002 1.126353e+002 6.500096e+001 7.584007e+001 7.760963e+001 1.919126e+002 1.112742e+002 1.322625e+002 1.185286e+002 5.310518e+000 3.130915e+000 6.235013e+000 5.677339e+000 5.237583e+000 2.753457e+000 2.293836e+000 2.952771e+000
<VARIANCE> 22
 2.858037e+003 3.594636e+003 2.529638e+003 1.481900e+003 4.570379e+004 1.983208e+004 2.118144e+003 1.207954e+003 2.742329e+002 2.014990e+002 8.354667e+003 2.912592e+003 1.409074e+003 5.226069e+002 6.160345e+000 1.451018e+000 1.197830e+000 5.632033e-001 1.411163e+000 8.387619e+000 6.083107e+000 5.408223e+000
<GCONST> 1.562933e+002
<MIXTURE> 2 9.026497e-001
<MEAN> 22
 5.614439e+000 6.986606e+000 1.541457e+000 2.123319e+000 4.825708e+001 5.618385e+001 6.170170e+001 5.077721e+001 7.118520e+001 6.657881e+001 1.159204e+002 1.086443e+002 1.017497e+002 1.013420e+002 3.681957e+000 3.418424e+000 6.192563e+000 5.721605e+000 4.785188e+000 3.812010e+000 2.878901e+000 2.694641e+000
<VARIANCE> 22
 5.378789e+001 7.357490e+001 3.936453e+000 7.909427e+000 1.278491e+003 1.792358e+003 7.580064e+002 7.823561e+002 2.195427e+002 2.457614e+002 2.927733e+003 1.908683e+003 1.689731e+002 1.352830e+002 8.002823e+000 1.715322e+000 2.626239e-001 2.205224e-001 1.405257e+000 9.706956e+000 6.074155e+000 5.527613e+000
<GCONST> 1.224593e+002
<STATE> 3
<NUMMIXES> 2
<MIXTURE> 1 3.196539e-001
<MEAN> 22
 2.460238e+000 1.419079e+001 7.911938e-001 4.365186e+000 1.029081e+001 1.073986e+002 1.071459e+002 7.651354e+001 6.498453e+001 8.946482e+001 2.097109e+002 1.076580e+002 1.244149e+002 1.123741e+002 6.901753e+000 3.446826e+000 6.167058e+000 5.381198e+000 5.973443e+000 2.864792e+000 2.193950e+000 3.470516e+000
<VARIANCE> 22
 1.841736e+001 1.625968e+002 3.300596e+000 2.341770e+001 3.653833e+002 4.176729e+003 3.456762e+002 1.253181e+003 6.353089e+001 6.570705e+002 6.578134e+002 3.131326e+003 1.691866e+002 1.375708e+002 5.531399e-001 1.445555e+000 1.534847e-001 5.299064e-001 6.475552e-002 8.430651e+000 6.103618e+000 5.227867e+000
<GCONST> 1.153600e+002
<MIXTURE> 2 6.803479e-001
<MEAN> 22
 9.959413e-001 7.894496e+000 5.683703e-001 2.249427e+000 5.922351e+000 1.037754e+002 8.659494e+001 5.093573e+001 5.270941e+001 7.655486e+001 1.801296e+002 7.402335e+001 1.075255e+002 9.266329e+001 7.000000e+000 2.830092e+000 6.001047e+000 5.738906e+000 6.000000e+000 2.007129e+000 1.622408e+000 3.136142e+000
<VARIANCE> 22
 4.801632e+000 5.312241e+001 3.300596e+000 5.587960e+000 4.956259e+001 1.098380e+003 7.723385e+001 4.186970e+002 4.275486e+001 2.440190e+002 1.374815e+002 1.110074e+003 4.863046e+001 1.640817e+002 6.504287e-002 9.831331e-001 2.326111e-002 2.358291e-001 2.082488e-002 8.093872e+000 5.478107e+000 5.063331e+000
<GCONST> 9.393834e+001
<STATE> 4
<NUMMIXES> 2
<MIXTURE> 1 9.436769e-001
<MEAN> 22
 8.712797e+000 2.842402e+000 2.720761e+000 1.095980e+000 8.069244e+001 1.466376e+001 6.548555e+001 9.763738e+001 7.578201e+001 5.623517e+001 1.207083e+002 1.962846e+002 1.098551e+002 1.160624e+002 3.289210e+000 5.000000e+000 6.257122e+000 5.803832e+000 4.639229e+000 5.994745e+000 3.250113e+000 2.640113e+000
<VARIANCE> 22
 8.001684e+001 1.657470e+001 1.233215e+001 2.713180e+000 2.731101e+003 2.023764e+002 8.882760e+002 2.573883e+002 4.635037e+002 5.959483e+001 3.415242e+003 4.497362e+002 2.709505e+002 1.273066e+002 7.979802e+000 1.793315e-002 2.161949e-001 1.576810e-001 1.335577e+000 5.618803e-002 5.936902e+000 6.297392e+000
<GCONST> 1.073245e+002
<MIXTURE> 2 5.632324e-002
<MEAN> 22
 5.678737e+000 1.764013e+001 1.166451e+000 4.359949e+000 1.209214e+002 1.208126e+002 5.494451e+001 4.978223e+001 5.807699e+001 5.210521e+001 1.110368e+002 9.978535e+001 9.330428e+001 9.072158e+001 3.446231e+000 3.011778e+000 4.978387e+000 4.685153e+000 4.102049e+000 3.207370e+000 2.213179e+000 2.997950e+000
<VARIANCE> 22
 9.737181e+001 1.159054e+003 4.246525e+000 4.195679e+001 2.824534e+004 1.456640e+004 1.413218e+003 1.346761e+003 8.913672e+002 6.790081e+002 5.112193e+003 4.274096e+003 1.906947e+003 1.843605e+003 8.369102e+000 3.103955e+000 5.706204e+000 5.040392e+000 4.350801e+000 8.728317e+000 5.738101e+000 5.929008e+000
<GCONST> 1.506102e+002
<TRANSP> 5
 0.000000e+000 1.000000e+000 0.000000e+000 0.000000e+000 0.000000e+000
 0.000000e+000 8.730537e-001 1.269463e-001 0.000000e+000 0.000000e+000
 0.000000e+000 0.000000e+000 9.589831e-001 4.101687e-002 0.000000e+000
 0.000000e+000 0.000000e+000 0.000000e+000 9.028464e-001 9.715359e-002
 0.000000e+000 0.000000e+000 0.000000e+000 0.000000e+000 0.000000e+000
<ENDHMM>
~h "NU"
<BEGINHMM>
<NUMSTATES> 5
<STATE> 2
<NUMMIXES> 2
<MIXTURE> 1 8.044170e-001
<MEAN> 22
 8.221045e+000 1.169506e+001 3.009590e+000 2.886917e+000 9.871232e+001 8.831926e+001 9.422007e+001 8.153838e+001 7.148582e+001 6.334914e+001 1.637918e+002 1.468103e+002 1.132674e+002 1.156432e+002 5.027849e+000 4.119492e+000 5.892225e+000 5.603341e+000 5.112962e+000 4.268713e+000 2.672891e+000 2.537838e+000
<VARIANCE> 22
 6.231953e+002 1.126095e+003 4.422299e+002 2.805669e+002 2.119385e+004 1.309245e+004 1.470323e+003 9.949313e+002 2.291887e+002 1.225047e+002 4.343554e+003 3.649772e+003 9.255345e+002 2.548115e+002 7.491416e+000 1.301667e+000 2.504079e+000 3.690395e-001 2.222559e+000 6.142257e+000 6.131072e+000 5.197220e+000
<GCONST> 1.467268e+002
<MIXTURE> 2 1.955830e-001
<MEAN> 22
 -4.440715e-042 -5.605194e-045 -5.605194e-045 1.177091e-042 5.315967e+002 4.080165e+002 1.031724e-036 -6.783024e-036 0.000000e+000 4.516450e-037 5.706111e-036 -1.481481e-037 3.444422e-037 1.627933e-036 1.087065e-037 -8.132986e-038 1.002165e-038 4.909169e-041 -1.777370e-038 -3.217624e-038 -2.956740e-043 -1.580665e-042
<VARIANCE> 22
 4.801632e+000 4.063125e+000 3.300596e+000 2.164982e+000 3.309077e+003 2.711510e+003 9.838196e+000 1.115232e+001 2.936353e+000 3.516743e+000 3.745900e+001 4.440890e+001 4.184655e+000 3.870682e+000 6.504287e-002 1.793315e-002 2.326111e-002 1.170389e-002 2.082488e-002 5.618803e-002 6.153807e-002 6.060927e-002
<GCONST> 5.130989e+001
<STATE> 3
<NUMMIXES> 2
<MIXTURE> 1 5.449601e-001
<MEAN> 22
 1.658257e+000 1.352014e+001 5.773216e-001 3.373580e+000 8.079404e+000 8.619406e+001 9.887917e+001 7.390759e+001 6.069763e+001 6.677333e+001 1.990890e+002 1.167618e+002 1.183758e+002 1.099662e+002 6.998428e+000 3.792419e+000 6.104149e+000 5.394048e+000 5.998377e+000 3.937534e+000 1.761186e+000 3.475737e+000
<VARIANCE> 22
 1.183940e+001 1.765402e+002 3.300596e+000 1.488964e+001 8.904712e+001 3.439175e+003 2.878947e+002 9.328774e+002 6.689026e+001 1.602656e+002 5.603596e+002 2.626969e+003 2.016537e+002 1.727892e+002 6.504287e-002 1.115515e+000 9.329981e-002 4.273296e-001 2.082488e-002 6.593046e+000 5.710968e+000 5.065457e+000
<GCONST> 1.065805e+002
<MIXTURE> 2 4.550398e-001
<MEAN> 22
 8.095670e-001 2.858608e+000 4.044291e-001 1.219080e+000 1.139258e+001 1.113697e+002 8.476583e+001 6.705236e+001 5.516788e+001 6.102876e+001 1.772850e+002 6.692953e+001 1.068576e+002 9.762582e+001 6.894950e+000 2.760499e+000 6.056326e+000 5.173108e+000 5.929383e+000 1.266504e+000 1.228049e+000 2.871907e+000
<VARIANCE> 22
 4.801632e+000 1.155701e+001 3.300596e+000 2.271472e+000 7.466559e+002 9.118278e+002 1.759404e+002 4.431621e+002 4.232003e+001 6.700018e+001 4.159894e+002 6.087294e+002 6.542790e+001 1.015216e+002 5.640030e-001 2.647703e-001 9.166253e-002 3.299900e-001 1.688322e-001 9.564062e-001 4.439765e+000 6.108290e+000
<GCONST> 9.642932e+001
<STATE> 4
<NUMMIXES> 2
<MIXTURE> 1 5.700064e-001
<MEAN> 22
 8.221176e+000 3.927351e+000 2.436749e+000 1.321320e+000 7.396973e+001 1.363922e+001 8.248087e+001 9.757085e+001 6.971724e+001 5.622411e+001 1.365071e+002 1.968149e+002 1.136863e+002 1.169100e+002 3.952751e+000 5.000000e+000 6.509115e+000 5.911088e+000 4.642678e+000 5.996335e+000 3.288189e+000 2.588821e+000
<VARIANCE> 22
 9.978663e+001 3.843727e+001 9.694709e+000 3.658520e+000 3.071991e+003 2.062905e+002 7.088331e+002 2.603263e+002 2.331497e+002 6.316362e+001 3.799914e+003 4.300486e+002 2.332130e+002 1.256117e+002 9.207253e+000 1.793315e-002 2.537891e-001 8.100855e-002 2.690118e+000 5.618803e-002 6.229535e+000 6.414726e+000
<GCONST> 1.080410e+002
<MIXTURE> 2 4.299947e-001
<MEAN> 22
 4.614185e+000 5.204298e+000 1.325341e+000 1.803348e+000 6.263363e+001 6.548921e+001 6.113838e+001 5.663876e+001 6.812261e+001 5.672121e+001 9.005264e+001 9.961604e+001 1.020096e+002 1.001583e+002 1.920641e+000 3.129355e+000 5.904928e+000 5.448131e+000 3.832041e+000 2.759309e+000 2.642621e+000 2.659047e+000
<VARIANCE> 22
 5.302455e+001 6.845944e+001 3.696075e+000 9.366575e+000 2.715319e+003 2.730508e+003 1.262263e+003 1.003391e+003 1.459887e+002 5.530814e+001 2.013879e+003 1.527116e+003 1.164725e+002 1.333802e+002 3.611750e+000 1.415550e+000 3.495244e+000 3.688825e-001 1.763101e+000 7.238364e+000 6.217478e+000 6.192810e+000
<GCONST> 1.237147e+002
<TRANSP> 5
 0.000000e+000 1.000000e+000 0.000000e+000 0.000000e+000 0.000000e+000
 0.000000e+000 7.021987e-001 2.978013e-001 0.000000e+000 0.000000e+000
 0.000000e+000 0.000000e+000 9.493467e-001 5.065333e-002 0.000000e+000
 0.000000e+000 0.000000e+000 0.000000e+000 9.182863e-001 8.171371e-002
 0.000000e+000 0.000000e+000 0.000000e+000 0.000000e+000 0.000000e+000
<ENDHMM>
~h "OK"
<BEGINHMM>
<NUMSTATES> 5
<STATE> 2
<NUMMIXES> 2
<MIXTURE> 1 6.269297e-001
<MEAN> 22
 1.518929e+001 3.100703e+000 4.620968e+000 1.552965e+000 1.238284e+002 1.526815e+001 1.051632e+002 9.892393e+001 8.031056e+001 5.501080e+001 8.891328e+001 2.027854e+002 1.118356e+002 1.196772e+002 2.552285e+000 4.997703e+000 4.467459e+000 5.909823e+000 3.568112e+000 5.994848e+000 3.542722e+000 2.244013e+000
<VARIANCE> 22
 5.633213e+002 2.468449e+002 2.971588e+002 1.702565e+002 4.694569e+003 3.117105e+002 9.107574e+002 1.919082e+002 2.268642e+002 5.491227e+001 4.404584e+003 3.097527e+002 3.229425e+002 1.044310e+002 5.842533e+000 1.793315e-002 9.611580e+000 8.204369e-002 2.504535e+000 5.618803e-002 5.950489e+000 6.020264e+000
<GCONST> 1.224815e+002
<MIXTURE> 2 3.730698e-001
<MEAN> 22
 8.845970e+000 7.094809e+000 2.120523e+000 1.894280e+000 5.565381e+001 6.142661e+001 7.782240e+001 5.473931e+001 7.033723e+001 5.952979e+001 9.027538e+001 1.048055e+002 9.784686e+001 1.019857e+002 2.808874e+000 3.332207e+000 4.631417e+000 5.506600e+000 3.886763e+000 3.695730e+000 3.055688e+000 2.598251e+000
<VARIANCE> 22
 1.820434e+002 1.516179e+002 1.623016e+001 1.417674e+001 2.059158e+003 3.108403e+003 1.849311e+003 1.071943e+003 1.494732e+002 1.172241e+002 2.961499e+003 1.909847e+003 4.022696e+002 1.413689e+002 5.171609e+000 1.716942e+000 7.031936e+000 6.175916e-001 2.196434e+000 8.707238e+000 6.527315e+000 5.935569e+000
<GCONST> 1.327972e+002
<STATE> 3
<NUMMIXES> 2
<MIXTURE> 1 5.288980e-001
<MEAN> 22
 2.270163e+000 1.704720e+001 8.071739e-001 3.734104e+000 1.143097e+001 8.149605e+001 1.007354e+002 9.103342e+001 6.158039e+001 7.134730e+001 2.026473e+002 1.360159e+002 1.205419e+002 1.141357e+002 6.997191e+000 4.058868e+000 6.093048e+000 5.289497e+000 5.998751e+000 4.452668e+000 2.256028e+000 3.660253e+000
<VARIANCE> 22
 1.754048e+001 3.584096e+002 3.300596e+000 1.839510e+001 1.972592e+002 5.302696e+003 2.760025e+002 1.089923e+003 6.815321e+001 2.854611e+002 5.217963e+002 3.662648e+003 1.841058e+002 1.643446e+002 6.504287e-002 1.180794e+000 8.501291e-002 6.010290e-001 2.082488e-002 5.374088e+000 6.404307e+000 5.466623e+000
<GCONST> 1.102420e+002
<MIXTURE> 2 4.711012e-001
<MEAN> 22
 1.014544e+000 7.090323e+000 6.394417e-001 2.232027e+000 8.119490e+000 1.449384e+002 8.487677e+001 9.697119e+001 5.264096e+001 6.842733e+001 1.814512e+002 4.668889e+001 1.088109e+002 9.713636e+001 6.943978e+000 2.456678e+000 6.016604e+000 4.522463e+000 5.980710e+000 1.516661e+000 1.603750e+000 3.164661e+000
<VARIANCE> 22
 4.801632e+000 8.474169e+001 3.300596e+000 7.665086e+000 3.790663e+002 1.141218e+003 9.496648e+001 5.126197e+002 3.856956e+001 8.622895e+001 2.117422e+002 3.278639e+002 5.232722e+001 8.397221e+001 3.265359e-001 2.824897e-001 4.575066e-002 4.417502e-001 5.674922e-002 4.085485e-001 5.464239e+000 5.865413e+000
<GCONST> 9.450685e+001
<STATE> 4
<NUMMIXES> 2
<MIXTURE> 1 8.401724e-001
<MEAN> 22
 7.623534e+000 4.663615e+000 2.160896e+000 1.426134e+000 5.331806e+001 2.834290e+001 8.637445e+001 8.738525e+001 6.203249e+001 5.378951e+001 1.565265e+002 1.841786e+002 1.088421e+002 1.114524e+002 5.347734e+000 4.982658e+000 6.333436e+000 5.890228e+000 5.189057e+000 6.024348e+000 2.911035e+000 2.763259e+000
<VARIANCE> 22
 1.140335e+002 7.074177e+001 8.525718e+000 4.901175e+000 2.811310e+003 1.297987e+003 4.873283e+002 2.238298e+002 9.492447e+001 7.284660e+001 3.256540e+003 3.779167e+002 1.788564e+002 9.360122e+001 7.298606e+000 3.152068e-002 2.244463e-001 9.772184e-002 2.411951e+000 5.618803e-002 6.018299e+000 6.503813e+000
<GCONST> 1.088407e+002
<MIXTURE> 2 1.598273e-001
<MEAN> 22
 2.774831e+000 2.587899e+000 1.156986e+000 8.183146e-001 2.593172e+002 2.018882e+002 6.846843e+001 4.135122e+001 4.185568e+001 3.444242e+001 5.840720e+001 7.544920e+001 6.314360e+001 6.470051e+001 1.735155e+000 2.345800e+000 1.373335e+000 3.326993e+000 1.918163e+000 2.688673e+000 1.449407e+000 1.668629e+000
<VARIANCE> 22
 3.488661e+001 5.482597e+001 6.871131e+000 4.984759e+000 4.741020e+004 3.103771e+004 4.129142e+003 1.683803e+003 1.332115e+003 9.613286e+002 8.781470e+003 5.386954e+003 3.585936e+003 3.199242e+003 5.364320e+000 4.752006e+000 6.897012e+000 8.001135e+000 4.324661e+000 8.483648e+000 4.568161e+000 5.343746e+000
<GCONST> 1.504244e+002
<TRANSP> 5
 0.000000e+000 1.000000e+000 0.000000e+000 0.000000e+000 0.000000e+000
 0.000000e+000 8.916013e-001 1.083987e-001 0.000000e+000 0.000000e+000
 0.000000e+000 0.000000e+000 9.377946e-001 6.220544e-002 0.000000e+000
 0.000000e+000 0.000000e+000 0.000000e+000 8.138772e-001 1.861229e-001
 0.000000e+000 0.000000e+000 0.000000e+000 0.000000e+000 0.000000e+000
<ENDHMM>
~h "PF"
<BEGINHMM>
<NUMSTATES> 5
<STATE> 2
<NUMMIXES> 2
<MIXTURE> 1 3.200902e-001
<MEAN> 22
 1.207012e+001 1.399407e+001 7.822110e+000 7.401731e+000 1.723792e+002 1.409409e+002 9.871033e+001 8.939910e+001 6.297544e+001 6.258514e+001 1.956196e+002 1.830106e+002 1.142341e+002 1.154618e+002 6.942743e+000 4.937630e+000 6.147389e+000 5.801598e+000 5.958132e+000 6.015905e+000 2.611914e+000 2.512249e+000
<VARIANCE> 22
 3.134073e+003 2.481882e+003 2.661643e+003 1.756215e+003 5.235981e+004 3.198993e+004 3.803503e+002 6.947020e+002 5.031423e+001 1.159817e+002 7.034724e+002 1.199731e+003 1.489655e+002 1.545720e+002 2.780289e-001 2.170946e-001 1.256663e-001 2.087483e-001 1.056271e-001 4.986404e-001 6.553410e+000 5.773931e+000
<GCONST> 1.319848e+002
<MIXTURE> 2 6.799089e-001
<MEAN> 22
 7.043352e+000 1.032297e+001 2.042452e+000 2.874427e+000 1.099980e+002 1.625685e+002 8.278710e+001 1.180795e+002 7.229044e+001 7.713416e+001 1.295654e+002 8.074340e+001 9.952540e+001 9.316910e+001 3.310579e+000 2.642704e+000 5.291384e+000 4.112953e+000 4.686719e+000 2.214635e+000 2.440004e+000 2.842465e+000
<VARIANCE> 22
 1.490573e+002 2.567895e+002 2.197546e+001 1.640241e+001 2.033177e+004 9.783977e+003 2.007146e+003 3.216043e+003 5.960184e+002 8.186528e+002 5.270074e+003 3.963103e+003 1.167520e+003 7.236892e+002 9.138592e+000 1.529289e+000 5.300333e+000 2.446077e+000 2.941904e+000 3.832127e+000 6.088032e+000 5.018125e+000
<GCONST> 1.463030e+002
<STATE> 3
<NUMMIXES> 2
<MIXTURE> 1 4.338199e-001
<MEAN> 22
 2.332785e+000 2.256180e+001 9.255412e-001 5.096931e+000 1.063934e+001 7.420638e+001 9.403245e+001 9.246802e+001 5.897865e+001 6.890143e+001 1.935019e+002 1.404157e+002 1.153671e+002 1.090061e+002 6.995295e+000 4.079124e+000 6.035606e+000 5.276585e+000 5.999352e+000 4.499303e+000 2.315683e+000 3.825524e+000
<VARIANCE> 22
 1.383442e+001 4.144380e+002 3.300596e+000 2.883164e+001 1.378355e+002 3.701683e+003 2.056976e+002 9.120529e+002 4.402940e+001 2.529758e+002 3.891468e+002 3.456419e+003 1.231082e+002 1.629239e+002 6.504287e-002 1.142410e+000 3.433625e-002 5.566425e-001 2.082488e-002 4.694060e+000 6.251293e+000 5.392536e+000
<GCONST> 1.068997e+002
<MIXTURE> 2 5.661800e-001
<MEAN> 22
 1.100171e+000 7.603331e+000 5.575171e-001 3.036520e+000 1.063940e+001 1.917211e+002 9.222060e+001 1.387344e+002 5.784119e+001 8.601643e+001 1.869329e+002 5.499548e+001 1.126310e+002 9.022047e+001 6.912305e+000 2.402627e+000 6.062036e+000 3.457325e+000 5.950364e+000 1.712646e+000 1.597934e+000 3.230320e+000
<VARIANCE> 22
 4.801632e+000 7.618009e+001 3.300596e+000 1.306399e+001 7.422289e+002 1.585323e+003 2.746051e+002 6.474190e+002 7.271359e+001 2.513631e+002 7.029138e+002 9.096662e+002 1.276377e+002 1.974990e+002 4.529059e-001 3.218651e-001 3.180793e-001 5.171492e-001 1.437867e-001 5.036592e-001 5.655116e+000 4.359071e+000
<GCONST> 1.063315e+002
<STATE> 4
<NUMMIXES> 2
<MIXTURE> 1 7.613677e-001
<MEAN> 22
 1.186647e+001 1.756014e+000 3.547285e+000 8.046898e-001 1.335980e+002 2.004756e+001 1.305271e+002 9.915651e+001 8.347137e+001 5.660299e+001 1.111176e+002 1.986746e+002 1.042708e+002 1.180333e+002 2.843586e+000 5.000000e+000 3.180532e+000 5.813848e+000 3.417239e+000 5.998987e+000 3.385813e+000 2.317878e+000
<VARIANCE> 22
 2.221229e+002 7.378993e+000 2.288111e+001 2.164982e+000 6.570749e+003 7.389321e+002 1.711796e+003 2.131615e+002 4.314775e+002 6.992007e+001 4.558386e+003 3.994014e+002 4.117572e+002 1.300679e+002 6.646673e+000 1.793315e-002 8.520122e+000 1.515009e-001 3.723541e+000 5.618803e-002 6.869061e+000 6.106457e+000
<GCONST> 1.158588e+002
<MIXTURE> 2 2.386321e-001
<MEAN> 22
 6.935494e+000 7.155270e+000 2.581365e+000 2.352388e+000 5.752274e+001 2.793247e+001 8.455505e+001 4.585582e+001 7.784672e+001 5.800447e+001 9.163176e+001 1.153912e+002 9.838533e+001 1.030100e+002 2.744225e+000 3.439290e+000 4.212994e+000 5.627486e+000 3.704528e+000 3.423100e+000 2.761930e+000 2.759671e+000
<VARIANCE> 22
 1.398663e+002 1.345480e+002 2.268000e+001 1.287969e+001 2.101145e+003 7.532914e+002 3.361123e+003 7.573055e+002 3.723714e+002 6.674300e+001 2.402772e+003 1.075235e+003 2.609352e+002 8.101351e+001 4.689997e+000 2.044425e+000 6.546793e+000 2.953220e-001 1.720047e+000 9.591582e+000 6.583336e+000 6.311411e+000
<GCONST> 1.292718e+002
<TRANSP> 5
 0.000000e+000 1.000000e+000 0.000000e+000 0.000000e+000 0.000000e+000
 0.000000e+000 6.711532e-001 3.288468e-001 0.000000e+000 0.000000e+000
 0.000000e+000 0.000000e+000 9.548938e-001 4.510618e-002 0.000000e+000
 0.000000e+000 0.000000e+000 0.000000e+000 9.162906e-001 8.370940e-002
 0.000000e+000 0.000000e+000 0.000000e+000 0.000000e+000 0.000000e+000
<ENDHMM>
~h "PR"
<BEGINHMM>
<NUMSTATES> 5
<STATE> 2
<NUMMIXES> 2
<MIXTURE> 1 7.601318e-001
<MEAN> 22
 1.008242e+001 1.184826e+001 4.720601e+000 5.065189e+000 3.382763e+001 6.614487e+001 8.556377e+001 9.345957e+001 7.361557e+001 6.595134e+001 1.690745e+002 1.434407e+002 1.106088e+002 1.108857e+002 4.801685e+000 4.088569e+000 6.390761e+000 5.305780e+000 5.668645e+000 4.482876e+000 2.501752e+000 3.039824e+000
<VARIANCE> 22
 1.442059e+003 1.094532e+003 1.101294e+003 7.149615e+002 1.264534e+003 3.487558e+003 1.320288e+003 1.081243e+003 3.176675e+002 2.198727e+002 3.163315e+003 2.330370e+003 8.841588e+002 2.975081e+002 9.512621e+000 1.000158e+000 3.205989e-001 4.986609e-001 9.408627e-001 3.758205e+000 6.187970e+000 5.900618e+000
<GCONST> 1.424799e+002
<MIXTURE> 2 2.398681e-001
<MEAN> 22
 3.371936e+000 2.053727e+000 1.216172e+000 7.506532e-001 3.483734e+002 2.422129e+002 5.562151e+001 4.222176e+001 3.566924e+001 2.936027e+001 5.602839e+001 7.888648e+001 5.046953e+001 5.427090e+001 1.320060e+000 2.097141e+000 1.687364e+000 2.707721e+000 1.510711e+000 2.295260e+000 1.216289e+000 1.172253e+000
<VARIANCE> 22
 5.490431e+001 2.543207e+001 7.058958e+000 3.819516e+000 2.913372e+004 2.787147e+004 3.664425e+003 2.336746e+003 1.413817e+003 9.711753e+002 5.317431e+003 7.901281e+003 2.776052e+003 3.157363e+003 5.427626e+000 5.240334e+000 7.813808e+000 7.868450e+000 4.320382e+000 8.259350e+000 3.806027e+000 4.153681e+000
<GCONST> 1.489215e+002
<STATE> 3
<NUMMIXES> 2
<MIXTURE> 1 6.510783e-001
<MEAN> 22
 1.441069e+000 1.242674e+001 6.392811e-001 3.889804e+000 8.683003e+000 8.625713e+001 9.821143e+001 8.612983e+001 6.057780e+001 6.759776e+001 1.965578e+002 1.225988e+002 1.165927e+002 1.074916e+002 6.999367e+000 3.800179e+000 6.095663e+000 5.142132e+000 5.999771e+000 4.032310e+000 1.949766e+000 3.754568e+000
<VARIANCE> 22
 7.001040e+000 1.768436e+002 3.300596e+000 2.296923e+001 9.603300e+001 2.716545e+003 2.665871e+002 8.472086e+002 6.316374e+001 1.770354e+002 5.040840e+002 1.902093e+003 1.716279e+002 2.261345e+002 6.504287e-002 7.797059e-001 8.651261e-002 3.971468e-001 2.082488e-002 4.215445e+000 6.161249e+000 5.909324e+000
<GCONST> 1.051538e+002
<MIXTURE> 2 3.489217e-001
<MEAN> 22
 8.789407e-001 4.417297e+000 3.901736e-001 1.900944e+000 1.226436e+001 1.141693e+002 8.209476e+001 8.577157e+001 5.451693e+001 5.846868e+001 1.719535e+002 7.335755e+001 1.052743e+002 9.358201e+001 6.804440e+000 2.963159e+000 6.067577e+000 4.889160e+000 5.907679e+000 2.195718e+000 1.214275e+000 3.291531e+000
<VARIANCE> 22
 4.801632e+000 2.792414e+001 3.300596e+000 5.697750e+000 8.157208e+002 1.169742e+003 1.034395e+002 4.152426e+002 4.908749e+001 7.986036e+001 3.838163e+002 9.524561e+002 5.562486e+001 1.145180e+002 1.119813e+000 3.116138e-001 9.482034e-002 2.720667e-001 3.147471e-001 1.340243e+000 4.375638e+000 7.041981e+000
<GCONST> 1.003993e+002
<STATE> 4
<NUMMIXES> 2
<MIXTURE> 1 7.202390e-001
<MEAN> 22
 8.743401e+000 2.494592e+000 2.562414e+000 1.107093e+000 7.061681e+001 1.581811e+001 8.407616e+001 9.591043e+001 6.942813e+001 5.554024e+001 1.270888e+002 1.948418e+002 1.094492e+002 1.155049e+002 3.242871e+000 5.000311e+000 6.603594e+000 5.846577e+000 4.228585e+000 5.997689e+000 3.545752e+000 2.289400e+000
<VARIANCE> 22
 1.142091e+002 1.738324e+001 1.107266e+001 2.994554e+000 2.573486e+003 2.789616e+002 6.108636e+002 1.965876e+002 2.220720e+002 6.280745e+001 3.554960e+003 3.513566e+002 2.317283e+002 1.068026e+002 9.094148e+000 1.793315e-002 2.402813e-001 1.298824e-001 3.796251e+000 5.618803e-002 5.859102e+000 6.067172e+000
<GCONST> 1.071510e+002
<MIXTURE> 2 2.797604e-001
<MEAN> 22
 9.959146e+000 4.238482e+000 2.538364e+000 1.161420e+000 5.601192e+001 3.005228e+001 7.944866e+001 5.203907e+001 7.605267e+001 5.927637e+001 9.029869e+001 1.255804e+002 1.035081e+002 1.006636e+002 1.704428e+000 3.694159e+000 5.177215e+000 5.635217e+000 3.174367e+000 4.514459e+000 2.670711e+000 2.339290e+000
<VARIANCE> 22
 1.850110e+002 6.301902e+001 1.302578e+001 4.899964e+000 2.062093e+003 9.271636e+002 1.834856e+003 1.033747e+003 1.403721e+002 5.412492e+001 1.000533e+003 1.268020e+003 1.171805e+002 9.508295e+001 3.508818e+000 1.175386e+000 7.462488e+000 2.862291e-001 2.156002e+000 7.694583e+000 5.848680e+000 6.170530e+000
<GCONST> 1.237507e+002
<TRANSP> 5
 0.000000e+000 1.000000e+000 0.000000e+000 0.000000e+000 0.000000e+000
 0.000000e+000 6.686212e-001 3.313788e-001 0.000000e+000 0.000000e+000
 0.000000e+000 0.000000e+000 9.501852e-001 4.981476e-002 0.000000e+000
 0.000000e+000 0.000000e+000 0.000000e+000 9.154575e-001 8.454248e-002
 0.000000e+000 0.000000e+000 0.000000e+000 0.000000e+000 0.000000e+000
<ENDHMM>
~h "SP"
<BEGINHMM>
<NUMSTATES> 5
<STATE> 2
<NUMMIXES> 2
<MIXTURE> 1 6.978267e-001
<MEAN> 22
 1.240910e+001 1.684687e+001 7.274242e+000 8.160117e+000 4.683056e+001 1.121623e+002 1.000391e+002 1.129346e+002 7.335789e+001 8.392331e+001 1.728046e+002 1.178276e+002 1.171422e+002 1.100711e+002 5.255296e+000 3.546150e+000 5.911860e+000 4.662448e+000 5.467891e+000 3.519075e+000 2.462830e+000 2.591980e+000
<VARIANCE> 22
 3.160974e+003 2.138191e+003 2.575523e+003 1.551184e+003 3.633903e+003 1.032772e+004 1.663781e+003 2.059756e+003 3.458404e+002 1.165926e+003 4.656312e+003 3.956109e+003 6.738372e+002 3.082029e+002 7.611414e+000 1.705535e+000 2.643165e+000 1.608328e+000 1.351686e+000 5.866562e+000 5.848175e+000 4.561068e+000
<GCONST> 1.550931e+002
<MIXTURE> 2 3.021733e-001
<MEAN> 22
 4.661878e-001 7.341886e-001 3.433894e-001 6.138172e-001 3.029073e+002 2.809300e+002 2.964040e+001 6.198261e+001 4.135756e+001 4.599746e+001 5.391909e+001 2.882860e+001 4.466557e+001 4.208311e+001 7.752077e-002 1.143162e+000 3.118480e+000 1.507041e+000 2.604855e+000 5.502791e-001 8.585325e-001 1.357695e+000
<VARIANCE> 22
 4.801632e+000 4.063125e+000 3.300596e+000 2.164982e+000 6.329804e+004 1.858559e+004 1.248251e+003 4.812858e+003 2.117699e+003 2.637830e+003 3.762765e+003 1.037692e+003 2.387164e+003 2.142845e+003 1.397951e-001 1.678859e+000 1.153113e+001 2.861338e+000 8.228407e+000 4.530092e-001 3.499494e+000 5.221462e+000
<GCONST> 1.342943e+002
<STATE> 3
<NUMMIXES> 2
<MIXTURE> 1 5.074223e-001
<MEAN> 22
 1.550877e+000 1.897811e+001 6.161000e-001 5.243129e+000 9.232262e+000 1.301750e+002 1.012155e+002 1.129223e+002 6.306696e+001 8.108778e+001 2.006018e+002 1.052730e+002 1.194458e+002 1.054210e+002 6.999108e+000 3.370164e+000 6.141318e+000 4.492780e+000 5.998803e+000 3.344788e+000 2.016845e+000 3.643365e+000
<VARIANCE> 22
 7.724294e+000 3.737955e+002 3.300596e+000 3.752560e+001 1.221481e+002 7.905223e+003 3.472032e+002 1.800525e+003 7.873395e+001 5.864325e+002 5.853884e+002 3.339031e+003 1.909885e+002 2.048285e+002 6.504287e-002 1.448225e+000 1.213480e-001 1.249776e+000 2.082488e-002 5.018191e+000 6.178044e+000 5.491187e+000
<GCONST> 1.131641e+002
<MIXTURE> 2 4.925774e-001
<MEAN> 22
 1.124360e+000 4.216286e+000 4.632536e-001 2.251683e+000 1.085505e+001 1.833517e+002 8.731058e+001 1.339229e+002 5.720036e+001 8.691268e+001 1.762154e+002 4.665038e+001 1.062228e+002 8.544727e+001 6.883017e+000 2.115718e+000 6.009192e+000 3.212594e+000 5.942072e+000 1.497430e+000 1.357120e+000 2.516054e+000
<VARIANCE> 22
 7.611909e+000 3.419767e+001 3.300596e+000 1.053726e+001 7.446092e+002 1.363142e+003 1.999450e+002 3.444604e+002 6.794305e+001 3.471158e+002 4.589664e+002 4.978751e+002 6.121231e+001 1.343432e+002 6.239930e-001 1.883296e-001 4.037357e-001 3.128144e-001 2.367444e-001 5.668126e-001 4.828879e+000 5.954274e+000
<GCONST> 1.030769e+002
<STATE> 4
<NUMMIXES> 2
<MIXTURE> 1 7.520491e-001
<MEAN> 22
 1.238710e+001 1.843761e+000 4.045485e+000 7.512878e-001 1.457734e+002 1.457090e+001 1.261420e+002 9.696165e+001 9.120132e+001 5.699257e+001 9.207618e+001 1.945540e+002 9.556059e+001 1.156457e+002 2.752140e+000 5.000000e+000 3.051328e+000 5.824107e+000 3.611967e+000 5.987396e+000 3.360432e+000 2.016973e+000
<VARIANCE> 22
 3.164402e+002 1.310096e+001 5.073716e+001 2.164982e+000 6.947366e+003 6.364606e+002 1.427933e+003 1.954543e+002 5.188908e+002 5.299322e+001 3.639449e+003 3.417164e+002 4.230051e+002 1.087627e+002 5.310375e+000 1.793315e-002 7.789869e+000 1.449543e-001 2.844542e+000 5.618803e-002 6.271329e+000 5.982556e+000
<GCONST> 1.158568e+002
<MIXTURE> 2 2.479509e-001
<MEAN> 22
 7.470243e+000 5.331919e+000 2.743619e+000 1.986539e+000 7.265376e+001 2.855857e+001 1.021918e+002 4.336679e+001 8.859055e+001 5.935889e+001 8.189520e+001 1.082684e+002 9.582333e+001 1.022740e+002 2.514582e+000 3.352739e+000 3.604103e+000 5.652163e+000 3.607001e+000 2.869843e+000 3.045449e+000 2.396162e+000
<VARIANCE> 22
 1.148902e+002 1.301728e+002 1.925805e+001 1.141661e+001 2.384811e+003 1.008035e+003 3.023113e+003 5.663707e+002 6.768970e+002 6.258824e+001 2.063348e+003 9.649510e+002 2.393154e+002 9.752802e+001 3.737410e+000 1.451135e+000 6.975653e+000 3.392683e-001 1.293395e+000 9.786169e+000 6.622353e+000 6.505291e+000
<GCONST> 1.285547e+002
<TRANSP> 5
 0.000000e+000 1.000000e+000 0.000000e+000 0.000000e+000 0.000000e+000
 0.000000e+000 6.383234e-001 3.616766e-001 0.000000e+000 0.000000e+000
 0.000000e+000 0.000000e+000 9.580734e-001 4.192653e-002 0.000000e+000
 0.000000e+000 0.000000e+000 0.000000e+000 9.244530e-001 7.554700e-002
 0.000000e+000 0.000000e+000 0.000000e+000 0.000000e+000 0.000000e+000
<ENDHMM>
~h "ST"
<BEGINHMM>
<NUMSTATES> 5
<STATE> 2
<NUMMIXES> 2
<MIXTURE> 1 1.655646e-001
<MEAN> 22
 1.634096e+001 2.628154e+001 1.103484e+001 8.838116e+000 1.810760e+002 2.022612e+002 1.240900e+002 8.988184e+001 7.821557e+001 8.069641e+001 2.177237e+002 1.224272e+002 1.324002e+002 1.224314e+002 6.219213e+000 3.310760e+000 6.620073e+000 5.807924e+000 5.702037e+000 3.094215e+000 2.489573e+000 2.964474e+000
<VARIANCE> 22
 3.141304e+003 3.205917e+003 2.798642e+003 1.684199e+003 5.438979e+004 2.270002e+004 1.854682e+003 8.233802e+002 2.540039e+002 2.738808e+002 5.425878e+003 5.372047e+003 1.355448e+003 3.602136e+002 3.635261e+000 2.493300e+000 3.273342e-001 5.492252e-001 5.661380e-001 7.551828e+000 7.105898e+000 6.082996e+000
<GCONST> 1.542414e+002
<MIXTURE> 2 8.344353e-001
<MEAN> 22
 5.575809e+000 7.201694e+000 1.353477e+000 1.959023e+000 7.457009e+001 7.910588e+001 7.623782e+001 7.947766e+001 7.030889e+001 7.110590e+001 1.363814e+002 1.164945e+002 1.060370e+002 1.082715e+002 4.189797e+000 3.445122e+000 5.931233e+000 5.509478e+000 4.800011e+000 3.255665e+000 2.838861e+000 2.714267e+000
<VARIANCE> 22
 7.530679e+001 9.849106e+001 4.206112e+000 6.601305e+000 1.038710e+004 6.150793e+003 1.070909e+003 1.045272e+003 4.541656e+002 5.056573e+002 3.629778e+003 5.132161e+003 7.062112e+002 5.859800e+002 8.733883e+000 2.403076e+000 2.128663e+000 1.281823e+000 2.785431e+000 7.632720e+000 6.336007e+000 5.801811e+000
<GCONST> 1.372963e+002
<STATE> 3
<NUMMIXES> 2
<MIXTURE> 1 4.819413e-001
<MEAN> 22
 2.080376e+000 1.500346e+001 7.447274e-001 3.340008e+000 1.477819e+001 9.531144e+001 9.890544e+001 7.333209e+001 6.234359e+001 7.945897e+001 1.988927e+002 1.049679e+002 1.189509e+002 1.119641e+002 6.939841e+000 3.470721e+000 6.154598e+000 5.696956e+000 5.976359e+000 3.408207e+000 1.873365e+000 3.284170e+000
<VARIANCE> 22
 1.493989e+001 2.145038e+002 3.300596e+000 1.476627e+001 6.678561e+002 4.073071e+003 3.112686e+002 7.968895e+002 7.088682e+001 4.716577e+002 7.265635e+002 3.950583e+003 1.870071e+002 1.411998e+002 3.127081e-001 1.921412e+000 1.417584e-001 4.564978e-001 5.343983e-002 8.530296e+000 5.632264e+000 5.454428e+000
<GCONST> 1.144904e+002
<MIXTURE> 2 5.180584e-001
<MEAN> 22
 6.778181e-001 7.040709e+000 3.173961e-001 1.198681e+000 5.494514e+000 1.300350e+002 8.630561e+001 6.295148e+001 5.532476e+001 8.003916e+001 1.823013e+002 4.853784e+001 1.095468e+002 9.932668e+001 6.999561e+000 2.050998e+000 6.000017e+000 5.966566e+000 6.000000e+000 3.687661e-001 1.208773e+000 2.756410e+000
<VARIANCE> 22
 4.801632e+000 7.834780e+001 3.300596e+000 2.164982e+000 4.956259e+001 6.896238e+002 7.743806e+001 4.004728e+002 2.306892e+001 1.675079e+002 1.524105e+002 3.381354e+002 4.390968e+001 5.652650e+001 6.504287e-002 8.628798e-002 2.326111e-002 2.555996e-001 2.082488e-002 2.346185e-001 4.455259e+000 6.002138e+000
<GCONST> 8.369473e+001
<STATE> 4
<NUMMIXES> 2
<MIXTURE> 1 7.880194e-001
<MEAN> 22
 1.014456e+001 2.145492e+000 2.311320e+000 7.787657e-001 9.620992e+001 1.834112e+001 7.848582e+001 9.831222e+001 8.217498e+001 5.711843e+001 1.000401e+002 1.988436e+002 1.107485e+002 1.183787e+002 3.345103e+000 5.000000e+000 6.208062e+000 5.914166e+000 4.348539e+000 5.996607e+000 3.226555e+000 2.105055e+000
<VARIANCE> 22
 1.412058e+002 1.506144e+001 9.360823e+000 2.164982e+000 3.929459e+003 7.078615e+002 6.663249e+002 1.914745e+002 3.717177e+002 4.711767e+001 5.008002e+003 3.569057e+002 2.689449e+002 1.177382e+002 6.411827e+000 1.793315e-002 2.949541e-001 7.846793e-002 1.629675e+000 5.618803e-002 6.100831e+000 5.949323e+000
<GCONST> 1.075017e+002
<MIXTURE> 2 2.119804e-001
<MEAN> 22
 7.773606e+000 5.562569e+000 1.555078e+000 2.185373e+000 5.717615e+001 3.006696e+001 6.867126e+001 5.165374e+001 7.638517e+001 5.906085e+001 7.722606e+001 1.302926e+002 1.020324e+002 1.043535e+002 2.377049e+000 4.094991e+000 5.369336e+000 5.764727e+000 3.900286e+000 5.274084e+000 2.807181e+000 2.374033e+000
<VARIANCE> 22
 8.634109e+001 1.037535e+002 4.470655e+000 1.344423e+001 3.356689e+003 1.158915e+003 1.089693e+003 9.205926e+002 3.080006e+002 7.654736e+001 3.173057e+003 1.699695e+003 1.248186e+002 1.115161e+002 4.372867e+000 1.135207e+000 4.071610e+000 2.513601e-001 1.323075e+000 6.142305e+000 5.927155e+000 6.022858e+000
<GCONST> 1.250277e+002
<TRANSP> 5
 0.000000e+000 1.000000e+000 0.000000e+000 0.000000e+000 0.000000e+000
 0.000000e+000 7.408186e-001 2.591815e-001 0.000000e+000 0.000000e+000
 0.000000e+000 0.000000e+000 9.564452e-001 4.355484e-002 0.000000e+000
 0.000000e+000 0.000000e+000 0.000000e+000 9.188716e-001 8.112842e-002
 0.000000e+000 0.000000e+000 0.000000e+000 0.000000e+000 0.000000e+000
<ENDHMM>
~h "TT"
<BEGINHMM>
<NUMSTATES> 5
<STATE> 2
<NUMMIXES> 2
<MIXTURE> 1 4.926438e-001
<MEAN> 22
 2.142386e+001 5.148911e+000 8.313596e+000 3.107937e+000 2.224315e+002 9.077207e+000 1.735370e+002 1.059036e+002 1.240685e+002 6.111531e+001 1.015973e+002 2.039488e+002 1.063038e+002 1.202941e+002 1.315854e+000 4.997363e+000 1.427677e+000 5.901890e+000 2.477218e+000 5.987692e+000 3.690325e+000 2.336571e+000
<VARIANCE> 22
 1.869059e+003 1.101255e+003 1.275354e+003 8.137418e+002 3.197246e+003 1.338223e+002 1.492868e+003 2.630526e+002 5.424226e+002 1.066777e+002 1.080907e+003 3.914545e+002 3.177387e+002 1.351295e+002 5.309592e-001 1.793315e-002 3.728286e+000 8.848397e-002 1.239563e+000 5.618803e-002 5.665025e+000 6.496969e+000
<GCONST> 1.244376e+002
<MIXTURE> 2 5.073556e-001
<MEAN> 22
 8.303135e+000 1.105231e+001 2.747823e+000 3.561874e+000 4.690967e+001 1.057757e+002 8.698665e+001 1.161854e+002 7.218105e+001 8.560784e+001 1.722143e+002 1.396452e+002 1.132727e+002 1.109247e+002 5.243190e+000 3.778970e+000 6.313812e+000 4.763308e+000 5.668207e+000 3.891804e+000 2.964855e+000 2.775861e+000
<VARIANCE> 22
 1.341546e+002 2.613642e+002 2.152914e+001 2.675003e+001 2.579690e+003 9.772263e+003 1.696329e+003 2.667139e+003 2.727962e+002 1.194440e+003 2.753666e+003 2.982822e+003 4.394110e+002 2.426868e+002 8.141870e+000 1.623783e+000 4.712689e-001 1.741305e+000 6.562662e-001 5.600099e+000 6.734539e+000 5.005265e+000
<GCONST> 1.370180e+002
<STATE> 3
<NUMMIXES> 2
<MIXTURE> 1 4.961849e-001
<MEAN> 22
 1.976351e+000 2.498119e+001 8.086561e-001 7.499220e+000 9.888147e+000 1.140788e+002 1.001935e+002 1.227605e+002 6.207266e+001 8.752949e+001 1.995451e+002 1.413575e+002 1.195193e+002 1.099621e+002 6.995920e+000 3.828494e+000 6.124469e+000 4.709988e+000 5.998536e+000 4.106898e+000 2.180363e+000 3.846918e+000
<VARIANCE> 22
 1.179987e+001 4.939374e+002 3.300596e+000 7.059105e+001 1.333927e+002 8.908196e+003 4.192691e+002 2.415230e+003 1.055614e+002 1.142228e+003 6.971621e+002 2.427008e+003 2.206801e+002 2.439097e+002 6.504287e-002 1.063234e+000 1.089769e-001 1.014349e+000 2.082488e-002 3.878131e+000 5.973051e+000 5.035755e+000
<GCONST> 1.153197e+002
<MIXTURE> 2 5.038152e-001
<MEAN> 22
 1.598983e+000 9.139565e+000 7.048623e-001 3.825715e+000 1.039300e+001 2.212523e+002 9.028201e+001 1.720299e+002 5.639727e+001 1.234257e+002 1.843961e+002 8.418842e+001 1.105298e+002 8.983554e+001 6.957539e+000 2.361570e+000 6.058185e+000 3.076571e+000 5.987890e+000 1.585813e+000 1.780123e+000 3.529424e+000
<VARIANCE> 22
 1.075035e+001 7.314948e+001 3.300596e+000 2.284903e+001 3.611997e+002 9.723473e+002 1.795329e+002 5.174440e+002 7.429539e+001 3.788171e+002 3.128258e+002 4.402549e+002 8.739938e+001 2.392470e+002 2.315968e-001 2.532041e-001 1.132672e-001 1.384125e-001 4.722111e-002 3.305312e-001 5.641422e+000 5.783767e+000
<GCONST> 9.999162e+001
<STATE> 4
<NUMMIXES> 2
<MIXTURE> 1 7.454976e-001
<MEAN> 22
 1.475334e+001 2.193366e+000 5.131638e+000 1.036259e+000 1.361884e+002 2.688143e+001 1.364026e+002 9.638404e+001 9.573761e+001 5.578931e+001 1.213483e+002 1.934906e+002 1.017886e+002 1.153927e+002 2.850000e+000 5.000012e+000 3.353428e+000 5.833978e+000 3.616226e+000 5.991107e+000 3.355461e+000 2.354221e+000
<VARIANCE> 22
 3.479200e+002 1.162474e+001 5.947661e+001 2.164982e+000 8.180165e+003 9.266554e+002 2.199959e+003 2.307646e+002 1.004557e+003 4.998456e+001 3.026530e+003 4.071310e+002 3.775252e+002 1.295806e+002 6.905692e+000 1.793315e-002 8.506625e+000 1.384548e-001 3.768987e+000 5.618803e-002 5.532339e+000 6.243702e+000
<GCONST> 1.182861e+002
<MIXTURE> 2 2.545027e-001
<MEAN> 22
 1.040154e+001 6.142621e+000 4.210011e+000 2.464830e+000 1.320551e+002 6.604066e+001 8.996558e+001 3.564117e+001 8.726019e+001 5.241998e+001 8.912969e+001 1.009103e+002 8.632523e+001 9.142935e+001 2.040049e+000 3.021993e+000 3.606721e+000 5.182391e+000 3.329591e+000 2.639581e+000 2.782709e+000 2.157531e+000
<VARIANCE> 22
 2.565473e+002 1.211953e+002 4.704454e+001 2.320209e+001 1.921944e+004 1.446044e+004 5.267779e+003 9.218314e+002 2.203331e+003 4.166131e+002 2.196461e+003 2.305703e+003 1.150419e+003 1.130319e+003 4.146700e+000 3.065713e+000 7.387229e+000 3.567887e+000 2.819212e+000 1.026896e+001 6.371109e+000 5.966456e+000
<GCONST> 1.486755e+002
<TRANSP> 5
 0.000000e+000 1.000000e+000 0.000000e+000 0.000000e+000 0.000000e+000
 0.000000e+000 8.375917e-001 1.624083e-001 0.000000e+000 0.000000e+000
 0.000000e+000 0.000000e+000 9.531904e-001 4.680955e-002 0.000000e+000
 0.000000e+000 0.000000e+000 0.000000e+000 9.193170e-001 8.068301e-002
 0.000000e+000 0.000000e+000 0.000000e+000 0.000000e+000 0.000000e+000
<ENDHMM>
~h "VA"
<BEGINHMM>
<NUMSTATES> 5
<STATE> 2
<NUMMIXES> 2
<MIXTURE> 1 4.317853e-001
<MEAN> 22
 1.870954e+001 1.291446e+001 8.344172e+000 5.215465e+000 8.562190e+001 4.107128e+001 1.160647e+002 9.453999e+001 8.694191e+001 6.385647e+001 1.487963e+002 1.819249e+002 1.114410e+002 1.149187e+002 4.131945e+000 4.731144e+000 4.882016e+000 5.628818e+000 4.565007e+000 5.789018e+000 2.951686e+000 2.485264e+000
<VARIANCE> 22
 2.072741e+003 1.616634e+003 1.364007e+003 8.254863e+002 8.737136e+003 2.244410e+003 3.372828e+003 8.361205e+002 9.893082e+002 2.359154e+002 5.094413e+003 1.622794e+003 4.899644e+002 2.410038e+002 8.631391e+000 4.194086e-001 6.676787e+000 3.875273e-001 3.418257e+000 9.738435e-001 5.716472e+000 5.318905e+000
<GCONST> 1.478578e+002
<MIXTURE> 2 5.682144e-001
<MEAN> 22
 6.127459e+000 1.192999e+001 3.114272e+000 4.353178e+000 1.699383e+002 2.315108e+002 7.863600e+001 1.165024e+002 6.528028e+001 8.902063e+001 1.183203e+002 6.749277e+001 8.435458e+001 7.856194e+001 3.356656e+000 2.097457e+000 4.569032e+000 3.287623e+000 4.141464e+000 1.310380e+000 2.489422e+000 2.695750e+000
<VARIANCE> 22
 1.195469e+002 2.177574e+002 4.093728e+001 3.408109e+001 3.778261e+004 9.978948e+003 3.148395e+003 5.621001e+003 1.264891e+003 2.275124e+003 6.456577e+003 2.232431e+003 2.271302e+003 1.498881e+003 9.346900e+000 1.230656e+000 7.044474e+000 3.168745e+000 4.755503e+000 1.489523e+000 6.193574e+000 5.168342e+000
<GCONST> 1.516467e+002
<STATE> 3
<NUMMIXES> 2
<MIXTURE> 1 5.845160e-001
<MEAN> 22
 1.955224e+000 2.065714e+001 8.579125e-001 7.411499e+000 8.318730e+000 9.107394e+001 9.186999e+001 9.020290e+001 5.728598e+001 8.124380e+001 1.897196e+002 1.173894e+002 1.135032e+002 1.002633e+002 6.995937e+000 3.734328e+000 6.034697e+000 5.177831e+000 5.999285e+000 3.996086e+000 2.064692e+000 3.730341e+000
<VARIANCE> 22
 1.031774e+001 3.735444e+002 3.300596e+000 5.184731e+001 8.201013e+001 4.270876e+003 2.255275e+002 9.796592e+002 6.775504e+001 5.061310e+002 4.330561e+002 3.813066e+003 1.280632e+002 3.992104e+002 6.504287e-002 1.354224e+000 3.349373e-002 6.866637e-001 2.082488e-002 6.649539e+000 5.995734e+000 5.153009e+000
<GCONST> 1.097582e+002
<MIXTURE> 2 4.154837e-001
<MEAN> 22
 2.727005e+000 8.216492e+000 1.404358e+000 3.297907e+000 1.541729e+001 2.217983e+002 9.012965e+001 1.692038e+002 5.615485e+001 1.154202e+002 1.838760e+002 8.164041e+001 1.114625e+002 7.812189e+001 6.825644e+000 2.338538e+000 6.053109e+000 3.108862e+000 5.909225e+000 1.762800e+000 2.288444e+000 3.262686e+000
<VARIANCE> 22
 2.330346e+001 8.320782e+001 9.931654e+000 1.408608e+001 9.244723e+002 2.863145e+003 3.974738e+002 1.423852e+003 1.383877e+002 5.427488e+002 9.911603e+002 1.175267e+003 2.087848e+002 3.341710e+002 9.340791e-001 3.618086e-001 3.523484e-001 6.535051e-001 2.121672e-001 7.184585e-001 6.275097e+000 5.540529e+000
<GCONST> 1.164414e+002
<STATE> 4
<NUMMIXES> 2
<MIXTURE> 1 7.580701e-001
<MEAN> 22
 1.459037e+001 2.943759e+000 5.215584e+000 1.387633e+000 1.378008e+002 1.791240e+001 1.347121e+002 9.821159e+001 9.926556e+001 5.602989e+001 1.242874e+002 1.961661e+002 9.769061e+001 1.159357e+002 3.148005e+000 5.002490e+000 3.726878e+000 5.847180e+000 3.816969e+000 5.987384e+000 3.333535e+000 2.495820e+000
<VARIANCE> 22
 2.945614e+002 2.641562e+001 4.254438e+001 5.370356e+000 8.665980e+003 6.341809e+002 2.821374e+003 2.261745e+002 8.949640e+002 8.944913e+001 4.441069e+003 3.652552e+002 5.291022e+002 1.278110e+002 7.174713e+000 1.793315e-002 8.618279e+000 1.294652e-001 3.719012e+000 5.618803e-002 6.028286e+000 6.331415e+000
<GCONST> 1.205568e+002
<MIXTURE> 2 2.419302e-001
<MEAN> 22
 7.031961e+000 5.662381e+000 3.065912e+000 2.491826e+000 7.706206e+001 3.608315e+001 9.586964e+001 4.443131e+001 8.661359e+001 5.612155e+001 7.055097e+001 1.016100e+002 9.170784e+001 1.014955e+002 2.077003e+000 2.985421e+000 3.691209e+000 5.542082e+000 3.279122e+000 2.661798e+000 2.994037e+000 2.517989e+000
<VARIANCE> 22
 1.056732e+002 1.653434e+002 2.428091e+001 1.934461e+001 2.723385e+003 1.033048e+003 3.873170e+003 4.125034e+002 3.623671e+002 1.030023e+002 1.006970e+003 5.677619e+002 4.281945e+002 1.029546e+002 1.046358e+000 1.361588e+000 6.843807e+000 2.991037e-001 8.195277e-001 8.166183e+000 6.249020e+000 6.113574e+000
<GCONST> 1.265797e+002
<TRANSP> 5
 0.000000e+000 1.000000e+000 0.000000e+000 0.000000e+000 0.000000e+000
 0.000000e+000 7.395526e-001 2.604474e-001 0.000000e+000 0.000000e+000
 0.000000e+000 0.000000e+000 9.439576e-001 5.604232e-002 0.000000e+000
 0.000000e+000 0.000000e+000 0.000000e+000 9.205933e-001 7.940669e-002
 0.000000e+000 0.000000e+000 0.000000e+000 0.000000e+000 0.000000e+000
<ENDHMM>
~h "VQ"
<BEGINHMM>
<NUMSTATES> 5
<STATE> 2
<NUMMIXES> 2
<MIXTURE> 1 1.504034e-001
<MEAN> 22
 2.415731e+001 3.371402e+001 1.640248e+001 1.773627e+001 5.855415e+001 1.335285e+002 7.706694e+001 9.932653e+001 6.569684e+001 6.623589e+001 1.414026e+002 7.036233e+001 9.888613e+001 9.271976e+001 4.547399e+000 2.824919e+000 5.653798e+000 4.450608e+000 5.169982e+000 2.477012e+000 2.857957e+000 3.162092e+000
<VARIANCE> 22
 6.782357e+003 4.990278e+003 5.372413e+003 3.436938e+003 1.082151e+004 5.963767e+003 1.292622e+003 1.337843e+003 2.644488e+002 2.822714e+002 3.082594e+003 1.829951e+003 7.262150e+002 3.862677e+002 8.725121e+000 9.563907e-001 3.197750e+000 1.076310e+000 2.052763e+000 3.138320e+000 6.627693e+000 4.580828e+000
<GCONST> 1.547921e+002
<MIXTURE> 2 8.495958e-001
<MEAN> 22
 1.152240e+001 3.274967e+000 4.015144e+000 1.393298e+000 1.046186e+002 2.417260e+001 1.001085e+002 7.230476e+001 7.834798e+001 5.509237e+001 8.368768e+001 1.570791e+002 9.687036e+001 1.094034e+002 2.372311e+000 4.198498e+000 3.561446e+000 5.692147e+000 3.313312e+000 4.831486e+000 3.507292e+000 2.536855e+000
<VARIANCE> 22
 2.029664e+002 2.596862e+001 2.968466e+001 5.239098e+000 5.610325e+003 5.890527e+002 2.450168e+003 1.002273e+003 3.438133e+002 6.632334e+001 2.985722e+003 2.245444e+003 3.778675e+002 1.354278e+002 4.084582e+000 1.671509e+000 8.913467e+000 2.204971e-001 2.408116e+000 5.427733e+000 5.950130e+000 5.963926e+000
<GCONST> 1.291068e+002
<STATE> 3
<NUMMIXES> 2
<MIXTURE> 1 5.093407e-001
<MEAN> 22
 2.657322e+000 1.975160e+001 8.539678e-001 5.726760e+000 9.084991e+000 1.026837e+002 9.897217e+001 9.570444e+001 6.020715e+001 7.210583e+001 2.003254e+002 1.196693e+002 1.198146e+002 1.054757e+002 6.997559e+000 3.749736e+000 6.122978e+000 5.038806e+000 5.998550e+000 4.031122e+000 2.177855e+000 3.839328e+000
<VARIANCE> 22
 2.334674e+001 3.290583e+002 3.300596e+000 5.356979e+001 1.277697e+002 7.219836e+003 4.296138e+002 2.007794e+003 8.814518e+001 3.638058e+002 7.877008e+002 3.164661e+003 2.587199e+002 2.568796e+002 6.504287e-002 1.312448e+000 1.078535e-001 1.063298e+000 2.082488e-002 5.488688e+000 6.181413e+000 4.885090e+000
<GCONST> 1.147788e+002
<MIXTURE> 2 4.906580e-001
<MEAN> 22
 1.129019e+000 6.169573e+000 7.128587e-001 3.097129e+000 1.003559e+001 1.637600e+002 8.402916e+001 1.145488e+002 5.270436e+001 7.422517e+001 1.790316e+002 4.563931e+001 1.072867e+002 8.149862e+001 6.943752e+000 2.390382e+000 6.050207e+000 4.099169e+000 5.961823e+000 1.753286e+000 1.682331e+000 3.486881e+000
<VARIANCE> 22
 4.801632e+000 3.964911e+001 3.300596e+000 1.480193e+001 6.332693e+002 1.477373e+003 1.797709e+002 7.174152e+002 5.896519e+001 2.001736e+002 4.136037e+002 4.128883e+002 8.650179e+001 2.410456e+002 2.949413e-001 2.825933e-001 1.510915e-001 6.706760e-001 1.167090e-001 3.451433e-001 5.427005e+000 6.162462e+000
<GCONST> 1.019807e+002
<STATE> 4
<NUMMIXES> 2
<MIXTURE> 1 9.076213e-001
<MEAN> 22
 1.037862e+001 3.076395e+000 3.879086e+000 1.236540e+000 9.578433e+001 2.339892e+001 1.054078e+002 9.443228e+001 7.503249e+001 5.373227e+001 1.080913e+002 1.928613e+002 1.003979e+002 1.143009e+002 3.268749e+000 4.999602e+000 4.284482e+000 5.861265e+000 3.901858e+000 5.995577e+000 3.499387e+000 2.459672e+000
<VARIANCE> 22
 1.648416e+002 3.010793e+001 3.034073e+001 4.427297e+000 5.278164e+003 9.850504e+002 9.797126e+002 2.034123e+002 4.314221e+002 6.501820e+001 4.829184e+003 3.145369e+002 4.004166e+002 1.150104e+002 7.749930e+000 1.793315e-002 8.713585e+000 1.194895e-001 3.558040e+000 5.618803e-002 5.867614e+000 6.160173e+000
<GCONST> 1.167673e+002
<MIXTURE> 2 9.237867e-002
<MEAN> 22
 2.783833e+000 3.403032e+000 1.383385e+000 1.450491e+000 4.153881e+002 3.241815e+002 3.704401e+001 3.505317e+001 2.479374e+001 2.584718e+001 4.842607e+001 3.016722e+001 3.745195e+001 3.771050e+001 1.647128e+000 1.157111e+000 1.965032e+000 1.834141e+000 1.604094e+000 8.639248e-001 8.767852e-001 1.541642e+000
<VARIANCE> 22
 6.684150e+001 6.553870e+001 1.313566e+001 1.393284e+001 4.540230e+004 1.915329e+004 2.775984e+003 2.517667e+003 1.016349e+003 1.115004e+003 5.430256e+003 1.944297e+003 2.347778e+003 2.350313e+003 7.161498e+000 2.415525e+000 8.356145e+000 5.592297e+000 5.540783e+000 2.384406e+000 3.265537e+000 5.640901e+000
<GCONST> 1.481973e+002
<TRANSP> 5
 0.000000e+000 1.000000e+000 0.000000e+000 0.000000e+000 0.000000e+000
 0.000000e+000 8.547701e-001 1.452299e-001 0.000000e+000 0.000000e+000
 0.000000e+000 0.000000e+000 9.443684e-001 5.563167e-002 0.000000e+000
 0.000000e+000 0.000000e+000 0.000000e+000 8.852501e-001 1.147499e-001
 0.000000e+000 0.000000e+000 0.000000e+000 0.000000e+000 0.000000e+000
<ENDHMM>
~h "SIL"
<BEGINHMM>
<NUMSTATES> 5
<STATE> 2
<NUMMIXES> 2
<MIXTURE> 1 1.631362e-001
<MEAN> 22
 4.889905e+002 4.127939e+002 4.447967e+002 3.564770e+002 8.912768e-001 1.262041e+000 3.972175e+001 3.901801e+001 2.809216e+001 2.657228e+001 7.774236e+001 7.472729e+001 4.936592e+001 4.863786e+001 2.757214e+000 1.995249e+000 2.642794e+000 2.530245e+000 2.484337e+000 2.336247e+000 4.664927e+000 4.661949e+000
<VARIANCE> 22
 6.718854e+003 4.171809e+003 4.713119e+003 3.383939e+003 6.637383e+001 1.567189e+002 2.348582e+003 2.294806e+003 1.092068e+003 1.015214e+003 8.566967e+003 8.149306e+003 3.231978e+003 3.133371e+003 1.120964e+001 5.746444e+000 9.252995e+000 8.407626e+000 8.298665e+000 8.446923e+000 4.027588e+000 4.061067e+000
<GCONST> 1.625914e+002
<MIXTURE> 2 8.368638e-001
<MEAN> 22
 4.919679e-041 1.612327e-039 1.562906e-037 1.072811e-037 3.661404e+001 2.963469e+001 2.987989e-041 -2.648454e-043 -5.598187e-042 -2.662467e-044 1.255563e-042 1.989844e-043 -2.711513e-042 4.014720e-042 1.891753e-043 3.503246e-044 6.025583e-044 1.401298e-045 0.000000e+000 1.611493e-043 -2.133771e-040 1.841306e-041
<VARIANCE> 22
 4.801632e+000 4.063125e+000 3.300596e+000 2.164982e+000 1.817520e+004 1.195247e+004 9.838196e+000 1.115232e+001 2.936353e+000 3.516743e+000 3.745900e+001 4.440890e+001 4.184655e+000 3.870682e+000 6.504287e-002 1.793315e-002 2.326111e-002 1.170389e-002 2.082488e-002 5.618803e-002 6.153807e-002 6.060927e-002
<GCONST> 5.449671e+001
<STATE> 3
<NUMMIXES> 2
<MIXTURE> 1 7.794256e-001
<MEAN> 22
 1.439862e+000 1.862750e+000 6.098813e-001 7.649272e-001 8.030293e+000 9.950812e+000 1.018062e+002 9.824108e+001 6.393465e+001 5.965374e+001 1.994008e+002 1.970094e+002 1.191618e+002 1.178020e+002 6.999681e+000 5.000007e+000 6.130598e+000 5.906354e+000 6.001882e+000 6.000316e+000 1.988891e+000 2.015106e+000
<VARIANCE> 22
 5.238021e+000 7.439572e+000 3.300596e+000 2.164982e+000 7.350768e+001 1.244669e+002 3.640301e+002 2.298430e+002 1.044841e+002 7.948129e+001 6.048869e+002 4.448371e+002 2.111586e+002 1.441121e+002 6.504287e-002 1.793315e-002 1.135075e-001 8.479466e-002 2.082488e-002 5.618803e-002 5.635252e+000 5.613618e+000
<GCONST> 8.367549e+001
<MIXTURE> 2 2.205790e-001
<MEAN> 22
 8.979760e+000 1.144823e+001 2.271857e+000 2.876088e+000 5.468307e+001 6.216175e+001 8.085185e+001 7.867204e+001 6.942330e+001 6.412714e+001 1.435229e+002 1.397490e+002 1.080577e+002 1.085191e+002 4.542304e+000 4.062976e+000 5.895218e+000 5.520168e+000 5.040339e+000 4.522222e+000 2.482460e+000 2.484104e+000
<VARIANCE> 22
 1.816949e+002 2.181672e+002 1.488124e+001 1.632426e+001 2.856102e+003 2.842997e+003 1.328133e+003 1.254116e+003 2.695309e+002 2.078502e+002 3.391141e+003 3.463865e+003 3.538846e+002 1.985002e+002 8.501801e+000 1.687529e+000 2.174429e+000 5.012698e-001 2.044131e+000 6.148768e+000 5.199869e+000 4.699620e+000
<GCONST> 1.335985e+002
<STATE> 4
<NUMMIXES> 2
<MIXTURE> 1 3.521118e-001
<MEAN> 22
 8.064950e-001 1.145088e+000 3.778326e-001 6.391953e-001 4.807104e+000 4.938908e+000 1.028456e+002 1.071285e+002 6.323402e+001 6.322146e+001 2.176755e+002 2.204227e+002 1.292294e+002 1.306897e+002 6.999946e+000 4.999946e+000 6.004285e+000 5.995934e+000 6.000000e+000 5.999942e+000 1.373678e+000 1.653330e+000
<VARIANCE> 22
 4.801632e+000 4.063125e+000 3.300596e+000 2.164982e+000 4.956259e+001 5.429972e+001 4.166721e+001 9.532239e+001 7.541414e+000 2.616513e+001 2.867655e+002 3.544543e+002 8.258532e+001 1.025830e+002 6.504287e-002 1.793315e-002 2.326111e-002 1.170389e-002 2.082488e-002 5.618803e-002 4.489836e+000 5.095941e+000
<GCONST> 6.883102e+001
<MIXTURE> 2 6.478906e-001
<MEAN> 22
 9.996538e-001 1.668032e+000 3.732029e-001 6.235059e-001 4.832589e+000 6.197060e+000 8.463672e+001 8.431670e+001 5.501133e+001 5.404616e+001 1.791460e+002 1.787379e+002 1.088383e+002 1.081412e+002 6.988340e+000 4.993297e+000 6.005798e+000 5.968639e+000 5.995843e+000 5.991162e+000 1.722120e+000 1.898926e+000
<VARIANCE> 22
 4.801632e+000 1.245024e+001 3.300596e+000 2.164982e+000 7.883173e+001 9.101566e+001 4.032559e+001 4.593439e+001 2.115704e+001 4.557441e+001 1.103939e+002 1.255801e+002 3.369769e+001 3.916565e+001 6.795320e-002 1.793315e-002 2.326111e-002 3.247398e-002 2.082488e-002 5.618803e-002 5.338034e+000 5.916972e+000
<GCONST> 6.929030e+001
<TRANSP> 5
 0.000000e+000 1.000000e+000 0.000000e+000 0.000000e+000 0.000000e+000
 0.000000e+000 9.079546e-001 9.204535e-002 0.000000e+000 0.000000e+000
 0.000000e+000 0.000000e+000 9.972681e-001 2.731936e-003 0.000000e+000
 0.000000e+000 0.000000e+000 0.000000e+000 9.927747e-001 7.225319e-003
 0.000000e+000 0.000000e+000 0.000000e+000 0.000000e+000 0.000000e+000
<ENDHMM>
