~o
<STREAMINFO> 1 22
<VECSIZE> 22<NULLD><MFCC_0><DIAGC>
~h "BN"
<BEGINHMM>
<NUMSTATES> 5
<STATE> 2
<MEAN> 22
 6.262208e+000 1.363536e+001 2.737224e+000 4.253647e+000 9.870098e+001 1.159454e+002 8.301283e+001 8.115740e+001 6.409014e+001 6.542819e+001 1.516075e+002 1.137469e+002 1.025015e+002 9.893752e+001 4.852461e+000 3.486310e+000 5.322093e+000 4.691099e+000 4.958096e+000 3.937585e+000 2.056052e+000 2.190144e+000
<VARIANCE> 22
 9.176559e+002 8.312037e+002 6.867164e+002 4.417570e+002 2.907171e+004 1.651969e+004 1.632279e+003 1.785414e+003 6.952134e+002 8.000056e+002 5.520550e+003 5.012591e+003 1.512016e+003 1.139002e+003 8.663751e+000 2.790912e+000 4.600893e+000 3.025629e+000 3.298039e+000 6.943487e+000 5.605391e+000 4.178099e+000
<GCONST> 1.583031e+002
<STATE> 3
<MEAN> 22
 1.166813e+000 8.722882e+000 4.670448e-001 2.707553e+000 9.897379e+000 1.717274e+002 9.081881e+001 1.173308e+002 5.857434e+001 9.005444e+001 1.881675e+002 3.968666e+001 1.139314e+002 1.010176e+002 6.938048e+000 2.186561e+000 6.043158e+000 3.864790e+000 5.961594e+000 1.130418e+000 1.495252e+000 2.871685e+000
<VARIANCE> 22
 7.277320e+000 1.500003e+002 3.300596e+000 1.488383e+001 4.769093e+002 1.814687e+003 2.841929e+002 6.369078e+002 7.394245e+001 3.675157e+002 6.701631e+002 6.258462e+002 1.577204e+002 1.618905e+002 3.530217e-001 2.393847e-001 1.964681e-001 6.591040e-001 8.736274e-002 4.749689e-001 5.143039e+000 5.875803e+000
<GCONST> 1.061160e+002
<STATE> 4
<MEAN> 22
 8.484032e+000 6.349327e+000 2.494931e+000 1.681796e+000 1.016410e+002 2.478107e+001 1.059321e+002 8.620277e+001 8.018896e+001 5.949710e+001 9.701751e+001 1.780946e+002 1.064353e+002 1.143718e+002 3.602221e+000 4.730291e+000 3.570632e+000 5.778363e+000 4.088398e+000 5.693638e+000 3.124347e+000 2.633781e+000
<VARIANCE> 22
 1.750062e+002 1.680245e+002 1.706921e+001 8.932234e+000 6.691267e+003 9.432154e+002 9.687200e+002 7.451566e+002 4.188599e+002 9.071933e+001 5.749300e+003 1.633302e+003 2.883241e+002 1.593547e+002 6.597239e+000 5.112967e-001 8.610327e+000 1.995521e-001 2.385826e+000 2.207474e+000 6.317955e+000 6.767908e+000
<GCONST> 1.294064e+002
<TRANSP> 5
 0.000000e+000 1.000000e+000 0.000000e+000 0.000000e+000 0.000000e+000
 0.000000e+000 7.938344e-001 2.061656e-001 0.000000e+000 0.000000e+000
 0.000000e+000 0.000000e+000 9.508709e-001 4.912913e-002 0.000000e+000
 0.000000e+000 0.000000e+000 0.000000e+000 9.386615e-001 6.133859e-002
 0.000000e+000 0.000000e+000 0.000000e+000 0.000000e+000 0.000000e+000
<ENDHMM>
~h "BS"
<BEGINHMM>
<NUMSTATES> 5
<STATE> 2
<MEAN> 22
 1.639927e+001 1.609530e+001 4.262457e+000 3.979301e+000 8.324630e+001 7.389973e+001 6.566075e+001 6.337176e+001 6.399648e+001 6.020921e+001 1.508594e+002 1.468775e+002 1.085098e+002 1.082575e+002 5.474185e+000 4.487506e+000 6.030540e+000 5.802406e+000 5.159454e+000 5.250351e+000 2.711494e+000 2.000136e+000
<VARIANCE> 22
 9.104131e+002 7.235475e+002 6.273186e+002 4.153852e+002 1.605759e+004 8.665017e+003 1.188689e+003 1.083472e+003 1.420537e+002 1.338046e+002 2.073090e+003 2.043090e+003 3.270722e+002 2.839870e+002 6.164478e+000 1.848857e+000 6.251379e-001 5.018077e-001 1.844299e+000 5.144720e+000 3.399452e+000 3.964910e+000
<GCONST> 1.417975e+002
<STATE> 3
<MEAN> 22
 1.999247e+001 2.044301e+001 3.647350e+000 3.598227e+000 1.055085e+002 1.044195e+002 8.055984e+001 7.949229e+001 7.259697e+001 6.608179e+001 1.104539e+002 1.135586e+002 1.047204e+002 1.048275e+002 1.487002e+000 3.100024e+000 5.210907e+000 5.366697e+000 3.257129e+000 2.871922e+000 2.626339e+000 3.202732e+000
<VARIANCE> 22
 3.977510e+002 4.195500e+002 1.824817e+001 1.809697e+001 1.974828e+003 1.576083e+003 2.705836e+003 2.369054e+003 2.705707e+002 2.374455e+002 1.613592e+003 1.638163e+003 1.533381e+002 1.336506e+002 2.990411e+000 1.554902e+000 6.164811e+000 5.908606e-001 4.399273e+000 5.734753e+000 5.800025e+000 4.655335e+000
<GCONST> 1.340217e+002
<STATE> 4
<MEAN> 22
 7.426517e+000 7.212734e+000 2.069220e+000 1.866473e+000 7.010764e+001 6.919131e+001 1.142525e+002 1.133829e+002 6.914693e+001 6.400967e+001 1.747776e+002 1.733875e+002 1.110716e+002 1.103744e+002 2.814163e+000 4.392855e+000 6.764961e+000 5.204729e+000 4.479984e+000 4.963952e+000 3.469717e+000 3.771909e+000
<VARIANCE> 22
 7.215374e+001 6.635352e+001 6.599791e+000 5.206218e+000 1.875794e+003 1.722133e+003 8.190818e+002 7.286849e+002 1.457233e+002 1.512831e+002 9.446255e+002 8.451050e+002 1.662612e+002 1.392763e+002 1.162147e+001 2.858179e-001 1.954166e-001 1.933129e-001 8.748548e+000 8.626797e-001 5.690807e+000 7.867775e+000
<GCONST> 1.181198e+002
<TRANSP> 5
 0.000000e+000 1.000000e+000 0.000000e+000 0.000000e+000 0.000000e+000
 0.000000e+000 7.823361e-001 2.176639e-001 0.000000e+000 0.000000e+000
 0.000000e+000 0.000000e+000 9.124939e-001 8.750604e-002 0.000000e+000
 0.000000e+000 0.000000e+000 0.000000e+000 9.518365e-001 4.816356e-002
 0.000000e+000 0.000000e+000 0.000000e+000 0.000000e+000 0.000000e+000
<ENDHMM>
~h "CF"
<BEGINHMM>
<NUMSTATES> 5
<STATE> 2
<MEAN> 22
 7.327934e+000 1.549790e+001 3.256818e+000 4.959046e+000 5.462549e+001 8.903091e+001 8.324670e+001 7.874470e+001 6.174323e+001 6.712037e+001 1.579137e+002 1.172827e+002 1.053848e+002 1.044995e+002 5.355047e+000 3.708112e+000 5.558980e+000 5.118300e+000 5.204347e+000 4.158053e+000 2.353343e+000 2.385819e+000
<VARIANCE> 22
 8.139814e+002 8.310792e+002 6.608527e+002 4.074043e+002 9.234354e+003 7.882313e+003 8.752527e+002 1.361661e+003 2.867139e+002 5.298989e+002 3.593337e+003 4.524907e+003 6.681801e+002 6.376526e+002 6.873955e+000 2.335520e+000 2.873099e+000 2.256053e+000 2.505249e+000 7.104546e+000 5.948820e+000 3.856934e+000
<GCONST> 1.506102e+002
<STATE> 3
<MEAN> 22
 1.412081e+000 9.656000e+000 6.182646e-001 3.618359e+000 9.606260e+000 1.857884e+002 9.307097e+001 1.233387e+002 5.945467e+001 9.983154e+001 1.874313e+002 4.002771e+001 1.129392e+002 8.806508e+001 6.915462e+000 2.162174e+000 6.068154e+000 3.273061e+000 5.956954e+000 1.075465e+000 1.586151e+000 2.818389e+000
<VARIANCE> 22
 1.038183e+001 2.023939e+002 3.300596e+000 2.564645e+001 4.344834e+002 2.086687e+003 3.540434e+002 8.895376e+002 9.207137e+001 4.304804e+002 8.322561e+002 7.866584e+002 1.844847e+002 3.198190e+002 4.494892e-001 2.495161e-001 2.577816e-001 1.724308e+000 1.152681e-001 6.033033e-001 5.460655e+000 5.884465e+000
<GCONST> 1.116698e+002
<STATE> 4
<MEAN> 22
 8.977939e+000 6.380842e+000 3.135024e+000 2.009511e+000 9.626697e+001 2.995366e+001 1.047466e+002 8.784614e+001 8.221887e+001 6.061720e+001 1.051211e+002 1.795704e+002 1.000393e+002 1.129452e+002 3.881278e+000 4.746258e+000 4.292633e+000 5.664312e+000 4.297527e+000 5.769218e+000 3.117790e+000 2.768047e+000
<VARIANCE> 22
 1.880803e+002 1.549433e+002 2.149592e+001 1.149512e+001 7.010294e+003 1.021419e+003 1.373940e+003 7.683221e+002 5.692124e+002 1.433362e+002 5.963047e+003 1.324253e+003 5.371650e+002 1.383550e+002 6.670722e+000 6.025550e-001 5.921261e+000 2.337180e-001 2.165335e+000 1.596638e+000 6.323732e+000 6.448561e+000
<GCONST> 1.309490e+002
<TRANSP> 5
 0.000000e+000 1.000000e+000 0.000000e+000 0.000000e+000 0.000000e+000
 0.000000e+000 7.441052e-001 2.558949e-001 0.000000e+000 0.000000e+000
 0.000000e+000 0.000000e+000 9.434574e-001 5.654264e-002 0.000000e+000
 0.000000e+000 0.000000e+000 0.000000e+000 9.474275e-001 5.257250e-002
 0.000000e+000 0.000000e+000 0.000000e+000 0.000000e+000 0.000000e+000
<ENDHMM>
~h "CN"
<BEGINHMM>
<NUMSTATES> 5
<STATE> 2
<MEAN> 22
 1.538506e+001 1.481528e+001 2.872854e+000 3.018966e+000 5.606394e+001 5.530109e+001 6.836450e+001 6.704370e+001 6.520488e+001 6.152603e+001 1.481425e+002 1.463487e+002 1.118138e+002 1.107603e+002 5.082860e+000 4.286469e+000 6.083514e+000 5.895799e+000 5.197271e+000 4.894111e+000 2.740257e+000 1.985173e+000
<VARIANCE> 22
 4.766884e+002 3.995941e+002 1.831516e+002 1.378758e+002 2.976516e+003 2.660860e+003 1.158638e+003 9.754317e+002 1.125236e+002 1.026222e+002 2.984959e+003 2.807191e+003 2.817454e+002 2.085729e+002 7.261683e+000 1.541971e+000 1.693268e-001 2.689001e-001 1.051644e+000 6.251904e+000 2.701853e+000 3.482263e+000
<GCONST> 1.322781e+002
<STATE> 3
<MEAN> 22
 7.891914e+000 8.441932e+000 1.222828e+000 1.064609e+000 1.437270e+002 1.384964e+002 7.070092e+001 6.862732e+001 6.623099e+001 6.398184e+001 4.457701e+001 4.662509e+001 1.028806e+002 1.043282e+002 2.046627e+000 1.929541e+000 5.782447e+000 5.938954e+000 3.219002e+000 7.587129e-001 3.183599e+000 3.112075e+000
<VARIANCE> 22
 1.168167e+002 1.448777e+002 3.300596e+000 2.164982e+000 1.803266e+003 1.518390e+003 5.498738e+002 6.092581e+002 9.542003e+001 1.172841e+002 3.975872e+002 4.531750e+002 1.379463e+002 1.230786e+002 9.766523e-002 1.375160e-001 7.566661e-001 5.486373e-001 1.888260e-001 2.216197e-001 6.019543e+000 6.018581e+000
<GCONST> 1.060720e+002
<STATE> 4
<MEAN> 22
 1.465765e+001 1.361758e+001 2.658226e+000 2.625263e+000 7.124860e+001 6.534413e+001 7.442239e+001 7.114925e+001 6.724679e+001 6.365292e+001 1.536156e+002 1.502989e+002 1.124744e+002 1.116413e+002 5.177352e+000 4.177700e+000 6.187838e+000 5.847159e+000 5.167772e+000 4.607878e+000 4.063537e+000 3.943830e+000
<VARIANCE> 22
 3.070410e+002 2.610266e+002 1.032511e+001 1.297955e+001 6.024660e+003 4.635667e+003 1.437195e+003 1.372730e+003 2.005027e+002 1.285487e+002 2.631427e+003 2.644950e+003 2.709956e+002 1.741808e+002 6.181690e+000 2.702981e+000 3.201632e-001 2.661887e-001 1.493515e+000 6.838693e+000 7.339140e+000 4.895008e+000
<GCONST> 1.311967e+002
<TRANSP> 5
 0.000000e+000 1.000000e+000 0.000000e+000 0.000000e+000 0.000000e+000
 0.000000e+000 8.175819e-001 1.824181e-001 0.000000e+000 0.000000e+000
 0.000000e+000 0.000000e+000 9.659547e-001 3.404537e-002 0.000000e+000
 0.000000e+000 0.000000e+000 0.000000e+000 9.114643e-001 8.853568e-002
 0.000000e+000 0.000000e+000 0.000000e+000 0.000000e+000 0.000000e+000
<ENDHMM>
~h "CP"
<BEGINHMM>
<NUMSTATES> 5
<STATE> 2
<MEAN> 22
 1.250819e+001 1.061975e+001 3.408682e+000 3.066856e+000 1.107111e+002 9.168628e+001 8.496651e+001 8.412981e+001 6.560722e+001 6.098339e+001 1.395427e+002 1.453766e+002 1.047194e+002 1.027967e+002 2.818347e+000 3.714830e+000 5.545256e+000 4.877288e+000 4.216966e+000 4.241915e+000 2.843533e+000 2.749481e+000
<VARIANCE> 22
 6.233713e+002 3.770336e+002 3.515784e+002 2.038420e+002 1.855787e+004 1.049393e+004 2.368059e+003 2.404955e+003 6.762805e+002 6.181522e+002 4.983635e+003 4.542961e+003 1.581576e+003 1.404017e+003 1.004287e+001 2.623270e+000 5.887143e+000 3.019951e+000 6.300251e+000 5.823255e+000 5.666675e+000 5.694182e+000
<GCONST> 1.563405e+002
<STATE> 3
<MEAN> 22
 8.731981e+000 9.133396e+000 2.081696e+000 2.141236e+000 4.890991e+001 4.534136e+001 6.647739e+001 6.868117e+001 6.554051e+001 6.259089e+001 1.411825e+002 1.429696e+002 1.038071e+002 1.035421e+002 3.365498e+000 4.402345e+000 6.566249e+000 5.380184e+000 5.764496e+000 5.649048e+000 3.531318e+000 3.363078e+000
<VARIANCE> 22
 7.446165e+001 7.801621e+001 7.742361e+000 7.649092e+000 6.338881e+002 6.063630e+002 3.347304e+002 4.081522e+002 1.304637e+002 1.396232e+002 6.849124e+002 7.253104e+002 9.373544e+001 9.767206e+001 1.180477e+001 4.288110e-001 2.599139e-001 2.438980e-001 8.080608e-001 1.818330e+000 5.289407e+000 5.221472e+000
<GCONST> 1.124808e+002
<STATE> 4
<MEAN> 22
 8.496487e+000 7.730877e+000 2.315447e+000 2.315133e+000 3.986776e+001 3.426354e+001 9.552101e+001 9.703484e+001 6.863597e+001 6.435366e+001 1.906604e+002 1.919768e+002 1.206963e+002 1.199569e+002 6.602356e+000 4.914296e+000 6.332598e+000 5.577619e+000 5.999167e+000 5.883300e+000 3.752050e+000 3.535892e+000
<VARIANCE> 22
 7.714499e+001 6.585151e+001 6.961971e+000 6.646789e+000 1.343212e+003 7.551257e+002 5.025335e+002 3.681082e+002 1.138921e+002 1.107982e+002 6.371423e+002 4.914279e+002 1.729633e+002 1.229221e+002 2.530916e+000 1.062859e-001 2.636380e-001 2.572729e-001 1.265008e-001 2.347962e-001 5.680996e+000 5.776555e+000
<GCONST> 1.067912e+002
<TRANSP> 5
 0.000000e+000 1.000000e+000 0.000000e+000 0.000000e+000 0.000000e+000
 0.000000e+000 7.256081e-001 2.743919e-001 0.000000e+000 0.000000e+000
 0.000000e+000 0.000000e+000 9.486108e-001 5.138922e-002 0.000000e+000
 0.000000e+000 0.000000e+000 0.000000e+000 9.171136e-001 8.288637e-002
 0.000000e+000 0.000000e+000 0.000000e+000 0.000000e+000 0.000000e+000
<ENDHMM>
~h "CV"
<BEGINHMM>
<NUMSTATES> 5
<STATE> 2
<MEAN> 22
 1.485379e+001 1.493814e+001 3.568623e+000 3.386996e+000 6.729768e+001 6.158559e+001 7.790292e+001 7.531297e+001 6.453691e+001 5.904360e+001 1.454190e+002 1.456562e+002 1.108750e+002 1.102560e+002 4.652026e+000 4.285275e+000 6.000066e+000 5.601998e+000 5.081304e+000 4.949331e+000 2.729423e+000 2.431377e+000
<VARIANCE> 22
 5.509872e+002 4.521985e+002 2.572211e+002 1.648044e+002 7.513520e+003 5.257485e+003 9.565469e+002 8.119318e+002 1.574329e+002 1.066995e+002 3.418704e+003 2.863744e+003 3.212249e+002 2.847950e+002 9.010006e+000 1.212952e+000 1.980912e+000 5.827358e-001 2.003861e+000 4.637817e+000 3.469012e+000 3.824139e+000
<GCONST> 1.391677e+002
<STATE> 3
<MEAN> 22
 8.148824e+000 8.247960e+000 1.830206e+000 1.984578e+000 1.328358e+002 1.317467e+002 7.640979e+001 7.619707e+001 6.513703e+001 6.183561e+001 5.418868e+001 5.611758e+001 1.042145e+002 1.047008e+002 1.479434e+000 2.492805e+000 5.986713e+000 5.120906e+000 2.913968e+000 1.215354e+000 3.467587e+000 3.362143e+000
<VARIANCE> 22
 1.219643e+002 1.141661e+002 7.700635e+000 9.249866e+000 2.211660e+003 1.738886e+003 6.832891e+002 7.369489e+002 1.054138e+002 9.730511e+001 3.837271e+002 3.836739e+002 1.899509e+002 1.520593e+002 3.635655e-001 3.678024e-001 4.716432e+000 5.246912e-001 4.041272e-001 4.981792e-001 5.655095e+000 5.931274e+000
<GCONST> 1.147431e+002
<STATE> 4
<MEAN> 22
 1.314135e+001 1.278957e+001 2.964796e+000 2.855285e+000 4.262410e+001 3.769177e+001 7.540884e+001 7.768211e+001 6.575406e+001 5.917852e+001 1.604694e+002 1.671753e+002 1.121326e+002 1.112774e+002 5.298798e+000 4.653942e+000 6.199006e+000 5.787216e+000 5.463578e+000 5.594423e+000 4.330853e+000 4.184784e+000
<VARIANCE> 22
 1.955433e+002 2.075891e+002 1.292552e+001 1.176697e+001 1.338861e+003 1.060164e+003 1.113540e+003 9.300250e+002 1.139416e+002 7.558770e+001 2.376987e+003 1.753212e+003 2.042512e+002 1.597713e+002 7.520483e+000 7.487546e-001 1.797024e-001 1.731096e-001 9.200702e-001 2.927247e+000 6.280143e+000 5.086154e+000
<GCONST> 1.214949e+002
<TRANSP> 5
 0.000000e+000 1.000000e+000 0.000000e+000 0.000000e+000 0.000000e+000
 0.000000e+000 8.193043e-001 1.806957e-001 0.000000e+000 0.000000e+000
 0.000000e+000 0.000000e+000 9.540412e-001 4.595878e-002 0.000000e+000
 0.000000e+000 0.000000e+000 0.000000e+000 9.037526e-001 9.624746e-002
 0.000000e+000 0.000000e+000 0.000000e+000 0.000000e+000 0.000000e+000
<ENDHMM>
~h "DC"
<BEGINHMM>
<NUMSTATES> 5
<STATE> 2
<MEAN> 22
 1.296925e+001 1.252791e+001 3.758560e+000 3.750677e+000 7.309310e+001 6.905981e+001 6.904649e+001 6.836483e+001 6.530377e+001 6.080673e+001 1.440031e+002 1.453103e+002 1.105460e+002 1.085725e+002 4.372236e+000 4.183466e+000 6.008884e+000 5.610727e+000 5.130285e+000 5.074649e+000 2.524057e+000 2.073113e+000
<VARIANCE> 22
 5.326082e+002 4.142851e+002 4.063190e+002 2.640522e+002 8.894277e+003 6.339682e+003 1.177329e+003 1.028473e+003 2.331066e+002 1.731250e+002 2.968336e+003 2.659096e+003 5.678662e+002 4.843794e+002 9.684518e+000 1.744801e+000 1.260237e+000 9.414223e-001 1.868158e+000 5.381100e+000 2.939666e+000 3.211785e+000
<GCONST> 1.427383e+002
<STATE> 3
<MEAN> 22
 1.136576e+001 1.203976e+001 1.896666e+000 2.030148e+000 1.210812e+002 1.180641e+002 4.669017e+001 4.868353e+001 6.544639e+001 6.285551e+001 7.249541e+001 7.334443e+001 9.938538e+001 1.000359e+002 1.906962e+000 2.158873e+000 5.969783e+000 5.881408e+000 3.760612e+000 6.104333e-001 2.764386e+000 2.582513e+000
<VARIANCE> 22
 2.090201e+002 2.368840e+002 1.297371e+001 1.206158e+001 1.509086e+003 1.267796e+003 6.348151e+002 6.318590e+002 9.386281e+001 1.233973e+002 4.683560e+002 5.103472e+002 1.459564e+002 1.443988e+002 6.896117e-001 8.591977e-001 3.037976e-001 3.734789e-001 3.034110e-001 1.959186e+000 5.455406e+000 5.707991e+000
<GCONST> 1.155787e+002
<STATE> 4
<MEAN> 22
 1.327390e+001 1.294884e+001 2.947433e+000 2.728001e+000 4.860586e+001 4.363455e+001 7.458372e+001 7.432599e+001 6.500899e+001 6.051236e+001 1.651507e+002 1.662822e+002 1.103764e+002 1.104723e+002 5.757905e+000 4.799546e+000 6.242977e+000 5.756485e+000 5.602550e+000 5.993100e+000 4.202272e+000 4.034276e+000
<VARIANCE> 22
 2.101119e+002 2.132615e+002 1.173740e+001 1.061266e+001 4.670414e+003 3.152470e+003 1.128582e+003 9.572546e+002 1.034373e+002 9.894939e+001 1.602689e+003 1.498179e+003 1.719598e+002 1.513712e+002 5.983712e+000 6.455723e-001 2.124305e-001 2.058384e-001 5.333260e-001 1.556727e+000 7.213623e+000 4.541492e+000
<GCONST> 1.219828e+002
<TRANSP> 5
 0.000000e+000 1.000000e+000 0.000000e+000 0.000000e+000 0.000000e+000
 0.000000e+000 8.557644e-001 1.442356e-001 0.000000e+000 0.000000e+000
 0.000000e+000 0.000000e+000 9.577160e-001 4.228402e-002 0.000000e+000
 0.000000e+000 0.000000e+000 0.000000e+000 9.026712e-001 9.732880e-002
 0.000000e+000 0.000000e+000 0.000000e+000 0.000000e+000 0.000000e+000
<ENDHMM>
~h "FM"
<BEGINHMM>
<NUMSTATES> 5
<STATE> 2
<MEAN> 22
 9.534253e+000 1.109713e+001 4.875167e+000 4.456988e+000 3.899004e+001 3.650581e+001 7.481527e+001 8.141163e+001 7.466920e+001 6.789401e+001 1.582904e+002 1.630150e+002 1.113812e+002 1.113982e+002 4.378208e+000 4.469742e+000 6.306231e+000 5.639155e+000 5.490677e+000 5.603356e+000 2.512449e+000 2.670935e+000
<VARIANCE> 22
 1.170253e+003 1.218068e+003 9.207351e+002 6.003306e+002 1.927327e+003 1.739845e+003 1.006950e+003 9.566413e+002 4.976800e+002 2.841585e+002 2.006944e+003 2.189323e+003 4.236046e+002 2.882340e+002 1.055946e+001 6.973427e-001 5.250393e-001 3.390817e-001 7.116044e-001 2.853939e+000 6.096515e+000 4.898199e+000
<GCONST> 1.398731e+002
<STATE> 3
<MEAN> 22
 1.631975e+000 7.165113e+000 6.073110e-001 2.005476e+000 1.200157e+001 5.510647e+001 9.322871e+001 6.511207e+001 5.894311e+001 8.553642e+001 1.897311e+002 1.398968e+002 1.139940e+002 1.063723e+002 6.838615e+000 4.298482e+000 6.071788e+000 5.338863e+000 5.967830e+000 6.457635e+000 1.774888e+000 3.177639e+000
<VARIANCE> 22
 1.114009e+001 5.570396e+001 3.300596e+000 9.036746e+000 4.139988e+002 6.397333e+002 3.314237e+002 5.653202e+002 1.037782e+002 3.640251e+002 6.154001e+002 9.677368e+002 1.728891e+002 1.584741e+002 1.023026e+000 2.832829e-001 8.119551e-002 2.344467e-001 4.727093e-002 4.487615e-001 5.750443e+000 5.812819e+000
<GCONST> 1.033982e+002
<STATE> 4
<MEAN> 22
 6.411048e+000 2.925046e+000 1.710773e+000 1.069641e+000 7.810397e+001 4.194524e+001 6.201559e+001 7.782559e+001 8.542200e+001 5.890096e+001 1.360390e+002 1.632333e+002 1.080348e+002 1.089527e+002 2.421414e+000 4.281287e+000 6.236724e+000 5.583179e+000 5.080223e+000 5.146625e+000 2.847492e+000 2.088193e+000
<VARIANCE> 22
 7.160407e+001 3.391485e+001 7.298766e+000 5.228725e+000 1.020725e+004 6.775770e+003 1.120066e+003 1.319729e+003 8.208499e+002 2.975414e+002 2.225436e+003 3.292635e+003 6.716177e+002 6.623030e+002 1.019652e+001 1.783691e+000 1.815730e+000 1.359568e+000 1.437715e+000 5.059128e+000 6.451313e+000 6.127366e+000
<GCONST> 1.348126e+002
<TRANSP> 5
 0.000000e+000 1.000000e+000 0.000000e+000 0.000000e+000 0.000000e+000
 0.000000e+000 5.991648e-001 4.008352e-001 0.000000e+000 0.000000e+000
 0.000000e+000 0.000000e+000 9.564365e-001 4.356358e-002 0.000000e+000
 0.000000e+000 0.000000e+000 0.000000e+000 9.182471e-001 8.175287e-002
 0.000000e+000 0.000000e+000 0.000000e+000 0.000000e+000 0.000000e+000
<ENDHMM>
~h "FN"
<BEGINHMM>
<NUMSTATES> 5
<STATE> 2
<MEAN> 22
 9.292870e+000 1.450388e+001 4.135822e+000 4.314816e+000 6.554624e+001 7.459093e+001 9.138934e+001 8.105850e+001 6.238310e+001 5.903332e+001 1.586828e+002 1.439409e+002 1.085844e+002 1.072275e+002 5.632249e+000 4.136240e+000 5.367394e+000 5.300692e+000 5.150422e+000 4.781622e+000 2.446263e+000 2.163141e+000
<VARIANCE> 22
 1.385057e+003 1.066914e+003 1.074083e+003 6.261856e+002 1.610165e+004 1.028652e+004 1.257664e+003 1.131559e+003 3.929292e+002 2.905320e+002 4.861446e+003 5.134956e+003 9.458957e+002 8.384794e+002 5.977157e+000 2.247625e+000 4.251356e+000 2.204304e+000 2.795894e+000 5.570106e+000 6.041942e+000 4.259953e+000
<GCONST> 1.542428e+002
<STATE> 3
<MEAN> 22
 1.317825e+000 1.252175e+001 5.666322e-001 3.103387e+000 1.685231e+001 1.602154e+002 9.149943e+001 1.002265e+002 5.876760e+001 6.873046e+001 1.872266e+002 4.332102e+001 1.120966e+002 9.776792e+001 6.822565e+000 2.317378e+000 6.039884e+000 4.450920e+000 5.935486e+000 1.505050e+000 1.543664e+000 3.397959e+000
<VARIANCE> 22
 9.218122e+000 2.196801e+002 3.300596e+000 1.867243e+001 3.933080e+003 3.085585e+003 3.034815e+002 1.001012e+003 8.264838e+001 1.637221e+002 9.173436e+002 1.491731e+003 2.180928e+002 2.460084e+002 9.289721e-001 4.656910e-001 2.230325e-001 1.494140e+000 1.478686e-001 1.798724e+000 5.215560e+000 5.441477e+000
<GCONST> 1.157203e+002
<STATE> 4
<MEAN> 22
 8.226511e+000 5.890009e+000 2.233876e+000 1.576000e+000 8.007269e+001 2.819055e+001 9.260638e+001 8.194111e+001 6.935387e+001 5.883216e+001 1.147129e+002 1.718371e+002 1.059189e+002 1.127469e+002 3.992595e+000 4.567976e+000 4.989867e+000 5.786435e+000 4.405010e+000 5.382642e+000 3.141293e+000 2.717765e+000
<VARIANCE> 22
 1.420613e+002 1.064574e+002 1.152922e+001 5.636786e+000 5.667445e+003 9.540880e+002 1.392898e+003 9.764117e+002 2.048496e+002 8.959774e+001 5.884464e+003 2.134082e+003 3.352998e+002 1.737536e+002 7.120727e+000 1.142316e+000 5.563154e+000 1.912488e-001 2.480930e+000 3.768039e+000 6.581726e+000 6.693075e+000
<GCONST> 1.291725e+002
<TRANSP> 5
 0.000000e+000 1.000000e+000 0.000000e+000 0.000000e+000 0.000000e+000
 0.000000e+000 7.114415e-001 2.885585e-001 0.000000e+000 0.000000e+000
 0.000000e+000 0.000000e+000 9.434733e-001 5.652663e-002 0.000000e+000
 0.000000e+000 0.000000e+000 0.000000e+000 9.420115e-001 5.798847e-002
 0.000000e+000 0.000000e+000 0.000000e+000 0.000000e+000 0.000000e+000
<ENDHMM>
~h "FU"
<BEGINHMM>
<NUMSTATES> 5
<STATE> 2
<MEAN> 22
 9.029010e+000 3.816241e+000 2.332704e+000 1.146256e+000 1.100785e+002 2.611009e+001 9.968494e+001 8.705814e+001 6.441753e+001 5.562545e+001 7.564565e+001 1.784788e+002 1.013665e+002 1.110660e+002 3.238058e+000 4.783926e+000 3.930038e+000 5.794256e+000 3.711383e+000 5.749840e+000 3.092834e+000 2.100442e+000
<VARIANCE> 22
 2.138512e+002 6.387453e+001 1.300460e+001 3.691500e+000 6.224114e+003 1.281590e+003 9.851374e+002 5.090635e+002 1.767993e+002 6.504941e+001 5.399242e+003 1.424880e+003 2.653668e+002 1.554080e+002 5.348808e+000 4.732414e-001 7.551838e+000 2.143792e-001 2.212076e+000 1.492661e+000 6.305969e+000 5.415480e+000
<GCONST> 1.248132e+002
<STATE> 3
<MEAN> 22
 1.344615e+000 8.372910e+000 5.839303e-001 2.005349e+000 8.615181e+000 1.642497e+002 8.980232e+001 1.031083e+002 5.608509e+001 6.260310e+001 1.856355e+002 3.028839e+001 1.104769e+002 9.536091e+001 6.948061e+000 2.145372e+000 6.060393e+000 4.279445e+000 5.969638e+000 1.350321e+000 1.618549e+000 2.812285e+000
<VARIANCE> 22
 8.571923e+000 1.744184e+002 3.300596e+000 8.085492e+000 4.365576e+002 1.809796e+003 2.603083e+002 6.822733e+002 7.062833e+001 1.674495e+002 6.443956e+002 9.287833e+002 1.766906e+002 1.642226e+002 2.680234e-001 2.663577e-001 9.053143e-002 2.034161e+000 8.087163e-002 7.912762e-001 5.455273e+000 6.454411e+000
<GCONST> 1.061313e+002
<STATE> 4
<MEAN> 22
 4.529272e+000 1.440096e+001 1.613647e+000 3.551555e+000 7.182117e+001 7.932528e+001 8.646826e+001 7.396880e+001 5.799043e+001 5.845313e+001 1.695860e+002 1.459239e+002 1.073199e+002 1.008575e+002 5.891751e+000 4.237567e+000 5.642517e+000 5.309399e+000 5.344156e+000 5.095603e+000 2.527706e+000 3.592925e+000
<VARIANCE> 22
 1.991212e+002 4.221101e+002 1.036610e+002 8.634932e+001 2.160454e+004 1.239912e+004 1.302472e+003 1.315121e+003 3.631769e+002 4.242316e+002 4.449915e+003 4.045866e+003 1.170564e+003 1.060204e+003 5.357825e+000 2.531408e+000 2.646752e+000 2.437114e+000 2.550463e+000 5.205773e+000 6.822220e+000 6.019658e+000
<GCONST> 1.480872e+002
<TRANSP> 5
 0.000000e+000 1.000000e+000 0.000000e+000 0.000000e+000 0.000000e+000
 0.000000e+000 9.322179e-001 6.778210e-002 0.000000e+000 0.000000e+000
 0.000000e+000 0.000000e+000 9.401465e-001 5.985351e-002 0.000000e+000
 0.000000e+000 0.000000e+000 0.000000e+000 8.499566e-001 1.500434e-001
 0.000000e+000 0.000000e+000 0.000000e+000 0.000000e+000 0.000000e+000
<ENDHMM>
~h "MC"
<BEGINHMM>
<NUMSTATES> 5
<STATE> 2
<MEAN> 22
 9.870803e+000 1.252097e+001 4.325500e+000 3.584697e+000 5.840551e+001 5.443264e+001 8.151254e+001 7.672174e+001 7.216100e+001 6.776022e+001 1.501928e+002 1.480249e+002 1.150129e+002 1.141087e+002 4.526236e+000 4.072186e+000 6.293554e+000 5.802814e+000 5.011859e+000 4.461755e+000 2.809589e+000 2.434610e+000
<VARIANCE> 22
 6.912521e+002 1.064301e+003 5.700273e+002 3.338302e+002 3.197631e+003 3.451931e+003 1.420121e+003 1.167150e+003 3.868206e+002 2.085279e+002 4.706472e+003 3.876905e+003 6.510616e+002 3.484913e+002 8.196793e+000 1.721453e+000 4.532371e-001 2.539114e-001 1.525365e+000 7.112457e+000 6.084613e+000 5.135232e+000
<GCONST> 1.432964e+002
<STATE> 3
<MEAN> 22
 1.518855e+000 9.693345e+000 6.487173e-001 2.865377e+000 8.043896e+000 1.032339e+002 9.218501e+001 5.928503e+001 5.652349e+001 7.977181e+001 1.883407e+002 8.537733e+001 1.123446e+002 9.879275e+001 6.979216e+000 3.045483e+000 6.048562e+000 5.627384e+000 5.992791e+000 2.312410e+000 1.841355e+000 3.232051e+000
<VARIANCE> 22
 8.268316e+000 9.085479e+001 3.300596e+000 1.174239e+001 1.648605e+002 2.173713e+003 2.456627e+002 8.110976e+002 7.658780e+001 4.246919e+002 4.778978e+002 2.027389e+003 1.396808e+002 2.275473e+002 1.123475e-001 1.224802e+000 5.065586e-002 3.566006e-001 2.082488e-002 8.359764e+000 5.788560e+000 5.139838e+000
<GCONST> 1.058919e+002
<STATE> 4
<MEAN> 22
 7.500039e+000 4.522322e+000 2.213545e+000 1.569705e+000 7.794264e+001 3.740064e+001 6.190092e+001 7.691621e+001 7.483428e+001 5.993636e+001 1.128134e+002 1.598512e+002 1.058103e+002 1.093143e+002 3.076673e+000 4.312809e+000 6.180848e+000 5.712629e+000 4.554890e+000 5.114637e+000 3.087831e+000 2.740889e+000
<VARIANCE> 22
 7.503819e+001 5.857074e+001 8.347713e+000 7.075400e+000 6.055741e+003 3.604833e+003 9.370668e+002 1.074542e+003 3.884787e+002 1.896573e+002 3.428507e+003 2.868235e+003 3.311215e+002 2.504744e+002 7.393628e+000 1.432883e+000 5.386189e-001 4.313919e-001 1.429030e+000 5.195412e+000 6.073667e+000 6.194767e+000
<GCONST> 1.287892e+002
<TRANSP> 5
 0.000000e+000 1.000000e+000 0.000000e+000 0.000000e+000 0.000000e+000
 0.000000e+000 7.191672e-001 2.808328e-001 0.000000e+000 0.000000e+000
 0.000000e+000 0.000000e+000 9.601864e-001 3.981362e-002 0.000000e+000
 0.000000e+000 0.000000e+000 0.000000e+000 9.279159e-001 7.208414e-002
 0.000000e+000 0.000000e+000 0.000000e+000 0.000000e+000 0.000000e+000
<ENDHMM>
~h "NU"
<BEGINHMM>
<NUMSTATES> 5
<STATE> 2
<MEAN> 22
 8.168159e+000 1.285068e+001 3.096934e+000 2.959368e+000 1.046862e+002 1.087779e+002 6.850484e+001 7.035494e+001 5.757636e+001 5.324826e+001 1.331655e+002 1.188326e+002 9.788726e+001 9.755927e+001 4.326663e+000 3.484479e+000 5.309239e+000 4.738423e+000 4.453282e+000 3.609268e+000 2.335993e+000 2.186570e+000
<VARIANCE> 22
 7.293348e+002 1.352352e+003 5.358561e+002 3.405280e+002 3.026889e+004 1.886527e+004 1.620519e+003 1.655258e+003 6.533412e+002 5.486180e+002 5.533213e+003 5.426625e+003 1.810628e+003 1.681039e+003 9.392430e+000 3.134043e+000 4.952003e+000 4.073622e+000 4.393582e+000 7.329913e+000 5.932585e+000 4.960228e+000
<GCONST> 1.594908e+002
<STATE> 3
<MEAN> 22
 1.545165e+000 8.161986e+000 5.720031e-001 2.265979e+000 1.329744e+001 9.013522e+001 8.729643e+001 6.868754e+001 5.870523e+001 6.306388e+001 1.799499e+002 9.766534e+001 1.119280e+002 1.041848e+002 6.555269e+000 3.334546e+000 6.094330e+000 5.353829e+000 5.801813e+000 2.801392e+000 1.656741e+000 3.105785e+000
<VARIANCE> 22
 1.036416e+001 1.201519e+002 3.300596e+000 9.912088e+000 5.250443e+002 2.710399e+003 5.048885e+002 7.592104e+002 5.954132e+001 1.196628e+002 1.391475e+003 2.404051e+003 1.556110e+002 1.606624e+002 2.202273e+000 1.163062e+000 1.059604e-001 3.737662e-001 4.315575e-001 6.223448e+000 5.475948e+000 5.748006e+000
<GCONST> 1.142432e+002
<STATE> 4
<MEAN> 22
 7.219828e+000 4.232401e+000 2.106594e+000 1.518287e+000 1.063274e+002 5.661511e+001 8.098801e+001 8.442448e+001 6.959598e+001 5.561209e+001 1.179135e+002 1.597668e+002 1.067093e+002 1.087574e+002 2.920717e+000 4.276652e+000 5.985249e+000 5.516953e+000 4.101977e+000 4.782865e+000 2.987528e+000 2.571849e+000
<VARIANCE> 22
 9.654564e+001 5.302779e+001 8.688787e+000 5.897652e+000 1.419659e+004 9.232233e+003 1.372085e+003 1.027501e+003 4.034080e+002 1.907093e+002 4.872822e+003 3.851992e+003 8.266490e+002 6.472691e+002 8.178993e+000 1.566830e+000 3.784913e+000 1.329678e+000 3.368351e+000 4.927236e+000 6.421786e+000 6.374830e+000
<GCONST> 1.376374e+002
<TRANSP> 5
 0.000000e+000 1.000000e+000 0.000000e+000 0.000000e+000 0.000000e+000
 0.000000e+000 5.490003e-001 4.509997e-001 0.000000e+000 0.000000e+000
 0.000000e+000 0.000000e+000 9.557659e-001 4.423412e-002 0.000000e+000
 0.000000e+000 0.000000e+000 0.000000e+000 9.048851e-001 9.511497e-002
 0.000000e+000 0.000000e+000 0.000000e+000 0.000000e+000 0.000000e+000
<ENDHMM>
~h "OK"
<BEGINHMM>
<NUMSTATES> 5
<STATE> 2
<MEAN> 22
 1.263136e+001 9.768171e+000 4.613071e+000 3.190091e+000 7.251679e+001 6.652025e+001 9.816033e+001 8.702264e+001 7.517751e+001 6.199420e+001 1.330450e+002 1.421470e+002 1.093724e+002 1.117606e+002 4.003197e+000 3.954250e+000 5.198223e+000 5.489208e+000 4.604254e+000 4.275087e+000 3.065844e+000 2.640629e+000
<VARIANCE> 22
 8.006432e+002 6.978993e+002 5.832983e+002 3.494169e+002 5.581480e+003 4.691835e+003 1.750723e+003 7.309848e+002 3.152527e+002 1.542824e+002 5.770646e+003 5.018898e+003 8.210941e+002 3.027636e+002 8.145325e+000 1.877707e+000 5.451218e+000 6.820748e-001 2.625143e+000 5.959227e+000 6.514673e+000 5.834297e+000
<GCONST> 1.478606e+002
<STATE> 3
<MEAN> 22
 1.556365e+000 1.272931e+001 6.768250e-001 3.132204e+000 9.648174e+000 1.153324e+002 9.160202e+001 9.294707e+001 5.649158e+001 7.005698e+001 1.896680e+002 8.725590e+001 1.136664e+002 1.044474e+002 6.944277e+000 3.213478e+000 6.043307e+000 4.875233e+000 5.970829e+000 2.917110e+000 1.866774e+000 3.487926e+000
<VARIANCE> 22
 8.890516e+000 2.452922e+002 3.300596e+000 1.443880e+001 3.759968e+002 4.175909e+003 2.253776e+002 8.430269e+002 6.729565e+001 2.061737e+002 5.336613e+002 3.394741e+003 1.337682e+002 1.707823e+002 3.120954e-001 1.279483e+000 1.123602e-001 6.509387e-001 7.871141e-002 4.932655e+000 5.869966e+000 5.605782e+000
<GCONST> 1.114044e+002
<STATE> 4
<MEAN> 22
 9.750751e+000 3.332754e+000 2.629150e+000 1.140878e+000 9.377909e+001 3.499474e+001 9.124368e+001 8.215586e+001 6.914449e+001 5.364768e+001 1.116800e+002 1.755620e+002 1.059854e+002 1.110876e+002 3.555508e+000 4.594878e+000 4.922940e+000 5.713631e+000 4.066541e+000 5.541277e+000 3.146172e+000 2.398427e+000
<VARIANCE> 22
 1.930627e+002 4.431843e+001 1.381740e+001 4.095623e+000 9.208545e+003 4.684727e+003 1.214760e+003 9.322143e+002 3.138474e+002 1.446549e+002 5.453899e+003 2.332457e+003 6.125199e+002 4.992872e+002 8.001411e+000 1.245292e+000 7.429341e+000 1.057885e+000 3.417509e+000 3.008851e+000 6.291655e+000 6.283877e+000
<GCONST> 1.351245e+002
<TRANSP> 5
 0.000000e+000 1.000000e+000 0.000000e+000 0.000000e+000 0.000000e+000
 0.000000e+000 6.503518e-001 3.496482e-001 0.000000e+000 0.000000e+000
 0.000000e+000 0.000000e+000 9.345790e-001 6.542105e-002 0.000000e+000
 0.000000e+000 0.000000e+000 0.000000e+000 9.201797e-001 7.982038e-002
 0.000000e+000 0.000000e+000 0.000000e+000 0.000000e+000 0.000000e+000
<ENDHMM>
~h "PF"
<BEGINHMM>
<NUMSTATES> 5
<STATE> 2
<MEAN> 22
 7.312096e+000 1.418617e+001 3.395975e+000 4.301281e+000 9.431446e+001 1.009496e+002 8.739005e+001 8.349938e+001 6.261389e+001 6.322361e+001 1.610836e+002 1.360802e+002 1.061661e+002 1.041893e+002 5.606350e+000 4.000138e+000 5.639916e+000 5.294237e+000 5.331350e+000 4.656530e+000 2.366691e+000 2.384558e+000
<VARIANCE> 22
 9.084669e+002 8.354771e+002 7.159592e+002 4.703197e+002 2.824614e+004 1.593856e+004 9.211144e+002 1.491752e+003 2.989287e+002 3.213611e+002 3.638451e+003 4.279090e+003 6.239543e+002 5.515828e+002 6.066575e+000 2.075143e+000 2.524566e+000 1.750315e+000 1.904338e+000 5.739579e+000 5.734302e+000 4.087234e+000
<GCONST> 1.511056e+002
<STATE> 3
<MEAN> 22
 1.429013e+000 1.354789e+001 6.368073e-001 3.888905e+000 1.143159e+001 1.765919e+002 9.214143e+001 1.300951e+002 5.892063e+001 8.457652e+001 1.877749e+002 6.355425e+001 1.132198e+002 9.360352e+001 6.799081e+000 2.557474e+000 6.076756e+000 3.771495e+000 5.957692e+000 1.899606e+000 1.747449e+000 3.496450e+000
<VARIANCE> 22
 9.070490e+000 2.839516e+002 3.300596e+000 2.242699e+001 6.924865e+002 2.714258e+003 3.304080e+002 1.175199e+003 9.511108e+001 2.857331e+002 7.658583e+002 1.427332e+003 1.555961e+002 2.225608e+002 1.249506e+000 4.533190e-001 2.524618e-001 8.411179e-001 1.095231e-001 1.318101e+000 5.923591e+000 4.537589e+000
<GCONST> 1.137127e+002
<STATE> 4
<MEAN> 22
 8.560258e+000 5.989144e+000 2.703371e+000 1.922996e+000 9.040953e+001 2.651336e+001 1.139177e+002 8.890845e+001 7.639013e+001 5.858015e+001 1.295760e+002 1.805486e+002 1.063237e+002 1.143806e+002 3.898023e+000 4.695164e+000 4.084926e+000 5.715129e+000 4.130182e+000 5.530553e+000 3.069086e+000 2.806365e+000
<VARIANCE> 22
 1.685421e+002 1.245504e+002 1.737510e+001 9.491191e+000 6.957412e+003 9.508985e+002 1.983720e+003 7.632987e+002 4.191864e+002 9.718655e+001 4.673297e+003 1.569314e+003 3.499211e+002 1.474298e+002 7.936004e+000 7.209763e-001 7.463112e+000 2.236415e-001 3.647820e+000 2.680068e+000 6.836634e+000 6.693796e+000
<GCONST> 1.310599e+002
<TRANSP> 5
 0.000000e+000 1.000000e+000 0.000000e+000 0.000000e+000 0.000000e+000
 0.000000e+000 7.330658e-001 2.669343e-001 0.000000e+000 0.000000e+000
 0.000000e+000 0.000000e+000 9.420878e-001 5.791228e-002 0.000000e+000
 0.000000e+000 0.000000e+000 0.000000e+000 9.380544e-001 6.194561e-002
 0.000000e+000 0.000000e+000 0.000000e+000 0.000000e+000 0.000000e+000
<ENDHMM>
~h "PR"
<BEGINHMM>
<NUMSTATES> 5
<STATE> 2
<MEAN> 22
 8.808624e+000 1.013604e+001 3.974488e+000 3.988814e+000 1.107831e+002 1.102507e+002 7.819110e+001 7.478174e+001 6.123705e+001 5.556442e+001 1.354184e+002 1.207858e+002 9.738768e+001 9.405968e+001 3.816919e+000 3.381725e+000 5.058887e+000 4.704387e+000 4.310281e+000 3.425215e+000 2.142076e+000 2.385403e+000
<VARIANCE> 22
 1.173296e+003 9.340320e+002 8.663418e+002 5.694362e+002 2.681902e+004 1.608957e+004 2.234590e+003 2.236558e+003 7.714025e+002 6.302772e+002 6.455084e+003 4.781141e+003 1.883522e+003 1.708301e+003 1.001389e+001 3.063104e+000 6.783512e+000 3.858574e+000 4.985559e+000 7.030686e+000 5.685219e+000 5.883700e+000
<GCONST> 1.618353e+002
<STATE> 3
<MEAN> 22
 1.286748e+000 9.527757e+000 5.643766e-001 3.199348e+000 1.034923e+001 9.571402e+001 9.238631e+001 8.586029e+001 5.854172e+001 6.433974e+001 1.877773e+002 1.054885e+002 1.125603e+002 1.028965e+002 6.927806e+000 3.505636e+000 6.087234e+000 5.058708e+000 5.969010e+000 3.385414e+000 1.701047e+000 3.594522e+000
<VARIANCE> 22
 6.618738e+000 1.322970e+002 3.300596e+000 1.707246e+001 3.707834e+002 2.278587e+003 2.674900e+002 6.611050e+002 6.797571e+001 1.628918e+002 5.883008e+002 2.072374e+003 1.564511e+002 2.061479e+002 4.234349e-001 7.458240e-001 9.076854e-002 3.346934e-001 1.055162e-001 3.930398e+000 5.690950e+000 6.325407e+000
<GCONST> 1.087337e+002
<STATE> 4
<MEAN> 22
 8.866978e+000 3.100277e+000 2.506999e+000 1.164142e+000 6.535019e+001 2.105670e+001 8.320665e+001 8.543507e+001 7.180031e+001 5.716378e+001 1.194525e+002 1.762024e+002 1.075833e+002 1.115434e+002 2.895210e+000 4.678638e+000 6.244035e+000 5.760231e+000 4.040573e+000 5.693803e+000 3.279696e+000 2.363271e+000
<VARIANCE> 22
 1.276285e+002 3.129936e+001 1.152108e+001 3.796059e+000 2.477448e+003 5.704053e+002 9.231286e+002 7.730621e+002 2.181223e+002 7.213123e+001 3.178287e+003 1.487095e+003 2.627311e+002 1.509973e+002 8.369811e+000 5.386968e-001 2.422552e+000 2.117987e-001 3.649027e+000 1.898125e+000 6.056433e+000 6.223813e+000
<GCONST> 1.221678e+002
<TRANSP> 5
 0.000000e+000 1.000000e+000 0.000000e+000 0.000000e+000 0.000000e+000
 0.000000e+000 6.585546e-001 3.414454e-001 0.000000e+000 0.000000e+000
 0.000000e+000 0.000000e+000 9.499539e-001 5.004603e-002 0.000000e+000
 0.000000e+000 0.000000e+000 0.000000e+000 9.167367e-001 8.326320e-002
 0.000000e+000 0.000000e+000 0.000000e+000 0.000000e+000 0.000000e+000
<ENDHMM>
~h "SP"
<BEGINHMM>
<NUMSTATES> 5
<STATE> 2
<MEAN> 22
 8.144298e+000 1.544959e+001 4.701559e+000 5.708826e+000 1.009221e+002 1.037759e+002 7.953197e+001 7.539018e+001 5.690714e+001 5.631881e+001 1.440158e+002 1.252514e+002 9.644436e+001 9.290137e+001 5.021699e+000 3.636963e+000 4.946690e+000 4.592805e+000 4.737624e+000 4.265348e+000 1.987909e+000 1.962129e+000
<VARIANCE> 22
 1.868186e+003 1.417085e+003 1.511562e+003 9.156353e+002 3.223460e+004 1.750240e+004 1.902823e+003 1.731378e+003 7.139595e+002 6.948653e+002 6.042530e+003 5.588733e+003 1.769711e+003 1.696120e+003 8.741055e+000 3.227387e+000 5.883518e+000 4.147081e+000 4.631010e+000 6.560284e+000 5.636769e+000 3.782767e+000
<GCONST> 1.628937e+002
<STATE> 3
<MEAN> 22
 1.188438e+000 1.020440e+001 5.030138e-001 3.659840e+000 1.107496e+001 1.824340e+002 9.440617e+001 1.324497e+002 6.124460e+001 8.982224e+001 1.873935e+002 5.704020e+001 1.126591e+002 9.314372e+001 6.785977e+000 2.335729e+000 6.103293e+000 3.495652e+000 5.969480e+000 1.683487e+000 1.586698e+000 2.967407e+000
<VARIANCE> 22
 7.286072e+000 2.260050e+002 3.300596e+000 2.712731e+001 5.916339e+002 2.743024e+003 3.854395e+002 9.547421e+002 1.265294e+002 4.777526e+002 8.301527e+002 8.072024e+002 2.000883e+002 2.319594e+002 1.341588e+000 3.767503e-001 3.112648e-001 6.363160e-001 1.322471e-001 1.194573e+000 5.423564e+000 5.991403e+000
<GCONST> 1.139544e+002
<STATE> 4
<MEAN> 22
 9.537682e+000 5.458531e+000 3.156889e+000 1.628261e+000 1.067899e+002 2.064705e+001 1.160769e+002 8.425890e+001 8.522086e+001 5.838337e+001 1.085470e+002 1.735980e+002 9.934212e+001 1.120734e+002 3.465514e+000 4.635294e+000 3.713722e+000 5.741168e+000 4.040720e+000 5.348726e+000 3.130103e+000 2.518745e+000
<VARIANCE> 22
 2.366041e+002 1.305312e+002 3.561095e+001 8.545986e+000 7.552947e+003 7.277373e+002 1.711342e+003 7.737333e+002 5.981494e+002 7.242549e+001 4.408069e+003 1.707343e+003 3.996559e+002 1.417491e+002 6.778461e+000 7.526906e-001 7.525323e+000 2.138949e-001 2.857863e+000 3.636437e+000 6.514251e+000 6.797267e+000
<GCONST> 1.317975e+002
<TRANSP> 5
 0.000000e+000 1.000000e+000 0.000000e+000 0.000000e+000 0.000000e+000
 0.000000e+000 6.996652e-001 3.003348e-001 0.000000e+000 0.000000e+000
 0.000000e+000 0.000000e+000 9.512669e-001 4.873312e-002 0.000000e+000
 0.000000e+000 0.000000e+000 0.000000e+000 9.375133e-001 6.248671e-002
 0.000000e+000 0.000000e+000 0.000000e+000 0.000000e+000 0.000000e+000
<ENDHMM>
~h "ST"
<BEGINHMM>
<NUMSTATES> 5
<STATE> 2
<MEAN> 22
 1.027746e+001 9.719139e+000 3.668284e+000 3.181830e+000 6.889272e+001 4.498943e+001 9.350796e+001 8.961458e+001 8.031131e+001 6.761071e+001 1.431201e+002 1.658569e+002 1.143063e+002 1.176503e+002 4.575525e+000 4.349632e+000 5.949078e+000 5.791872e+000 4.911527e+000 4.837356e+000 3.014639e+000 2.390413e+000
<VARIANCE> 22
 6.464022e+002 6.613625e+002 4.909277e+002 2.986920e+002 5.274589e+003 3.021296e+003 1.090881e+003 8.241434e+002 5.624332e+002 2.290209e+002 6.179809e+003 3.679339e+003 5.898887e+002 2.351975e+002 7.636356e+000 1.505481e+000 2.498163e+000 2.685803e-001 1.948316e+000 5.401460e+000 6.580779e+000 5.359076e+000
<GCONST> 1.440934e+002
<STATE> 3
<MEAN> 22
 1.284417e+000 1.082925e+001 5.053104e-001 2.159268e+000 9.988096e+000 1.164247e+002 9.132491e+001 6.702752e+001 5.857449e+001 8.047231e+001 1.894099e+002 7.074297e+001 1.137036e+002 1.048218e+002 6.973180e+000 2.637600e+000 6.063231e+000 5.844469e+000 5.981756e+000 1.656318e+000 1.523479e+000 3.001691e+000
<VARIANCE> 22
 8.372423e+000 1.612136e+002 3.300596e+000 8.569560e+000 3.549080e+002 2.438471e+003 2.370229e+002 5.881883e+002 5.673006e+001 3.156558e+002 4.890687e+002 2.355962e+003 1.296544e+002 1.282327e+002 1.351235e-001 1.306458e+000 6.421469e-002 3.760018e-001 3.286028e-002 6.006713e+000 5.131070e+000 5.833853e+000
<GCONST> 1.062868e+002
<STATE> 4
<MEAN> 22
 8.582488e+000 3.481417e+000 1.916292e+000 1.230336e+000 9.188578e+001 3.527864e+001 7.612579e+001 8.676153e+001 7.774208e+001 5.868915e+001 1.025605e+002 1.743860e+002 1.086069e+002 1.139764e+002 3.270903e+000 4.621266e+000 6.080045e+000 5.796787e+000 4.344862e+000 5.516328e+000 3.016832e+000 2.320191e+000
<VARIANCE> 22
 1.161300e+002 4.813383e+001 6.831738e+000 5.321983e+000 8.245323e+003 4.377995e+003 8.667587e+002 7.797559e+002 3.403682e+002 1.370456e+002 4.965771e+003 2.488999e+003 3.531497e+002 2.528645e+002 6.662554e+000 9.057182e-001 1.011560e+000 4.134162e-001 1.866680e+000 2.905325e+000 6.116293e+000 6.190291e+000
<GCONST> 1.282113e+002
<TRANSP> 5
 0.000000e+000 1.000000e+000 0.000000e+000 0.000000e+000 0.000000e+000
 0.000000e+000 7.362881e-001 2.637119e-001 0.000000e+000 0.000000e+000
 0.000000e+000 0.000000e+000 9.555159e-001 4.448404e-002 0.000000e+000
 0.000000e+000 0.000000e+000 0.000000e+000 9.223121e-001 7.768790e-002
 0.000000e+000 0.000000e+000 0.000000e+000 0.000000e+000 0.000000e+000
<ENDHMM>
~h "TT"
<BEGINHMM>
<NUMSTATES> 5
<STATE> 2
<MEAN> 22
 1.005850e+001 1.553601e+001 4.441255e+000 5.697397e+000 3.476239e+001 4.521202e+001 9.167555e+001 8.918864e+001 6.583242e+001 6.458188e+001 1.742593e+002 1.652542e+002 1.135975e+002 1.112428e+002 5.862129e+000 4.537871e+000 5.875546e+000 5.500324e+000 5.584539e+000 5.404689e+000 2.521385e+000 2.769066e+000
<VARIANCE> 22
 1.489917e+003 1.167584e+003 1.097062e+003 7.237456e+002 3.255448e+003 2.669257e+003 1.152960e+003 9.812645e+002 2.711228e+002 2.596393e+002 2.155881e+003 1.962245e+003 2.511696e+002 2.093717e+002 5.603152e+000 8.077719e-001 1.798471e+000 5.316783e-001 1.180266e+000 2.591765e+000 6.379742e+000 3.812416e+000
<GCONST> 1.413683e+002
<STATE> 3
<MEAN> 22
 1.805272e+000 1.763815e+001 8.085358e-001 5.944972e+000 1.315088e+001 1.978206e+002 9.529153e+001 1.596138e+002 6.032455e+001 1.154479e+002 1.903222e+002 9.796874e+001 1.144300e+002 9.774657e+001 6.867351e+000 2.712939e+000 6.086813e+000 3.529961e+000 5.961507e+000 2.173080e+000 1.923229e+000 3.724687e+000
<VARIANCE> 22
 1.337460e+001 3.713057e+002 3.351634e+000 5.398990e+001 7.111373e+002 4.455489e+003 4.547811e+002 1.608904e+003 1.521484e+002 7.800190e+002 7.406953e+002 1.255447e+003 1.997314e+002 3.355979e+002 8.128097e-001 6.030704e-001 2.626354e-001 7.464283e-001 1.105572e-001 2.000062e+000 5.859630e+000 5.503241e+000
<GCONST> 1.187757e+002
<STATE> 4
<MEAN> 22
 1.290476e+001 3.929170e+000 4.503781e+000 1.565773e+000 1.319739e+002 3.145926e+001 1.282052e+002 8.734004e+001 9.405134e+001 5.692240e+001 1.232663e+002 1.778497e+002 1.021202e+002 1.118020e+002 3.019016e+000 4.627398e+000 3.517687e+000 5.684003e+000 3.741669e+000 5.355618e+000 3.253793e+000 2.473189e+000
<VARIANCE> 22
 3.123918e+002 5.010558e+001 4.996460e+001 7.879682e+000 1.142326e+004 3.587183e+003 3.169913e+003 1.003962e+003 1.314846e+003 1.538384e+002 3.250778e+003 2.155502e+003 5.651354e+002 4.104966e+002 7.287677e+000 1.149633e+000 8.035499e+000 8.501117e-001 3.688571e+000 3.595385e+000 5.865777e+000 6.461200e+000
<GCONST> 1.391702e+002
<TRANSP> 5
 0.000000e+000 1.000000e+000 0.000000e+000 0.000000e+000 0.000000e+000
 0.000000e+000 7.137300e-001 2.862700e-001 0.000000e+000 0.000000e+000
 0.000000e+000 0.000000e+000 9.463620e-001 5.363798e-002 0.000000e+000
 0.000000e+000 0.000000e+000 0.000000e+000 9.437506e-001 5.624938e-002
 0.000000e+000 0.000000e+000 0.000000e+000 0.000000e+000 0.000000e+000
<ENDHMM>
~h "VA"
<BEGINHMM>
<NUMSTATES> 5
<STATE> 2
<MEAN> 22
 8.258451e+000 1.460600e+001 3.937123e+000 5.247954e+000 1.007910e+002 1.121531e+002 8.570755e+001 8.329800e+001 6.370985e+001 6.977650e+001 1.437097e+002 1.223542e+002 9.780974e+001 9.577438e+001 4.860343e+000 3.580873e+000 5.155371e+000 4.789633e+000 4.841289e+000 4.119199e+000 2.217741e+000 2.257494e+000
<VARIANCE> 22
 8.567708e+002 7.550653e+002 5.602182e+002 3.470191e+002 2.652302e+004 1.456504e+004 1.765572e+003 2.308573e+003 7.858638e+002 9.185598e+002 5.058357e+003 4.308971e+003 1.395408e+003 1.175371e+003 8.263371e+000 2.618225e+000 4.771379e+000 3.153235e+000 3.559762e+000 6.997931e+000 5.690655e+000 3.902381e+000
<GCONST> 1.577820e+002
<STATE> 3
<MEAN> 22
 2.487412e+000 1.513363e+001 1.255099e+000 5.685044e+000 1.365655e+001 1.880460e+002 9.034405e+001 1.400733e+002 5.709264e+001 1.068617e+002 1.848288e+002 7.741270e+001 1.123374e+002 8.450224e+001 6.742591e+000 2.534193e+000 6.053729e+000 3.801143e+000 5.913795e+000 1.903383e+000 2.134748e+000 3.528412e+000
<VARIANCE> 22
 2.973873e+001 2.886737e+002 8.324843e+000 4.150525e+001 7.063849e+002 4.339418e+003 4.577365e+002 2.692227e+003 1.322982e+002 6.447838e+002 1.009927e+003 1.409192e+003 2.158577e+002 4.321071e+002 1.506286e+000 4.688343e-001 2.541872e-001 1.331563e+000 1.983481e-001 2.435525e+000 6.164127e+000 5.331455e+000
<GCONST> 1.225955e+002
<STATE> 4
<MEAN> 22
 1.075896e+001 6.181468e+000 3.977161e+000 2.508211e+000 1.004763e+002 2.536792e+001 1.201966e+002 8.642570e+001 8.911675e+001 5.840072e+001 1.293072e+002 1.757193e+002 1.002861e+002 1.123852e+002 3.761853e+000 4.617308e+000 4.169502e+000 5.733776e+000 4.165679e+000 5.421112e+000 3.122017e+000 2.860491e+000
<VARIANCE> 22
 2.285589e+002 1.452924e+002 3.384612e+001 1.762366e+001 8.497499e+003 8.133822e+002 2.939276e+003 7.302411e+002 9.035005e+002 1.456372e+002 4.483572e+003 1.695431e+003 4.853041e+002 1.518723e+002 7.509419e+000 8.156045e-001 7.468036e+000 2.037456e-001 3.393681e+000 3.049044e+000 6.215781e+000 6.586981e+000
<GCONST> 1.346830e+002
<TRANSP> 5
 0.000000e+000 1.000000e+000 0.000000e+000 0.000000e+000 0.000000e+000
 0.000000e+000 7.625663e-001 2.374337e-001 0.000000e+000 0.000000e+000
 0.000000e+000 0.000000e+000 9.265007e-001 7.349934e-002 0.000000e+000
 0.000000e+000 0.000000e+000 0.000000e+000 9.392443e-001 6.075570e-002
 0.000000e+000 0.000000e+000 0.000000e+000 0.000000e+000 0.000000e+000
<ENDHMM>
~h "VQ"
<BEGINHMM>
<NUMSTATES> 5
<STATE> 2
<MEAN> 22
 1.768005e+001 1.968161e+001 9.581426e+000 9.450891e+000 5.426321e+001 6.636334e+001 9.276358e+001 9.039442e+001 6.710040e+001 6.133308e+001 1.594359e+002 1.427329e+002 1.104894e+002 1.094623e+002 5.322995e+000 4.117062e+000 5.593317e+000 5.405522e+000 5.209665e+000 4.579690e+000 2.689988e+000 2.636158e+000
<VARIANCE> 22
 3.775137e+003 2.913656e+003 2.914992e+003 1.917375e+003 7.026758e+003 6.056813e+003 1.146534e+003 8.777670e+002 2.508816e+002 1.879056e+002 4.241686e+003 4.579078e+003 5.762650e+002 3.923275e+002 6.844737e+000 1.719069e+000 3.702591e+000 8.881240e-001 2.195362e+000 4.943316e+000 6.364773e+000 4.760435e+000
<GCONST> 1.528940e+002
<STATE> 3
<MEAN> 22
 1.787824e+000 1.322062e+001 7.693362e-001 4.474942e+000 1.052653e+001 1.369184e+002 9.101203e+001 1.054857e+002 5.622155e+001 7.368277e+001 1.882194e+002 7.903976e+001 1.129646e+002 9.251107e+001 6.929062e+000 3.007764e+000 6.059400e+000 4.523248e+000 5.958946e+000 2.792890e+000 1.887540e+000 3.671741e+000
<VARIANCE> 22
 1.263606e+001 2.340027e+002 3.300596e+000 3.487403e+001 5.682438e+002 5.022851e+003 3.546958e+002 1.502737e+003 8.561469e+001 2.851222e+002 7.676473e+002 2.764825e+003 2.011577e+002 3.678159e+002 3.922743e-001 1.161846e+000 2.573434e-001 1.065032e+000 1.345294e-001 4.023057e+000 5.761967e+000 5.517020e+000
<GCONST> 1.178692e+002
<STATE> 4
<MEAN> 22
 1.019745e+001 3.415908e+000 3.808825e+000 1.485105e+000 1.153926e+002 4.242400e+001 9.920848e+001 8.274002e+001 7.351787e+001 5.279063e+001 9.576936e+001 1.673953e+002 9.535962e+001 1.076250e+002 2.837194e+000 4.424250e+000 3.891870e+000 5.534585e+000 3.562855e+000 5.178199e+000 3.407015e+000 2.513007e+000
<VARIANCE> 22
 1.699301e+002 3.710709e+001 3.022828e+001 7.593914e+000 1.319087e+004 6.822693e+003 1.925723e+003 9.119899e+002 5.721182e+002 1.708754e+002 4.454138e+003 2.834680e+003 7.264528e+002 5.571215e+002 6.591512e+000 1.648677e+000 9.056211e+000 1.342667e+000 3.536412e+000 3.886601e+000 6.121907e+000 6.257660e+000
<GCONST> 1.392153e+002
<TRANSP> 5
 0.000000e+000 1.000000e+000 0.000000e+000 0.000000e+000 0.000000e+000
 0.000000e+000 4.855539e-001 5.144461e-001 0.000000e+000 0.000000e+000
 0.000000e+000 0.000000e+000 9.423556e-001 5.764439e-002 0.000000e+000
 0.000000e+000 0.000000e+000 0.000000e+000 9.299918e-001 7.000826e-002
 0.000000e+000 0.000000e+000 0.000000e+000 0.000000e+000 0.000000e+000
<ENDHMM>
~h "SIL"
<BEGINHMM>
<NUMSTATES> 5
<STATE> 2
<MEAN> 22
 7.973138e+001 6.739600e+001 7.247491e+001 5.811728e+001 3.089300e+001 2.518635e+001 6.574838e+000 6.453155e+000 4.658663e+000 4.434120e+000 1.277946e+001 1.223553e+001 8.180364e+000 8.056050e+000 4.536247e-001 3.280417e-001 4.386891e-001 4.189046e-001 4.100012e-001 3.813192e-001 7.613805e-001 7.609136e-001
<VARIANCE> 22
 3.370305e+004 2.391702e+004 2.774895e+004 1.787874e+004 1.539143e+004 1.014866e+004 6.052127e+002 5.884380e+002 2.898396e+002 2.698325e+002 2.233319e+003 2.085177e+003 8.712982e+002 8.444390e+002 2.880956e+000 1.483915e+000 2.503896e+000 2.271854e+000 2.212673e+000 2.117453e+000 3.624672e+000 3.622305e+000
<GCONST> 1.600532e+002
<STATE> 3
<MEAN> 22
 5.756258e+000 5.437497e+000 1.762173e+000 1.687744e+000 4.277574e+001 4.083351e+001 9.193493e+001 9.028992e+001 7.136557e+001 6.182917e+001 1.630773e+002 1.696965e+002 1.136956e+002 1.145342e+002 5.206634e+000 4.433382e+000 5.977043e+000 5.705819e+000 5.230623e+000 5.068597e+000 2.469051e+000 2.406876e+000
<VARIANCE> 22
 1.161461e+002 1.203876e+002 1.170282e+001 9.748067e+000 2.361521e+003 2.235583e+003 1.670564e+003 1.106271e+003 2.570846e+002 1.748443e+002 4.486437e+003 3.382083e+003 6.367246e+002 2.873735e+002 7.071493e+000 1.399435e+000 1.941007e+000 3.687664e-001 1.748230e+000 4.291234e+000 5.791889e+000 5.689559e+000
<GCONST> 1.314583e+002
<STATE> 4
<MEAN> 22
 1.928565e+000 2.907885e+000 6.422775e-001 9.540032e-001 9.608849e+000 1.293746e+001 9.613552e+001 9.406261e+001 6.169996e+001 5.934141e+001 1.931691e+002 1.899158e+002 1.170255e+002 1.160774e+002 6.853057e+000 4.922794e+000 6.073018e+000 5.892445e+000 5.956366e+000 5.885547e+000 1.870852e+000 1.968326e+000
<VARIANCE> 22
 2.529755e+001 4.128439e+001 3.300596e+000 3.381621e+000 3.820231e+002 5.835090e+002 3.040873e+002 3.062555e+002 8.757023e+001 8.437856e+001 7.385303e+002 9.812166e+002 1.577950e+002 1.519698e+002 9.051563e-001 1.746636e-001 1.503795e-001 1.150966e-001 1.443077e-001 6.529607e-001 5.382748e+000 5.460335e+000
<GCONST> 1.011570e+002
<TRANSP> 5
 0.000000e+000 1.000000e+000 0.000000e+000 0.000000e+000 0.000000e+000
 0.000000e+000 9.080756e-001 9.192448e-002 0.000000e+000 0.000000e+000
 0.000000e+000 0.000000e+000 9.868717e-001 1.312825e-002 0.000000e+000
 0.000000e+000 0.000000e+000 0.000000e+000 9.976650e-001 2.334990e-003
 0.000000e+000 0.000000e+000 0.000000e+000 0.000000e+000 0.000000e+000
<ENDHMM>
