~o
<STREAMINFO> 1 22
<VECSIZE> 22<NULLD><MFCC_0><DIAGC>
~h "BN"
<BEGINHMM>
<NUMSTATES> 5
<STATE> 2
<NUMMIXES> 2
<MIXTURE> 1 3.525585e-001
<MEAN> 22
 8.236574e+000 1.394674e+001 4.709353e+000 5.287990e+000 1.717583e+001 2.318016e+001 8.305489e+001 7.446674e+001 5.942261e+001 5.659876e+001 1.802820e+002 1.692939e+002 1.116104e+002 1.092496e+002 6.898836e+000 5.007062e+000 6.065869e+000 5.885668e+000 5.831855e+000 6.119961e+000 2.293446e+000 2.190168e+000
<VARIANCE> 22
 2.113105e+003 1.440478e+003 1.698338e+003 1.073731e+003 3.991898e+002 4.279362e+002 6.039222e+002 5.810837e+002 6.522842e+001 6.245570e+001 9.409156e+002 1.070968e+003 1.833775e+002 1.830199e+002 1.482981e-001 1.565340e-001 6.153021e-002 1.012598e-001 1.453313e-001 2.266198e-001 5.673532e+000 3.743809e+000
<GCONST> 1.179530e+002
<MIXTURE> 2 6.474413e-001
<MEAN> 22
 5.799107e+000 8.069822e+000 1.612396e+000 2.730783e+000 1.438785e+002 1.607112e+002 7.069563e+001 8.586198e+001 6.985385e+001 7.254527e+001 1.094963e+002 7.084158e+001 9.287132e+001 9.149986e+001 3.123624e+000 2.451769e+000 4.742945e+000 4.003692e+000 4.100340e+000 2.028717e+000 2.274803e+000 2.404212e+000
<VARIANCE> 22
 1.211264e+002 2.202126e+002 9.981338e+000 1.662774e+001 3.338954e+004 1.706241e+004 2.341909e+003 2.709750e+003 9.857892e+002 1.183321e+003 5.834709e+003 3.204381e+003 1.759065e+003 1.339600e+003 8.392571e+000 2.070511e+000 7.236353e+000 3.275544e+000 3.662351e+000 5.162040e+000 6.075534e+000 5.802394e+000
<GCONST> 1.494692e+002
<STATE> 3
<NUMMIXES> 2
<MIXTURE> 1 4.106305e-001
<MEAN> 22
 1.465424e+000 2.016341e+001 5.113308e-001 5.182308e+000 7.698635e+000 1.447278e+002 1.007036e+002 1.041848e+002 6.262368e+001 8.729385e+001 2.036656e+002 7.580289e+001 1.217898e+002 1.103435e+002 6.998826e+000 2.878082e+000 6.120268e+000 4.517373e+000 5.998539e+000 2.300972e+000 1.754888e+000 3.581517e+000
<VARIANCE> 22
 9.489909e+000 3.771888e+002 3.300596e+000 2.853023e+001 1.056344e+002 5.311533e+003 3.196472e+002 1.625000e+003 7.226649e+001 5.552075e+002 6.469644e+002 2.435237e+003 2.206763e+002 1.678472e+002 6.504287e-002 1.082400e+000 1.063869e-001 8.559351e-001 2.082488e-002 5.105250e+000 5.554616e+000 5.410984e+000
<GCONST> 1.110609e+002
<MIXTURE> 2 5.893698e-001
<MEAN> 22
 8.819183e-001 4.784537e+000 4.231097e-001 1.507833e+000 9.745230e+000 1.721637e+002 8.630145e+001 1.184490e+002 5.574779e+001 8.812299e+001 1.800145e+002 3.163258e+001 1.094642e+002 9.596875e+001 6.927454e+000 2.057205e+000 5.991958e+000 3.670677e+000 5.961967e+000 1.104342e+000 1.337356e+000 2.629305e+000
<VARIANCE> 22
 4.801632e+000 4.203520e+001 3.300596e+000 3.170328e+000 6.014059e+002 9.387497e+002 1.175548e+002 1.992796e+002 4.804008e+001 2.621198e+002 3.976742e+002 3.446028e+002 5.599560e+001 7.597049e+001 3.935744e-001 1.161922e-001 2.281656e-001 4.839360e-001 1.176575e-001 3.120213e-001 4.785199e+000 5.964245e+000
<GCONST> 9.577678e+001
<STATE> 4
<NUMMIXES> 2
<MIXTURE> 1 4.146939e-001
<MEAN> 22
 1.358391e+001 5.739926e+000 3.021711e+000 1.819409e+000 4.602671e+001 2.454039e+001 8.765079e+001 9.504273e+001 7.071761e+001 5.831590e+001 1.616389e+002 1.941005e+002 1.150035e+002 1.168498e+002 5.096119e+000 4.996752e+000 6.366444e+000 5.842799e+000 5.338610e+000 6.006974e+000 3.574142e+000 2.919524e+000
<VARIANCE> 22
 3.095934e+002 8.401347e+001 2.017369e+001 7.052893e+000 2.285765e+003 8.780523e+002 6.145220e+002 3.138583e+002 2.717811e+002 6.567976e+001 3.246876e+003 4.983079e+002 2.671269e+002 1.199202e+002 8.171347e+000 1.793315e-002 2.533909e-001 1.324877e-001 1.519807e+000 5.618803e-002 6.029091e+000 6.642577e+000
<GCONST> 1.126154e+002
<MIXTURE> 2 5.853059e-001
<MEAN> 22
 6.444190e+000 1.628410e+000 2.573119e+000 7.472746e-001 1.629601e+002 1.859234e+001 1.254582e+002 8.613416e+001 9.132899e+001 5.856458e+001 3.504683e+001 1.792418e+002 9.952280e+001 1.151322e+002 1.959221e+000 4.703821e+000 1.002306e+000 5.822443e+000 2.864046e+000 5.627248e+000 3.044919e+000 1.920678e+000
<VARIANCE> 22
 8.636932e+001 1.268492e+001 1.757077e+001 2.164982e+000 3.806682e+003 7.685966e+002 4.264724e+002 8.015534e+002 3.277132e+002 6.894250e+001 3.872253e+002 1.752188e+003 2.208513e+002 1.686634e+002 3.800913e-001 4.622676e-001 2.891912e+000 1.803972e-001 2.723514e-001 2.671365e+000 6.214140e+000 5.643906e+000
<GCONST> 1.135303e+002
<TRANSP> 5
 0.000000e+000 1.000000e+000 0.000000e+000 0.000000e+000 0.000000e+000
 0.000000e+000 8.179702e-001 1.820299e-001 0.000000e+000 0.000000e+000
 0.000000e+000 0.000000e+000 9.546991e-001 4.530092e-002 0.000000e+000
 0.000000e+000 0.000000e+000 0.000000e+000 9.282627e-001 7.173736e-002
 0.000000e+000 0.000000e+000 0.000000e+000 0.000000e+000 0.000000e+000
<ENDHMM>
~h "BS"
<BEGINHMM>
<NUMSTATES> 5
<STATE> 2
<NUMMIXES> 2
<MIXTURE> 1 1.267264e-001
<MEAN> 22
 2.219283e+001 2.099558e+001 1.232628e+001 1.078821e+001 2.119266e+002 1.531920e+002 1.119337e+002 1.050867e+002 7.058875e+001 6.594463e+001 1.954880e+002 1.879421e+002 1.253909e+002 1.235757e+002 4.388624e+000 4.590270e+000 6.482580e+000 5.599894e+000 4.733628e+000 5.338654e+000 2.282943e+000 2.411311e+000
<VARIANCE> 22
 5.044037e+003 3.850242e+003 4.326018e+003 2.853881e+003 6.188727e+004 2.837802e+004 9.317015e+002 6.433890e+002 5.311733e+001 2.635130e+001 1.523317e+003 1.477359e+003 2.503264e+002 1.643946e+002 1.101896e+001 6.347179e-001 2.496981e-001 2.483943e-001 6.106651e+000 1.476644e+000 4.980210e+000 5.716161e+000
<GCONST> 1.453426e+002
<MIXTURE> 2 8.732731e-001
<MEAN> 22
 1.484937e+001 1.459301e+001 2.358756e+000 2.407466e+000 6.085828e+001 5.844704e+001 5.570167e+001 5.417094e+001 6.302689e+001 6.006645e+001 1.434451e+002 1.406167e+002 1.059814e+002 1.059563e+002 5.300045e+000 4.537565e+000 5.992448e+000 5.826655e+000 5.265685e+000 5.462766e+000 2.743470e+000 1.994479e+000
<VARIANCE> 22
 1.834635e+002 1.654979e+002 6.239675e+000 6.842378e+000 4.830714e+003 3.701384e+003 8.411915e+002 8.076477e+002 1.417267e+002 1.532426e+002 1.527184e+003 1.550269e+003 2.605882e+002 2.382126e+002 6.597615e+000 1.689914e+000 5.494940e-001 4.936189e-001 1.007857e+000 5.161773e+000 3.075060e+000 3.696986e+000
<GCONST> 1.255225e+002
<STATE> 3
<NUMMIXES> 2
<MIXTURE> 1 4.526712e-001
<MEAN> 22
 1.433169e+001 1.454672e+001 3.506063e+000 3.367685e+000 1.311056e+002 1.231604e+002 1.467558e+002 1.420712e+002 8.884833e+001 7.877528e+001 1.553020e+002 1.626264e+002 1.164504e+002 1.149968e+002 4.224150e-001 3.735808e+000 4.529610e+000 4.737424e+000 1.830947e+000 3.871329e+000 2.990074e+000 3.954814e+000
<VARIANCE> 22
 4.012368e+002 4.029207e+002 1.818619e+001 1.932791e+001 1.465768e+003 1.649596e+003 9.710534e+002 8.601826e+002 1.771879e+002 2.558279e+002 2.078907e+003 1.265745e+003 1.699599e+002 1.324406e+002 3.138697e-001 3.277628e-001 1.106112e+001 2.476128e-001 6.327161e+000 8.974418e-001 6.525875e+000 5.628009e+000
<GCONST> 1.262226e+002
<MIXTURE> 2 5.473288e-001
<MEAN> 22
 2.193283e+001 2.281133e+001 3.798229e+000 3.738606e+000 9.415526e+001 9.765784e+001 4.930177e+001 5.067564e+001 6.502785e+001 6.068523e+001 9.269418e+001 9.119835e+001 1.002207e+002 1.009061e+002 2.002642e+000 2.684645e+000 6.155867e+000 5.737880e+000 4.054019e+000 2.122748e+000 2.693901e+000 2.890711e+000
<VARIANCE> 22
 3.655447e+002 3.858303e+002 2.462004e+001 1.922268e+001 1.625954e+003 1.263303e+003 6.613024e+002 6.680244e+002 1.201552e+002 1.243680e+002 9.146440e+002 8.022024e+002 1.126412e+002 9.575226e+001 3.532140e+000 1.894609e+000 3.950939e-001 3.953037e-001 2.041134e+000 6.894267e+000 5.572103e+000 4.394197e+000
<GCONST> 1.242739e+002
<STATE> 4
<NUMMIXES> 2
<MIXTURE> 1 4.544699e-001
<MEAN> 22
 9.200291e+000 8.839722e+000 2.483582e+000 2.143716e+000 3.439081e+001 3.513828e+001 1.023337e+002 9.959161e+001 6.543015e+001 6.010835e+001 1.934047e+002 1.912771e+002 1.152890e+002 1.146414e+002 6.727030e+000 4.941552e+000 6.439910e+000 5.519662e+000 6.058176e+000 5.834968e+000 3.868851e+000 3.679412e+000
<VARIANCE> 22
 8.310831e+001 7.897219e+001 7.274929e+000 5.487143e+000 1.078255e+003 8.335773e+002 5.907324e+002 4.316895e+002 1.053464e+002 8.703976e+001 7.771124e+002 6.651270e+002 1.879370e+002 1.460381e+002 1.610547e+000 1.320873e-001 2.839945e-001 2.502237e-001 1.943616e-001 3.223201e-001 4.478370e+000 8.355954e+000
<GCONST> 1.082265e+002
<MIXTURE> 2 5.455303e-001
<MEAN> 22
 6.091641e+000 5.793901e+000 1.715639e+000 1.603922e+000 8.963133e+001 8.851913e+001 1.160619e+002 1.171661e+002 6.803814e+001 6.340392e+001 1.559901e+002 1.552115e+002 1.050128e+002 1.046324e+002 7.458094e-003 3.999236e+000 6.999692e+000 5.000000e+000 3.537701e+000 4.353371e+000 3.042236e+000 3.762885e+000
<VARIANCE> 22
 6.008155e+001 5.396794e+001 5.757498e+000 4.894594e+000 6.844018e+002 6.430118e+002 5.490298e+002 4.841581e+002 9.040800e+001 1.207276e+002 3.992600e+002 4.273983e+002 7.106686e+001 7.784788e+001 6.504287e-002 1.793315e-002 2.326111e-002 1.170389e-002 1.191601e+001 2.646063e-001 6.447650e+000 7.428827e+000
<GCONST> 9.735970e+001
<TRANSP> 5
 0.000000e+000 1.000000e+000 0.000000e+000 0.000000e+000 0.000000e+000
 0.000000e+000 8.005092e-001 1.994909e-001 0.000000e+000 0.000000e+000
 0.000000e+000 0.000000e+000 9.217824e-001 7.821754e-002 0.000000e+000
 0.000000e+000 0.000000e+000 0.000000e+000 9.473323e-001 5.266774e-002
 0.000000e+000 0.000000e+000 0.000000e+000 0.000000e+000 0.000000e+000
<ENDHMM>
~h "CF"
<BEGINHMM>
<NUMSTATES> 5
<STATE> 2
<NUMMIXES> 2
<MIXTURE> 1 1.670731e-001
<MEAN> 22
 2.678089e+001 1.245547e+001 1.333272e+001 7.502048e+000 6.665148e+001 2.696895e+001 1.017218e+002 8.916611e+001 8.007811e+001 6.070689e+001 1.330120e+002 1.832675e+002 1.105020e+002 1.178469e+002 4.417493e+000 4.756181e+000 5.132993e+000 5.725205e+000 4.757667e+000 5.855280e+000 3.287349e+000 2.581498e+000
<VARIANCE> 22
 3.353109e+003 2.257443e+003 2.761752e+003 1.648037e+003 4.805783e+003 1.070550e+003 1.028997e+003 7.935710e+002 5.060676e+002 1.274939e+002 6.047965e+003 1.592249e+003 4.000061e+002 1.625979e+002 7.753936e+000 3.989451e-001 5.100310e+000 2.229045e-001 2.302744e+000 1.093342e+000 5.657726e+000 5.407502e+000
<GCONST> 1.445099e+002
<MIXTURE> 2 8.329257e-001
<MEAN> 22
 5.726433e+000 6.978965e+000 2.218729e+000 2.316051e+000 7.988449e+001 8.731518e+001 8.203531e+001 6.759316e+001 7.741682e+001 6.543871e+001 9.211913e+001 1.015068e+002 9.487487e+001 1.017408e+002 2.981842e+000 3.191344e+000 4.679667e+000 5.012034e+000 3.926596e+000 3.380600e+000 2.805745e+000 2.603235e+000
<VARIANCE> 22
 7.962351e+001 1.190963e+002 1.047678e+001 1.314152e+001 8.269463e+003 7.047157e+003 2.237307e+003 1.701990e+003 6.634655e+002 5.573215e+002 3.527902e+003 3.190062e+003 6.371171e+002 5.287390e+002 5.716278e+000 2.316848e+000 5.709736e+000 2.042692e+000 2.426004e+000 7.822544e+000 6.085277e+000 5.469120e+000
<GCONST> 1.408213e+002
<STATE> 3
<NUMMIXES> 2
<MIXTURE> 1 3.921643e-001
<MEAN> 22
 2.593065e+000 2.266931e+001 9.566332e-001 5.918160e+000 1.568929e+001 1.172531e+002 9.922255e+001 9.137349e+001 6.294845e+001 8.435583e+001 1.936811e+002 9.907797e+001 1.175368e+002 1.041205e+002 6.860670e+000 3.375172e+000 6.186469e+000 4.809740e+000 5.916285e+000 3.242976e+000 2.053255e+000 3.698768e+000
<VARIANCE> 22
 2.317465e+001 4.662177e+002 3.303950e+000 4.388961e+001 8.605039e+002 6.301069e+003 5.105558e+002 1.934278e+003 1.204356e+002 5.270451e+002 1.349974e+003 3.410938e+003 2.769819e+002 2.665601e+002 6.785721e-001 1.553718e+000 5.245266e-001 1.696018e+000 2.226568e-001 7.446305e+000 5.970775e+000 5.103010e+000
<GCONST> 1.254755e+002
<MIXTURE> 2 6.078368e-001
<MEAN> 22
 9.225796e-001 5.984492e+000 4.537934e-001 2.838651e+000 5.847899e+000 1.944575e+002 8.994001e+001 1.291241e+002 5.704084e+001 1.019986e+002 1.855132e+002 3.101558e+001 1.107824e+002 8.315229e+001 7.000000e+000 2.000000e+000 6.003586e+000 2.912257e+000 5.999996e+000 9.936808e-001 1.404717e+000 2.520747e+000
<VARIANCE> 22
 4.801632e+000 8.060730e+001 3.300596e+000 1.509754e+001 4.956259e+001 8.872531e+002 1.813417e+002 4.047766e+002 4.926370e+001 3.928014e+002 3.505828e+002 1.439004e+002 1.005030e+002 2.305826e+002 6.504287e-002 1.793315e-002 2.326111e-002 1.201734e+000 2.082488e-002 5.618803e-002 5.109688e+000 5.760492e+000
<GCONST> 8.924605e+001
<STATE> 4
<NUMMIXES> 2
<MIXTURE> 1 4.234181e-001
<MEAN> 22
 8.920764e+000 5.788486e+000 2.664750e+000 2.132358e+000 2.856258e+001 2.394369e+001 9.066813e+001 9.716680e+001 6.544573e+001 6.077069e+001 1.874184e+002 1.944350e+002 1.166440e+002 1.163341e+002 6.385540e+000 5.000458e+000 6.191821e+000 5.718927e+000 5.889467e+000 5.989290e+000 3.363477e+000 3.051539e+000
<VARIANCE> 22
 1.747612e+002 6.193802e+001 1.358349e+001 7.758133e+000 7.682549e+002 5.727992e+002 6.330801e+002 3.251856e+002 1.439996e+002 9.228197e+001 9.957263e+002 5.106343e+002 1.892419e+002 1.284113e+002 3.725356e+000 1.793315e-002 1.550259e-001 2.029433e-001 1.167707e-001 5.618803e-002 6.413362e+000 6.413914e+000
<GCONST> 1.048675e+002
<MIXTURE> 2 5.765821e-001
<MEAN> 22
 1.060879e+001 1.558768e+000 3.821100e+000 8.252982e-001 1.722582e+002 2.495278e+001 1.209998e+002 9.668903e+001 9.687119e+001 5.761950e+001 3.827142e+001 1.914607e+002 8.575891e+001 1.134215e+002 1.911526e+000 4.976923e+000 2.478483e+000 5.681159e+000 3.035429e+000 5.955405e+000 3.143127e+000 2.051928e+000
<VARIANCE> 22
 2.133243e+002 8.462917e+000 2.750461e+001 2.164982e+000 3.448605e+003 1.106089e+003 1.203537e+003 2.526027e+002 4.563613e+002 8.373369e+001 5.195198e+002 4.557011e+002 4.455571e+002 1.199803e+002 2.242928e-001 6.677188e-002 4.603870e+000 2.386543e-001 2.142562e-001 2.234554e-001 6.210877e+000 5.615076e+000
<GCONST> 1.100155e+002
<TRANSP> 5
 0.000000e+000 1.000000e+000 0.000000e+000 0.000000e+000 0.000000e+000
 0.000000e+000 8.161063e-001 1.838938e-001 0.000000e+000 0.000000e+000
 0.000000e+000 0.000000e+000 9.521855e-001 4.781456e-002 0.000000e+000
 0.000000e+000 0.000000e+000 0.000000e+000 9.298881e-001 7.011189e-002
 0.000000e+000 0.000000e+000 0.000000e+000 0.000000e+000 0.000000e+000
<ENDHMM>
~h "CN"
<BEGINHMM>
<NUMSTATES> 5
<STATE> 2
<NUMMIXES> 2
<MIXTURE> 1 4.286625e-001
<MEAN> 22
 8.686052e+000 8.167085e+000 2.876869e+000 2.754830e+000 2.114744e+001 2.356320e+001 9.294254e+001 8.885184e+001 6.388062e+001 5.943045e+001 1.921717e+002 1.887056e+002 1.189749e+002 1.170856e+002 6.999049e+000 5.000000e+000 6.132336e+000 5.934763e+000 5.999256e+000 6.014345e+000 2.757542e+000 1.964203e+000
<VARIANCE> 22
 5.297864e+002 4.148036e+002 3.715087e+002 2.731898e+002 3.533933e+002 5.072409e+002 5.963899e+002 3.971181e+002 9.218596e+001 6.776958e+001 8.144363e+002 6.511659e+002 2.509797e+002 1.906743e+002 6.504287e-002 1.793315e-002 1.148226e-001 6.098088e-002 2.082488e-002 5.618803e-002 3.251454e+000 3.997409e+000
<GCONST> 1.055288e+002
<MIXTURE> 2 5.713381e-001
<MEAN> 22
 2.134765e+001 2.091792e+001 2.512094e+000 2.798349e+000 8.895454e+001 8.393121e+001 4.225715e+001 4.369699e+001 6.545643e+001 6.189591e+001 1.006195e+002 1.011763e+002 1.053326e+002 1.044945e+002 3.026893e+000 3.395696e+000 6.056913e+000 5.854118e+000 4.329309e+000 3.188554e+000 2.640291e+000 1.963088e+000
<VARIANCE> 22
 3.182449e+002 2.941547e+002 8.618219e+000 1.026613e+001 2.013720e+003 1.864748e+003 4.423647e+002 5.723973e+002 1.128547e+002 9.757887e+001 1.443544e+003 1.583036e+003 1.461466e+002 1.311708e+002 6.365160e+000 1.968340e+000 1.430025e-001 4.050127e-001 7.625831e-001 9.994092e+000 2.067378e+000 2.820421e+000
<GCONST> 1.212268e+002
<STATE> 3
<NUMMIXES> 2
<MIXTURE> 1 3.915288e-001
<MEAN> 22
 1.019983e+001 9.701761e+000 1.373103e+000 1.272244e+000 1.741665e+002 1.662207e+002 8.746659e+001 8.392037e+001 7.043481e+001 6.922397e+001 4.272385e+001 4.517246e+001 1.089192e+002 1.109068e+002 2.089928e+000 1.827752e+000 5.412568e+000 5.844297e+000 3.147691e+000 8.157924e-001 2.955336e+000 2.940871e+000
<VARIANCE> 22
 1.961306e+002 2.144853e+002 4.044445e+000 3.415951e+000 1.121039e+003 1.078006e+003 4.670036e+002 5.778581e+002 1.929184e+002 1.866659e+002 5.129732e+002 6.105154e+002 3.036408e+002 1.970243e+002 1.684625e-001 2.170224e-001 1.784842e+000 1.274973e+000 1.776583e-001 2.613275e-001 5.900672e+000 6.002879e+000
<GCONST> 1.123728e+002
<MIXTURE> 2 6.084716e-001
<MEAN> 22
 5.905308e+000 6.821061e+000 1.115120e+000 9.052199e-001 1.308881e+002 1.260953e+002 6.413177e+001 6.208307e+001 6.444073e+001 6.128024e+001 4.224689e+001 4.527742e+001 9.982793e+001 1.006655e+002 2.005492e+000 1.976658e+000 6.007395e+000 6.000331e+000 3.187521e+000 7.730572e-001 3.316092e+000 3.207866e+000
<VARIANCE> 22
 5.028828e+001 8.052901e+001 3.300596e+000 2.164982e+000 1.309389e+003 9.942880e+002 3.026198e+002 3.513313e+002 4.811793e+001 5.417936e+001 2.182198e+002 3.084873e+002 4.648048e+001 4.660451e+001 6.504287e-002 4.304346e-002 5.148471e-002 1.042089e-001 1.552549e-001 1.760211e-001 6.076182e+000 6.037733e+000
<GCONST> 9.192010e+001
<STATE> 4
<NUMMIXES> 2
<MIXTURE> 1 4.230249e-001
<MEAN> 22
 1.086625e+001 9.992241e+000 3.176245e+000 2.746557e+000 4.025498e+001 3.227241e+001 9.896809e+001 9.547036e+001 6.536912e+001 6.095718e+001 1.952675e+002 1.928644e+002 1.164897e+002 1.155690e+002 6.979471e+000 5.001607e+000 6.286318e+000 5.770436e+000 6.002028e+000 5.971181e+000 3.829451e+000 3.741159e+000
<VARIANCE> 22
 1.243533e+002 1.033054e+002 9.044584e+000 7.193011e+000 7.095873e+003 4.412454e+003 5.021828e+002 4.033853e+002 9.701932e+001 6.932054e+001 5.517686e+002 5.005054e+002 1.558566e+002 1.208102e+002 6.504287e-002 1.793315e-002 2.043376e-001 1.768633e-001 5.217595e-002 5.687288e-002 7.921805e+000 4.584885e+000
<GCONST> 1.024314e+002
<MIXTURE> 2 5.769739e-001
<MEAN> 22
 1.649684e+001 1.631255e+001 2.120598e+000 2.397863e+000 9.326408e+001 9.259872e+001 4.986278e+001 4.871262e+001 6.676442e+001 6.489643e+001 1.131375e+002 1.068216e+002 1.058901e+002 1.065030e+002 3.456614e+000 3.248772e+000 6.054687e+000 5.925862e+000 4.404898e+000 2.973981e+000 4.219584e+000 4.120051e+000
<VARIANCE> 22
 4.045456e+002 3.543155e+002 1.045702e+001 1.615461e+001 3.194735e+003 2.901379e+003 1.103299e+003 1.180174e+003 1.949072e+002 1.589754e+002 1.571807e+003 1.668891e+003 2.516111e+002 1.727921e+002 5.675112e+000 3.714145e+000 3.177130e-001 3.217731e-001 1.391459e+000 9.549281e+000 6.829566e+000 5.196942e+000
<GCONST> 1.302824e+002
<TRANSP> 5
 0.000000e+000 1.000000e+000 0.000000e+000 0.000000e+000 0.000000e+000
 0.000000e+000 8.363020e-001 1.636980e-001 0.000000e+000 0.000000e+000
 0.000000e+000 0.000000e+000 9.638771e-001 3.612297e-002 0.000000e+000
 0.000000e+000 0.000000e+000 0.000000e+000 9.190764e-001 8.092356e-002
 0.000000e+000 0.000000e+000 0.000000e+000 0.000000e+000 0.000000e+000
<ENDHMM>
~h "CP"
<BEGINHMM>
<NUMSTATES> 5
<STATE> 2
<NUMMIXES> 2
<MIXTURE> 1 8.346612e-001
<MEAN> 22
 1.371305e+001 1.141864e+001 3.842728e+000 3.269971e+000 5.391642e+001 5.249868e+001 1.075424e+002 1.077204e+002 7.615017e+001 7.080714e+001 1.877265e+002 1.910164e+002 1.262791e+002 1.221609e+002 4.187065e+000 4.635836e+000 6.692844e+000 5.461934e+000 5.521236e+000 5.539550e+000 3.283138e+000 3.184545e+000
<VARIANCE> 22
 5.714525e+002 3.748679e+002 3.652247e+002 2.102056e+002 1.538069e+003 1.427756e+003 1.157381e+003 1.173195e+003 1.685989e+002 1.698567e+002 2.025697e+003 1.147381e+003 3.798794e+002 2.173185e+002 1.131648e+001 3.108312e-001 2.158735e-001 2.485939e-001 3.447129e+000 7.933443e-001 5.375905e+000 5.429941e+000
<GCONST> 1.316355e+002
<MIXTURE> 2 1.653391e-001
<MEAN> 22
 7.074992e+000 4.026966e+000 9.920097e-001 9.711394e-001 3.327759e+002 2.419496e+002 5.845258e+001 4.811922e+001 3.311042e+001 3.046719e+001 4.526348e+001 6.122784e+001 4.807631e+001 4.995022e+001 8.025721e-001 1.554358e+000 1.005321e+000 2.399019e+000 1.029087e+000 1.561443e+000 1.370930e+000 1.464161e+000
<VARIANCE> 22
 4.280707e+002 7.505064e+001 4.406422e+000 4.541211e+000 2.935392e+004 2.034010e+004 5.078127e+003 3.887843e+003 1.520007e+003 1.241731e+003 4.079030e+003 5.875395e+003 3.018405e+003 3.086426e+003 1.856033e+000 3.668979e+000 4.511372e+000 7.268788e+000 2.292982e+000 5.120581e+000 5.031672e+000 5.342582e+000
<GCONST> 1.494661e+002
<STATE> 3
<NUMMIXES> 2
<MIXTURE> 1 4.583932e-001
<MEAN> 22
 1.133070e+001 1.158389e+001 2.731355e+000 3.008144e+000 5.504300e+001 4.664904e+001 7.923415e+001 8.470494e+001 7.161814e+001 6.723006e+001 1.646739e+002 1.684331e+002 1.138656e+002 1.138708e+002 4.653708e+000 4.571413e+000 6.512079e+000 5.333417e+000 5.949911e+000 5.761316e+000 3.727214e+000 3.597750e+000
<VARIANCE> 22
 1.074479e+002 1.078187e+002 1.051204e+001 1.146610e+001 1.243159e+003 7.257075e+002 4.105164e+002 4.952177e+002 1.564660e+002 1.523145e+002 5.862872e+002 6.094979e+002 1.309002e+002 1.330417e+002 1.086394e+001 2.752526e-001 3.124639e-001 2.479770e-001 2.883987e-001 4.147521e-001 5.188009e+000 4.970438e+000
<GCONST> 1.128120e+002
<MIXTURE> 2 5.416058e-001
<MEAN> 22
 9.618229e+000 1.022933e+001 2.592049e+000 2.481988e+000 6.397404e+001 5.693946e+001 5.535460e+001 5.873808e+001 6.880313e+001 6.554723e+001 1.149226e+002 1.165527e+002 1.009423e+002 1.006227e+002 4.122191e-001 3.801691e+000 6.743434e+000 5.254656e+000 5.262046e+000 4.924308e+000 3.303050e+000 3.073826e+000
<VARIANCE> 22
 9.445969e+001 9.453803e+001 1.167538e+001 1.015882e+001 5.227159e+002 7.317368e+002 2.618881e+002 3.551391e+002 1.032489e+002 1.547991e+002 2.977209e+002 3.495813e+002 7.385706e+001 8.070283e+001 1.330551e+000 5.158708e-001 1.936425e-001 1.898059e-001 1.879998e+000 5.230742e+000 5.198293e+000 5.111450e+000
<GCONST> 1.104121e+002
<STATE> 4
<NUMMIXES> 2
<MIXTURE> 1 5.248147e-001
<MEAN> 22
 8.020837e+000 7.429411e+000 2.310423e+000 2.380660e+000 3.244539e+001 3.011508e+001 9.622368e+001 9.680521e+001 6.732917e+001 6.327589e+001 1.925448e+002 1.933805e+002 1.192836e+002 1.191894e+002 6.994842e+000 4.999271e+000 6.268389e+000 5.632639e+000 6.001611e+000 5.968377e+000 3.865544e+000 3.636588e+000
<VARIANCE> 22
 6.069680e+001 5.763430e+001 5.826396e+000 6.348712e+000 9.346627e+002 6.259189e+002 3.372256e+002 2.338021e+002 9.139501e+001 7.741387e+001 4.098069e+002 3.568792e+002 1.219300e+002 8.632247e+001 6.504287e-002 1.793315e-002 1.963543e-001 2.324115e-001 2.082488e-002 5.618803e-002 5.754071e+000 5.838629e+000
<GCONST> 9.370042e+001
<MIXTURE> 2 4.751852e-001
<MEAN> 22
 6.120174e+000 6.256810e+000 1.157112e+000 1.201672e+000 3.719736e+001 3.560104e+001 6.780487e+001 6.783932e+001 5.884859e+001 5.677786e+001 1.500446e+002 1.508091e+002 1.019144e+002 1.013312e+002 5.372448e+000 4.735415e+000 6.398551e+000 5.530242e+000 5.970212e+000 5.967959e+000 3.522732e+000 3.358054e+000
<VARIANCE> 22
 3.575676e+001 3.456378e+001 3.300596e+000 2.164982e+000 4.755419e+002 3.582775e+002 1.892303e+002 2.334073e+002 5.500333e+001 8.151785e+001 2.509451e+002 2.827173e+002 5.007763e+001 5.426714e+001 8.599290e+000 2.562471e-001 2.869703e-001 2.685100e-001 1.837017e-001 2.585965e-001 5.321591e+000 5.443635e+000
<GCONST> 9.829237e+001
<TRANSP> 5
 0.000000e+000 1.000000e+000 0.000000e+000 0.000000e+000 0.000000e+000
 0.000000e+000 7.609994e-001 2.390006e-001 0.000000e+000 0.000000e+000
 0.000000e+000 0.000000e+000 9.264809e-001 7.351900e-002 0.000000e+000
 0.000000e+000 0.000000e+000 0.000000e+000 9.424707e-001 5.752935e-002
 0.000000e+000 0.000000e+000 0.000000e+000 0.000000e+000 0.000000e+000
<ENDHMM>
~h "CV"
<BEGINHMM>
<NUMSTATES> 5
<STATE> 2
<NUMMIXES> 2
<MIXTURE> 1 4.090520e-001
<MEAN> 22
 8.920225e+000 9.627619e+000 3.135178e+000 2.973249e+000 2.045191e+001 2.143664e+001 9.076342e+001 8.611903e+001 6.259612e+001 5.822563e+001 1.874412e+002 1.836772e+002 1.158667e+002 1.153576e+002 6.987826e+000 4.993920e+000 6.151916e+000 5.907766e+000 5.993908e+000 6.011453e+000 2.735369e+000 2.268033e+000
<VARIANCE> 22
 5.350338e+002 4.708148e+002 5.177235e+002 3.215723e+002 3.755442e+002 3.681699e+002 5.266767e+002 4.465857e+002 7.959035e+001 5.786829e+001 7.296561e+002 7.018647e+002 1.831814e+002 1.481704e+002 6.504287e-002 2.052830e-002 1.288368e-001 8.575525e-002 2.082488e-002 8.840138e-002 3.259240e+000 4.049750e+000
<GCONST> 1.060467e+002
<MIXTURE> 2 5.909490e-001
<MEAN> 22
 1.954948e+001 1.913604e+001 3.381724e+000 3.176505e+000 1.022845e+002 9.533459e+001 6.535291e+001 6.604871e+001 6.878573e+001 6.024979e+001 1.019717e+002 1.122014e+002 1.088735e+002 1.074846e+002 2.380031e+000 3.534906e+000 6.007195e+000 5.394506e+000 4.132775e+000 3.535409e+000 2.708847e+000 2.608960e+000
<VARIANCE> 22
 4.548274e+002 4.116020e+002 1.523753e+001 1.333010e+001 8.584511e+003 5.927963e+003 9.580861e+002 9.731638e+002 2.286586e+002 1.261577e+002 2.889098e+003 2.558899e+003 3.652038e+002 3.210746e+002 6.619883e+000 1.400690e+000 2.785334e+000 7.234581e-001 2.046711e+000 7.044716e+000 3.888173e+000 3.860608e+000
<GCONST> 1.354406e+002
<STATE> 3
<NUMMIXES> 2
<MIXTURE> 1 3.834264e-001
<MEAN> 22
 9.109649e+000 9.080424e+000 2.751025e+000 3.030552e+000 1.677587e+002 1.629129e+002 1.002201e+002 9.904424e+001 7.257153e+001 6.940621e+001 4.837194e+001 5.309607e+001 1.136471e+002 1.136801e+002 1.658353e+000 2.429431e+000 4.525416e+000 4.758174e+000 2.632813e+000 1.506981e+000 3.415282e+000 3.304309e+000
<VARIANCE> 22
 1.507976e+002 1.448191e+002 1.597829e+001 2.113276e+001 1.856972e+003 1.474338e+003 5.220710e+002 6.558870e+002 1.347184e+002 1.001270e+002 5.369565e+002 4.984943e+002 2.926487e+002 1.916951e+002 3.692637e-001 3.061897e-001 1.028003e+001 6.969528e-001 3.673640e-001 4.547499e-001 5.537946e+000 5.686306e+000
<GCONST> 1.182049e+002
<MIXTURE> 2 6.165740e-001
<MEAN> 22
 6.049694e+000 6.422826e+000 1.238727e+000 1.309738e+000 1.205799e+002 1.211376e+002 6.904340e+001 6.928754e+001 6.068378e+001 5.750485e+001 5.263295e+001 5.295235e+001 9.876317e+001 9.943689e+001 1.362848e+000 2.550383e+000 6.850028e+000 5.201974e+000 2.890058e+000 1.198400e+000 3.497457e+000 3.360469e+000
<VARIANCE> 22
 6.002448e+001 5.829514e+001 3.300596e+000 2.536502e+000 1.223790e+003 8.635394e+002 2.380975e+002 2.793340e+002 3.254110e+001 4.404169e+001 2.011440e+002 2.208547e+002 6.153102e+001 6.357328e+001 2.605004e-001 3.064311e-001 1.539726e-001 2.864737e-001 2.437377e-001 2.921982e-001 5.621589e+000 5.989940e+000
<GCONST> 9.716090e+001
<STATE> 4
<NUMMIXES> 2
<MIXTURE> 1 4.961794e-001
<MEAN> 22
 1.061490e+001 9.540434e+000 3.051147e+000 2.602164e+000 2.320508e+001 2.306001e+001 9.489285e+001 9.259399e+001 6.407740e+001 5.841338e+001 1.912502e+002 1.905238e+002 1.155460e+002 1.146982e+002 6.993729e+000 5.000455e+000 6.225257e+000 5.830727e+000 6.022503e+000 5.987418e+000 4.221340e+000 4.048260e+000
<VARIANCE> 22
 1.066239e+002 9.802024e+001 9.411427e+000 7.273821e+000 4.985733e+002 4.517888e+002 4.501088e+002 3.406631e+002 8.947362e+001 6.619749e+001 6.536391e+002 5.749352e+002 1.765387e+002 1.411928e+002 6.504287e-002 1.793315e-002 1.745180e-001 1.406178e-001 2.504353e-002 5.618803e-002 6.779260e+000 5.027537e+000
<GCONST> 9.632775e+001
<MIXTURE> 2 5.038203e-001
<MEAN> 22
 1.585079e+001 1.599752e+001 2.657243e+000 3.020292e+000 7.581995e+001 6.711573e+001 4.401973e+001 4.958113e+001 6.517420e+001 5.992751e+001 1.069455e+002 1.151471e+002 1.039184e+002 1.042022e+002 2.545403e+000 3.588805e+000 6.131915e+000 5.772209e+000 4.488011e+000 3.571595e+000 4.328497e+000 4.266081e+000
<VARIANCE> 22
 2.800614e+002 2.616306e+002 1.573664e+001 1.628979e+001 1.345900e+003 1.387443e+003 5.183279e+002 6.935606e+002 1.068000e+002 8.949863e+001 1.242109e+003 1.598638e+003 1.494725e+002 1.150357e+002 6.643476e+000 1.987427e+000 2.112674e-001 2.389248e-001 9.066386e-001 9.584345e+000 5.852291e+000 5.536809e+000
<GCONST> 1.230679e+002
<TRANSP> 5
 0.000000e+000 1.000000e+000 0.000000e+000 0.000000e+000 0.000000e+000
 0.000000e+000 8.444262e-001 1.555738e-001 0.000000e+000 0.000000e+000
 0.000000e+000 0.000000e+000 9.479648e-001 5.203522e-002 0.000000e+000
 0.000000e+000 0.000000e+000 0.000000e+000 9.169238e-001 8.307623e-002
 0.000000e+000 0.000000e+000 0.000000e+000 0.000000e+000 0.000000e+000
<ENDHMM>
~h "DC"
<BEGINHMM>
<NUMSTATES> 5
<STATE> 2
<NUMMIXES> 2
<MIXTURE> 1 4.258674e-001
<MEAN> 22
 9.769154e+000 9.275883e+000 3.797890e+000 3.332349e+000 4.234819e+001 4.001154e+001 8.995974e+001 8.655534e+001 6.348375e+001 5.940294e+001 1.879448e+002 1.851598e+002 1.177449e+002 1.168074e+002 6.975579e+000 4.993301e+000 6.178843e+000 5.862948e+000 5.962099e+000 6.008656e+000 2.484262e+000 2.113103e+000
<VARIANCE> 22
 8.953574e+002 6.475341e+002 8.325975e+002 5.128671e+002 1.052914e+004 6.600632e+003 6.844963e+002 4.729832e+002 9.907232e+001 6.134922e+001 8.742589e+002 7.518051e+002 2.312055e+002 1.799791e+002 1.307641e-001 1.793315e-002 1.468584e-001 1.182672e-001 8.383064e-002 1.102694e-001 3.090142e+000 3.477300e+000
<GCONST> 1.177394e+002
<MIXTURE> 2 5.741332e-001
<MEAN> 22
 1.403080e+001 1.344516e+001 2.738726e+000 2.848414e+000 1.083862e+002 9.969946e+001 4.548211e+001 4.613116e+001 6.522540e+001 6.144782e+001 1.108996e+002 1.140919e+002 1.050823e+002 1.030055e+002 2.047575e+000 3.487138e+000 6.061652e+000 5.559533e+000 4.501723e+000 4.327482e+000 2.525218e+000 2.005882e+000
<VARIANCE> 22
 1.630797e+002 1.400443e+002 1.286752e+001 1.343214e+001 1.087226e+004 7.432978e+003 6.785640e+002 7.328859e+002 2.876326e+002 2.218781e+002 1.273666e+003 1.380639e+003 6.539841e+002 5.384194e+002 7.017505e+000 2.183928e+000 1.485228e+000 1.249399e+000 2.029337e+000 9.210009e+000 2.874539e+000 3.219234e+000
<GCONST> 1.336628e+002
<STATE> 3
<NUMMIXES> 2
<MIXTURE> 1 4.597905e-001
<MEAN> 22
 1.416859e+001 1.585792e+001 2.983943e+000 3.370098e+000 1.377664e+002 1.356400e+002 6.848785e+001 6.963055e+001 6.919755e+001 6.620020e+001 5.956161e+001 6.004849e+001 9.892872e+001 9.960832e+001 1.934645e+000 2.249150e+000 5.868005e+000 5.686755e+000 3.407199e+000 9.136031e-001 2.738608e+000 2.683616e+000
<VARIANCE> 22
 2.772633e+002 3.581063e+002 2.813608e+001 3.243084e+001 2.429075e+003 1.720643e+003 5.895110e+002 6.269388e+002 1.031912e+002 1.512043e+002 5.406451e+002 5.974954e+002 2.044455e+002 2.126085e+002 5.093134e-001 4.960415e-001 8.466999e-001 7.249315e-001 3.410281e-001 1.180565e+000 5.422456e+000 5.433710e+000
<GCONST> 1.204511e+002
<MIXTURE> 2 5.402099e-001
<MEAN> 22
 8.875040e+000 8.961294e+000 1.087549e+000 1.166615e+000 1.104716e+002 1.073380e+002 3.128123e+001 3.401374e+001 6.269419e+001 6.028732e+001 7.980946e+001 8.075024e+001 9.923120e+001 9.983531e+001 1.952069e+000 1.991809e+000 6.000134e+000 6.014928e+000 3.992205e+000 2.979453e-002 2.769006e+000 2.473447e+000
<VARIANCE> 22
 1.370046e+002 1.237800e+002 3.300596e+000 2.291347e+000 4.884687e+002 5.277280e+002 1.220874e+002 1.388695e+002 7.155016e+001 9.132888e+001 1.890642e+002 1.866795e+002 9.640129e+001 9.595773e+001 6.644219e-001 9.045819e-001 2.326111e-002 1.102869e-001 6.236003e-002 5.618803e-002 5.500240e+000 5.888461e+000
<GCONST> 9.413110e+001
<STATE> 4
<NUMMIXES> 2
<MIXTURE> 1 5.632603e-001
<MEAN> 22
 9.930246e+000 9.153129e+000 3.175900e+000 2.824560e+000 2.248140e+001 2.215680e+001 9.614001e+001 9.369271e+001 6.419348e+001 5.974244e+001 1.911004e+002 1.904027e+002 1.146619e+002 1.146608e+002 6.996795e+000 5.001392e+000 6.306013e+000 5.721736e+000 6.012547e+000 5.996877e+000 4.094864e+000 3.908182e+000
<VARIANCE> 22
 8.385382e+001 7.996777e+001 8.431490e+000 7.119426e+000 3.605011e+002 3.719706e+002 3.846242e+002 3.406358e+002 9.084650e+001 7.870969e+001 5.117435e+002 4.695977e+002 1.526970e+002 1.260428e+002 6.504287e-002 1.793315e-002 2.123670e-001 2.008369e-001 2.082488e-002 5.618803e-002 7.144280e+000 4.413826e+000
<GCONST> 9.484978e+001
<MIXTURE> 2 4.367387e-001
<MEAN> 22
 1.870026e+001 1.864995e+001 2.921094e+000 2.708449e+000 7.416016e+001 6.500662e+001 4.054065e+001 4.428500e+001 6.630189e+001 6.164094e+001 1.238022e+002 1.288480e+002 1.038642e+002 1.039417e+002 3.671933e+000 4.353060e+000 6.113002e+000 5.807531e+000 4.914753e+000 5.791948e+000 4.326302e+000 4.243315e+000
<VARIANCE> 22
 3.702921e+002 3.658043e+002 2.177721e+001 1.763157e+001 1.437090e+003 1.152009e+003 5.074043e+002 4.835570e+002 1.223792e+002 1.260059e+002 7.838358e+002 8.357051e+002 1.524633e+002 1.237941e+002 8.918225e+000 1.771360e+000 1.676745e-001 2.109761e-001 6.995553e-001 4.977036e+000 7.242297e+000 4.601022e+000
<GCONST> 1.219837e+002
<TRANSP> 5
 0.000000e+000 1.000000e+000 0.000000e+000 0.000000e+000 0.000000e+000
 0.000000e+000 8.684327e-001 1.315673e-001 0.000000e+000 0.000000e+000
 0.000000e+000 0.000000e+000 9.557335e-001 4.426654e-002 0.000000e+000
 0.000000e+000 0.000000e+000 0.000000e+000 9.062448e-001 9.375523e-002
 0.000000e+000 0.000000e+000 0.000000e+000 0.000000e+000 0.000000e+000
<ENDHMM>
~h "FM"
<BEGINHMM>
<NUMSTATES> 5
<STATE> 2
<NUMMIXES> 2
<MIXTURE> 1 1.247421e-001
<MEAN> 22
 1.420487e+001 1.746407e+001 8.897510e+000 7.960448e+000 4.667246e+001 6.113091e+001 7.776198e+001 7.209558e+001 7.086905e+001 7.469010e+001 1.570497e+002 1.338301e+002 1.071382e+002 1.088739e+002 4.863516e+000 4.035673e+000 6.043487e+000 5.399189e+000 5.335538e+000 5.381615e+000 2.895528e+000 3.154767e+000
<VARIANCE> 22
 2.540111e+003 2.512122e+003 2.038077e+003 1.316572e+003 3.922928e+003 3.619721e+003 1.027775e+003 1.115384e+003 4.783111e+002 3.782400e+002 2.461111e+003 2.521615e+003 7.534100e+002 3.213323e+002 8.946551e+000 1.158972e+000 1.645977e+000 5.740820e-001 1.541565e+000 4.738682e+000 7.542181e+000 5.414709e+000
<GCONST> 1.494498e+002
<MIXTURE> 2 8.752576e-001
<MEAN> 22
 7.071503e+000 1.304919e+000 1.919939e+000 6.118754e-001 6.455731e+001 9.239304e+000 6.207019e+001 9.982102e+001 9.545915e+001 5.722817e+001 1.389188e+002 1.997436e+002 1.140098e+002 1.187745e+002 2.150184e+000 4.995835e+000 6.519523e+000 5.904905e+000 5.262353e+000 6.003983e+000 3.127231e+000 1.816680e+000
<VARIANCE> 22
 6.214922e+001 4.219682e+000 6.746421e+000 2.164982e+000 7.721391e+002 7.818899e+001 7.364070e+002 2.584948e+002 4.935513e+002 7.185323e+001 1.053855e+003 4.495946e+002 1.720041e+002 1.371708e+002 9.923381e+000 1.793315e-002 2.496163e-001 8.605162e-002 3.449156e-001 5.618803e-002 6.408409e+000 5.516834e+000
<GCONST> 9.951759e+001
<STATE> 3
<NUMMIXES> 2
<MIXTURE> 1 4.331225e-001
<MEAN> 22
 2.327899e+000 9.042661e+000 8.745764e-001 3.175206e+000 1.606981e+001 5.220619e+001 1.055183e+002 8.205769e+001 6.442838e+001 9.139336e+001 2.068185e+002 1.630677e+002 1.219463e+002 1.170221e+002 6.991015e+000 4.491973e+000 6.142663e+000 5.279868e+000 5.992434e+000 6.296879e+000 2.227741e+000 3.308285e+000
<VARIANCE> 22
 1.708187e+001 7.890780e+001 3.300596e+000 1.711670e+001 6.893829e+002 1.040368e+003 4.395951e+002 5.028099e+002 8.267369e+001 5.980781e+002 7.757990e+002 9.849643e+002 3.188276e+002 1.587322e+002 6.504287e-002 2.825880e-001 1.565527e-001 2.260011e-001 3.814366e-002 3.176812e-001 6.281571e+000 5.619813e+000
<GCONST> 1.044627e+002
<MIXTURE> 2 5.668765e-001
<MEAN> 22
 8.109795e-001 5.974276e+000 3.612492e-001 1.223965e+000 5.737965e+000 6.174328e+001 8.845618e+001 5.105955e+001 5.319095e+001 8.201750e+001 1.830752e+002 1.204945e+002 1.100843e+002 9.878149e+001 6.964506e+000 4.060854e+000 6.002492e+000 5.406939e+000 5.994720e+000 6.295609e+000 1.366518e+000 3.134643e+000
<VARIANCE> 22
 4.801632e+000 3.768722e+001 3.300596e+000 2.164982e+000 4.956259e+001 2.695873e+002 7.045338e+001 2.880531e+002 3.645840e+001 1.449048e+002 1.495452e+002 3.854122e+002 4.176476e+001 5.050209e+001 2.361019e-001 2.797079e-001 2.326111e-002 2.413421e-001 2.082488e-002 2.350097e+000 4.960846e+000 5.831824e+000
<GCONST> 8.665228e+001
<STATE> 4
<NUMMIXES> 2
<MIXTURE> 1 9.034446e-001
<MEAN> 22
 6.302269e+000 5.789751e+000 1.594023e+000 1.721614e+000 4.317253e+001 3.628152e+001 5.993450e+001 5.750989e+001 7.866025e+001 6.603906e+001 1.363187e+002 1.334732e+002 1.055874e+002 1.037395e+002 3.035084e+000 3.967170e+000 6.430209e+000 5.582656e+000 5.304609e+000 5.253544e+000 2.641261e+000 2.591199e+000
<VARIANCE> 22
 7.716180e+001 7.742795e+001 6.166197e+000 9.248011e+000 7.491090e+002 9.083175e+002 8.270112e+002 9.081698e+002 3.850451e+002 2.012679e+002 1.161987e+003 1.386895e+003 1.314609e+002 1.397273e+002 1.040626e+001 1.509210e+000 2.554694e-001 2.478658e-001 5.155549e-001 5.877687e+000 5.765301e+000 6.275018e+000
<GCONST> 1.201924e+002
<MIXTURE> 2 9.655538e-002
<MEAN> 22
 2.111391e-001 1.914939e+000 5.789099e-002 4.882585e-001 4.964036e+002 3.755421e+002 2.893810e+001 2.340685e+001 1.565912e+001 2.038068e+001 5.185018e+001 4.249439e+001 2.751202e+001 2.763556e+001 1.765533e+000 1.129057e+000 1.618887e+000 1.340273e+000 1.511824e+000 1.476559e+000 2.507278e-001 9.018918e-001
<VARIANCE> 22
 4.801632e+000 2.212408e+001 3.300596e+000 2.164982e+000 3.464322e+003 8.867277e+002 2.486517e+003 1.720725e+003 7.323158e+002 1.294710e+003 7.972452e+003 5.503060e+003 2.246188e+003 2.268169e+003 9.241611e+000 3.851283e+000 7.831488e+000 5.380104e+000 6.777854e+000 6.513242e+000 1.006025e+000 3.847004e+000
<GCONST> 1.365289e+002
<TRANSP> 5
 0.000000e+000 1.000000e+000 0.000000e+000 0.000000e+000 0.000000e+000
 0.000000e+000 8.877233e-001 1.122767e-001 0.000000e+000 0.000000e+000
 0.000000e+000 0.000000e+000 9.556143e-001 4.438567e-002 0.000000e+000
 0.000000e+000 0.000000e+000 0.000000e+000 8.398806e-001 1.601194e-001
 0.000000e+000 0.000000e+000 0.000000e+000 0.000000e+000 0.000000e+000
<ENDHMM>
~h "FN"
<BEGINHMM>
<NUMSTATES> 5
<STATE> 2
<NUMMIXES> 2
<MIXTURE> 1 2.363292e-001
<MEAN> 22
 3.457956e+001 1.338670e+001 1.530381e+001 8.687831e+000 1.565660e+002 2.412711e+001 1.187715e+002 1.028941e+002 8.637296e+001 6.243502e+001 8.269357e+001 1.977353e+002 1.085499e+002 1.217948e+002 2.413833e+000 4.839886e+000 3.175822e+000 5.747210e+000 3.438349e+000 5.754844e+000 4.389962e+000 2.484667e+000
<VARIANCE> 22
 4.556097e+003 3.020825e+003 3.869623e+003 2.288869e+003 5.355413e+003 1.400273e+003 1.663435e+003 4.688798e+002 3.002499e+002 8.039975e+001 4.802429e+003 1.738200e+003 4.309022e+002 1.433430e+002 4.148625e+000 3.308124e-001 8.911379e+000 2.629838e-001 2.361437e+000 1.093832e+000 5.218279e+000 6.686219e+000
<GCONST> 1.449944e+002
<MIXTURE> 2 7.636704e-001
<MEAN> 22
 4.279643e+000 8.762591e+000 1.179191e+000 2.169060e+000 1.309732e+002 1.330906e+002 8.870326e+001 9.172454e+001 6.734970e+001 6.301181e+001 1.333553e+002 1.044255e+002 9.944951e+001 1.008941e+002 4.203476e+000 3.284651e+000 4.899634e+000 4.710687e+000 4.717596e+000 3.250035e+000 2.344083e+000 2.419940e+000
<VARIANCE> 22
 5.398587e+001 1.754041e+002 3.300596e+000 1.034531e+001 3.024266e+004 1.741346e+004 1.733680e+003 1.322942e+003 5.603278e+002 4.323797e+002 6.339254e+003 6.630372e+003 1.441636e+003 9.424592e+002 8.401905e+000 2.643834e+000 5.999542e+000 3.008069e+000 3.151101e+000 6.499939e+000 6.031559e+000 5.457193e+000
<GCONST> 1.444283e+002
<STATE> 3
<NUMMIXES> 2
<MIXTURE> 1 5.311373e-001
<MEAN> 22
 1.990473e+000 1.689092e+001 7.310661e-001 3.693996e+000 9.724155e+000 9.822290e+001 9.911095e+001 8.670222e+001 6.113681e+001 6.934135e+001 1.995971e+002 1.128939e+002 1.182919e+002 1.096901e+002 6.995846e+000 3.649629e+000 6.133655e+000 5.208292e+000 5.999321e+000 3.775820e+000 2.082740e+000 3.766284e+000
<VARIANCE> 22
 1.284909e+001 3.016909e+002 3.300596e+000 2.255902e+001 1.673533e+002 5.426410e+003 2.744001e+002 1.378462e+003 6.408905e+001 2.079145e+002 4.803918e+002 4.199929e+003 1.535598e+002 1.575286e+002 6.504287e-002 1.692356e+000 1.157889e-001 1.002753e+000 2.082488e-002 6.740167e+000 6.212237e+000 5.287687e+000
<GCONST> 1.108457e+002
<MIXTURE> 2 4.688616e-001
<MEAN> 22
 9.667017e-001 8.769062e+000 4.751592e-001 2.383963e+000 8.633160e+000 1.628149e+002 8.505535e+001 1.032571e+002 5.530202e+001 6.434307e+001 1.788959e+002 2.868261e+001 1.073364e+002 9.116112e+001 6.908706e+000 2.101778e+000 6.002594e+000 4.305322e+000 5.948539e+000 1.280025e+000 1.288930e+000 3.159551e+000
<VARIANCE> 22
 5.604905e+000 9.982239e+001 3.300596e+000 8.944820e+000 5.423476e+002 1.258504e+003 1.123142e+002 5.242465e+002 3.438316e+001 7.752646e+001 4.624475e+002 5.870938e+002 6.496783e+001 1.638082e+002 4.408526e-001 1.636962e-001 3.230965e-002 1.520911e+000 1.395568e-001 4.658141e-001 4.504225e+000 5.535620e+000
<GCONST> 9.907595e+001
<STATE> 4
<NUMMIXES> 2
<MIXTURE> 1 7.206978e-001
<MEAN> 22
 1.083422e+001 2.201583e+000 2.867996e+000 9.203166e-001 1.130351e+002 1.881090e+001 1.030011e+002 9.808564e+001 7.360086e+001 5.718588e+001 9.746056e+001 1.982543e+002 1.056722e+002 1.179833e+002 3.361086e+000 4.998483e+000 4.488558e+000 5.821165e+000 3.994603e+000 5.990164e+000 3.535495e+000 2.094085e+000
<VARIANCE> 22
 1.665187e+002 1.336538e+001 1.324381e+001 2.164982e+000 5.570375e+003 7.442045e+002 1.226545e+003 2.556954e+002 2.023255e+002 7.560389e+001 6.368951e+003 4.555517e+002 4.296743e+002 1.458072e+002 6.500482e+000 1.793315e-002 7.308661e+000 1.468519e-001 2.698007e+000 5.618803e-002 6.142198e+000 5.981888e+000
<GCONST> 1.145908e+002
<MIXTURE> 2 2.793015e-001
<MEAN> 22
 6.873499e+000 7.075933e+000 1.847249e+000 1.711082e+000 4.925142e+001 3.880807e+001 5.569740e+001 3.824104e+001 6.500448e+001 5.670354e+001 8.188470e+001 1.031229e+002 9.905615e+001 1.005110e+002 2.882868e+000 3.125741e+000 5.622966e+000 5.765805e+000 3.901606e+000 2.983963e+000 2.827047e+000 2.632447e+000
<VARIANCE> 22
 1.281254e+002 2.015709e+002 1.077204e+001 7.751435e+000 1.356028e+003 1.191077e+003 1.301388e+003 4.257323e+002 8.524660e+001 4.520553e+001 2.277848e+003 9.431999e+002 1.471382e+002 8.731501e+001 4.248749e+000 2.596286e+000 2.776727e+000 3.390742e-001 9.280994e-001 1.038543e+001 6.438680e+000 6.264450e+000
<GCONST> 1.231386e+002
<TRANSP> 5
 0.000000e+000 1.000000e+000 0.000000e+000 0.000000e+000 0.000000e+000
 0.000000e+000 7.447789e-001 2.552211e-001 0.000000e+000 0.000000e+000
 0.000000e+000 0.000000e+000 9.550690e-001 4.493093e-002 0.000000e+000
 0.000000e+000 0.000000e+000 0.000000e+000 9.182107e-001 8.178927e-002
 0.000000e+000 0.000000e+000 0.000000e+000 0.000000e+000 0.000000e+000
<ENDHMM>
~h "FU"
<BEGINHMM>
<NUMSTATES> 5
<STATE> 2
<NUMMIXES> 2
<MIXTURE> 1 8.060949e-001
<MEAN> 22
 9.906961e+000 1.345585e+000 2.405121e+000 7.001656e-001 1.364895e+002 1.885299e+001 1.027022e+002 9.430067e+001 6.513108e+001 5.471200e+001 5.350835e+001 1.917985e+002 9.916465e+001 1.127234e+002 2.603899e+000 5.000000e+000 3.333666e+000 5.848012e+000 3.277960e+000 5.996781e+000 3.233724e+000 1.953190e+000
<VARIANCE> 22
 2.437319e+002 4.063125e+000 1.110668e+001 2.164982e+000 4.994572e+003 7.280092e+002 9.639127e+002 1.764175e+002 1.983426e+002 5.466934e+001 3.409494e+003 3.235170e+002 2.230282e+002 1.353463e+002 3.437428e+000 1.793315e-002 7.859482e+000 1.288885e-001 1.528962e+000 5.618803e-002 6.267637e+000 5.682268e+000
<GCONST> 1.095264e+002
<MIXTURE> 2 1.939041e-001
<MEAN> 22
 8.376317e+000 9.580349e+000 2.653805e+000 2.384171e+000 5.468949e+001 5.698742e+001 7.865654e+001 5.783523e+001 6.224533e+001 5.709941e+001 9.039445e+001 1.133509e+002 9.885583e+001 1.001892e+002 3.451264e+000 3.624133e+000 5.244836e+000 5.521741e+000 4.108537e+000 4.085544e+000 2.911596e+000 2.833784e+000
<VARIANCE> 22
 1.804720e+002 1.568224e+002 2.562598e+001 1.311803e+001 2.907049e+003 2.964420e+003 1.422026e+003 8.984579e+002 1.284194e+002 9.253981e+001 4.171482e+003 2.249692e+003 2.492799e+002 1.384659e+002 5.848046e+000 2.094315e+000 4.144264e+000 6.136066e-001 1.955829e+000 7.721227e+000 5.856377e+000 5.113351e+000
<GCONST> 1.319710e+002
<STATE> 3
<NUMMIXES> 2
<MIXTURE> 1 4.283904e-001
<MEAN> 22
 2.090634e+000 1.853075e+001 7.044895e-001 3.381015e+000 7.494990e+000 1.417948e+002 1.030665e+002 9.277799e+001 6.247415e+001 6.983612e+001 2.054175e+002 6.989847e+001 1.216695e+002 1.071971e+002 6.998333e+000 2.832548e+000 6.153143e+000 4.815096e+000 5.999296e+000 2.469282e+000 2.005887e+000 3.185498e+000
<VARIANCE> 22
 2.138992e+001 3.668217e+002 3.300596e+000 1.474099e+001 9.563081e+001 5.577008e+003 3.893645e+002 1.676650e+003 8.699664e+001 1.768057e+002 7.741531e+002 3.127314e+003 2.704455e+002 1.854124e+002 6.504287e-002 1.366131e+000 1.296912e-001 1.582979e+000 2.082488e-002 5.435966e+000 6.227651e+000 5.611690e+000
<GCONST> 1.123963e+002
<MIXTURE> 2 5.716098e-001
<MEAN> 22
 9.821205e-001 3.733803e+000 5.255782e-001 1.276512e+000 7.665127e+000 1.626683e+002 8.240923e+001 1.033010e+002 5.242600e+001 5.783488e+001 1.744634e+002 2.028368e+001 1.043052e+002 8.937602e+001 6.933581e+000 2.034172e+000 6.015320e+000 4.148753e+000 5.961792e+000 1.305560e+000 1.382761e+000 2.630622e+000
<VARIANCE> 22
 4.801632e+000 3.135473e+001 3.300596e+000 2.381685e+000 4.421748e+002 7.649630e+002 8.691005e+001 2.257998e+002 3.505096e+001 9.425001e+001 3.095703e+002 3.287626e+002 5.992269e+001 7.024637e+001 3.589592e-001 9.191096e-002 6.484917e-002 2.226293e+000 1.106466e-001 4.202447e-001 4.878506e+000 6.683815e+000
<GCONST> 9.317329e+001
<STATE> 4
<NUMMIXES> 2
<MIXTURE> 1 7.093391e-001
<MEAN> 22
 4.285805e+000 1.220651e+001 1.888451e+000 3.372992e+000 1.468147e+001 2.553731e+001 9.754262e+001 8.791344e+001 6.032702e+001 5.837834e+001 1.955381e+002 1.850959e+002 1.164371e+002 1.129305e+002 6.992606e+000 4.991122e+000 6.112640e+000 5.834866e+000 5.999339e+000 6.037370e+000 2.836917e+000 3.753515e+000
<VARIANCE> 22
 2.185218e+002 3.423288e+002 1.540845e+002 1.031800e+002 1.628121e+002 4.991977e+002 2.490738e+002 3.892963e+002 7.479413e+001 8.814413e+001 4.120713e+002 6.059976e+002 1.399901e+002 1.264347e+002 6.504287e-002 2.549917e-002 9.995265e-002 1.378627e-001 2.082488e-002 5.618803e-002 6.676764e+000 5.436115e+000
<GCONST> 1.012754e+002
<MIXTURE> 2 2.906606e-001
<MEAN> 22
 6.120456e+000 7.203334e+000 1.429780e+000 2.950539e+000 2.354543e+002 1.925832e+002 6.282977e+001 6.293673e+001 5.102254e+001 5.178564e+001 1.131807e+002 9.098579e+001 8.137579e+001 7.314629e+001 3.604807e+000 2.943266e+000 4.383729e+000 3.904815e+000 3.889101e+000 3.362327e+000 2.208398e+000 2.165138e+000
<VARIANCE> 22
 1.561596e+002 2.141574e+002 8.155422e+000 6.013336e+001 4.456902e+004 2.412784e+004 2.337214e+003 2.568205e+003 1.016791e+003 1.182504e+003 7.787540e+003 6.322821e+003 2.646465e+003 2.425761e+003 9.321610e+000 4.801823e+000 7.260168e+000 5.968940e+000 5.951496e+000 8.296397e+000 6.889697e+000 6.353982e+000
<GCONST> 1.560855e+002
<TRANSP> 5
 0.000000e+000 1.000000e+000 0.000000e+000 0.000000e+000 0.000000e+000
 0.000000e+000 9.257291e-001 7.427091e-002 0.000000e+000 0.000000e+000
 0.000000e+000 0.000000e+000 9.461019e-001 5.389813e-002 0.000000e+000
 0.000000e+000 0.000000e+000 0.000000e+000 8.362699e-001 1.637301e-001
 0.000000e+000 0.000000e+000 0.000000e+000 0.000000e+000 0.000000e+000
<ENDHMM>
~h "MC"
<BEGINHMM>
<NUMSTATES> 5
<STATE> 2
<NUMMIXES> 2
<MIXTURE> 1 9.597894e-002
<MEAN> 22
 1.797197e+001 3.215548e+001 1.184191e+001 9.133039e+000 1.562748e+002 1.801398e+002 1.131405e+002 6.417049e+001 7.597655e+001 7.772917e+001 1.930019e+002 1.106608e+002 1.327842e+002 1.186314e+002 5.293534e+000 3.115379e+000 6.260267e+000 5.697751e+000 5.233502e+000 2.696037e+000 2.267133e+000 2.977847e+000
<VARIANCE> 22
 2.971846e+003 4.276604e+003 2.635074e+003 1.544229e+003 4.703101e+004 2.018069e+004 2.123940e+003 1.191069e+003 2.823351e+002 1.960996e+002 8.398841e+003 2.872953e+003 1.436918e+003 5.285109e+002 6.213638e+000 1.443741e+000 1.092736e+000 5.701154e-001 1.421548e+000 8.397126e+000 6.024389e+000 5.435323e+000
<GCONST> 1.565749e+002
<MIXTURE> 2 9.040210e-001
<MEAN> 22
 5.682208e+000 7.082770e+000 1.568124e+000 2.182069e+000 4.884241e+001 5.639236e+001 6.280202e+001 5.232331e+001 7.145179e+001 6.731189e+001 1.186078e+002 1.095050e+002 1.026503e+002 1.020285e+002 3.729671e+000 3.437294e+000 6.210120e+000 5.722604e+000 4.830166e+000 3.808964e+000 2.872609e+000 2.688623e+000
<VARIANCE> 22
 5.701373e+001 7.476904e+001 4.074368e+000 8.278245e+000 1.339364e+003 1.885978e+003 7.466467e+002 8.639897e+002 2.306460e+002 2.506978e+002 2.901476e+003 2.102489e+003 1.850086e+002 1.540490e+002 8.206862e+000 1.639865e+000 2.709447e-001 2.253176e-001 1.404319e+000 9.642239e+000 6.119957e+000 5.486255e+000
<GCONST> 1.231983e+002
<STATE> 3
<NUMMIXES> 2
<MIXTURE> 1 3.385615e-001
<MEAN> 22
 2.416590e+000 1.427957e+001 7.897106e-001 4.353270e+000 1.014459e+001 1.044408e+002 1.061561e+002 7.548023e+001 6.455306e+001 8.823560e+001 2.083851e+002 1.089424e+002 1.236280e+002 1.118457e+002 6.916259e+000 3.498423e+000 6.155919e+000 5.400609e+000 5.973067e+000 2.996062e+000 2.184550e+000 3.455157e+000
<VARIANCE> 22
 1.778636e+001 1.593846e+002 3.300596e+000 2.284817e+001 3.503734e+002 4.190371e+003 3.520208e+002 1.226698e+003 6.571593e+001 6.577943e+002 6.601681e+002 3.070010e+003 1.738640e+002 1.384597e+002 4.684584e-001 1.463456e+000 1.451703e-001 5.192841e-001 5.784641e-002 8.560015e+000 6.074191e+000 5.245434e+000
<GCONST> 1.149622e+002
<MIXTURE> 2 6.614391e-001
<MEAN> 22
 9.716735e-001 7.687576e+000 5.609106e-001 2.197655e+000 5.884943e+000 1.052636e+002 8.651812e+001 5.079485e+001 5.261370e+001 7.678690e+001 1.799915e+002 7.236147e+001 1.074564e+002 9.236025e+001 7.000000e+000 2.786211e+000 6.000729e+000 5.736860e+000 6.000000e+000 1.920490e+000 1.606694e+000 3.133740e+000
<VARIANCE> 22
 4.801632e+000 5.025320e+001 3.300596e+000 5.304515e+000 4.956259e+001 1.006117e+003 7.535509e+001 4.184978e+002 4.264217e+001 2.424881e+002 1.346932e+002 1.000920e+003 4.811688e+001 1.639029e+002 6.504287e-002 9.091384e-001 2.326111e-002 2.374768e-001 2.082488e-002 7.872924e+000 5.458263e+000 5.060635e+000
<GCONST> 9.347016e+001
<STATE> 4
<NUMMIXES> 2
<MIXTURE> 1 9.262620e-001
<MEAN> 22
 8.625824e+000 3.000345e+000 2.689132e+000 1.182265e+000 7.946605e+001 1.505774e+001 6.572092e+001 9.705967e+001 7.551521e+001 5.628277e+001 1.210495e+002 1.956617e+002 1.096513e+002 1.157758e+002 3.329423e+000 5.000000e+000 6.249974e+000 5.804032e+000 4.652773e+000 5.994808e+000 3.247669e+000 2.671319e+000
<VARIANCE> 22
 7.891459e+001 1.957280e+001 1.218478e+001 3.751388e+000 2.764430e+003 2.115852e+002 8.900925e+002 2.708004e+002 4.622924e+002 6.170835e+001 3.466206e+003 4.643481e+002 2.661891e+002 1.261077e+002 7.997016e+000 1.793315e-002 2.129146e-001 1.575663e-001 1.340083e+000 5.618803e-002 5.937635e+000 6.299927e+000
<GCONST> 1.079402e+002
<MIXTURE> 2 7.373741e-002
<MEAN> 22
 6.220698e+000 9.559447e+000 1.282620e+000 2.444141e+000 1.057639e+002 1.044876e+002 4.722338e+001 3.982685e+001 6.035994e+001 5.153033e+001 9.010299e+001 9.399831e+001 9.054664e+001 9.021642e+001 2.822137e+000 2.773426e+000 5.211679e+000 4.951921e+000 3.843621e+000 2.987473e+000 2.451057e+000 2.625251e+000
<VARIANCE> 22
 8.644802e+001 2.769547e+002 4.289319e+000 2.447738e+001 2.174269e+004 1.172878e+004 1.220551e+003 7.105737e+002 6.644722e+002 4.841741e+002 3.746263e+003 2.503058e+003 1.358034e+003 1.315034e+003 6.086368e+000 3.120660e+000 4.566038e+000 3.970348e+000 3.132529e+000 9.767867e+000 5.711336e+000 5.964583e+000
<GCONST> 1.441220e+002
<TRANSP> 5
 0.000000e+000 1.000000e+000 0.000000e+000 0.000000e+000 0.000000e+000
 0.000000e+000 8.694064e-001 1.305936e-001 0.000000e+000 0.000000e+000
 0.000000e+000 0.000000e+000 9.588950e-001 4.110495e-002 0.000000e+000
 0.000000e+000 0.000000e+000 0.000000e+000 9.053498e-001 9.465017e-002
 0.000000e+000 0.000000e+000 0.000000e+000 0.000000e+000 0.000000e+000
<ENDHMM>
~h "NU"
<BEGINHMM>
<NUMSTATES> 5
<STATE> 2
<NUMMIXES> 2
<MIXTURE> 1 8.063185e-001
<MEAN> 22
 8.191256e+000 1.153269e+001 2.990617e+000 2.848135e+000 9.829479e+001 8.800926e+001 9.366670e+001 8.151490e+001 7.167046e+001 6.323326e+001 1.627222e+002 1.466087e+002 1.132296e+002 1.155878e+002 4.918722e+000 4.111201e+000 5.898597e+000 5.599487e+000 5.104725e+000 4.263280e+000 2.699996e+000 2.558119e+000
<VARIANCE> 22
 6.169040e+002 1.111763e+003 4.370577e+002 2.771989e+002 2.098055e+004 1.295722e+004 1.474437e+003 9.847968e+002 2.269960e+002 1.219782e+002 4.332535e+003 3.623104e+003 9.147638e+002 2.535010e+002 7.832432e+000 1.294169e+000 2.480141e+000 3.678447e-001 2.219577e+000 6.079694e+000 6.191288e+000 5.265685e+000
<GCONST> 1.466485e+002
<MIXTURE> 2 1.936810e-001
<MEAN> 22
 -9.260329e-036 -1.390862e-039 2.322324e-039 -3.666218e-037 5.315967e+002 4.080164e+002 4.191209e-031 5.296850e-030 0.000000e+000 -3.716847e-031 3.114148e-030 -5.774659e-032 1.776766e-031 1.006976e-030 -1.110850e-031 -3.966391e-032 4.419782e-033 -2.440209e-035 1.163887e-032 2.216914e-032 2.351708e-037 -6.674053e-037
<VARIANCE> 22
 4.801632e+000 4.063125e+000 3.300596e+000 2.164982e+000 3.309095e+003 2.711516e+003 9.838196e+000 1.115232e+001 2.936353e+000 3.516743e+000 3.745900e+001 4.440890e+001 4.184655e+000 3.870682e+000 6.504287e-002 1.793315e-002 2.326111e-002 1.170389e-002 2.082488e-002 5.618803e-002 6.153807e-002 6.060927e-002
<GCONST> 5.130989e+001
<STATE> 3
<NUMMIXES> 2
<MIXTURE> 1 5.427785e-001
<MEAN> 22
 1.680067e+000 1.344262e+001 5.834553e-001 3.392047e+000 8.421635e+000 8.608926e+001 9.889134e+001 7.397732e+001 6.079945e+001 6.679325e+001 1.990492e+002 1.169043e+002 1.183833e+002 1.099988e+002 6.998250e+000 3.794134e+000 6.109713e+000 5.391807e+000 5.998182e+000 3.957240e+000 1.769683e+000 3.456740e+000
<VARIANCE> 22
 1.216905e+001 1.782116e+002 3.300596e+000 1.537127e+001 1.030034e+002 3.442185e+003 2.959340e+002 9.303488e+002 6.665573e+001 1.603993e+002 5.697388e+002 2.635704e+003 2.017416e+002 1.724859e+002 6.504287e-002 1.116042e+000 9.767399e-002 4.263201e-001 2.082488e-002 6.571310e+000 5.715071e+000 5.108247e+000
<GCONST> 1.068861e+002
<MIXTURE> 2 4.572217e-001
<MEAN> 22
 8.100479e-001 2.950904e+000 4.031101e-001 1.256431e+000 1.151560e+001 1.111417e+002 8.447164e+001 6.691245e+001 5.514432e+001 6.094440e+001 1.770400e+002 6.716277e+001 1.067981e+002 9.760645e+001 6.898847e+000 2.761959e+000 6.050667e+000 5.172625e+000 5.930528e+000 1.271908e+000 1.227969e+000 2.872854e+000
<VARIANCE> 22
 4.801632e+000 1.269117e+001 3.300596e+000 2.461106e+000 7.453720e+002 9.028764e+002 1.746794e+002 4.443063e+002 4.165166e+001 6.638609e+001 4.125387e+002 6.044718e+002 6.503214e+001 1.014567e+002 5.386438e-001 2.613057e-001 8.620130e-002 3.288113e-001 1.647730e-001 1.010733e+000 4.435127e+000 6.100997e+000
<GCONST> 9.644423e+001
<STATE> 4
<NUMMIXES> 2
<MIXTURE> 1 5.764869e-001
<MEAN> 22
 8.203761e+000 3.981912e+000 2.431728e+000 1.331864e+000 7.385539e+001 1.365757e+001 8.242146e+001 9.751463e+001 6.966370e+001 5.620140e+001 1.365266e+002 1.967443e+002 1.136629e+002 1.168715e+002 3.957703e+000 5.000000e+000 6.507327e+000 5.911302e+000 4.644431e+000 5.996326e+000 3.287077e+000 2.594138e+000
<VARIANCE> 22
 9.959325e+001 4.103070e+001 9.692216e+000 3.766699e+000 3.073849e+003 2.061671e+002 7.077892e+002 2.605236e+002 2.330903e+002 6.303466e+001 3.798277e+003 4.305496e+002 2.333308e+002 1.255589e+002 9.205029e+000 1.793315e-002 2.538184e-001 8.082884e-002 2.687416e+000 5.618803e-002 6.227420e+000 6.419707e+000
<GCONST> 1.081281e+002
<MIXTURE> 2 4.235136e-001
<MEAN> 22
 4.672076e+000 5.184060e+000 1.342717e+000 1.701755e+000 6.303752e+001 6.509150e+001 6.123251e+001 5.645999e+001 6.817823e+001 5.675742e+001 8.862925e+001 9.948215e+001 1.019386e+002 1.001380e+002 1.834598e+000 3.128070e+000 5.899538e+000 5.460501e+000 3.777210e+000 2.729278e+000 2.642729e+000 2.672740e+000
<VARIANCE> 22
 5.366198e+001 6.495220e+001 3.706698e+000 8.004440e+000 2.779163e+003 2.788707e+003 1.291831e+003 1.023666e+003 1.489406e+002 5.569527e+001 1.982273e+003 1.550244e+003 1.177099e+002 1.340383e+002 3.162857e+000 1.446276e+000 3.589123e+000 3.720001e-001 1.697040e+000 7.229203e+000 6.215513e+000 6.148422e+000
<GCONST> 1.235257e+002
<TRANSP> 5
 0.000000e+000 1.000000e+000 0.000000e+000 0.000000e+000 0.000000e+000
 0.000000e+000 7.050947e-001 2.949052e-001 0.000000e+000 0.000000e+000
 0.000000e+000 0.000000e+000 9.496443e-001 5.035571e-002 0.000000e+000
 0.000000e+000 0.000000e+000 0.000000e+000 9.172745e-001 8.272542e-002
 0.000000e+000 0.000000e+000 0.000000e+000 0.000000e+000 0.000000e+000
<ENDHMM>
~h "OK"
<BEGINHMM>
<NUMSTATES> 5
<STATE> 2
<NUMMIXES> 2
<MIXTURE> 1 6.304283e-001
<MEAN> 22
 1.521899e+001 3.026992e+000 4.619017e+000 1.521318e+000 1.231434e+002 1.379362e+001 1.041555e+002 9.872916e+001 7.972990e+001 5.506550e+001 9.006828e+001 2.024963e+002 1.121177e+002 1.195437e+002 2.554814e+000 4.997304e+000 4.598412e+000 5.920698e+000 3.580249e+000 5.995681e+000 3.525843e+000 2.225905e+000
<VARIANCE> 22
 5.537975e+002 2.416876e+002 2.919644e+002 1.668573e+002 4.663553e+003 2.491116e+002 8.879957e+002 1.883265e+002 2.294037e+002 5.247391e+001 4.402075e+003 3.063867e+002 3.030817e+002 1.025153e+002 5.966835e+000 1.793315e-002 9.428225e+000 7.301359e-002 2.573241e+000 5.618803e-002 5.930216e+000 5.984204e+000
<GCONST> 1.219056e+002
<MIXTURE> 2 3.695714e-001
<MEAN> 22
 9.257119e+000 6.610582e+000 2.167616e+000 1.809764e+000 5.926773e+001 6.071551e+001 8.015160e+001 5.607343e+001 7.100845e+001 5.911009e+001 8.690885e+001 1.088370e+002 9.818632e+001 1.027569e+002 2.656077e+000 3.374650e+000 4.492320e+000 5.514791e+000 3.786253e+000 3.768042e+000 3.112231e+000 2.532036e+000
<VARIANCE> 22
 1.907671e+002 1.427948e+002 1.506599e+001 1.332496e+001 2.306169e+003 3.041454e+003 1.909225e+003 1.091088e+003 1.530511e+002 1.191853e+002 2.949508e+003 2.120283e+003 3.719481e+002 1.419303e+002 4.771416e+000 1.693928e+000 7.408673e+000 6.026530e-001 2.195714e+000 8.534891e+000 6.490723e+000 5.884500e+000
<GCONST> 1.327542e+002
<STATE> 3
<NUMMIXES> 2
<MIXTURE> 1 5.389467e-001
<MEAN> 22
 2.401230e+000 1.631172e+001 8.509690e-001 3.581894e+000 1.139691e+001 7.981223e+001 1.007819e+002 9.164741e+001 6.152425e+001 7.048838e+001 2.027825e+002 1.396702e+002 1.203597e+002 1.144479e+002 6.997623e+000 4.101527e+000 6.088672e+000 5.325315e+000 5.999585e+000 4.528209e+000 2.286802e+000 3.608000e+000
<VARIANCE> 22
 1.994225e+001 3.507616e+002 3.300596e+000 1.779810e+001 1.853751e+002 5.161554e+003 2.634698e+002 1.018854e+003 6.619794e+001 2.867566e+002 4.690044e+002 3.649790e+003 1.751591e+002 1.521342e+002 6.504287e-002 1.138009e+000 8.140144e-002 5.927281e-001 2.082488e-002 5.153071e+000 6.421927e+000 5.565992e+000
<GCONST> 1.097355e+002
<MIXTURE> 2 4.610526e-001
<MEAN> 22
 1.011539e+000 7.186171e+000 6.386732e-001 2.263662e+000 8.215187e+000 1.446803e+002 8.482831e+001 9.680789e+001 5.268601e+001 6.840635e+001 1.813530e+002 4.673343e+001 1.087433e+002 9.710728e+001 6.944551e+000 2.455745e+000 6.018116e+000 4.523935e+000 5.977564e+000 1.512795e+000 1.602689e+000 3.173881e+000
<VARIANCE> 22
 4.801632e+000 8.730071e+001 3.300596e+000 8.048195e+000 3.794626e+002 1.162018e+003 9.750510e+001 5.187382e+002 3.873478e+001 8.737453e+001 2.162576e+002 3.294429e+002 5.345125e+001 8.580231e+001 3.232543e-001 2.755060e-001 4.692389e-002 4.425599e-001 5.939445e-002 4.113328e-001 5.462123e+000 5.868506e+000
<GCONST> 9.477343e+001
<STATE> 4
<NUMMIXES> 2
<MIXTURE> 1 8.249788e-001
<MEAN> 22
 7.421559e+000 5.307113e+000 2.137328e+000 1.558352e+000 5.500677e+001 2.755609e+001 8.370336e+001 8.446953e+001 6.198341e+001 5.378046e+001 1.536139e+002 1.801651e+002 1.071953e+002 1.100030e+002 5.329923e+000 5.006216e+000 6.327857e+000 5.876588e+000 5.194927e+000 6.074593e+000 2.890853e+000 2.862672e+000
<VARIANCE> 22
 1.097909e+002 8.401899e+001 8.670961e+000 5.705395e+000 2.731067e+003 1.223287e+003 5.538310e+002 3.213106e+002 1.021610e+002 7.966497e+001 3.170091e+003 5.575457e+002 2.477798e+002 1.133052e+002 7.223435e+000 8.580206e-002 2.389061e-001 1.081804e-001 2.308166e+000 7.851254e-002 6.007343e+000 6.533841e+000
<GCONST> 1.120353e+002
<MIXTURE> 2 1.750213e-001
<MEAN> 22
 2.512473e+000 2.506753e+000 1.075971e+000 7.847104e-001 2.644759e+002 2.090537e+002 6.778250e+001 4.028730e+001 4.107582e+001 3.369432e+001 5.834826e+001 7.227264e+001 6.194037e+001 6.323006e+001 1.739827e+000 2.254580e+000 1.352618e+000 3.224733e+000 1.884165e+000 2.523553e+000 1.416925e+000 1.613165e+000
<VARIANCE> 22
 2.935407e+001 5.384783e+001 6.514269e+000 4.777924e+000 4.842561e+004 3.083296e+004 4.217658e+003 1.689064e+003 1.364760e+003 9.805290e+002 9.037733e+003 5.280054e+003 3.674450e+003 3.262077e+003 5.520797e+000 4.697083e+000 6.848315e+000 8.028698e+000 4.394889e+000 8.236064e+000 4.549798e+000 5.277003e+000
<GCONST> 1.502568e+002
<TRANSP> 5
 0.000000e+000 1.000000e+000 0.000000e+000 0.000000e+000 0.000000e+000
 0.000000e+000 8.932056e-001 1.067945e-001 0.000000e+000 0.000000e+000
 0.000000e+000 0.000000e+000 9.397092e-001 6.029077e-002 0.000000e+000
 0.000000e+000 0.000000e+000 0.000000e+000 7.883011e-001 2.116989e-001
 0.000000e+000 0.000000e+000 0.000000e+000 0.000000e+000 0.000000e+000
<ENDHMM>
~h "PF"
<BEGINHMM>
<NUMSTATES> 5
<STATE> 2
<NUMMIXES> 2
<MIXTURE> 1 3.169649e-001
<MEAN> 22
 1.236058e+001 1.520127e+001 7.994770e+000 7.761968e+000 1.748752e+002 1.432181e+002 9.868765e+001 8.888142e+001 6.310024e+001 6.297830e+001 1.953454e+002 1.810774e+002 1.144507e+002 1.151634e+002 6.927263e+000 4.910646e+000 6.140894e+000 5.785676e+000 5.942663e+000 5.962177e+000 2.669849e+000 2.599528e+000
<VARIANCE> 22
 3.126883e+003 2.529545e+003 2.653657e+003 1.751222e+003 5.309886e+004 3.204603e+004 4.278994e+002 7.007868e+002 5.287996e+001 1.338163e+002 8.446486e+002 1.367300e+003 1.681907e+002 1.751903e+002 3.447954e-001 2.676866e-001 1.210431e-001 2.230395e-001 1.519132e-001 7.726846e-001 6.584760e+000 5.889371e+000
<GCONST> 1.341704e+002
<MIXTURE> 2 6.830348e-001
<MEAN> 22
 6.769846e+000 9.805498e+000 1.907215e+000 2.734665e+000 1.061826e+002 1.636176e+002 8.439398e+001 1.190324e+002 7.270277e+001 7.679370e+001 1.318330e+002 7.996347e+001 1.006829e+002 9.298931e+001 3.382348e+000 2.621415e+000 5.323480e+000 4.084249e+000 4.715182e+000 2.204608e+000 2.431434e+000 2.819388e+000
<VARIANCE> 22
 1.418517e+002 2.323599e+002 1.832252e+001 1.415838e+001 1.959434e+004 9.563313e+003 2.053808e+003 3.150018e+003 5.867266e+002 8.010347e+002 5.403270e+003 3.912760e+003 1.200059e+003 7.069301e+002 9.228058e+000 1.500937e+000 5.306571e+000 2.389394e+000 2.917842e+000 3.705527e+000 6.084981e+000 5.018193e+000
<GCONST> 1.456723e+002
<STATE> 3
<NUMMIXES> 2
<MIXTURE> 1 4.593091e-001
<MEAN> 22
 2.299219e+000 2.223693e+001 9.150949e-001 5.076567e+000 1.054954e+001 8.199941e+001 9.475617e+001 9.607257e+001 5.927073e+001 7.058705e+001 1.946871e+002 1.367486e+002 1.159983e+002 1.089314e+002 6.995543e+000 3.996351e+000 6.036368e+000 5.189191e+000 5.999471e+000 4.352094e+000 2.314056e+000 3.831159e+000
<VARIANCE> 22
 1.357892e+001 4.016522e+002 3.300596e+000 2.850396e+001 1.350516e+002 4.654976e+003 2.108558e+002 1.149110e+003 4.481841e+001 3.054776e+002 4.042388e+002 3.564343e+003 1.275263e+002 1.616793e+002 6.504287e-002 1.212400e+000 3.504512e-002 6.843035e-001 2.082488e-002 4.831073e+000 6.307219e+000 5.320242e+000
<GCONST> 1.079161e+002
<MIXTURE> 2 5.406908e-001
<MEAN> 22
 1.066313e+000 7.202985e+000 5.495031e-001 2.958693e+000 1.078022e+001 1.903142e+002 9.130523e+001 1.377808e+002 5.739360e+001 8.546694e+001 1.854267e+002 5.417956e+001 1.118038e+002 8.942644e+001 6.907892e+000 2.397234e+000 6.058652e+000 3.448666e+000 5.947796e+000 1.707903e+000 1.558445e+000 3.200135e+000
<VARIANCE> 22
 4.801632e+000 6.790669e+001 3.300596e+000 1.234644e+001 7.757192e+002 1.562155e+003 2.554238e+002 6.106529e+002 6.910146e+001 2.387373e+002 6.755181e+002 8.842888e+002 1.135374e+002 1.855189e+002 4.753214e-001 3.248120e-001 3.285598e-001 5.227945e-001 1.513348e-001 5.174233e-001 5.544584e+000 4.341204e+000
<GCONST> 1.058634e+002
<STATE> 4
<NUMMIXES> 2
<MIXTURE> 1 7.656987e-001
<MEAN> 22
 1.182662e+001 1.831830e+000 3.539806e+000 8.231319e-001 1.329192e+002 2.018737e+001 1.302399e+002 9.914634e+001 8.334470e+001 5.663170e+001 1.115549e+002 1.986399e+002 1.043245e+002 1.180199e+002 2.869306e+000 5.000000e+000 3.201402e+000 5.813489e+000 3.433053e+000 5.998805e+000 3.378059e+000 2.327814e+000
<VARIANCE> 22
 2.212102e+002 8.558307e+000 2.287423e+001 2.164982e+000 6.622332e+003 7.472194e+002 1.716241e+003 2.127499e+002 4.318022e+002 7.010401e+001 4.565628e+003 3.986503e+002 4.100745e+002 1.298952e+002 6.708456e+000 1.793315e-002 8.522124e+000 1.517285e-001 3.738871e+000 5.618803e-002 6.868001e+000 6.119972e+000
<GCONST> 1.160371e+002
<MIXTURE> 2 2.343010e-001
<MEAN> 22
 6.927266e+000 6.997460e+000 2.575032e+000 2.323565e+000 5.749712e+001 2.809662e+001 8.427905e+001 4.500068e+001 7.802090e+001 5.795955e+001 9.058158e+001 1.141119e+002 9.814024e+001 1.028093e+002 2.697187e+000 3.413256e+000 4.191329e+000 5.626875e+000 3.681747e+000 3.380283e+000 2.772241e+000 2.730621e+000
<VARIANCE> 22
 1.405079e+002 1.348519e+002 2.267517e+001 1.287502e+001 2.019581e+003 7.603957e+002 3.397514e+003 7.212770e+002 3.721334e+002 6.589560e+001 2.308010e+003 9.868505e+002 2.587387e+002 7.756660e+001 4.543206e+000 2.037056e+000 6.563450e+000 2.964955e-001 1.677300e+000 9.642147e+000 6.579920e+000 6.287721e+000
<GCONST> 1.289654e+002
<TRANSP> 5
 0.000000e+000 1.000000e+000 0.000000e+000 0.000000e+000 0.000000e+000
 0.000000e+000 6.759406e-001 3.240594e-001 0.000000e+000 0.000000e+000
 0.000000e+000 0.000000e+000 9.547549e-001 4.524502e-002 0.000000e+000
 0.000000e+000 0.000000e+000 0.000000e+000 9.164522e-001 8.354781e-002
 0.000000e+000 0.000000e+000 0.000000e+000 0.000000e+000 0.000000e+000
<ENDHMM>
~h "PR"
<BEGINHMM>
<NUMSTATES> 5
<STATE> 2
<NUMMIXES> 2
<MIXTURE> 1 7.548192e-001
<MEAN> 22
 9.999938e+000 1.230302e+001 4.685879e+000 5.142863e+000 3.310690e+001 6.812608e+001 8.556522e+001 9.383104e+001 7.327747e+001 6.606236e+001 1.690057e+002 1.418195e+002 1.104720e+002 1.099486e+002 4.817568e+000 4.064068e+000 6.384305e+000 5.282188e+000 5.671920e+000 4.453105e+000 2.485689e+000 3.035911e+000
<VARIANCE> 22
 1.437022e+003 1.122133e+003 1.097300e+003 7.150518e+002 1.222556e+003 3.637241e+003 1.303764e+003 1.100143e+003 3.261004e+002 2.202793e+002 3.132182e+003 2.455227e+003 8.777137e+002 3.554694e+002 9.500993e+000 1.028191e+000 3.440949e-001 5.411895e-001 9.431217e-001 3.790940e+000 6.196183e+000 5.865281e+000
<GCONST> 1.429372e+002
<MIXTURE> 2 2.451808e-001
<MEAN> 22
 3.171309e+000 2.142982e+000 1.144970e+000 7.952480e-001 3.376339e+002 2.416036e+002 5.625963e+001 4.635094e+001 3.606095e+001 3.132546e+001 5.984016e+001 7.852036e+001 5.210616e+001 5.361070e+001 1.500193e+000 2.093181e+000 1.839863e+000 2.704042e+000 1.661520e+000 2.281843e+000 1.244745e+000 1.213018e+000
<VARIANCE> 22
 4.784200e+001 2.517545e+001 6.062665e+000 3.867156e+000 3.163328e+004 2.699015e+004 3.544167e+003 2.779525e+003 1.373225e+003 1.057119e+003 5.579830e+003 7.630354e+003 2.769874e+003 3.064679e+003 6.249448e+000 5.064964e+000 8.185963e+000 7.626919e+000 4.828216e+000 7.985164e+000 3.916411e+000 4.296223e+000
<GCONST> 1.491232e+002
<STATE> 3
<NUMMIXES> 2
<MIXTURE> 1 6.261274e-001
<MEAN> 22
 1.467633e+000 1.244439e+001 6.519323e-001 3.873553e+000 9.234849e+000 8.506536e+001 9.892962e+001 8.628658e+001 6.104882e+001 6.802013e+001 1.977293e+002 1.241548e+002 1.172662e+002 1.084502e+002 6.999154e+000 3.823576e+000 6.104510e+000 5.159337e+000 5.999732e+000 4.059772e+000 1.965530e+000 3.746840e+000
<VARIANCE> 22
 7.241843e+000 1.753858e+002 3.300596e+000 2.260444e+001 1.240525e+002 2.722633e+003 2.661345e+002 8.404921e+002 6.202481e+001 1.758443e+002 4.942683e+002 1.905086e+003 1.688338e+002 2.017885e+002 6.504287e-002 7.778996e-001 9.358788e-002 3.829027e-001 2.082488e-002 4.239802e+000 6.168453e+000 5.905790e+000
<GCONST> 1.052847e+002
<MIXTURE> 2 3.738717e-001
<MEAN> 22
 8.714510e-001 4.806208e+000 3.941384e-001 2.040465e+000 1.125810e+001 1.136969e+002 8.224004e+001 8.519817e+001 5.434610e+001 5.833963e+001 1.720072e+002 7.446898e+001 1.051094e+002 9.346537e+001 6.818490e+000 2.986018e+000 6.054274e+000 4.890069e+000 5.913942e+000 2.275681e+000 1.233669e+000 3.337738e+000
<VARIANCE> 22
 4.801632e+000 3.290607e+001 3.300596e+000 6.862676e+000 7.408984e+002 1.137496e+003 1.010794e+002 4.278461e+002 4.640479e+001 7.738786e+001 3.642801e+002 9.464343e+002 5.436489e+001 1.132871e+002 1.043347e+000 3.217025e-001 8.110712e-002 2.675220e-001 2.942062e-001 1.555004e+000 4.471058e+000 7.001645e+000
<GCONST> 1.003373e+002
<STATE> 4
<NUMMIXES> 2
<MIXTURE> 1 7.220986e-001
<MEAN> 22
 8.732696e+000 2.541519e+000 2.556798e+000 1.129430e+000 7.032807e+001 1.573950e+001 8.393607e+001 9.580231e+001 6.931297e+001 5.550589e+001 1.271172e+002 1.946510e+002 1.093640e+002 1.154010e+002 3.254853e+000 5.000310e+000 6.602316e+000 5.846000e+000 4.235385e+000 5.997590e+000 3.544852e+000 2.300015e+000
<VARIANCE> 22
 1.140542e+002 1.839954e+001 1.103955e+001 3.337443e+000 2.585347e+003 2.756650e+002 6.075756e+002 1.983949e+002 2.234422e+002 6.279147e+001 3.531675e+003 3.563761e+002 2.303088e+002 1.081488e+002 9.108950e+000 1.793315e-002 2.405672e-001 1.302850e-001 3.790365e+000 5.618803e-002 5.861156e+000 6.085156e+000
<GCONST> 1.073359e+002
<MIXTURE> 2 2.779019e-001
<MEAN> 22
 9.992129e+000 4.160029e+000 2.540229e+000 1.116239e+000 5.621138e+001 3.014201e+001 7.939223e+001 5.191107e+001 7.607432e+001 5.925746e+001 8.994470e+001 1.253387e+002 1.034465e+002 1.006245e+002 1.691924e+000 3.688508e+000 5.172153e+000 5.633729e+000 3.164009e+000 4.507193e+000 2.666901e+000 2.330534e+000
<VARIANCE> 22
 1.858345e+002 6.158661e+001 1.305501e+001 4.082671e+000 2.062605e+003 9.304705e+002 1.843327e+003 1.031374e+003 1.393678e+002 5.413522e+001 9.668014e+002 1.254762e+003 1.165361e+002 9.403558e+001 3.435589e+000 1.173015e+000 7.487514e+000 2.868628e-001 2.135568e+000 7.715795e+000 5.830540e+000 6.159731e+000
<GCONST> 1.234605e+002
<TRANSP> 5
 0.000000e+000 1.000000e+000 0.000000e+000 0.000000e+000 0.000000e+000
 0.000000e+000 6.722464e-001 3.277536e-001 0.000000e+000 0.000000e+000
 0.000000e+000 0.000000e+000 9.500318e-001 4.996812e-002 0.000000e+000
 0.000000e+000 0.000000e+000 0.000000e+000 9.156588e-001 8.434121e-002
 0.000000e+000 0.000000e+000 0.000000e+000 0.000000e+000 0.000000e+000
<ENDHMM>
~h "SP"
<BEGINHMM>
<NUMSTATES> 5
<STATE> 2
<NUMMIXES> 2
<MIXTURE> 1 6.829508e-001
<MEAN> 22
 1.263478e+001 1.716682e+001 7.415764e+000 8.314616e+000 4.619603e+001 1.116560e+002 1.004209e+002 1.128241e+002 7.322328e+001 8.392794e+001 1.742287e+002 1.185625e+002 1.175519e+002 1.101716e+002 5.355467e+000 3.559419e+000 5.915392e+000 4.672353e+000 5.476459e+000 3.547454e+000 2.454153e+000 2.582356e+000
<VARIANCE> 22
 3.228304e+003 2.180636e+003 2.631512e+003 1.584355e+003 3.624142e+003 1.042023e+004 1.669762e+003 2.079895e+003 3.460044e+002 1.185942e+003 4.611344e+003 3.981527e+003 6.790831e+002 3.096349e+002 7.306396e+000 1.715659e+000 2.598712e+000 1.617473e+000 1.330361e+000 5.899016e+000 5.876831e+000 4.521462e+000
<GCONST> 1.551621e+002
<MIXTURE> 2 3.170492e-001
<MEAN> 22
 5.256510e-001 8.184834e-001 3.569648e-001 6.413537e-001 2.921759e+002 2.742541e+002 3.203345e+001 6.463622e+001 4.307228e+001 4.778207e+001 5.658702e+001 3.139938e+001 4.718629e+001 4.503254e+001 1.089756e-001 1.226387e+000 3.248948e+000 1.632164e+000 2.724071e+000 6.297780e-001 9.528432e-001 1.438519e+000
<VARIANCE> 22
 4.801632e+000 4.063125e+000 3.300596e+000 2.164982e+000 6.284083e+004 1.888401e+004 1.354916e+003 4.784381e+003 2.091926e+003 2.592032e+003 3.848870e+003 1.203326e+003 2.410662e+003 2.231880e+003 1.924755e-001 1.782764e+000 1.152657e+001 3.094132e+000 8.232126e+000 6.854475e-001 3.731302e+000 5.401417e+000
<GCONST> 1.355408e+002
<STATE> 3
<NUMMIXES> 2
<MIXTURE> 1 5.069550e-001
<MEAN> 22
 1.544743e+000 1.894652e+001 6.137507e-001 5.205493e+000 9.198321e+000 1.307915e+002 1.013632e+002 1.131305e+002 6.314328e+001 8.131403e+001 2.007692e+002 1.050217e+002 1.195249e+002 1.054666e+002 6.999113e+000 3.363920e+000 6.143448e+000 4.485058e+000 5.998847e+000 3.333426e+000 2.015105e+000 3.642600e+000
<VARIANCE> 22
 7.668620e+000 3.750791e+002 3.300596e+000 3.728408e+001 1.213106e+002 7.932202e+003 3.467646e+002 1.811092e+003 7.876999e+001 5.897855e+002 5.831602e+002 3.315348e+003 1.902557e+002 2.027651e+002 6.504287e-002 1.445461e+000 1.228737e-001 1.252092e+000 2.082488e-002 5.018140e+000 6.180414e+000 5.495233e+000
<GCONST> 1.131497e+002
<MIXTURE> 2 4.930452e-001
<MEAN> 22
 1.126664e+000 4.286329e+000 4.646950e-001 2.302959e+000 1.085551e+001 1.830332e+002 8.716197e+001 1.337621e+002 5.712444e+001 8.674547e+001 1.760279e+002 4.660741e+001 1.061321e+002 8.534627e+001 6.882956e+000 2.116649e+000 6.007582e+000 3.215784e+000 5.942370e+000 1.500204e+000 1.356617e+000 2.520669e+000
<VARIANCE> 22
 7.662920e+000 3.525665e+001 3.300596e+000 1.115416e+001 7.452199e+002 1.357297e+003 1.964902e+002 3.436873e+002 6.704320e+001 3.455238e+002 4.533575e+002 4.997873e+002 5.994751e+001 1.325003e+002 6.242574e-001 1.893757e-001 4.022936e-001 3.156886e-001 2.372904e-001 5.684317e-001 4.822406e+000 5.949374e+000
<GCONST> 1.031013e+002
<STATE> 4
<NUMMIXES> 2
<MIXTURE> 1 7.586787e-001
<MEAN> 22
 1.230911e+001 2.139839e+000 4.020225e+000 8.451311e-001 1.441628e+002 1.463228e+001 1.256655e+002 9.689899e+001 9.079195e+001 5.700536e+001 9.348784e+001 1.945779e+002 9.585589e+001 1.157265e+002 2.811385e+000 5.000000e+000 3.096015e+000 5.825891e+000 3.645548e+000 5.987416e+000 3.342019e+000 2.052364e+000
<VARIANCE> 22
 3.142275e+002 2.135362e+001 5.031982e+001 2.757746e+000 7.105341e+003 6.323154e+002 1.440120e+003 1.980841e+002 5.286709e+002 5.321793e+001 3.728126e+003 3.412173e+002 4.251528e+002 1.059102e+002 5.481233e+000 1.793315e-002 7.802512e+000 1.437946e-001 2.883494e+000 5.618803e-002 6.301211e+000 6.052931e+000
<GCONST> 1.166891e+002
<MIXTURE> 2 2.413213e-001
<MEAN> 22
 7.502473e+000 4.497255e+000 2.762094e+000 1.716265e+000 7.468544e+001 2.877989e+001 1.028245e+002 4.221223e+001 8.952909e+001 5.938505e+001 7.827049e+001 1.061551e+002 9.515305e+001 1.017544e+002 2.363610e+000 3.313467e+000 3.504355e+000 5.644506e+000 3.522985e+000 2.794560e+000 3.089150e+000 2.294318e+000
<VARIANCE> 22
 1.154913e+002 1.119865e+002 1.948057e+001 9.390482e+000 2.275265e+003 1.020146e+003 3.063431e+003 5.131240e+002 6.580252e+002 6.168534e+001 1.739849e+003 7.911472e+002 2.300276e+002 9.502336e+001 3.179476e+000 1.421048e+000 7.017850e+000 3.443464e-001 1.139580e+000 9.794907e+000 6.570013e+000 6.375377e+000
<GCONST> 1.273119e+002
<TRANSP> 5
 0.000000e+000 1.000000e+000 0.000000e+000 0.000000e+000 0.000000e+000
 0.000000e+000 6.382017e-001 3.617983e-001 0.000000e+000 0.000000e+000
 0.000000e+000 0.000000e+000 9.580176e-001 4.198237e-002 0.000000e+000
 0.000000e+000 0.000000e+000 0.000000e+000 9.246389e-001 7.536109e-002
 0.000000e+000 0.000000e+000 0.000000e+000 0.000000e+000 0.000000e+000
<ENDHMM>
~h "ST"
<BEGINHMM>
<NUMSTATES> 5
<STATE> 2
<NUMMIXES> 2
<MIXTURE> 1 1.564801e-001
<MEAN> 22
 1.729952e+001 2.528291e+001 1.093536e+001 8.544525e+000 1.777668e+002 1.955192e+002 1.226264e+002 9.057697e+001 7.875565e+001 7.999393e+001 2.149549e+002 1.261404e+002 1.322289e+002 1.226490e+002 6.077071e+000 3.377636e+000 6.623895e+000 5.822545e+000 5.671139e+000 3.219615e+000 2.577024e+000 2.936008e+000
<VARIANCE> 22
 3.069365e+003 3.123812e+003 2.708689e+003 1.632056e+003 5.299238e+004 2.325908e+004 1.930020e+003 8.269442e+002 2.576463e+002 2.788393e+002 5.664790e+003 5.504114e+003 1.328954e+003 3.608440e+002 4.313846e+000 2.506157e+000 3.272142e-001 5.292591e-001 6.225594e-001 7.590402e+000 7.238301e+000 6.135656e+000
<GCONST> 1.545182e+002
<MIXTURE> 2 8.435198e-001
<MEAN> 22
 6.120687e+000 6.524371e+000 1.406273e+000 1.783010e+000 8.264688e+001 7.209093e+001 7.646793e+001 8.079988e+001 7.215652e+001 6.995202e+001 1.276527e+002 1.233180e+002 1.058259e+002 1.087628e+002 3.994478e+000 3.575145e+000 5.950065e+000 5.566548e+000 4.673273e+000 3.498538e+000 2.935948e+000 2.538860e+000
<VARIANCE> 22
 8.234222e+001 9.298600e+001 4.176920e+000 6.311860e+000 1.011224e+004 6.072422e+003 1.029583e+003 1.015894e+003 4.610446e+002 4.725892e+002 4.108522e+003 5.187937e+003 6.560513e+002 5.417001e+002 8.433164e+000 2.404035e+000 2.130145e+000 1.178531e+000 2.752751e+000 7.613615e+000 6.423356e+000 5.788160e+000
<GCONST> 1.369777e+002
<STATE> 3
<NUMMIXES> 2
<MIXTURE> 1 4.817914e-001
<MEAN> 22
 2.068612e+000 1.504783e+001 7.520131e-001 3.342180e+000 1.420645e+001 9.604976e+001 9.932507e+001 7.350935e+001 6.228393e+001 7.970600e+001 1.996308e+002 1.043255e+002 1.189627e+002 1.119760e+002 6.977268e+000 3.460741e+000 6.152941e+000 5.695817e+000 5.987581e+000 3.385867e+000 1.870993e+000 3.288538e+000
<VARIANCE> 22
 1.556478e+001 2.157773e+002 3.300596e+000 1.478439e+001 6.316264e+002 4.084057e+003 2.914996e+002 7.896543e+002 6.871555e+001 4.716071e+002 6.418652e+002 3.955741e+003 1.869879e+002 1.405997e+002 1.018575e-001 1.918252e+000 1.406235e-001 4.605846e-001 2.917785e-002 8.519316e+000 5.659771e+000 5.466910e+000
<GCONST> 1.125308e+002
<MIXTURE> 2 5.182082e-001
<MEAN> 22
 6.976400e-001 7.014391e+000 3.226067e-001 1.190890e+000 5.785013e+000 1.294300e+002 8.597780e+001 6.278259e+001 5.533307e+001 7.985196e+001 1.817779e+002 4.893410e+001 1.094816e+002 9.929018e+001 6.973429e+000 2.057093e+000 6.002018e+000 5.967813e+000 5.993795e+000 3.816769e-001 1.211723e+000 2.748054e+000
<VARIANCE> 22
 4.801632e+000 7.748982e+001 3.300596e+000 2.164982e+000 4.956259e+001 7.201017e+002 8.303757e+001 3.999413e+002 2.458220e+001 1.679762e+002 1.792758e+002 3.670490e+002 4.366302e+001 5.637551e+001 1.638916e-001 1.042073e-001 2.326111e-002 2.515702e-001 2.082488e-002 3.225859e-001 4.453614e+000 5.983379e+000
<GCONST> 8.550974e+001
<STATE> 4
<NUMMIXES> 2
<MIXTURE> 1 7.610844e-001
<MEAN> 22
 1.015825e+001 2.571453e+000 2.330602e+000 9.284534e-001 9.219865e+001 1.913081e+001 7.859225e+001 9.877232e+001 8.203207e+001 5.748282e+001 1.058364e+002 1.998016e+002 1.119999e+002 1.190756e+002 3.485917e+000 5.000000e+000 6.196142e+000 5.914085e+000 4.444821e+000 5.997465e+000 3.210047e+000 2.201763e+000
<VARIANCE> 22
 1.403541e+002 2.432102e+001 9.476230e+000 2.776654e+000 3.982938e+003 7.296580e+002 6.817142e+002 1.912791e+002 3.818915e+002 4.576415e+001 5.056103e+003 3.427072e+002 2.533657e+002 1.100183e+002 6.730073e+000 1.793315e-002 2.829570e-001 7.853134e-002 1.631399e+000 5.618803e-002 6.075546e+000 6.075960e+000
<GCONST> 1.081666e+002
<MIXTURE> 2 2.389152e-001
<MEAN> 22
 7.424462e+000 4.219617e+000 1.500922e+000 1.709957e+000 6.630465e+001 2.864588e+001 6.904716e+001 5.454727e+001 7.636682e+001 5.750803e+001 6.718147e+001 1.341054e+002 9.977516e+001 1.038819e+002 2.162563e+000 4.189930e+000 5.483569e+000 5.750856e+000 3.730467e+000 5.351275e+000 2.790340e+000 2.214424e+000
<VARIANCE> 22
 8.202592e+001 7.314059e+001 4.146150e+000 9.940057e+000 3.550883e+003 1.133068e+003 1.000249e+003 9.021477e+002 2.905507e+002 8.156909e+001 2.603227e+003 1.661270e+003 1.313023e+002 1.003624e+002 3.234922e+000 1.063048e+000 3.673536e+000 2.522376e-001 1.109240e+000 5.527347e+000 5.845440e+000 5.888551e+000
<GCONST> 1.231222e+002
<TRANSP> 5
 0.000000e+000 1.000000e+000 0.000000e+000 0.000000e+000 0.000000e+000
 0.000000e+000 7.630126e-001 2.369874e-001 0.000000e+000 0.000000e+000
 0.000000e+000 0.000000e+000 9.563981e-001 4.360197e-002 0.000000e+000
 0.000000e+000 0.000000e+000 0.000000e+000 9.165946e-001 8.340543e-002
 0.000000e+000 0.000000e+000 0.000000e+000 0.000000e+000 0.000000e+000
<ENDHMM>
~h "TT"
<BEGINHMM>
<NUMSTATES> 5
<STATE> 2
<NUMMIXES> 2
<MIXTURE> 1 4.757462e-001
<MEAN> 22
 2.253155e+001 5.390311e+000 8.930094e+000 3.406301e+000 2.211245e+002 9.613298e+000 1.747023e+002 1.081740e+002 1.261170e+002 6.252788e+001 1.051048e+002 2.070582e+002 1.091623e+002 1.219785e+002 1.335025e+000 4.994084e+000 1.509846e+000 5.887761e+000 2.564389e+000 5.985210e+000 3.715964e+000 2.416607e+000
<VARIANCE> 22
 2.053037e+003 1.229443e+003 1.424240e+003 9.116799e+002 3.733624e+003 1.454617e+002 1.628784e+003 2.377174e+002 5.376209e+002 1.009651e+002 1.254889e+003 3.432614e+002 2.984158e+002 1.108026e+002 7.704158e-001 1.793315e-002 4.223520e+000 9.964138e-002 1.471419e+000 5.618803e-002 5.692771e+000 6.533549e+000
<GCONST> 1.255804e+002
<MIXTURE> 2 5.242543e-001
<MEAN> 22
 7.792603e+000 1.114962e+001 2.637864e+000 3.570943e+000 4.776548e+001 1.013196e+002 8.310319e+001 1.123611e+002 7.061211e+001 8.369139e+001 1.673830e+002 1.386359e+002 1.111253e+002 1.100964e+002 5.235384e+000 3.788204e+000 6.272017e+000 4.797051e+000 5.630210e+000 3.900633e+000 2.920843e+000 2.759889e+000
<VARIANCE> 22
 1.112489e+002 2.516049e+002 1.991116e+001 2.665485e+001 2.670441e+003 8.589786e+003 1.470989e+003 2.450087e+003 2.356807e+002 1.078719e+003 2.395656e+003 2.956663e+003 3.392594e+002 2.386973e+002 8.032689e+000 1.623857e+000 4.664664e-001 1.706139e+000 6.941248e-001 5.692816e+000 6.734079e+000 4.926899e+000
<GCONST> 1.357303e+002
<STATE> 3
<NUMMIXES> 2
<MIXTURE> 1 5.059990e-001
<MEAN> 22
 1.913816e+000 2.471933e+001 7.949151e-001 7.431083e+000 9.849823e+000 1.186897e+002 1.012239e+002 1.250112e+002 6.259459e+001 8.928232e+001 2.009242e+002 1.402835e+002 1.202702e+002 1.102498e+002 6.996686e+000 3.789817e+000 6.133798e+000 4.663545e+000 5.998737e+000 4.034259e+000 2.168066e+000 3.845552e+000
<VARIANCE> 22
 1.042235e+001 4.919867e+002 3.300596e+000 6.971630e+001 1.310927e+002 9.411512e+003 4.642509e+002 2.529347e+003 1.204595e+002 1.217464e+003 7.624267e+002 2.416283e+003 2.415019e+002 2.445374e+002 6.504287e-002 1.087408e+000 1.158937e-001 1.058507e+000 2.082488e-002 3.954348e+000 5.975856e+000 5.042952e+000
<GCONST> 1.158863e+002
<MIXTURE> 2 4.940004e-001
<MEAN> 22
 1.626879e+000 9.095201e+000 7.131419e-001 3.819699e+000 1.062917e+001 2.202081e+002 8.984808e+001 1.714917e+002 5.620151e+001 1.228876e+002 1.835689e+002 8.404911e+001 1.101027e+002 8.937453e+001 6.951633e+000 2.363744e+000 6.052459e+000 3.081553e+000 5.983984e+000 1.593619e+000 1.779745e+000 3.527418e+000
<VARIANCE> 22
 1.121053e+001 7.299953e+001 3.300596e+000 2.296342e+001 3.935516e+002 9.994207e+002 1.735047e+002 5.265556e+002 7.359241e+001 3.771402e+002 2.996418e+002 4.492906e+002 8.004508e+001 2.267659e+002 2.627122e-001 2.594561e-001 1.258773e-001 1.510453e-001 6.429822e-002 3.538718e-001 5.621532e+000 5.794367e+000
<GCONST> 1.006734e+002
<STATE> 4
<NUMMIXES> 2
<MIXTURE> 1 7.550928e-001
<MEAN> 22
 1.484029e+001 2.218453e+000 5.095623e+000 1.025155e+000 1.383855e+002 2.596283e+001 1.369838e+002 9.612880e+001 9.597092e+001 5.560959e+001 1.204054e+002 1.930614e+002 1.013354e+002 1.151237e+002 2.804305e+000 5.000012e+000 3.301874e+000 5.840617e+000 3.582026e+000 5.991426e+000 3.376908e+000 2.331293e+000
<VARIANCE> 22
 3.490329e+002 1.249205e+001 5.842704e+001 2.164982e+000 8.168266e+003 9.066320e+002 2.158385e+003 2.298155e+002 9.798861e+002 5.038781e+001 2.981160e+003 4.057747e+002 3.734140e+002 1.326648e+002 6.789390e+000 1.793315e-002 8.455210e+000 1.339768e-001 3.748417e+000 5.618803e-002 5.532157e+000 6.237842e+000
<GCONST> 1.182119e+002
<MIXTURE> 2 2.449076e-001
<MEAN> 22
 1.046185e+001 6.126708e+000 4.235064e+000 2.469144e+000 1.330920e+002 6.586411e+001 9.043620e+001 3.561069e+001 8.749706e+001 5.237650e+001 8.884422e+001 1.008707e+002 8.609093e+001 9.133409e+001 2.024693e+000 3.021978e+000 3.583070e+000 5.178979e+000 3.319886e+000 2.647280e+000 2.801335e+000 2.146749e+000
<VARIANCE> 22
 2.572174e+002 1.221507e+002 4.730880e+001 2.331199e+001 1.935404e+004 1.455541e+004 5.303938e+003 9.286155e+002 2.217188e+003 4.189401e+002 2.186218e+003 2.321806e+003 1.151394e+003 1.137211e+003 4.117684e+000 3.095942e+000 7.398650e+000 3.590421e+000 2.820525e+000 1.028608e+001 6.362521e+000 5.945328e+000
<GCONST> 1.487529e+002
<TRANSP> 5
 0.000000e+000 1.000000e+000 0.000000e+000 0.000000e+000 0.000000e+000
 0.000000e+000 8.240889e-001 1.759111e-001 0.000000e+000 0.000000e+000
 0.000000e+000 0.000000e+000 9.533640e-001 4.663607e-002 0.000000e+000
 0.000000e+000 0.000000e+000 0.000000e+000 9.217977e-001 7.820228e-002
 0.000000e+000 0.000000e+000 0.000000e+000 0.000000e+000 0.000000e+000
<ENDHMM>
~h "VA"
<BEGINHMM>
<NUMSTATES> 5
<STATE> 2
<NUMMIXES> 2
<MIXTURE> 1 4.348039e-001
<MEAN> 22
 1.894673e+001 1.297198e+001 8.687568e+000 5.271268e+000 8.661977e+001 4.222055e+001 1.155803e+002 9.508449e+001 8.695022e+001 6.427615e+001 1.474196e+002 1.807726e+002 1.108410e+002 1.143877e+002 4.096520e+000 4.704467e+000 4.855004e+000 5.603689e+000 4.547668e+000 5.743052e+000 2.942919e+000 2.490523e+000
<VARIANCE> 22
 2.055357e+003 1.606943e+003 1.360800e+003 8.202274e+002 8.740758e+003 2.458476e+003 3.369479e+003 8.622106e+002 9.878759e+002 2.545515e+002 5.087712e+003 1.729857e+003 4.974389e+002 2.572764e+002 8.630218e+000 4.819125e-001 6.731610e+000 4.357968e-001 3.411336e+000 1.153554e+000 5.662388e+000 5.316453e+000
<GCONST> 1.485952e+002
<MIXTURE> 2 5.651961e-001
<MEAN> 22
 6.001641e+000 1.175100e+001 2.939729e+000 4.265185e+000 1.699853e+002 2.322306e+002 7.844442e+001 1.171078e+002 6.499352e+001 8.912781e+001 1.184980e+002 6.771547e+001 8.434159e+001 7.845399e+001 3.369550e+000 2.093219e+000 4.578143e+000 3.272131e+000 4.150058e+000 1.312037e+000 2.482129e+000 2.687823e+000
<VARIANCE> 22
 1.140813e+002 2.121142e+002 3.126794e+001 3.147774e+001 3.782797e+004 9.945841e+003 3.137573e+003 5.655665e+003 1.265292e+003 2.286601e+003 6.441248e+003 2.246835e+003 2.269142e+003 1.498350e+003 9.364934e+000 1.224422e+000 6.991278e+000 3.165747e+000 4.760419e+000 1.479928e+000 6.211443e+000 5.197938e+000
<GCONST> 1.512249e+002
<STATE> 3
<NUMMIXES> 2
<MIXTURE> 1 5.897040e-001
<MEAN> 22
 2.109467e+000 2.085161e+001 1.024196e+000 7.450865e+000 8.393733e+000 9.302290e+001 9.242960e+001 9.164950e+001 5.748658e+001 8.186976e+001 1.904082e+002 1.184733e+002 1.137838e+002 1.007489e+002 6.995729e+000 3.738244e+000 6.037853e+000 5.155418e+000 5.999249e+000 4.002543e+000 2.098314e+000 3.721193e+000
<VARIANCE> 22
 1.296756e+001 3.725342e+002 5.830932e+000 5.187305e+001 8.231205e+001 4.617066e+003 2.338969e+002 1.133150e+003 6.898781e+001 5.497332e+002 4.462004e+002 3.728154e+003 1.354587e+002 3.886731e+002 6.504287e-002 1.351061e+000 3.642014e-002 7.533968e-001 2.082488e-002 6.590677e+000 6.018482e+000 5.137154e+000
<GCONST> 1.111207e+002
<MIXTURE> 2 4.102960e-001
<MEAN> 22
 2.522429e+000 7.706683e+000 1.172210e+000 3.161715e+000 1.534009e+001 2.198292e+002 8.954634e+001 1.676451e+002 5.599205e+001 1.145956e+002 1.830628e+002 8.040282e+001 1.111155e+002 7.747138e+001 6.824759e+000 2.334162e+000 6.051312e+000 3.135137e+000 5.908137e+000 1.752065e+000 2.243221e+000 3.258121e+000
<VARIANCE> 22
 1.987106e+001 7.030188e+001 5.349200e+000 1.270119e+001 9.367166e+002 2.941566e+003 3.893673e+002 1.479686e+003 1.374982e+002 5.422448e+002 9.670540e+002 1.218424e+003 1.992516e+002 3.230125e+002 9.401773e-001 3.620396e-001 3.526830e-001 6.863981e-001 2.145033e-001 7.336344e-001 6.263246e+000 5.596436e+000
<GCONST> 1.154698e+002
<STATE> 4
<NUMMIXES> 2
<MIXTURE> 1 7.580240e-001
<MEAN> 22
 1.461614e+001 2.990556e+000 5.206225e+000 1.407967e+000 1.383064e+002 1.754291e+001 1.348311e+002 9.818938e+001 9.940639e+001 5.599150e+001 1.239577e+002 1.961536e+002 9.762861e+001 1.159069e+002 3.132968e+000 5.002573e+000 3.715948e+000 5.847104e+000 3.807506e+000 5.987375e+000 3.342000e+000 2.504660e+000
<VARIANCE> 22
 2.955443e+002 2.784484e+001 4.240955e+001 5.687839e+000 8.635479e+003 6.080277e+002 2.834331e+003 2.269349e+002 8.956782e+002 8.955543e+001 4.428458e+003 3.670678e+002 5.287027e+002 1.283592e+002 7.144590e+000 1.793315e-002 8.630677e+000 1.295189e-001 3.717327e+000 5.618803e-002 6.021953e+000 6.332797e+000
<GCONST> 1.206333e+002
<MIXTURE> 2 2.419761e-001
<MEAN> 22
 7.033756e+000 5.542070e+000 3.071521e+000 2.440732e+000 7.727898e+001 3.614045e+001 9.589725e+001 4.426998e+001 8.672916e+001 5.611723e+001 7.009628e+001 1.012979e+002 9.165601e+001 1.014739e+002 2.055652e+000 2.976386e+000 3.682026e+000 5.540817e+000 3.268365e+000 2.649405e+000 2.996591e+000 2.504005e+000
<VARIANCE> 22
 1.053855e+002 1.622991e+002 2.433904e+001 1.855915e+001 2.709823e+003 1.033149e+003 3.882196e+003 4.063618e+002 3.584985e+002 1.030444e+002 9.644766e+002 5.441678e+002 4.288030e+002 1.027765e+002 9.450613e-001 1.349778e+000 6.851968e+000 2.994676e-001 7.939973e-001 8.154915e+000 6.254177e+000 6.090117e+000
<GCONST> 1.262614e+002
<TRANSP> 5
 0.000000e+000 1.000000e+000 0.000000e+000 0.000000e+000 0.000000e+000
 0.000000e+000 7.403872e-001 2.596128e-001 0.000000e+000 0.000000e+000
 0.000000e+000 0.000000e+000 9.441233e-001 5.587675e-002 0.000000e+000
 0.000000e+000 0.000000e+000 0.000000e+000 9.201800e-001 7.982001e-002
 0.000000e+000 0.000000e+000 0.000000e+000 0.000000e+000 0.000000e+000
<ENDHMM>
~h "VQ"
<BEGINHMM>
<NUMSTATES> 5
<STATE> 2
<NUMMIXES> 2
<MIXTURE> 1 1.368002e-001
<MEAN> 22
 2.622787e+001 3.629134e+001 1.826878e+001 1.948901e+001 5.845590e+001 1.369370e+002 7.940135e+001 1.004300e+002 6.515647e+001 6.622655e+001 1.452232e+002 7.163065e+001 9.912566e+001 9.245454e+001 4.834807e+000 2.838058e+000 5.599509e+000 4.426586e+000 5.225083e+000 2.543931e+000 2.859540e+000 3.125009e+000
<VARIANCE> 22
 7.578295e+003 5.545278e+003 6.015147e+003 3.837703e+003 1.191442e+004 6.441303e+003 1.304499e+003 1.378993e+003 2.616689e+002 2.997539e+002 3.133626e+003 2.047918e+003 7.560938e+002 4.057713e+002 8.249681e+000 1.039250e+000 3.389221e+000 1.135883e+000 2.036012e+000 3.310347e+000 6.684353e+000 4.503451e+000
<GCONST> 1.558882e+002
<MIXTURE> 2 8.632011e-001
<MEAN> 22
 1.148833e+001 3.511175e+000 3.965257e+000 1.460840e+000 1.026678e+002 2.618521e+001 9.923939e+001 7.217707e+001 7.864838e+001 5.537146e+001 8.443985e+001 1.544534e+002 9.682275e+001 1.090800e+002 2.395444e+000 4.150033e+000 3.630970e+000 5.665469e+000 3.363836e+000 4.746017e+000 3.472201e+000 2.573467e+000
<VARIANCE> 22
 2.027555e+002 2.883499e+001 2.879736e+001 5.532276e+000 5.634649e+003 7.143658e+002 2.506627e+003 1.017904e+003 3.423798e+002 6.864738e+001 3.015303e+003 2.398758e+003 3.845414e+002 1.377034e+002 4.142340e+000 1.710172e+000 8.804205e+000 2.469935e-001 2.436544e+000 5.610847e+000 5.982065e+000 5.951193e+000
<GCONST> 1.297966e+002
<STATE> 3
<NUMMIXES> 2
<MIXTURE> 1 5.070530e-001
<MEAN> 22
 2.666132e+000 1.975133e+001 8.586817e-001 5.725373e+000 9.102599e+000 1.029341e+002 9.908464e+001 9.584521e+001 6.025071e+001 7.219923e+001 2.004754e+002 1.197147e+002 1.198856e+002 1.054940e+002 6.997541e+000 3.749325e+000 6.123782e+000 5.035123e+000 5.998544e+000 4.034966e+000 2.179790e+000 3.840745e+000
<VARIANCE> 22
 2.353518e+001 3.301210e+002 3.300596e+000 5.363086e+001 1.290260e+002 7.251877e+003 4.294800e+002 2.021994e+003 8.820438e+001 3.648117e+002 7.857919e+002 3.152199e+003 2.586210e+002 2.570664e+002 6.504287e-002 1.313375e+000 1.084586e-001 1.067346e+000 2.082488e-002 5.484386e+000 6.186010e+000 4.881518e+000
<GCONST> 1.148189e+002
<MIXTURE> 2 4.929471e-001
<MEAN> 22
 1.132709e+000 6.247752e+000 7.137365e-001 3.120111e+000 1.006612e+001 1.634556e+002 8.397495e+001 1.143506e+002 5.269425e+001 7.415924e+001 1.789384e+002 4.572994e+001 1.072552e+002 8.154224e+001 6.940239e+000 2.393435e+000 6.050298e+000 4.104195e+000 5.960481e+000 1.754298e+000 1.681267e+000 3.487393e+000
<VARIANCE> 22
 4.801632e+000 4.122971e+001 3.300596e+000 1.503290e+001 6.345080e+002 1.488980e+003 1.791552e+002 7.182748e+002 5.874130e+001 2.000729e+002 4.152757e+002 4.222919e+002 8.615388e+001 2.413040e+002 3.176661e-001 2.864318e-001 1.507603e-001 6.747973e-001 1.230438e-001 3.562901e-001 5.419362e+000 6.156368e+000
<GCONST> 1.022360e+002
<STATE> 4
<NUMMIXES> 2
<MIXTURE> 1 9.095934e-001
<MEAN> 22
 1.035600e+001 3.048747e+000 3.872827e+000 1.218445e+000 9.655189e+001 2.300214e+001 1.053212e+002 9.432214e+001 7.474137e+001 5.369561e+001 1.076008e+002 1.927677e+002 1.003992e+002 1.142612e+002 3.241684e+000 4.999691e+000 4.258087e+000 5.864244e+000 3.878485e+000 5.995773e+000 3.515187e+000 2.449631e+000
<VARIANCE> 22
 1.645508e+002 2.985471e+001 3.039946e+001 4.369100e+000 5.266416e+003 9.691449e+002 9.678364e+002 2.026384e+002 4.282534e+002 6.520313e+001 4.787419e+003 3.158924e+002 3.971201e+002 1.169613e+002 7.732155e+000 1.793315e-002 8.797378e+000 1.173239e-001 3.560981e+000 5.618803e-002 5.858307e+000 6.167399e+000
<GCONST> 1.167003e+002
<MIXTURE> 2 9.040693e-002
<MEAN> 22
 2.754237e+000 3.361241e+000 1.378309e+000 1.439813e+000 4.164606e+002 3.248520e+002 3.694162e+001 3.492035e+001 2.468302e+001 2.574800e+001 4.809680e+001 2.992391e+001 3.724570e+001 3.752159e+001 1.632845e+000 1.148390e+000 1.953317e+000 1.823942e+000 1.592564e+000 8.543347e-001 8.705798e-001 1.530956e+000
<VARIANCE> 22
 6.571441e+001 6.448015e+001 1.310703e+001 1.382980e+001 4.509445e+004 1.902976e+004 2.775934e+003 2.516413e+003 1.014593e+003 1.114273e+003 5.400759e+003 1.915572e+003 2.337574e+003 2.343417e+003 7.104188e+000 2.388628e+000 8.329105e+000 5.569396e+000 5.507207e+000 2.338317e+000 3.241448e+000 5.607364e+000
<GCONST> 1.480451e+002
<TRANSP> 5
 0.000000e+000 1.000000e+000 0.000000e+000 0.000000e+000 0.000000e+000
 0.000000e+000 8.513700e-001 1.486300e-001 0.000000e+000 0.000000e+000
 0.000000e+000 0.000000e+000 9.443436e-001 5.565637e-002 0.000000e+000
 0.000000e+000 0.000000e+000 0.000000e+000 8.873885e-001 1.126115e-001
 0.000000e+000 0.000000e+000 0.000000e+000 0.000000e+000 0.000000e+000
<ENDHMM>
~h "SIL"
<BEGINHMM>
<NUMSTATES> 5
<STATE> 2
<NUMMIXES> 2
<MIXTURE> 1 1.633847e-001
<MEAN> 22
 4.881430e+002 4.121995e+002 4.440352e+002 3.558983e+002 9.295202e-001 1.295769e+000 3.983235e+001 3.912598e+001 2.815124e+001 2.663957e+001 7.797297e+001 7.495576e+001 4.949597e+001 4.877002e+001 2.764927e+000 2.000712e+000 2.648897e+000 2.536553e+000 2.490729e+000 2.342908e+000 4.661387e+000 4.657838e+000
<VARIANCE> 22
 7.101117e+003 4.362380e+003 5.023260e+003 3.561673e+003 6.710480e+001 1.572159e+002 2.351059e+003 2.297391e+003 1.092016e+003 1.015972e+003 8.581084e+003 8.164111e+003 3.235564e+003 3.137646e+003 1.122181e+001 5.752401e+000 9.256611e+000 8.414215e+000 8.306062e+000 8.455880e+000 4.045560e+000 4.076862e+000
<GCONST> 1.628428e+002
<MIXTURE> 2 8.366152e-001
<MEAN> 22
 -1.204867e-034 -4.537159e-035 3.882832e-032 3.880597e-033 3.661407e+001 2.963419e+001 9.433992e-037 1.459841e-038 1.154261e-037 7.048699e-040 5.437993e-038 6.185128e-039 6.460118e-038 -1.586846e-037 -1.894494e-038 5.007941e-039 1.793838e-038 7.724658e-041 -1.723177e-041 -1.841448e-038 -9.866556e-036 1.227310e-036
<VARIANCE> 22
 4.801632e+000 4.063125e+000 3.300596e+000 2.164982e+000 1.817511e+004 1.195243e+004 9.838196e+000 1.115232e+001 2.936353e+000 3.516743e+000 3.745900e+001 4.440890e+001 4.184655e+000 3.870682e+000 6.504287e-002 1.793315e-002 2.326111e-002 1.170389e-002 2.082488e-002 5.618803e-002 6.153807e-002 6.060927e-002
<GCONST> 5.449670e+001
<STATE> 3
<NUMMIXES> 2
<MIXTURE> 1 7.798604e-001
<MEAN> 22
 1.456957e+000 1.878655e+000 6.144177e-001 7.698767e-001 8.111588e+000 1.002883e+001 1.019913e+002 9.839122e+001 6.406317e+001 5.976090e+001 1.996152e+002 1.971932e+002 1.192728e+002 1.179015e+002 6.999673e+000 5.000009e+000 6.132772e+000 5.905444e+000 6.001930e+000 6.000260e+000 1.989932e+000 2.017026e+000
<VARIANCE> 22
 5.441522e+000 7.622208e+000 3.300596e+000 2.164982e+000 7.623244e+001 1.277533e+002 3.667642e+002 2.306656e+002 1.047485e+002 7.939957e+001 6.096321e+002 4.471967e+002 2.130832e+002 1.447552e+002 6.504287e-002 1.793315e-002 1.152225e-001 8.566689e-002 2.082488e-002 5.618803e-002 5.635890e+000 5.609676e+000
<GCONST> 8.386414e+001
<MIXTURE> 2 2.201371e-001
<MEAN> 22
 8.999591e+000 1.149139e+001 2.273970e+000 2.883650e+000 5.496804e+001 6.250822e+001 8.056566e+001 7.844075e+001 6.940163e+001 6.414404e+001 1.428614e+002 1.390959e+002 1.078776e+002 1.083728e+002 4.517034e+000 4.053259e+000 5.889602e+000 5.517021e+000 5.030221e+000 4.506975e+000 2.478648e+000 2.481611e+000
<VARIANCE> 22
 1.830076e+002 2.193966e+002 1.495116e+001 1.639010e+001 2.874082e+003 2.855274e+003 1.322944e+003 1.256264e+003 2.703417e+002 2.088538e+002 3.366217e+003 3.447083e+003 3.486864e+002 1.956042e+002 8.523678e+000 1.695898e+000 2.192630e+000 5.041808e-001 2.054752e+000 6.187002e+000 5.193189e+000 4.690538e+000
<GCONST> 1.336244e+002
<STATE> 4
<NUMMIXES> 2
<MIXTURE> 1 4.084313e-001
<MEAN> 22
 8.324831e-001 1.128432e+000 3.857220e-001 6.140094e-001 4.733922e+000 4.922445e+000 1.011722e+002 1.046047e+002 6.259607e+001 6.212934e+001 2.135439e+002 2.158206e+002 1.270595e+002 1.282966e+002 6.999909e+000 4.999955e+000 6.003809e+000 5.996576e+000 5.999955e+000 5.999999e+000 1.451302e+000 1.649918e+000
<VARIANCE> 22
 4.801632e+000 4.063125e+000 3.300596e+000 2.164982e+000 4.956259e+001 5.429972e+001 5.300782e+001 1.165818e+002 9.336170e+000 3.121214e+001 3.344795e+002 4.141143e+002 9.569477e+001 1.175886e+002 6.504287e-002 1.793315e-002 2.326111e-002 1.170389e-002 2.082488e-002 5.618803e-002 4.659140e+000 5.114312e+000
<GCONST> 7.029688e+001
<MIXTURE> 2 5.915681e-001
<MEAN> 22
 1.019490e+000 1.745129e+000 3.746967e-001 6.405548e-001 4.931233e+000 6.427214e+000 8.389678e+001 8.362286e+001 5.454030e+001 5.368426e+001 1.779170e+002 1.774977e+002 1.081971e+002 1.074203e+002 6.986522e+000 4.992478e+000 6.006648e+000 5.964850e+000 5.995299e+000 5.990066e+000 1.721436e+000 1.932887e+000
<VARIANCE> 22
 4.801632e+000 1.352593e+001 3.300596e+000 2.164982e+000 8.500610e+001 9.838866e+001 3.835621e+001 4.555503e+001 2.111261e+001 4.733765e+001 1.082609e+002 1.238185e+002 3.313115e+001 3.803278e+001 7.925216e-002 2.018475e-002 2.326111e-002 3.617781e-002 2.082488e-002 6.021630e-002 5.360445e+000 5.998367e+000
<GCONST> 6.989120e+001
<TRANSP> 5
 0.000000e+000 1.000000e+000 0.000000e+000 0.000000e+000 0.000000e+000
 0.000000e+000 9.079820e-001 9.201801e-002 0.000000e+000 0.000000e+000
 0.000000e+000 0.000000e+000 9.972442e-001 2.755776e-003 0.000000e+000
 0.000000e+000 0.000000e+000 0.000000e+000 9.929363e-001 7.063722e-003
 0.000000e+000 0.000000e+000 0.000000e+000 0.000000e+000 0.000000e+000
<ENDHMM>
