~o
<STREAMINFO> 1 22
<VECSIZE> 22<NULLD><MFCC_0><DIAGC>
~h "BN"
<BEGINHMM>
<NUMSTATES> 5
<STATE> 2
<NUMMIXES> 2
<MIXTURE> 1 4.114450e-001
<MEAN> 22
 7.568656e+000 1.522276e+001 4.232821e+000 5.230561e+000 1.636614e+001 2.689883e+001 8.473132e+001 7.382991e+001 5.979736e+001 5.753919e+001 1.819991e+002 1.670931e+002 1.125315e+002 1.094988e+002 6.909121e+000 4.936565e+000 6.083540e+000 5.850447e+000 5.847849e+000 6.120564e+000 2.250412e+000 2.163895e+000
<VARIANCE> 22
 1.875821e+003 1.359963e+003 1.499880e+003 9.479332e+002 3.966717e+002 5.690975e+002 6.154202e+002 6.243624e+002 7.202728e+001 7.189818e+001 9.348612e+002 1.195122e+003 2.003103e+002 1.941409e+002 1.331761e-001 2.208412e-001 7.656188e-002 1.322378e-001 1.338142e-001 3.079213e-001 5.696842e+000 3.527749e+000
<GCONST> 1.192782e+002
<MIXTURE> 2 5.885555e-001
<MEAN> 22
 5.783739e+000 8.335980e+000 1.560969e+000 2.916210e+000 1.554159e+002 1.774878e+002 7.021432e+001 9.223566e+001 6.811220e+001 7.420213e+001 1.156632e+002 6.629906e+001 9.175470e+001 8.984670e+001 3.226754e+000 2.401518e+000 4.896813e+000 3.776562e+000 4.176594e+000 1.958783e+000 2.171222e+000 2.447262e+000
<VARIANCE> 22
 1.228044e+002 1.940755e+002 9.320498e+000 1.757107e+001 3.644592e+004 1.675613e+004 2.315357e+003 2.646981e+003 1.050980e+003 1.309742e+003 5.975918e+003 3.395217e+003 1.962584e+003 1.477756e+003 9.211244e+000 2.027071e+000 6.851223e+000 3.227618e+000 4.024166e+000 4.554359e+000 5.900901e+000 5.842124e+000
<GCONST> 1.497820e+002
<STATE> 3
<NUMMIXES> 2
<MIXTURE> 1 4.109369e-001
<MEAN> 22
 1.489804e+000 1.952239e+001 5.257524e-001 5.060453e+000 7.871236e+000 1.512355e+002 1.009327e+002 1.060814e+002 6.284574e+001 8.867142e+001 2.039606e+002 6.990421e+001 1.218686e+002 1.102286e+002 6.998739e+000 2.761285e+000 6.125740e+000 4.440886e+000 5.998511e+000 2.068527e+000 1.753887e+000 3.544097e+000
<VARIANCE> 22
 9.861050e+000 3.816393e+002 3.300596e+000 2.880950e+001 1.113747e+002 4.894427e+003 3.127430e+002 1.593214e+003 7.219543e+001 5.437339e+002 6.364490e+002 2.016625e+003 2.162388e+002 1.623103e+002 6.504287e-002 9.326230e-001 1.105246e-001 8.277711e-001 2.082488e-002 4.451654e+000 5.571508e+000 5.456100e+000
<GCONST> 1.104997e+002
<MIXTURE> 2 5.890639e-001
<MEAN> 22
 8.756083e-001 4.763203e+000 4.175985e-001 1.503853e+000 9.703602e+000 1.719023e+002 8.590844e+001 1.183407e+002 5.550017e+001 8.793660e+001 1.795766e+002 3.159060e+001 1.092624e+002 9.569380e+001 6.925557e+000 2.056973e+000 5.984867e+000 3.669569e+000 5.961383e+000 1.105671e+000 1.323544e+000 2.626578e+000
<VARIANCE> 22
 4.801632e+000 4.167672e+001 3.300596e+000 3.153746e+000 6.087705e+002 9.234680e+002 1.110701e+002 1.985862e+002 4.473520e+001 2.624295e+002 3.891002e+002 3.488506e+002 5.405244e+001 7.254970e+001 4.044980e-001 1.164177e-001 2.258565e-001 4.881657e-001 1.189746e-001 3.162059e-001 4.741963e+000 5.959673e+000
<GCONST> 9.557993e+001
<STATE> 4
<NUMMIXES> 2
<MIXTURE> 1 4.163494e-001
<MEAN> 22
 1.332649e+001 6.408247e+000 3.136083e+000 1.979629e+000 4.604314e+001 2.454187e+001 8.838293e+001 9.496977e+001 7.055883e+001 5.863036e+001 1.614999e+002 1.938192e+002 1.149607e+002 1.167533e+002 5.122825e+000 4.997348e+000 6.324759e+000 5.830155e+000 5.331989e+000 6.006906e+000 3.531105e+000 3.018285e+000
<VARIANCE> 22
 3.066085e+002 1.007769e+002 2.534247e+001 8.134091e+000 2.417641e+003 8.499924e+002 6.116230e+002 3.242350e+002 2.719572e+002 7.075452e+001 3.332975e+003 5.130433e+002 2.671766e+002 1.224141e+002 8.060264e+000 1.793315e-002 4.462663e-001 1.409984e-001 1.544452e+000 5.618803e-002 6.114436e+000 6.735345e+000
<GCONST> 1.140195e+002
<MIXTURE> 2 5.836488e-001
<MEAN> 22
 6.199365e+000 1.710582e+000 2.390456e+000 7.507318e-001 1.580316e+002 1.899304e+001 1.231321e+002 8.361300e+001 9.101312e+001 5.858803e+001 3.591650e+001 1.757286e+002 9.953119e+001 1.145575e+002 1.966946e+000 4.613989e+000 1.093060e+000 5.820966e+000 2.889248e+000 5.481611e+000 3.035516e+000 1.924292e+000
<VARIANCE> 22
 7.994955e+001 1.424024e+001 1.297369e+001 2.172067e+000 4.210406e+003 7.461699e+002 6.438192e+002 8.984023e+002 3.281791e+002 6.619563e+001 4.440533e+002 1.913857e+003 2.125575e+002 1.705339e+002 3.755403e-001 7.066031e-001 3.306967e+000 1.800412e-001 2.843992e-001 3.431717e+000 6.221734e+000 5.642241e+000
<GCONST> 1.148636e+002
<TRANSP> 5
 0.000000e+000 1.000000e+000 0.000000e+000 0.000000e+000 0.000000e+000
 0.000000e+000 8.127893e-001 1.872107e-001 0.000000e+000 0.000000e+000
 0.000000e+000 0.000000e+000 9.537753e-001 4.622471e-002 0.000000e+000
 0.000000e+000 0.000000e+000 0.000000e+000 9.311908e-001 6.880926e-002
 0.000000e+000 0.000000e+000 0.000000e+000 0.000000e+000 0.000000e+000
<ENDHMM>
~h "BS"
<BEGINHMM>
<NUMSTATES> 5
<STATE> 2
<NUMMIXES> 2
<MIXTURE> 1 2.024584e-001
<MEAN> 22
 1.712786e+001 1.574986e+001 8.343793e+000 7.223620e+000 1.349791e+002 9.980466e+001 1.041551e+002 1.011082e+002 6.837948e+001 6.356049e+001 1.950657e+002 1.914498e+002 1.225512e+002 1.220147e+002 5.445595e+000 4.781434e+000 6.324979e+000 5.720825e+000 5.213933e+000 5.650527e+000 2.476548e+000 2.321288e+000
<VARIANCE> 22
 3.108635e+003 2.376177e+003 2.615026e+003 1.728678e+003 4.596573e+004 2.131153e+004 7.603912e+002 4.612098e+002 5.676746e+001 3.855372e+001 9.515276e+002 9.124007e+002 1.841027e+002 1.205222e+002 8.166265e+000 3.407337e-001 2.193686e-001 2.012360e-001 4.030313e+000 8.145277e-001 4.250791e+000 5.266706e+000
<GCONST> 1.386157e+002
<MIXTURE> 2 7.975405e-001
<MEAN> 22
 1.575942e+001 1.560883e+001 2.363653e+000 2.482827e+000 6.772670e+001 6.492587e+001 5.101690e+001 4.906739e+001 6.337447e+001 6.083144e+001 1.364276e+002 1.331575e+002 1.051514e+002 1.050306e+002 4.998103e+000 4.403049e+000 5.984619e+000 5.818878e+000 5.152700e+000 5.222253e+000 2.731480e+000 2.008990e+000
<VARIANCE> 22
 1.911575e+002 1.721490e+002 6.562969e+000 7.459639e+000 5.064874e+003 3.875680e+003 7.242864e+002 6.772855e+002 1.562207e+002 1.747089e+002 1.360400e+003 1.331545e+003 2.613235e+002 2.375784e+002 7.106415e+000 2.026663e+000 5.778049e-001 5.179078e-001 1.056504e+000 6.444160e+000 3.160746e+000 3.600690e+000
<GCONST> 1.260928e+002
<STATE> 3
<NUMMIXES> 2
<MIXTURE> 1 4.896853e-001
<MEAN> 22
 1.453610e+001 1.455911e+001 3.539359e+000 3.352307e+000 1.300006e+002 1.221088e+002 1.459056e+002 1.418277e+002 8.797739e+001 7.843193e+001 1.566602e+002 1.637065e+002 1.160369e+002 1.147977e+002 3.818010e-001 3.753589e+000 4.784428e+000 4.762656e+000 1.861769e+000 3.907885e+000 2.971794e+000 4.009905e+000
<VARIANCE> 22
 3.991500e+002 3.932763e+002 1.923390e+001 1.917439e+001 1.407600e+003 1.496161e+003 9.664000e+002 8.254348e+002 1.750239e+002 2.410580e+002 1.949737e+003 1.199998e+003 1.581326e+002 1.237242e+002 3.003137e-001 2.832767e-001 1.047909e+001 2.266020e-001 6.688763e+000 8.464800e-001 6.597524e+000 5.587878e+000
<GCONST> 1.253958e+002
<MIXTURE> 2 5.103136e-001
<MEAN> 22
 2.174791e+001 2.278183e+001 3.785659e+000 3.727278e+000 9.320667e+001 9.707999e+001 4.930368e+001 5.069347e+001 6.462716e+001 6.013543e+001 9.209273e+001 9.045030e+001 9.960924e+001 1.003110e+002 1.983361e+000 2.670246e+000 6.154439e+000 5.739773e+000 4.071897e+000 2.116570e+000 2.689353e+000 2.900049e+000
<VARIANCE> 22
 3.515867e+002 3.780213e+002 2.374915e+001 1.879426e+001 1.618855e+003 1.255628e+003 6.530942e+002 6.444611e+002 1.169487e+002 1.168963e+002 9.177060e+002 7.919374e+002 1.040242e+002 8.589001e+001 3.491366e+000 1.864717e+000 4.015111e-001 4.007753e-001 2.040556e+000 6.841649e+000 5.635361e+000 4.405346e+000
<GCONST> 1.238185e+002
<STATE> 4
<NUMMIXES> 2
<MIXTURE> 1 4.761597e-001
<MEAN> 22
 9.366610e+000 8.956084e+000 2.543698e+000 2.176694e+000 3.517532e+001 3.536276e+001 1.026602e+002 9.980042e+001 6.571909e+001 6.028413e+001 1.934300e+002 1.913750e+002 1.154077e+002 1.147383e+002 6.633296e+000 4.936370e+000 6.447311e+000 5.514275e+000 6.063006e+000 5.829352e+000 3.893376e+000 3.686142e+000
<VARIANCE> 22
 8.553783e+001 8.075150e+001 7.727893e+000 5.636690e+000 1.174871e+003 8.567823e+002 6.042949e+002 4.350359e+002 1.098528e+002 8.849091e+001 7.826879e+002 6.643352e+002 1.871874e+002 1.452444e+002 2.204765e+000 1.356179e-001 2.843336e-001 2.504060e-001 2.121191e-001 3.242680e-001 4.441344e+000 8.372538e+000
<GCONST> 1.089930e+002
<MIXTURE> 2 5.238400e-001
<MEAN> 22
 5.402742e+000 5.183606e+000 1.553773e+000 1.494284e+000 8.773580e+001 8.751254e+001 1.143169e+002 1.156252e+002 6.702012e+001 6.250549e+001 1.543778e+002 1.532720e+002 1.043507e+002 1.039137e+002 1.032534e-002 3.994263e+000 6.999998e+000 5.000000e+000 3.581653e+000 4.340369e+000 3.030532e+000 3.703272e+000
<VARIANCE> 22
 4.645187e+001 4.315746e+001 4.652402e+000 4.349568e+000 5.548585e+002 6.082452e+002 4.811531e+002 4.415532e+002 7.548044e+001 1.110963e+002 3.597896e+002 3.817632e+002 6.502847e+001 7.176722e+001 6.504287e-002 1.793315e-002 2.326111e-002 1.170389e-002 1.191959e+001 2.667776e-001 6.376120e+000 7.540576e+000
<GCONST> 9.541973e+001
<TRANSP> 5
 0.000000e+000 1.000000e+000 0.000000e+000 0.000000e+000 0.000000e+000
 0.000000e+000 8.091506e-001 1.908494e-001 0.000000e+000 0.000000e+000
 0.000000e+000 0.000000e+000 9.241292e-001 7.587075e-002 0.000000e+000
 0.000000e+000 0.000000e+000 0.000000e+000 9.455472e-001 5.445278e-002
 0.000000e+000 0.000000e+000 0.000000e+000 0.000000e+000 0.000000e+000
<ENDHMM>
~h "CF"
<BEGINHMM>
<NUMSTATES> 5
<STATE> 2
<NUMMIXES> 2
<MIXTURE> 1 2.202079e-001
<MEAN> 22
 2.745296e+001 9.641165e+000 1.141205e+001 5.598594e+000 8.538605e+001 2.437682e+001 9.915764e+001 9.431300e+001 8.423374e+001 6.158133e+001 1.230315e+002 1.890508e+002 1.116081e+002 1.185915e+002 3.784227e+000 4.812953e+000 5.148192e+000 5.697261e+000 4.606050e+000 5.896984e+000 3.978232e+000 2.781107e+000
<VARIANCE> 22
 2.322532e+003 1.490933e+003 1.802035e+003 1.072868e+003 6.049760e+003 8.392349e+002 1.186853e+003 7.834279e+002 5.798306e+002 1.104593e+002 5.517343e+003 1.524439e+003 3.420714e+002 1.591126e+002 8.200558e+000 3.143738e-001 5.336675e+000 2.406550e-001 2.321896e+000 8.341914e-001 5.884720e+000 5.523852e+000
<GCONST> 1.424055e+002
<MIXTURE> 2 7.797930e-001
<MEAN> 22
 5.461821e+000 6.403836e+000 2.253845e+000 2.165186e+000 9.710155e+001 8.049053e+001 8.732895e+001 7.294520e+001 8.122857e+001 6.530054e+001 8.631184e+001 1.130746e+002 9.536340e+001 1.038808e+002 2.873384e+000 3.383900e+000 4.365232e+000 5.074015e+000 3.840541e+000 3.621867e+000 2.828223e+000 2.602384e+000
<VARIANCE> 22
 6.654538e+001 1.084115e+002 9.684043e+000 1.167277e+001 9.546586e+003 6.867701e+003 2.359716e+003 1.720385e+003 7.871087e+002 5.089500e+002 3.500652e+003 4.045952e+003 6.040295e+002 5.277612e+002 5.217550e+000 2.432039e+000 6.163547e+000 1.909715e+000 2.250348e+000 7.628056e+000 6.139430e+000 5.536146e+000
<GCONST> 1.406745e+002
<STATE> 3
<NUMMIXES> 2
<MIXTURE> 1 4.356853e-001
<MEAN> 22
 2.467526e+000 2.155470e+001 9.003831e-001 5.842850e+000 1.316359e+001 1.300409e+002 1.005462e+002 9.768414e+001 6.330524e+001 8.856425e+001 1.975866e+002 9.252644e+001 1.187732e+002 1.038357e+002 6.909782e+000 3.209500e+000 6.199754e+000 4.615841e+000 5.947052e+000 2.969617e+000 2.041170e+000 3.621636e+000
<VARIANCE> 22
 2.220621e+001 4.508519e+002 3.300596e+000 4.324723e+001 5.000700e+002 6.981076e+003 4.878191e+002 2.137474e+003 1.080465e+002 6.412772e+002 1.126962e+003 3.359576e+003 2.662586e+002 2.692431e+002 4.520606e-001 1.537884e+000 3.322600e-001 1.961156e+000 1.412820e-001 7.088771e+000 6.047546e+000 5.199728e+000
<GCONST> 1.236598e+002
<MIXTURE> 2 5.643148e-001
<MEAN> 22
 8.881105e-001 5.550896e+000 4.385022e-001 2.670563e+000 5.736282e+000 1.915765e+002 8.821220e+001 1.276303e+002 5.618196e+001 1.004366e+002 1.828446e+002 3.001683e+001 1.094545e+002 8.168392e+001 7.000000e+000 2.000000e+000 6.001501e+000 2.898793e+000 5.999999e+000 9.929801e-001 1.361976e+000 2.482637e+000
<VARIANCE> 22
 4.801632e+000 7.066969e+001 3.300596e+000 1.317842e+001 4.956259e+001 7.200871e+002 1.331976e+002 3.250045e+002 3.837659e+001 3.556720e+002 2.479979e+002 1.284940e+002 7.667542e+001 2.004790e+002 6.504287e-002 1.793315e-002 2.326111e-002 1.177591e+000 2.082488e-002 5.618803e-002 5.002574e+000 5.778714e+000
<GCONST> 8.698444e+001
<STATE> 4
<NUMMIXES> 2
<MIXTURE> 1 4.365438e-001
<MEAN> 22
 8.059538e+000 5.992089e+000 2.511658e+000 2.179451e+000 2.734231e+001 2.414576e+001 9.082224e+001 9.646848e+001 6.476606e+001 6.054873e+001 1.882185e+002 1.938866e+002 1.166650e+002 1.160924e+002 6.501676e+000 5.003868e+000 6.176342e+000 5.718903e+000 5.889990e+000 5.994346e+000 3.279267e+000 3.058755e+000
<VARIANCE> 22
 1.391188e+002 6.392162e+001 1.191725e+001 7.597971e+000 7.020637e+002 5.569175e+002 6.268127e+002 3.249896e+002 1.247562e+002 9.191359e+001 9.500743e+002 5.016108e+002 1.851951e+002 1.289284e+002 2.997251e+000 1.793315e-002 1.452457e-001 2.020842e-001 1.178455e-001 5.618803e-002 6.358229e+000 6.375557e+000
<GCONST> 1.038683e+002
<MIXTURE> 2 5.634557e-001
<MEAN> 22
 1.039274e+001 1.512869e+000 3.701437e+000 7.667939e-001 1.672576e+002 2.602384e+001 1.203918e+002 9.453811e+001 9.532027e+001 5.710026e+001 3.799296e+001 1.887986e+002 8.392520e+001 1.123715e+002 1.916783e+000 4.963263e+000 2.490632e+000 5.684014e+000 3.035078e+000 5.955738e+000 3.064733e+000 1.988675e+000
<VARIANCE> 22
 2.106195e+002 8.167083e+000 2.711919e+001 2.164982e+000 3.517881e+003 1.189966e+003 1.193500e+003 2.732771e+002 4.207732e+002 8.389334e+001 5.089323e+002 4.757789e+002 4.174076e+002 1.124499e+002 2.597166e-001 8.903801e-002 4.590261e+000 2.402273e-001 2.240518e-001 2.558529e-001 6.064014e+000 5.549113e+000
<GCONST> 1.105119e+002
<TRANSP> 5
 0.000000e+000 1.000000e+000 0.000000e+000 0.000000e+000 0.000000e+000
 0.000000e+000 8.438644e-001 1.561356e-001 0.000000e+000 0.000000e+000
 0.000000e+000 0.000000e+000 9.519559e-001 4.804406e-002 0.000000e+000
 0.000000e+000 0.000000e+000 0.000000e+000 9.253513e-001 7.464870e-002
 0.000000e+000 0.000000e+000 0.000000e+000 0.000000e+000 0.000000e+000
<ENDHMM>
~h "CN"
<BEGINHMM>
<NUMSTATES> 5
<STATE> 2
<NUMMIXES> 2
<MIXTURE> 1 4.314934e-001
<MEAN> 22
 8.672243e+000 8.152831e+000 2.875937e+000 2.754948e+000 2.112439e+001 2.353168e+001 9.301512e+001 8.893990e+001 6.388869e+001 5.943213e+001 1.922623e+002 1.888093e+002 1.190098e+002 1.171169e+002 6.999077e+000 5.000000e+000 6.132609e+000 5.934656e+000 5.999220e+000 6.012960e+000 2.758672e+000 1.964664e+000
<VARIANCE> 22
 5.305460e+002 4.153856e+002 3.722265e+002 2.737186e+002 3.535645e+002 5.072527e+002 5.948060e+002 3.940790e+002 9.223428e+001 6.776445e+001 8.117335e+002 6.470740e+002 2.507875e+002 1.904285e+002 6.504287e-002 1.793315e-002 1.150245e-001 6.107505e-002 2.082488e-002 5.618803e-002 3.254932e+000 4.001048e+000
<GCONST> 1.055198e+002
<MIXTURE> 2 5.685050e-001
<MEAN> 22
 2.114741e+001 2.099713e+001 2.520342e+000 2.781759e+000 8.881083e+001 8.333501e+001 4.207087e+001 4.322123e+001 6.555656e+001 6.187278e+001 1.012832e+002 1.025120e+002 1.055121e+002 1.045932e+002 3.031357e+000 3.418635e+000 6.066148e+000 5.858402e+000 4.348083e+000 3.222236e+000 2.635118e+000 1.945072e+000
<VARIANCE> 22
 3.090808e+002 2.915780e+002 8.339254e+000 1.026334e+001 2.007319e+003 1.865718e+003 4.463510e+002 5.721678e+002 1.121073e+002 9.813764e+001 1.432231e+003 1.504984e+003 1.411656e+002 1.293392e+002 6.454176e+000 1.967637e+000 1.315832e-001 4.038834e-001 7.567446e-001 1.010148e+001 2.025389e+000 2.751148e+000
<GCONST> 1.209385e+002
<STATE> 3
<NUMMIXES> 2
<MIXTURE> 1 3.612092e-001
<MEAN> 22
 1.070116e+001 1.066410e+001 1.498512e+000 1.349372e+000 1.753337e+002 1.676398e+002 8.684820e+001 8.371648e+001 7.161478e+001 7.057226e+001 4.472654e+001 4.633762e+001 1.101503e+002 1.122514e+002 2.094287e+000 1.834730e+000 5.356834e+000 5.810981e+000 3.171251e+000 8.077849e-001 2.954841e+000 2.996413e+000
<VARIANCE> 22
 2.117245e+002 2.357789e+002 4.966472e+000 3.715898e+000 1.161887e+003 1.095154e+003 5.119015e+002 6.157423e+002 1.929129e+002 1.766828e+002 5.179854e+002 6.108351e+002 3.133756e+002 1.918851e+002 1.803832e-001 2.145678e-001 1.832489e+000 1.322230e+000 1.911070e-001 2.729551e-001 5.849405e+000 5.921956e+000
<GCONST> 1.132147e+002
<MIXTURE> 2 6.387910e-001
<MEAN> 22
 5.848154e+000 6.401028e+000 1.057472e+000 8.780880e-001 1.327475e+002 1.276170e+002 6.597284e+001 6.360909e+001 6.408935e+001 6.092327e+001 4.083449e+001 4.436347e+001 9.961050e+001 1.004370e+002 2.004199e+000 1.964608e+000 6.009052e+000 6.010625e+000 3.163947e+000 7.847472e-001 3.285552e+000 3.146145e+000
<VARIANCE> 22
 4.897047e+001 7.256189e+001 3.300596e+000 2.164982e+000 1.313138e+003 1.006492e+003 3.201930e+002 3.627080e+002 4.861119e+001 5.699130e+001 2.176588e+002 3.169990e+002 4.511451e+001 4.644783e+001 6.504287e-002 5.517206e-002 9.275862e-002 1.334316e-001 1.444039e-001 1.718433e-001 6.094512e+000 6.087748e+000
<GCONST> 9.294393e+001
<STATE> 4
<NUMMIXES> 2
<MIXTURE> 1 4.502610e-001
<MEAN> 22
 1.170275e+001 1.093120e+001 3.185005e+000 2.767926e+000 4.101908e+001 3.341663e+001 9.712962e+001 9.417694e+001 6.546606e+001 6.109108e+001 1.934860e+002 1.911690e+002 1.159689e+002 1.151180e+002 6.943415e+000 5.002939e+000 6.284352e+000 5.767609e+000 5.975573e+000 5.976624e+000 3.914210e+000 3.790107e+000
<VARIANCE> 22
 1.513208e+002 1.330666e+002 9.442790e+000 7.768234e+000 6.639515e+003 4.147564e+003 5.788056e+002 4.742310e+002 1.020811e+002 7.697146e+001 5.907437e+002 5.356211e+002 1.584388e+002 1.236063e+002 1.171619e-001 4.488657e-002 2.034955e-001 1.783863e-001 9.090673e-002 8.815567e-002 7.861340e+000 4.595268e+000
<GCONST> 1.060057e+002
<MIXTURE> 2 5.497376e-001
<MEAN> 22
 1.602582e+001 1.576255e+001 2.021999e+000 2.339418e+000 9.610695e+001 9.577857e+001 4.791283e+001 4.660626e+001 6.662974e+001 6.493671e+001 1.080981e+002 1.012615e+002 1.053724e+002 1.060746e+002 3.234861e+000 3.098738e+000 6.034455e+000 5.938608e+000 4.308862e+000 2.702550e+000 4.174616e+000 4.116606e+000
<VARIANCE> 22
 4.001297e+002 3.451967e+002 9.923424e+000 1.588059e+001 3.124382e+003 2.811019e+003 1.039009e+003 1.098784e+003 1.931891e+002 1.541691e+002 1.402759e+003 1.491811e+003 2.542725e+002 1.724216e+002 5.194528e+000 3.631272e+000 3.188829e-001 3.199778e-001 1.310680e+000 9.352984e+000 6.806369e+000 5.245057e+000
<GCONST> 1.295456e+002
<TRANSP> 5
 0.000000e+000 1.000000e+000 0.000000e+000 0.000000e+000 0.000000e+000
 0.000000e+000 8.348894e-001 1.651106e-001 0.000000e+000 0.000000e+000
 0.000000e+000 0.000000e+000 9.636579e-001 3.634214e-002 0.000000e+000
 0.000000e+000 0.000000e+000 0.000000e+000 9.204870e-001 7.951298e-002
 0.000000e+000 0.000000e+000 0.000000e+000 0.000000e+000 0.000000e+000
<ENDHMM>
~h "CP"
<BEGINHMM>
<NUMSTATES> 5
<STATE> 2
<NUMMIXES> 2
<MIXTURE> 1 8.301272e-001
<MEAN> 22
 1.376702e+001 1.171538e+001 3.849257e+000 3.319709e+000 5.473059e+001 5.327777e+001 1.059987e+002 1.070678e+002 7.564870e+001 7.058933e+001 1.861885e+002 1.900904e+002 1.257980e+002 1.217626e+002 4.073317e+000 4.622123e+000 6.676443e+000 5.480249e+000 5.478490e+000 5.531909e+000 3.279900e+000 3.153858e+000
<VARIANCE> 22
 5.925959e+002 3.875656e+002 3.779252e+002 2.175116e+002 1.582851e+003 1.459946e+003 1.155585e+003 1.210556e+003 1.673978e+002 1.727916e+002 2.070213e+003 1.188931e+003 3.874687e+002 2.171903e+002 1.143670e+001 3.190818e-001 2.220401e-001 2.496822e-001 3.556018e+000 8.540412e-001 5.382146e+000 5.362253e+000
<GCONST> 1.321035e+002
<MIXTURE> 2 1.698729e-001
<MEAN> 22
 7.057647e+000 4.028280e+000 9.919713e-001 9.693155e-001 3.334671e+002 2.423508e+002 5.834314e+001 4.805005e+001 3.302601e+001 3.037461e+001 4.506807e+001 6.112523e+001 4.793090e+001 4.981702e+001 7.954498e-001 1.550764e+000 9.901444e-001 2.391130e+000 1.022875e+000 1.561419e+000 1.370332e+000 1.456773e+000
<VARIANCE> 22
 4.276324e+002 7.519582e+001 4.405644e+000 4.544656e+000 2.923733e+004 2.032404e+004 5.084696e+003 3.890068e+003 1.520632e+003 1.241352e+003 4.072005e+003 5.884283e+003 3.017436e+003 3.086990e+003 1.817908e+000 3.673048e+000 4.432661e+000 7.262282e+000 2.270140e+000 5.127759e+000 5.037694e+000 5.324908e+000
<GCONST> 1.494156e+002
<STATE> 3
<NUMMIXES> 2
<MIXTURE> 1 4.500630e-001
<MEAN> 22
 1.150297e+001 1.176612e+001 2.881138e+000 3.043512e+000 5.245995e+001 4.710833e+001 7.818042e+001 8.334455e+001 7.069398e+001 6.681684e+001 1.620765e+002 1.655400e+002 1.122920e+002 1.123266e+002 4.328057e+000 4.538222e+000 6.538741e+000 5.319974e+000 5.977817e+000 5.748561e+000 3.783638e+000 3.683237e+000
<VARIANCE> 22
 1.093756e+002 1.099230e+002 1.201985e+001 1.200199e+001 1.121742e+003 6.987782e+002 3.434504e+002 4.383363e+002 1.662789e+002 1.510740e+002 5.515497e+002 5.485459e+002 1.233451e+002 1.254830e+002 1.151440e+001 2.735506e-001 3.073434e-001 2.417722e-001 2.863744e-001 3.894771e-001 5.202654e+000 4.926919e+000
<GCONST> 1.122904e+002
<MIXTURE> 2 5.499374e-001
<MEAN> 22
 9.046564e+000 9.616825e+000 2.260656e+000 2.209505e+000 6.225964e+001 5.553159e+001 5.472498e+001 5.765322e+001 6.757348e+001 6.430843e+001 1.165962e+002 1.178599e+002 1.005762e+002 1.001023e+002 7.178395e-001 3.854246e+000 6.697448e+000 5.294377e+000 5.311507e+000 5.048596e+000 3.248168e+000 3.013244e+000
<VARIANCE> 22
 8.159939e+001 8.414530e+001 9.041108e+000 8.426802e+000 4.956127e+002 6.819150e+002 2.554715e+002 3.426506e+002 9.949504e+001 1.450194e+002 3.034866e+002 3.456976e+002 6.708969e+001 7.490394e+001 3.239431e+000 5.209175e-001 2.136522e-001 2.077199e-001 1.746684e+000 4.919984e+000 5.126842e+000 5.061207e+000
<GCONST> 1.101869e+002
<STATE> 4
<NUMMIXES> 2
<MIXTURE> 1 4.944020e-001
<MEAN> 22
 8.545209e+000 7.664806e+000 2.442667e+000 2.511652e+000 3.495727e+001 3.102564e+001 1.000001e+002 1.002387e+002 6.892640e+001 6.424507e+001 1.965424e+002 1.974326e+002 1.215839e+002 1.213605e+002 6.996161e+000 4.998649e+000 6.304597e+000 5.588413e+000 6.011953e+000 5.945558e+000 3.859066e+000 3.627210e+000
<VARIANCE> 22
 6.765450e+001 6.230820e+001 6.557710e+000 6.988054e+000 1.096656e+003 6.566430e+002 3.579977e+002 2.162134e+002 9.494472e+001 8.102968e+001 3.867477e+002 3.144940e+002 1.213656e+002 8.079543e+001 6.504287e-002 1.793315e-002 2.118181e-001 2.421854e-001 3.335627e-002 7.199904e-002 5.776523e+000 5.881378e+000
<GCONST> 9.496626e+001
<MIXTURE> 2 5.055983e-001
<MEAN> 22
 5.792442e+000 5.968442e+000 1.208322e+000 1.267490e+000 3.456339e+001 3.253759e+001 7.089002e+001 7.109176e+001 5.924129e+001 5.719204e+001 1.554751e+002 1.563524e+002 1.035110e+002 1.031052e+002 6.041566e+000 4.839118e+000 6.345386e+000 5.583759e+000 5.967787e+000 5.977952e+000 3.587504e+000 3.416771e+000
<VARIANCE> 22
 3.207826e+001 3.088567e+001 3.300596e+000 2.164982e+000 5.366196e+002 3.827563e+002 1.671961e+002 2.096705e+002 6.002033e+001 8.981126e+001 2.651412e+002 2.970717e+002 5.816371e+001 6.137370e+001 5.646226e+000 1.964917e-001 2.732675e-001 2.623709e-001 1.359688e-001 2.030080e-001 5.388738e+000 5.535901e+000
<GCONST> 9.731683e+001
<TRANSP> 5
 0.000000e+000 1.000000e+000 0.000000e+000 0.000000e+000 0.000000e+000
 0.000000e+000 7.538164e-001 2.461836e-001 0.000000e+000 0.000000e+000
 0.000000e+000 0.000000e+000 9.321585e-001 6.784146e-002 0.000000e+000
 0.000000e+000 0.000000e+000 0.000000e+000 9.388984e-001 6.110150e-002
 0.000000e+000 0.000000e+000 0.000000e+000 0.000000e+000 0.000000e+000
<ENDHMM>
~h "CV"
<BEGINHMM>
<NUMSTATES> 5
<STATE> 2
<NUMMIXES> 2
<MIXTURE> 1 4.171764e-001
<MEAN> 22
 9.068769e+000 9.996538e+000 3.151060e+000 3.054877e+000 2.069276e+001 2.186584e+001 9.050681e+001 8.571026e+001 6.256999e+001 5.829279e+001 1.871834e+002 1.830702e+002 1.158184e+002 1.152324e+002 6.987133e+000 4.980604e+000 6.150771e+000 5.903590e+000 5.993751e+000 6.009801e+000 2.732748e+000 2.283353e+000
<VARIANCE> 22
 5.314249e+002 4.754474e+002 5.086133e+002 3.164826e+002 3.791788e+002 3.767403e+002 5.320687e+002 4.567723e+002 7.937226e+001 5.797714e+001 7.315845e+002 7.230686e+002 1.822917e+002 1.481457e+002 6.504287e-002 3.684503e-002 1.280385e-001 8.910606e-002 2.082488e-002 8.937836e-002 3.269613e+000 4.077499e+000
<GCONST> 1.067459e+002
<MIXTURE> 2 5.828238e-001
<MEAN> 22
 1.914011e+001 1.848445e+001 3.320955e+000 3.051829e+000 1.019594e+002 9.568073e+001 6.516278e+001 6.579981e+001 6.874363e+001 6.003315e+001 1.022067e+002 1.118259e+002 1.087327e+002 1.072570e+002 2.365518e+000 3.530625e+000 6.000705e+000 5.391332e+000 4.143572e+000 3.527105e+000 2.735759e+000 2.627259e+000
<VARIANCE> 22
 4.546054e+002 4.027816e+002 1.512739e+001 1.277100e+001 8.675665e+003 5.972308e+003 9.620535e+002 9.729891e+002 2.311926e+002 1.273027e+002 2.897422e+003 2.576829e+003 3.672003e+002 3.244824e+002 6.605519e+000 1.412293e+000 2.816325e+000 7.292216e-001 2.025499e+000 7.103974e+000 4.018646e+000 3.946894e+000
<GCONST> 1.355144e+002
<STATE> 3
<NUMMIXES> 2
<MIXTURE> 1 3.858748e-001
<MEAN> 22
 9.883892e+000 9.774779e+000 2.818246e+000 3.163317e+000 1.661212e+002 1.608207e+002 9.883134e+001 9.772323e+001 7.243363e+001 6.926062e+001 4.947054e+001 5.418878e+001 1.135151e+002 1.136584e+002 1.647952e+000 2.444186e+000 4.591497e+000 4.781299e+000 2.655874e+000 1.496090e+000 3.436159e+000 3.344478e+000
<VARIANCE> 22
 1.719129e+002 1.633896e+002 1.629927e+001 2.208296e+001 1.896981e+003 1.585859e+003 5.743810e+002 7.001086e+002 1.353506e+002 1.009982e+002 5.640318e+002 5.287529e+002 2.915087e+002 1.898049e+002 3.775295e-001 3.168532e-001 1.009534e+001 6.934381e-001 3.954401e-001 4.862843e-001 5.544538e+000 5.667387e+000
<GCONST> 1.190548e+002
<MIXTURE> 2 6.141254e-001
<MEAN> 22
 5.961363e+000 6.318980e+000 1.226275e+000 1.293339e+000 1.205860e+002 1.208917e+002 6.867301e+001 6.891606e+001 6.068193e+001 5.759846e+001 5.301539e+001 5.330886e+001 9.871553e+001 9.948840e+001 1.373036e+000 2.539365e+000 6.831683e+000 5.216961e+000 2.908619e+000 1.180231e+000 3.502851e+000 3.358933e+000
<VARIANCE> 22
 5.699553e+001 5.556243e+001 3.300596e+000 2.476315e+000 1.226266e+003 8.869570e+002 2.467555e+002 2.891539e+002 3.220067e+001 4.485564e+001 2.092712e+002 2.306795e+002 6.131632e+001 6.316502e+001 2.741914e-001 3.225206e-001 1.770104e-001 3.037888e-001 2.594264e-001 3.073704e-001 5.608951e+000 6.013843e+000
<GCONST> 9.763239e+001
<STATE> 4
<NUMMIXES> 2
<MIXTURE> 1 5.211546e-001
<MEAN> 22
 1.067562e+001 9.562340e+000 3.066675e+000 2.619600e+000 2.358053e+001 2.308794e+001 9.495098e+001 9.284191e+001 6.427317e+001 5.853464e+001 1.914203e+002 1.908324e+002 1.157487e+002 1.148532e+002 6.991744e+000 4.999894e+000 6.227646e+000 5.825400e+000 6.015104e+000 5.984525e+000 4.219192e+000 4.046613e+000
<VARIANCE> 22
 1.085328e+002 9.868678e+001 9.590682e+000 7.421879e+000 5.157849e+002 4.550026e+002 4.509090e+002 3.305262e+002 9.153413e+001 6.706952e+001 6.424453e+002 5.567615e+002 1.753546e+002 1.390067e+002 6.504287e-002 1.793315e-002 1.758227e-001 1.441158e-001 3.785340e-002 5.618803e-002 6.765509e+000 5.034350e+000
<GCONST> 9.681247e+001
<MIXTURE> 2 4.788455e-001
<MEAN> 22
 1.602022e+001 1.640573e+001 2.672652e+000 2.985766e+000 7.273212e+001 6.429596e+001 4.270292e+001 4.872783e+001 6.515461e+001 5.963409e+001 1.081593e+002 1.175799e+002 1.037823e+002 1.038352e+002 2.571433e+000 3.679790e+000 6.117493e+000 5.783719e+000 4.545949e+000 3.800424e+000 4.350987e+000 4.283461e+000
<VARIANCE> 22
 2.807762e+002 2.668279e+002 1.581473e+001 1.534315e+001 1.237355e+003 1.266856e+003 4.985987e+002 7.031127e+002 1.068019e+002 8.822618e+001 1.153421e+003 1.498944e+003 1.428489e+002 1.128059e+002 6.921293e+000 1.965992e+000 1.851581e-001 2.220834e-001 8.791996e-001 9.599117e+000 5.872865e+000 5.483312e+000
<GCONST> 1.224071e+002
<TRANSP> 5
 0.000000e+000 1.000000e+000 0.000000e+000 0.000000e+000 0.000000e+000
 0.000000e+000 8.441998e-001 1.558002e-001 0.000000e+000 0.000000e+000
 0.000000e+000 0.000000e+000 9.493022e-001 5.069783e-002 0.000000e+000
 0.000000e+000 0.000000e+000 0.000000e+000 9.133410e-001 8.665898e-002
 0.000000e+000 0.000000e+000 0.000000e+000 0.000000e+000 0.000000e+000
<ENDHMM>
~h "DC"
<BEGINHMM>
<NUMSTATES> 5
<STATE> 2
<NUMMIXES> 2
<MIXTURE> 1 4.298470e-001
<MEAN> 22
 9.790299e+000 9.281650e+000 3.799246e+000 3.331223e+000 4.229704e+001 3.996291e+001 8.990663e+001 8.650246e+001 6.349491e+001 5.940995e+001 1.878884e+002 1.851059e+002 1.177444e+002 1.168077e+002 6.975507e+000 4.993353e+000 6.178760e+000 5.863116e+000 5.960514e+000 6.009655e+000 2.483052e+000 2.112421e+000
<VARIANCE> 22
 8.944301e+002 6.459701e+002 8.312961e+002 5.120364e+002 1.048009e+004 6.567790e+003 6.859784e+002 4.742613e+002 9.913913e+001 6.147107e+001 8.756537e+002 7.527852e+002 2.314912e+002 1.799657e+002 1.306588e-001 1.793315e-002 1.468058e-001 1.181468e-001 8.530678e-002 1.111707e-001 3.083576e+000 3.471693e+000
<GCONST> 1.177543e+002
<MIXTURE> 2 5.701538e-001
<MEAN> 22
 1.406959e+001 1.351435e+001 2.754253e+000 2.842750e+000 1.088890e+002 9.991305e+001 4.559298e+001 4.630598e+001 6.534911e+001 6.152418e+001 1.111726e+002 1.143489e+002 1.053270e+002 1.031810e+002 2.052873e+000 3.504188e+000 6.066911e+000 5.553458e+000 4.508311e+000 4.348327e+000 2.523395e+000 2.014892e+000
<VARIANCE> 22
 1.637969e+002 1.429326e+002 1.285101e+001 1.333683e+001 1.104552e+004 7.549785e+003 6.735316e+002 7.239329e+002 2.933795e+002 2.248295e+002 1.278340e+003 1.396054e+003 6.661647e+002 5.468838e+002 7.078226e+000 2.178887e+000 1.467739e+000 1.263241e+000 2.041583e+000 9.165380e+000 2.880748e+000 3.214214e+000
<GCONST> 1.337799e+002
<STATE> 3
<NUMMIXES> 2
<MIXTURE> 1 4.338925e-001
<MEAN> 22
 1.466782e+001 1.643989e+001 3.125141e+000 3.532919e+000 1.400945e+002 1.375441e+002 6.959014e+001 7.093206e+001 6.972340e+001 6.678949e+001 5.932440e+001 5.974107e+001 9.913785e+001 9.989417e+001 1.954514e+000 2.256214e+000 5.842718e+000 5.663714e+000 3.399399e+000 9.838177e-001 2.770173e+000 2.699707e+000
<VARIANCE> 22
 2.868115e+002 3.727160e+002 2.979176e+001 3.423699e+001 2.367709e+003 1.670560e+003 6.010587e+002 6.269050e+002 1.016597e+002 1.479442e+002 5.623076e+002 6.319767e+002 2.134698e+002 2.195195e+002 5.206569e-001 5.005581e-001 8.815153e-001 7.362208e-001 3.531195e-001 1.375953e+000 5.399358e+000 5.435494e+000
<GCONST> 1.210053e+002
<MIXTURE> 2 5.661076e-001
<MEAN> 22
 8.771084e+000 8.885142e+000 1.083253e+000 1.159155e+000 1.096860e+002 1.068962e+002 3.198515e+001 3.449835e+001 6.256704e+001 6.008334e+001 7.930266e+001 8.035458e+001 9.904219e+001 9.959712e+001 1.933736e+000 2.002459e+000 6.013149e+000 6.017419e+000 3.974963e+000 3.943365e-002 2.754880e+000 2.475314e+000
<VARIANCE> 22
 1.347506e+002 1.212881e+002 3.300596e+000 2.251262e+000 5.444346e+002 5.614718e+002 1.299538e+002 1.448088e+002 6.989410e+001 9.196326e+001 2.002003e+002 1.897674e+002 9.317747e+001 9.547229e+001 6.645138e-001 8.989314e-001 2.326111e-002 1.207286e-001 8.295787e-002 5.618803e-002 5.525124e+000 5.871093e+000
<GCONST> 9.474066e+001
<STATE> 4
<NUMMIXES> 2
<MIXTURE> 1 5.641095e-001
<MEAN> 22
 9.938242e+000 9.145202e+000 3.205919e+000 2.838151e+000 2.240629e+001 2.208752e+001 9.639420e+001 9.395883e+001 6.425249e+001 5.980243e+001 1.914100e+002 1.907129e+002 1.147951e+002 1.147967e+002 6.996782e+000 5.001505e+000 6.307178e+000 5.720399e+000 6.012202e+000 5.996504e+000 4.084536e+000 3.901980e+000
<VARIANCE> 22
 8.560994e+001 8.110236e+001 8.824716e+000 7.227197e+000 3.608941e+002 3.723631e+002 3.750598e+002 3.302683e+002 9.075256e+001 7.866756e+001 4.998803e+002 4.575766e+002 1.511073e+002 1.240484e+002 6.504287e-002 1.793315e-002 2.128190e-001 2.014213e-001 2.082488e-002 5.618803e-002 7.151938e+000 4.424098e+000
<GCONST> 9.482231e+001
<MIXTURE> 2 4.358902e-001
<MEAN> 22
 1.863227e+001 1.849847e+001 2.844624e+000 2.667942e+000 7.328065e+001 6.433853e+001 4.074855e+001 4.437284e+001 6.615404e+001 6.149883e+001 1.242561e+002 1.291629e+002 1.037172e+002 1.037930e+002 3.719637e+000 4.380623e+000 6.113044e+000 5.809566e+000 4.934908e+000 5.841339e+000 4.330703e+000 4.247580e+000
<VARIANCE> 22
 3.646189e+002 3.577643e+002 2.034985e+001 1.672553e+001 1.421156e+003 1.148691e+003 5.054628e+002 4.803873e+002 1.221402e+002 1.258960e+002 7.704420e+002 8.259506e+002 1.487336e+002 1.211991e+002 8.983551e+000 1.707768e+000 1.681588e-001 2.089897e-001 6.845286e-001 4.704562e+000 7.252177e+000 4.583361e+000
<GCONST> 1.216069e+002
<TRANSP> 5
 0.000000e+000 1.000000e+000 0.000000e+000 0.000000e+000 0.000000e+000
 0.000000e+000 8.674201e-001 1.325799e-001 0.000000e+000 0.000000e+000
 0.000000e+000 0.000000e+000 9.559889e-001 4.401115e-002 0.000000e+000
 0.000000e+000 0.000000e+000 0.000000e+000 9.055983e-001 9.440178e-002
 0.000000e+000 0.000000e+000 0.000000e+000 0.000000e+000 0.000000e+000
<ENDHMM>
~h "FM"
<BEGINHMM>
<NUMSTATES> 5
<STATE> 2
<NUMMIXES> 2
<MIXTURE> 1 9.853396e-002
<MEAN> 22
 1.905747e+001 1.808227e+001 1.240599e+001 8.538877e+000 4.359229e+001 3.090368e+001 1.012940e+002 9.402270e+001 7.808486e+001 6.844870e+001 1.931281e+002 1.853047e+002 1.207201e+002 1.193539e+002 6.102795e+000 4.734881e+000 6.458246e+000 5.658564e+000 5.813584e+000 5.998974e+000 3.777955e+000 2.801854e+000
<VARIANCE> 22
 3.023718e+003 3.056437e+003 2.470038e+003 1.611001e+003 4.052323e+003 2.387615e+003 1.169221e+003 7.856014e+002 4.500657e+002 2.842111e+002 1.732796e+003 2.050483e+003 5.153486e+002 3.422014e+002 5.070338e+000 4.555538e-001 6.186913e-001 5.012135e-001 4.866087e-001 8.318129e-001 8.128216e+000 5.498400e+000
<GCONST> 1.429691e+002
<MIXTURE> 2 9.014665e-001
<MEAN> 22
 6.803113e+000 1.565363e+000 1.674645e+000 6.405753e-001 6.331299e+001 1.235068e+001 5.889466e+001 9.297218e+001 9.431669e+001 5.793316e+001 1.333721e+002 1.898521e+002 1.117626e+002 1.162936e+002 1.840665e+000 4.885774e+000 6.500559e+000 5.877446e+000 5.223995e+000 5.993433e+000 2.995059e+000 1.888400e+000
<VARIANCE> 22
 5.769525e+001 6.488013e+000 4.820527e+000 2.164982e+000 7.146581e+002 2.105154e+002 5.370688e+002 5.609044e+002 5.116693e+002 9.719962e+001 7.759615e+002 1.083766e+003 1.895558e+002 1.568474e+002 8.906630e+000 1.605822e-001 3.039900e-001 1.075376e-001 3.945172e-001 4.379937e-001 6.271280e+000 5.649120e+000
<GCONST> 1.067465e+002
<STATE> 3
<NUMMIXES> 2
<MIXTURE> 1 4.327010e-001
<MEAN> 22
 2.344354e+000 8.953954e+000 8.801587e-001 3.161400e+000 1.645416e+001 5.171696e+001 1.059007e+002 8.247296e+001 6.458788e+001 9.116498e+001 2.073278e+002 1.638800e+002 1.222609e+002 1.172547e+002 6.991758e+000 4.499973e+000 6.143487e+000 5.288509e+000 5.991992e+000 6.293179e+000 2.245287e+000 3.286358e+000
<VARIANCE> 22
 1.692333e+001 7.915244e+001 3.300596e+000 1.717831e+001 7.145558e+002 1.058660e+003 4.290600e+002 5.044434e+002 8.263842e+001 6.033486e+002 7.398104e+002 9.810759e+002 3.039611e+002 1.520685e+002 6.504287e-002 2.802645e-001 1.571749e-001 2.297539e-001 3.928658e-002 3.157203e-001 6.302901e+000 5.652263e+000
<GCONST> 1.044033e+002
<MIXTURE> 2 5.672986e-001
<MEAN> 22
 8.048375e-001 6.003563e+000 3.637619e-001 1.226862e+000 5.724419e+000 6.179836e+001 8.845329e+001 5.105496e+001 5.317395e+001 8.202346e+001 1.830856e+002 1.204492e+002 1.100769e+002 9.878874e+001 6.969311e+000 4.058749e+000 6.002305e+000 5.407238e+000 5.995089e+000 6.289996e+000 1.366405e+000 3.136194e+000
<VARIANCE> 22
 4.801632e+000 3.827004e+001 3.300596e+000 2.164982e+000 4.956259e+001 2.725164e+002 7.006037e+001 2.865601e+002 3.589733e+001 1.450876e+002 1.482449e+002 3.888889e+002 4.190041e+001 5.055816e+001 1.987395e-001 2.850408e-001 2.326111e-002 2.413992e-001 2.082488e-002 2.386118e+000 4.954884e+000 5.838096e+000
<GCONST> 8.651994e+001
<STATE> 4
<NUMMIXES> 2
<MIXTURE> 1 8.901225e-001
<MEAN> 22
 6.162032e+000 6.261568e+000 1.616218e+000 1.932746e+000 4.222786e+001 3.953321e+001 6.029725e+001 6.032097e+001 7.705589e+001 6.733048e+001 1.384582e+002 1.335854e+002 1.053690e+002 1.040692e+002 3.427732e+000 3.934135e+000 6.396496e+000 5.533828e+000 5.307532e+000 5.135737e+000 2.646185e+000 2.664401e+000
<VARIANCE> 22
 8.682123e+001 8.767578e+001 6.941289e+000 1.135540e+001 8.563798e+002 1.220201e+003 8.550355e+002 9.799777e+002 4.019496e+002 2.293191e+002 1.238209e+003 1.532709e+003 1.757681e+002 1.589088e+002 1.050135e+001 1.620146e+000 2.502358e-001 2.698211e-001 5.558197e-001 6.136242e+000 5.835812e+000 6.256793e+000
<GCONST> 1.223245e+002
<MIXTURE> 2 1.098767e-001
<MEAN> 22
 4.753092e-001 1.911357e+000 2.468391e-001 6.548576e-001 4.670103e+002 3.557555e+002 3.471787e+001 2.880809e+001 2.247942e+001 2.560795e+001 5.866676e+001 4.607183e+001 3.560653e+001 3.590585e+001 1.938346e+000 1.288280e+000 1.776223e+000 1.663949e+000 1.665887e+000 1.708295e+000 3.625622e-001 1.046178e+000
<VARIANCE> 22
 4.801632e+000 2.098032e+001 3.300596e+000 2.530341e+000 1.271928e+004 5.450605e+003 2.694775e+003 2.102519e+003 1.215820e+003 1.502035e+003 7.998724e+003 5.363618e+003 2.795035e+003 2.842906e+003 9.543621e+000 3.891758e+000 8.230321e+000 6.141356e+000 6.697741e+000 7.172323e+000 1.470525e+000 4.077207e+000
<GCONST> 1.418536e+002
<TRANSP> 5
 0.000000e+000 1.000000e+000 0.000000e+000 0.000000e+000 0.000000e+000
 0.000000e+000 8.907861e-001 1.092139e-001 0.000000e+000 0.000000e+000
 0.000000e+000 0.000000e+000 9.556236e-001 4.437646e-002 0.000000e+000
 0.000000e+000 0.000000e+000 0.000000e+000 8.330802e-001 1.669198e-001
 0.000000e+000 0.000000e+000 0.000000e+000 0.000000e+000 0.000000e+000
<ENDHMM>
~h "FN"
<BEGINHMM>
<NUMSTATES> 5
<STATE> 2
<NUMMIXES> 2
<MIXTURE> 1 1.607403e-001
<MEAN> 22
 4.547584e+001 2.094057e+001 2.140616e+001 1.280884e+001 1.365927e+002 3.506448e+001 1.157718e+002 1.010718e+002 8.510508e+001 6.325635e+001 1.050812e+002 1.889550e+002 1.099996e+002 1.211401e+002 2.864835e+000 4.705489e+000 4.020137e+000 5.678500e+000 3.785154e+000 5.571311e+000 4.474474e+000 2.688019e+000
<VARIANCE> 22
 6.261441e+003 4.392351e+003 5.546180e+003 3.302747e+003 7.157001e+003 2.717844e+003 2.098313e+003 6.427337e+002 3.667922e+002 1.013220e+002 5.693916e+003 2.735530e+003 5.377105e+002 1.802295e+002 6.071371e+000 5.868995e-001 8.517535e+000 3.383001e-001 3.068918e+000 1.920932e+000 5.176081e+000 6.898168e+000
<GCONST> 1.514288e+002
<MIXTURE> 2 8.392598e-001
<MEAN> 22
 4.918264e+000 7.727391e+000 1.264919e+000 1.959109e+000 1.369397e+002 1.210151e+002 9.205973e+001 9.320238e+001 6.930049e+001 6.288386e+001 1.246392e+002 1.143614e+002 1.000765e+002 1.029465e+002 3.968947e+000 3.447572e+000 4.590330e+000 4.813829e+000 4.540196e+000 3.505293e+000 2.509495e+000 2.393183e+000
<VARIANCE> 22
 6.003354e+001 1.418803e+002 3.300596e+000 8.797706e+000 2.769853e+004 1.702561e+004 1.743781e+003 1.228473e+003 5.586592e+002 3.973722e+002 6.539460e+003 6.990050e+003 1.328413e+003 9.016457e+002 8.139003e+000 2.651642e+000 6.900055e+000 2.854013e+000 3.203673e+000 6.520685e+000 6.220827e+000 5.526967e+000
<GCONST> 1.439739e+002
<STATE> 3
<NUMMIXES> 2
<MIXTURE> 1 5.292366e-001
<MEAN> 22
 2.010360e+000 1.673077e+001 7.408333e-001 3.710825e+000 9.843410e+000 9.938741e+001 9.946003e+001 8.791119e+001 6.131076e+001 6.961437e+001 2.001724e+002 1.126270e+002 1.185531e+002 1.099059e+002 6.996161e+000 3.645889e+000 6.133916e+000 5.183682e+000 5.999321e+000 3.801783e+000 2.098507e+000 3.744951e+000
<VARIANCE> 22
 1.288421e+001 3.014948e+002 3.300596e+000 2.293010e+001 1.682881e+002 5.567780e+003 2.705205e+002 1.372925e+003 6.291561e+001 2.072563e+002 4.738714e+002 4.309872e+003 1.526598e+002 1.587768e+002 6.504287e-002 1.717112e+000 1.159787e-001 1.037238e+000 2.082488e-002 6.670016e+000 6.233673e+000 5.297050e+000
<GCONST> 1.109144e+002
<MIXTURE> 2 4.707633e-001
<MEAN> 22
 9.322677e-001 8.950802e+000 4.650317e-001 2.365201e+000 8.512292e+000 1.611108e+002 8.474786e+001 1.018308e+002 5.512217e+001 6.404745e+001 1.784040e+002 2.965098e+001 1.071329e+002 9.105679e+001 6.908750e+000 2.116470e+000 6.002779e+000 4.340512e+000 5.948596e+000 1.267805e+000 1.273282e+000 3.187191e+000
<VARIANCE> 22
 5.165962e+000 1.037395e+002 3.300596e+000 8.521985e+000 5.374538e+002 1.313770e+003 1.073148e+002 5.760298e+002 3.325517e+001 7.483810e+001 4.496103e+002 6.276926e+002 6.170698e+001 1.584973e+002 4.404223e-001 1.765106e-001 3.236255e-002 1.534908e+000 1.393484e-001 4.803698e-001 4.458439e+000 5.550863e+000
<GCONST> 9.905965e+001
<STATE> 4
<NUMMIXES> 2
<MIXTURE> 1 7.266067e-001
<MEAN> 22
 1.082944e+001 2.368558e+000 2.868082e+000 9.774601e-001 1.124274e+002 1.882048e+001 1.027888e+002 9.790605e+001 7.351447e+001 5.715358e+001 9.782043e+001 1.980063e+002 1.056484e+002 1.178648e+002 3.376815e+000 4.998492e+000 4.498394e+000 5.820942e+000 4.003636e+000 5.989690e+000 3.536928e+000 2.110003e+000
<VARIANCE> 22
 1.660672e+002 1.682677e+001 1.324958e+001 2.420402e+000 5.601521e+003 7.434005e+002 1.228944e+003 2.578645e+002 2.031035e+002 7.563932e+001 6.351928e+003 4.562915e+002 4.270886e+002 1.454098e+002 6.525328e+000 1.793315e-002 7.280797e+000 1.469991e-001 2.698032e+000 5.618803e-002 6.150675e+000 6.008143e+000
<GCONST> 1.149465e+002
<MIXTURE> 2 2.733921e-001
<MEAN> 22
 6.868321e+000 6.782765e+000 1.838538e+000 1.581967e+000 4.964210e+001 3.910223e+001 5.503989e+001 3.720334e+001 6.510945e+001 5.667017e+001 7.983144e+001 1.013352e+002 9.873412e+001 1.002742e+002 2.804843e+000 3.083134e+000 5.612096e+000 5.763396e+000 3.864211e+000 2.917494e+000 2.821070e+000 2.587402e+000
<VARIANCE> 22
 1.292837e+002 2.004518e+002 1.076784e+001 6.616696e+000 1.322527e+003 1.202771e+003 1.293100e+003 3.800927e+002 8.518670e+001 4.374362e+001 2.073781e+003 8.037656e+002 1.398864e+002 8.297143e+001 4.015919e+000 2.574404e+000 2.835452e+000 3.441478e-001 8.685741e-001 1.041904e+001 6.427067e+000 6.233776e+000
<GCONST> 1.223605e+002
<TRANSP> 5
 0.000000e+000 1.000000e+000 0.000000e+000 0.000000e+000 0.000000e+000
 0.000000e+000 7.458715e-001 2.541285e-001 0.000000e+000 0.000000e+000
 0.000000e+000 0.000000e+000 9.550871e-001 4.491291e-002 0.000000e+000
 0.000000e+000 0.000000e+000 0.000000e+000 9.180378e-001 8.196219e-002
 0.000000e+000 0.000000e+000 0.000000e+000 0.000000e+000 0.000000e+000
<ENDHMM>
~h "FU"
<BEGINHMM>
<NUMSTATES> 5
<STATE> 2
<NUMMIXES> 2
<MIXTURE> 1 7.938194e-001
<MEAN> 22
 1.022727e+001 1.402882e+000 2.455805e+000 7.029888e-001 1.346243e+002 1.783545e+001 1.027224e+002 9.492534e+001 6.584634e+001 5.488858e+001 5.862661e+001 1.928675e+002 1.001990e+002 1.135566e+002 2.741544e+000 5.000000e+000 3.408301e+000 5.861125e+000 3.373993e+000 5.998073e+000 3.241599e+000 1.912211e+000
<VARIANCE> 22
 2.509368e+002 4.915664e+000 1.246217e+001 2.164982e+000 5.256181e+003 6.865696e+002 9.778309e+002 1.708669e+002 1.820554e+002 5.363588e+001 4.008845e+003 3.079048e+002 2.398601e+002 1.280336e+002 3.939600e+000 1.793315e-002 7.973291e+000 1.195876e-001 1.707045e+000 5.618803e-002 6.292901e+000 5.581458e+000
<GCONST> 1.100330e+002
<MIXTURE> 2 2.061814e-001
<MEAN> 22
 7.497510e+000 8.463722e+000 2.467509e+000 2.175729e+000 6.045079e+001 5.718118e+001 8.182526e+001 5.873713e+001 6.016615e+001 5.681036e+001 7.845983e+001 1.176691e+002 9.677301e+001 9.892072e+001 3.140376e+000 3.747969e+000 4.990523e+000 5.512579e+000 3.848128e+000 4.268843e+000 2.939862e+000 2.933139e+000
<VARIANCE> 22
 1.493773e+002 1.418270e+002 1.951292e+001 1.164584e+001 3.062988e+003 2.665119e+003 1.414314e+003 8.234755e+002 1.754572e+002 9.765570e+001 3.882273e+003 2.082383e+003 2.410247e+002 1.239062e+002 5.076945e+000 2.048142e+000 4.664519e+000 5.549671e-001 1.927114e+000 7.339197e+000 5.883801e+000 5.306803e+000
<GCONST> 1.310454e+002
<STATE> 3
<NUMMIXES> 2
<MIXTURE> 1 4.137918e-001
<MEAN> 22
 1.994793e+000 1.803758e+001 6.998971e-001 3.375926e+000 7.425360e+000 1.477201e+002 1.031727e+002 9.513388e+001 6.257914e+001 7.023650e+001 2.058225e+002 6.484711e+001 1.217153e+002 1.070955e+002 6.997757e+000 2.714255e+000 6.147256e+000 4.734230e+000 5.998854e+000 2.225377e+000 1.961609e+000 3.094352e+000
<VARIANCE> 22
 1.934344e+001 3.452525e+002 3.300596e+000 1.474950e+001 1.005688e+002 5.322016e+003 3.771125e+002 1.652517e+003 8.497871e+001 1.785218e+002 7.583983e+002 2.800035e+003 2.627344e+002 1.810157e+002 6.504287e-002 1.157331e+000 1.255701e-001 1.612190e+000 2.082488e-002 4.668203e+000 6.137619e+000 5.576108e+000
<GCONST> 1.116419e+002
<MIXTURE> 2 5.862089e-001
<MEAN> 22
 9.802422e-001 3.844055e+000 5.249022e-001 1.292546e+000 7.711619e+000 1.624977e+002 8.228941e+001 1.031442e+002 5.240282e+001 5.777947e+001 1.743244e+002 2.033952e+001 1.042693e+002 8.937211e+001 6.931978e+000 2.034482e+000 6.015192e+000 4.156916e+000 5.960093e+000 1.305760e+000 1.386629e+000 2.636722e+000
<VARIANCE> 22
 4.801632e+000 3.383579e+001 3.300596e+000 2.466885e+000 4.417008e+002 7.630142e+002 8.588190e+001 2.279883e+002 3.476308e+001 9.359702e+001 3.105399e+002 3.302163e+002 5.927039e+001 6.973288e+001 3.595909e-001 9.203256e-002 6.716046e-002 2.221570e+000 1.121165e-001 4.199872e-001 4.890983e+000 6.679131e+000
<GCONST> 9.330318e+001
<STATE> 4
<NUMMIXES> 2
<MIXTURE> 1 7.303829e-001
<MEAN> 22
 3.876122e+000 1.383869e+001 1.745868e+000 3.475908e+000 1.413392e+001 2.866548e+001 9.757150e+001 8.392390e+001 6.016992e+001 5.898167e+001 1.954425e+002 1.806540e+002 1.164882e+002 1.119998e+002 6.994802e+000 4.992677e+000 6.118326e+000 5.838804e+000 5.999412e+000 6.100885e+000 2.783216e+000 3.889033e+000
<VARIANCE> 22
 2.000479e+002 3.956139e+002 1.435771e+002 9.842644e+001 1.596301e+002 5.798588e+002 2.681053e+002 5.284615e+002 7.588483e+001 9.385284e+001 4.356202e+002 7.855520e+002 1.518088e+002 1.339484e+002 6.504287e-002 1.158115e-001 1.043248e-001 1.352108e-001 2.082488e-002 1.083071e-001 6.666672e+000 5.288021e+000
<GCONST> 1.044182e+002
<MIXTURE> 2 2.696170e-001
<MEAN> 22
 6.166918e+000 7.512266e+000 1.425638e+000 3.022094e+000 2.419302e+002 1.967684e+002 6.031888e+001 6.280021e+001 5.013960e+001 5.098864e+001 1.108116e+002 8.756770e+001 8.028721e+001 7.173990e+001 3.511862e+000 2.803658e+000 4.367334e+000 3.846044e+000 3.845609e+000 3.194630e+000 2.196028e+000 2.153295e+000
<VARIANCE> 22
 1.579410e+002 2.323221e+002 8.570667e+000 6.046089e+001 4.487210e+004 2.451242e+004 2.230561e+003 2.608332e+003 1.024510e+003 1.213702e+003 7.754420e+003 6.309965e+003 2.698187e+003 2.459013e+003 9.290747e+000 4.543967e+000 7.325860e+000 6.093483e+000 5.996206e+000 8.163488e+000 6.872227e+000 6.307287e+000
<GCONST> 1.562376e+002
<TRANSP> 5
 0.000000e+000 1.000000e+000 0.000000e+000 0.000000e+000 0.000000e+000
 0.000000e+000 9.267576e-001 7.324231e-002 0.000000e+000 0.000000e+000
 0.000000e+000 0.000000e+000 9.448188e-001 5.518125e-002 0.000000e+000
 0.000000e+000 0.000000e+000 0.000000e+000 8.425179e-001 1.574822e-001
 0.000000e+000 0.000000e+000 0.000000e+000 0.000000e+000 0.000000e+000
<ENDHMM>
~h "MC"
<BEGINHMM>
<NUMSTATES> 5
<STATE> 2
<NUMMIXES> 2
<MIXTURE> 1 1.132858e-001
<MEAN> 22
 1.735767e+001 3.423133e+001 1.186742e+001 9.695445e+000 1.594062e+002 1.853855e+002 1.147814e+002 6.313639e+001 7.605595e+001 7.806641e+001 1.973551e+002 1.106647e+002 1.346651e+002 1.193860e+002 5.407695e+000 3.099980e+000 6.268290e+000 5.719072e+000 5.268571e+000 2.566130e+000 2.147265e+000 3.014763e+000
<VARIANCE> 22
 3.090732e+003 4.489083e+003 2.762404e+003 1.619433e+003 4.903748e+004 2.017065e+004 2.123611e+003 1.102161e+003 2.760098e+002 1.936813e+002 8.251040e+003 2.813107e+003 1.380487e+003 5.149156e+002 5.867993e+000 1.423949e+000 1.086264e+000 5.540166e-001 1.386631e+000 8.285714e+000 5.884303e+000 5.308895e+000
<GCONST> 1.563900e+002
<MIXTURE> 2 8.867150e-001
<MEAN> 22
 5.964187e+000 7.671487e+000 1.638307e+000 2.319485e+000 5.325474e+001 6.137285e+001 6.361680e+001 5.855542e+001 7.122257e+001 6.897554e+001 1.260891e+002 1.159604e+002 1.046522e+002 1.042663e+002 3.883901e+000 3.546140e+000 6.198678e+000 5.699825e+000 4.949788e+000 3.779018e+000 2.849441e+000 2.747616e+000
<VARIANCE> 22
 6.747227e+001 8.031734e+001 4.680643e+000 8.739803e+000 1.537515e+003 2.033808e+003 7.856828e+002 9.673858e+002 2.510727e+002 2.788016e+002 2.641235e+003 2.662201e+003 2.028273e+002 1.820282e+002 8.510190e+000 1.662713e+000 2.853920e-001 2.445999e-001 1.269880e+000 9.228811e+000 5.897120e+000 5.494403e+000
<GCONST> 1.246049e+002
<STATE> 3
<NUMMIXES> 2
<MIXTURE> 1 3.892225e-001
<MEAN> 22
 2.403847e+000 1.403093e+001 7.932648e-001 4.221716e+000 1.101720e+001 9.925420e+001 1.032538e+002 7.200575e+001 6.374055e+001 8.562105e+001 2.042263e+002 1.084317e+002 1.214742e+002 1.102018e+002 6.941857e+000 3.533279e+000 6.142340e+000 5.445932e+000 5.977080e+000 3.150113e+000 2.179970e+000 3.401828e+000
<VARIANCE> 22
 1.828619e+001 1.480457e+002 3.300596e+000 2.113985e+001 3.684422e+002 4.004071e+003 3.781121e+002 1.173659e+003 7.046262e+001 6.393945e+002 7.147843e+002 2.853820e+003 1.879700e+002 1.429008e+002 3.036288e-001 1.484090e+000 1.336958e-001 4.971663e-001 4.804438e-002 8.747617e+000 6.088204e+000 5.224952e+000
<GCONST> 1.143169e+002
<MIXTURE> 2 6.107774e-001
<MEAN> 22
 9.363328e-001 7.291996e+000 5.467688e-001 2.102846e+000 5.827541e+000 1.077916e+002 8.612391e+001 5.065031e+001 5.235657e+001 7.717645e+001 1.794416e+002 6.920495e+001 1.072163e+002 9.164787e+001 7.000000e+000 2.696723e+000 6.000266e+000 5.734663e+000 6.000000e+000 1.733759e+000 1.585489e+000 3.128073e+000
<VARIANCE> 22
 4.801632e+000 4.545850e+001 3.300596e+000 4.885667e+000 4.956259e+001 8.460615e+002 6.953050e+001 4.229518e+002 4.167255e+001 2.413055e+002 1.291391e+002 8.062537e+002 4.699988e+001 1.627672e+002 6.504287e-002 7.601857e-001 2.326111e-002 2.397187e-001 2.082488e-002 7.313811e+000 5.424553e+000 5.062685e+000
<GCONST> 9.247880e+001
<STATE> 4
<NUMMIXES> 2
<MIXTURE> 1 7.743746e-001
<MEAN> 22
 8.785978e+000 3.349020e+000 2.799054e+000 1.307140e+000 7.718540e+001 1.524642e+001 6.789801e+001 9.864114e+001 7.693981e+001 5.704891e+001 1.272240e+002 1.978940e+002 1.115728e+002 1.171201e+002 3.508193e+000 4.999862e+000 6.271768e+000 5.809601e+000 4.771567e+000 5.997167e+000 3.262249e+000 2.722358e+000
<VARIANCE> 22
 8.206815e+001 3.090361e+001 1.295859e+001 5.139753e+000 2.920177e+003 2.266787e+002 9.051300e+002 2.427971e+002 4.629361e+002 6.066161e+001 3.425075e+003 4.137878e+002 2.407773e+002 1.135773e+002 8.476234e+000 1.793315e-002 2.167823e-001 1.541510e-001 1.297910e+000 5.618803e-002 5.973336e+000 6.289420e+000
<GCONST> 1.085226e+002
<MIXTURE> 2 2.256248e-001
<MEAN> 22
 6.024384e+000 3.638456e+000 1.496760e+000 1.093022e+000 7.458976e+001 4.599157e+001 4.932330e+001 4.425355e+001 6.580244e+001 5.343031e+001 6.874516e+001 1.145026e+002 9.030044e+001 9.445502e+001 1.891809e+000 3.565947e+000 5.874085e+000 5.561054e+000 3.661168e+000 4.476155e+000 2.891491e+000 2.357239e+000
<VARIANCE> 22
 5.007798e+001 5.172182e+001 3.680763e+000 3.627709e+000 7.941303e+003 5.142796e+003 7.467084e+002 6.133608e+002 3.595083e+002 1.709981e+002 1.627392e+003 1.631814e+003 4.218737e+002 3.877944e+002 2.175990e+000 2.367034e+000 1.684211e+000 1.406300e+000 1.332748e+000 8.822271e+000 6.287537e+000 5.901553e+000
<GCONST> 1.278477e+002
<TRANSP> 5
 0.000000e+000 1.000000e+000 0.000000e+000 0.000000e+000 0.000000e+000
 0.000000e+000 8.383750e-001 1.616250e-001 0.000000e+000 0.000000e+000
 0.000000e+000 0.000000e+000 9.595110e-001 4.048901e-002 0.000000e+000
 0.000000e+000 0.000000e+000 0.000000e+000 9.142759e-001 8.572409e-002
 0.000000e+000 0.000000e+000 0.000000e+000 0.000000e+000 0.000000e+000
<ENDHMM>
~h "NU"
<BEGINHMM>
<NUMSTATES> 5
<STATE> 2
<NUMMIXES> 2
<MIXTURE> 1 8.057414e-001
<MEAN> 22
 8.184422e+000 1.152516e+001 2.996493e+000 2.834645e+000 9.869198e+001 8.800753e+001 9.371344e+001 8.147225e+001 7.170127e+001 6.325078e+001 1.626745e+002 1.465890e+002 1.132389e+002 1.155858e+002 4.911871e+000 4.110590e+000 5.895325e+000 5.602773e+000 5.101110e+000 4.258434e+000 2.690173e+000 2.563735e+000
<VARIANCE> 22
 6.190808e+002 1.114945e+003 4.386698e+002 2.780567e+002 2.105746e+004 1.299676e+004 1.476891e+003 9.856886e+002 2.280228e+002 1.212777e+002 4.345508e+003 3.624158e+003 9.177892e+002 2.545143e+002 7.841320e+000 1.293613e+000 2.485783e+000 3.666411e-001 2.226997e+000 6.103263e+000 6.171268e+000 5.256437e+000
<GCONST> 1.466822e+002
<MIXTURE> 2 1.942581e-001
<MEAN> 22
 1.708781e-024 2.239534e-027 -7.893860e-028 5.503145e-026 5.315967e+002 4.080165e+002 1.265487e-018 -1.758819e-018 4.235165e-022 -8.935167e-019 2.959050e-018 4.391801e-020 -7.667373e-019 -3.104748e-018 -3.709400e-020 3.257378e-020 -8.858792e-021 4.204676e-023 4.224431e-021 1.623098e-020 1.355248e-024 9.930442e-025
<VARIANCE> 22
 4.801632e+000 4.063125e+000 3.300596e+000 2.164982e+000 3.309085e+003 2.711515e+003 9.838196e+000 1.115232e+001 2.936353e+000 3.516743e+000 3.745900e+001 4.440890e+001 4.184655e+000 3.870682e+000 6.504287e-002 1.793315e-002 2.326111e-002 1.170389e-002 2.082488e-002 5.618803e-002 6.153807e-002 6.060927e-002
<GCONST> 5.130989e+001
<STATE> 3
<NUMMIXES> 2
<MIXTURE> 1 5.365775e-001
<MEAN> 22
 1.716142e+000 1.328582e+001 5.969765e-001 3.355313e+000 8.945573e+000 8.568296e+001 9.947168e+001 7.467305e+001 6.107442e+001 6.702100e+001 1.996678e+002 1.176765e+002 1.186699e+002 1.102938e+002 6.998276e+000 3.810880e+000 6.126689e+000 5.389521e+000 5.998292e+000 4.006163e+000 1.787056e+000 3.441431e+000
<VARIANCE> 22
 1.243883e+001 1.806415e+002 3.300596e+000 1.540957e+001 1.226829e+002 3.499659e+003 2.962475e+002 9.368047e+002 6.622878e+001 1.598802e+002 5.630568e+002 2.698459e+003 2.000427e+002 1.701945e+002 6.504287e-002 1.121965e+000 1.106401e-001 4.292714e-001 2.082488e-002 6.479840e+000 5.724171e+000 5.162403e+000
<GCONST> 1.072387e+002
<MIXTURE> 2 4.634230e-001
<MEAN> 22
 7.984631e-001 3.266438e+000 3.967066e-001 1.331479e+000 1.107190e+001 1.107635e+002 8.407004e+001 6.643382e+001 5.498420e+001 6.076416e+001 1.766932e+002 6.762313e+001 1.066760e+002 9.754289e+001 6.900509e+000 2.766431e+000 6.035778e+000 5.178676e+000 5.930737e+000 1.270889e+000 1.226236e+000 2.900686e+000
<VARIANCE> 22
 4.801632e+000 1.684967e+001 3.300596e+000 2.833132e+000 7.209351e+002 8.916213e+002 1.640864e+002 4.423820e+002 4.033406e+001 6.553368e+001 4.007316e+002 6.021915e+002 6.367069e+001 1.012796e+002 5.304235e-001 2.606091e-001 7.194939e-002 3.275611e-001 1.623326e-001 1.061213e+000 4.451734e+000 6.064405e+000
<GCONST> 9.648381e+001
<STATE> 4
<NUMMIXES> 2
<MIXTURE> 1 5.765210e-001
<MEAN> 22
 8.236614e+000 4.017471e+000 2.439086e+000 1.338422e+000 7.406603e+001 1.365548e+001 8.220001e+001 9.736114e+001 6.963355e+001 5.612331e+001 1.360781e+002 1.966042e+002 1.135728e+002 1.167982e+002 3.941643e+000 5.000000e+000 6.505973e+000 5.913798e+000 4.637571e+000 5.996219e+000 3.291646e+000 2.589963e+000
<VARIANCE> 22
 1.000222e+002 4.290355e+001 9.733014e+000 3.934902e+000 3.081224e+003 2.062793e+002 7.031031e+002 2.589844e+002 2.343911e+002 6.193928e+001 3.780762e+003 4.322735e+002 2.334960e+002 1.259341e+002 9.205153e+000 1.793315e-002 2.538567e-001 7.877046e-002 2.692125e+000 5.618803e-002 6.234984e+000 6.419962e+000
<GCONST> 1.081838e+002
<MIXTURE> 2 4.234790e-001
<MEAN> 22
 4.679995e+000 5.104030e+000 1.340737e+000 1.681933e+000 6.310044e+001 6.521933e+001 6.112886e+001 5.640782e+001 6.821751e+001 5.674513e+001 8.814508e+001 9.931302e+001 1.019004e+002 1.001258e+002 1.805562e+000 3.122863e+000 5.897647e+000 5.460533e+000 3.766167e+000 2.723082e+000 2.642884e+000 2.662836e+000
<VARIANCE> 22
 5.362906e+001 6.238367e+001 3.696134e+000 7.788947e+000 2.773174e+003 2.797420e+003 1.293810e+003 1.024926e+003 1.490715e+002 5.565546e+001 1.946769e+003 1.542256e+003 1.171511e+002 1.341978e+002 3.029121e+000 1.445468e+000 3.607158e+000 3.726529e-001 1.683291e+000 7.230404e+000 6.214061e+000 6.127542e+000
<GCONST> 1.233831e+002
<TRANSP> 5
 0.000000e+000 1.000000e+000 0.000000e+000 0.000000e+000 0.000000e+000
 0.000000e+000 7.042161e-001 2.957838e-001 0.000000e+000 0.000000e+000
 0.000000e+000 0.000000e+000 9.498339e-001 5.016604e-002 0.000000e+000
 0.000000e+000 0.000000e+000 0.000000e+000 9.168275e-001 8.317254e-002
 0.000000e+000 0.000000e+000 0.000000e+000 0.000000e+000 0.000000e+000
<ENDHMM>
~h "OK"
<BEGINHMM>
<NUMSTATES> 5
<STATE> 2
<NUMMIXES> 2
<MIXTURE> 1 5.734593e-001
<MEAN> 22
 1.586248e+001 3.096397e+000 4.757680e+000 1.575091e+000 1.181683e+002 1.302687e+001 1.026898e+002 9.944534e+001 7.954938e+001 5.545879e+001 9.734424e+001 2.036019e+002 1.140887e+002 1.200698e+002 2.749133e+000 4.996225e+000 4.907382e+000 5.946956e+000 3.753393e+000 5.996697e+000 3.542285e+000 2.216502e+000
<VARIANCE> 22
 5.710475e+002 2.538545e+002 3.061727e+002 1.764372e+002 4.876701e+003 2.112302e+002 8.790027e+002 1.761746e+002 2.279989e+002 4.905995e+001 4.719875e+003 2.776025e+002 2.619282e+002 9.405421e+001 6.706598e+000 1.793315e-002 8.612194e+000 5.023102e-002 2.740980e+000 5.618803e-002 5.908213e+000 5.977481e+000
<GCONST> 1.212678e+002
<MIXTURE> 2 4.265403e-001
<MEAN> 22
 9.254904e+000 5.332481e+000 2.245626e+000 1.510141e+000 7.624962e+001 5.197525e+001 8.630621e+001 6.169956e+001 7.051164e+001 5.592499e+001 7.823782e+001 1.279399e+002 9.877169e+001 1.043981e+002 2.395313e+000 3.802631e+000 4.282819e+000 5.622985e+000 3.448627e+000 4.397302e+000 3.176330e+000 2.388199e+000
<VARIANCE> 22
 1.767829e+002 1.157185e+002 9.182226e+000 9.015056e+000 3.312662e+003 3.022082e+003 1.727346e+003 1.009833e+003 1.626915e+002 1.089249e+002 2.755080e+003 2.472345e+003 2.211390e+002 1.402593e+002 4.309956e+000 1.697330e+000 8.497927e+000 4.266304e-001 2.185639e+000 7.283011e+000 6.359454e+000 5.848854e+000
<GCONST> 1.307872e+002
<STATE> 3
<NUMMIXES> 2
<MIXTURE> 1 5.419422e-001
<MEAN> 22
 2.532584e+000 1.580709e+001 8.845482e-001 3.492058e+000 1.152696e+001 7.772465e+001 1.006135e+002 9.185308e+001 6.143470e+001 6.995557e+001 2.025920e+002 1.417195e+002 1.202832e+002 1.145256e+002 6.997096e+000 4.138445e+000 6.087747e+000 5.345819e+000 5.999867e+000 4.602041e+000 2.314839e+000 3.582659e+000
<VARIANCE> 22
 2.225619e+001 3.437932e+002 3.300596e+000 1.736668e+001 1.847486e+002 5.169208e+003 2.621987e+002 9.842552e+002 6.543110e+001 2.907373e+002 4.619500e+002 3.604132e+003 1.690608e+002 1.472379e+002 6.504287e-002 1.126553e+000 8.004899e-002 5.900738e-001 2.082488e-002 4.978752e+000 6.427049e+000 5.599287e+000
<GCONST> 1.096066e+002
<MIXTURE> 2 4.580575e-001
<MEAN> 22
 1.018090e+000 7.446725e+000 6.373604e-001 2.299804e+000 8.175876e+000 1.443051e+002 8.483285e+001 9.652387e+001 5.270205e+001 6.838020e+001 1.813433e+002 4.699189e+001 1.087334e+002 9.713002e+001 6.947964e+000 2.458982e+000 6.016675e+000 4.529499e+000 5.977484e+000 1.505545e+000 1.612242e+000 3.183286e+000
<VARIANCE> 22
 4.801632e+000 9.464931e+001 3.300596e+000 8.280632e+000 3.775999e+002 1.163956e+003 9.656443e+001 5.270953e+002 3.897821e+001 8.719923e+001 2.174771e+002 3.366254e+002 5.605371e+001 8.603344e+001 3.003017e-001 2.730530e-001 4.591151e-002 4.446708e-001 5.898772e-002 4.076476e-001 5.486566e+000 5.851125e+000
<GCONST> 9.485341e+001
<STATE> 4
<NUMMIXES> 2
<MIXTURE> 1 7.756655e-001
<MEAN> 22
 6.726995e+000 6.629341e+000 2.074734e+000 1.879816e+000 5.093011e+001 3.043756e+001 8.262843e+001 8.246561e+001 6.257848e+001 5.534061e+001 1.590222e+002 1.761595e+002 1.067122e+002 1.099751e+002 5.636673e+000 4.965073e+000 6.255054e+000 5.841203e+000 5.396530e+000 6.011261e+000 2.724391e+000 3.110687e+000
<VARIANCE> 22
 1.089096e+002 1.142278e+002 1.544226e+001 8.120403e+000 2.433470e+003 1.157524e+003 6.393227e+002 4.290889e+002 1.118529e+002 9.165333e+001 2.665066e+003 8.939173e+002 3.360237e+002 1.233264e+002 6.074499e+000 2.310071e-001 3.213766e-001 1.541045e-001 1.702244e+000 6.437679e-001 5.981665e+000 6.563975e+000
<GCONST> 1.177128e+002
<MIXTURE> 2 2.243343e-001
<MEAN> 22
 2.581624e+000 2.130968e+000 9.961398e-001 6.582848e-001 2.453570e+002 2.014148e+002 6.019907e+001 4.485215e+001 4.414902e+001 3.889570e+001 6.386028e+001 6.114713e+001 5.858230e+001 6.403106e+001 1.683962e+000 1.965762e+000 2.070577e+000 3.182097e+000 2.303133e+000 1.985933e+000 1.614303e+000 1.627555e+000
<VARIANCE> 22
 2.900178e+001 2.532004e+001 4.067263e+000 2.185839e+000 4.872770e+004 2.887107e+004 3.863122e+003 1.953363e+003 1.406309e+003 1.135683e+003 7.943594e+003 4.185930e+003 3.401606e+003 2.957857e+003 4.892136e+000 3.645345e+000 8.462013e+000 7.195899e+000 5.200694e+000 6.854075e+000 5.178723e+000 5.236311e+000
<GCONST> 1.477099e+002
<TRANSP> 5
 0.000000e+000 1.000000e+000 0.000000e+000 0.000000e+000 0.000000e+000
 0.000000e+000 8.979877e-001 1.020123e-001 0.000000e+000 0.000000e+000
 0.000000e+000 0.000000e+000 9.407312e-001 5.926877e-002 0.000000e+000
 0.000000e+000 0.000000e+000 0.000000e+000 7.499204e-001 2.500796e-001
 0.000000e+000 0.000000e+000 0.000000e+000 0.000000e+000 0.000000e+000
<ENDHMM>
~h "PF"
<BEGINHMM>
<NUMSTATES> 5
<STATE> 2
<NUMMIXES> 2
<MIXTURE> 1 2.686754e-001
<MEAN> 22
 1.484796e+001 1.982946e+001 9.985676e+000 9.599665e+000 1.952040e+002 1.664455e+002 1.005740e+002 9.194277e+001 6.393990e+001 6.601024e+001 1.969249e+002 1.719485e+002 1.155097e+002 1.156063e+002 6.840514e+000 4.684706e+000 6.136989e+000 5.633533e+000 5.907024e+000 5.501039e+000 2.720676e+000 2.615856e+000
<VARIANCE> 22
 3.716133e+003 3.062159e+003 3.130731e+003 2.058348e+003 6.230813e+004 3.609593e+004 5.564205e+002 8.302936e+002 6.796398e+001 1.676326e+002 1.385426e+003 2.743840e+003 2.865892e+002 2.183509e+002 7.173340e-001 7.695858e-001 2.443431e-001 4.440737e-001 2.489077e-001 2.684546e+000 6.566322e+000 5.918452e+000
<GCONST> 1.429140e+002
<MIXTURE> 2 7.313252e-001
<MEAN> 22
 6.172703e+000 8.704848e+000 1.533096e+000 2.434713e+000 9.559469e+001 1.597448e+002 8.585541e+001 1.189141e+002 7.222968e+001 7.582503e+001 1.366228e+002 8.206223e+001 1.023655e+002 9.283656e+001 3.647130e+000 2.698397e+000 5.405909e+000 4.096014e+000 4.812111e+000 2.389032e+000 2.403338e+000 2.754434e+000
<VARIANCE> 22
 1.125616e+002 1.687178e+002 1.043381e+001 1.066144e+001 1.761659e+004 9.536649e+003 1.999868e+003 3.091232e+003 5.583696e+002 7.702316e+002 5.352224e+003 3.918533e+003 1.178912e+003 6.578160e+002 9.469665e+000 1.654064e+000 5.112839e+000 2.415006e+000 2.797368e+000 4.086872e+000 6.161158e+000 4.997877e+000
<GCONST> 1.440936e+002
<STATE> 3
<NUMMIXES> 2
<MIXTURE> 1 5.096589e-001
<MEAN> 22
 2.195868e+000 2.092156e+001 8.901982e-001 4.891890e+000 1.043040e+001 9.559898e+001 9.652275e+001 1.020844e+002 6.000087e+001 7.343343e+001 1.971719e+002 1.303163e+002 1.173073e+002 1.088907e+002 6.996091e+000 3.846439e+000 6.041983e+000 5.025190e+000 5.999400e+000 4.120751e+000 2.262178e+000 3.786600e+000
<VARIANCE> 22
 1.279766e+001 3.892201e+002 3.300596e+000 2.756619e+001 1.407039e+002 6.178551e+003 2.264675e+002 1.463977e+003 4.664695e+001 3.809232e+002 4.315401e+002 3.715011e+003 1.356665e+002 1.557369e+002 6.504287e-002 1.357001e+000 4.021889e-002 9.191160e-001 2.082488e-002 4.976840e+000 6.302420e+000 5.247470e+000
<GCONST> 1.093821e+002
<MIXTURE> 2 4.903408e-001
<MEAN> 22
 1.046799e+000 7.118089e+000 5.451041e-001 2.957627e+000 1.117248e+001 1.859864e+002 8.878510e+001 1.352823e+002 5.629034e+001 8.399613e+001 1.814980e+002 5.316174e+001 1.096989e+002 8.760840e+001 6.897861e+000 2.407992e+000 6.049196e+000 3.458995e+000 5.941683e+000 1.703181e+000 1.537433e+000 3.194969e+000
<VARIANCE> 22
 4.801632e+000 6.554428e+001 3.300596e+000 1.217105e+001 8.515118e+002 1.467028e+003 2.001487e+002 5.544764e+002 6.155111e+001 2.113456e+002 5.720945e+002 9.000091e+002 7.366593e+001 1.573404e+002 5.279213e-001 3.360087e-001 3.454708e-001 5.460234e-001 1.727810e-001 5.524301e-001 5.493223e+000 4.323511e+000
<GCONST> 1.049373e+002
<STATE> 4
<NUMMIXES> 2
<MIXTURE> 1 7.801229e-001
<MEAN> 22
 1.163850e+001 2.077330e+000 3.488674e+000 9.087127e-001 1.317114e+002 2.134482e+001 1.293619e+002 9.906598e+001 8.280843e+001 5.673422e+001 1.135382e+002 1.984680e+002 1.046140e+002 1.179396e+002 2.967263e+000 5.000510e+000 3.274962e+000 5.812845e+000 3.493901e+000 5.998867e+000 3.342492e+000 2.374876e+000
<VARIANCE> 22
 2.191158e+002 1.287600e+001 2.275672e+001 2.301133e+000 6.736395e+003 8.762282e+002 1.714125e+003 2.103228e+002 4.349614e+002 7.060068e+001 4.628575e+003 3.961120e+002 4.060977e+002 1.287018e+002 6.940994e+000 1.793315e-002 8.502717e+000 1.521234e-001 3.799061e+000 5.618803e-002 6.888660e+000 6.212441e+000
<GCONST> 1.167266e+002
<MIXTURE> 2 2.198772e-001
<MEAN> 22
 7.051336e+000 6.221100e+000 2.626253e+000 2.067258e+000 5.930466e+001 2.842723e+001 8.386971e+001 4.233044e+001 7.907657e+001 5.760493e+001 8.527641e+001 1.101277e+002 9.731731e+001 1.022607e+002 2.464274e+000 3.317368e+000 4.076095e+000 5.628010e+000 3.558383e+000 3.224231e+000 2.829229e+000 2.605345e+000
<VARIANCE> 22
 1.426925e+002 1.254014e+002 2.286396e+001 1.124017e+001 1.919998e+003 7.878914e+002 3.563845e+003 6.124082e+002 3.645382e+002 5.928226e+001 1.837236e+003 7.059069e+002 2.411475e+002 6.697096e+001 3.742686e+000 1.983174e+000 6.706542e+000 2.998590e-001 1.470893e+000 9.756940e+000 6.565347e+000 6.093354e+000
<GCONST> 1.274021e+002
<TRANSP> 5
 0.000000e+000 1.000000e+000 0.000000e+000 0.000000e+000 0.000000e+000
 0.000000e+000 6.755345e-001 3.244654e-001 0.000000e+000 0.000000e+000
 0.000000e+000 0.000000e+000 9.545956e-001 4.540446e-002 0.000000e+000
 0.000000e+000 0.000000e+000 0.000000e+000 9.170169e-001 8.298305e-002
 0.000000e+000 0.000000e+000 0.000000e+000 0.000000e+000 0.000000e+000
<ENDHMM>
~h "PR"
<BEGINHMM>
<NUMSTATES> 5
<STATE> 2
<NUMMIXES> 2
<MIXTURE> 1 7.485350e-001
<MEAN> 22
 9.949234e+000 1.291015e+001 4.692977e+000 5.316462e+000 3.205792e+001 7.056351e+001 8.548900e+001 9.449469e+001 7.266511e+001 6.611044e+001 1.687542e+002 1.391937e+002 1.102534e+002 1.085236e+002 4.838848e+000 4.024685e+000 6.379313e+000 5.235017e+000 5.661754e+000 4.388138e+000 2.468080e+000 3.033024e+000
<VARIANCE> 22
 1.437778e+003 1.148119e+003 1.096803e+003 7.187769e+002 1.220291e+003 3.908767e+003 1.274971e+003 1.075726e+003 3.354487e+002 2.145046e+002 3.084645e+003 2.630026e+003 8.573058e+002 4.346294e+002 9.450159e+000 1.068302e+000 3.464530e-001 6.340573e-001 9.881990e-001 3.862208e+000 6.144259e+000 5.850351e+000
<GCONST> 1.434759e+002
<MIXTURE> 2 2.514641e-001
<MEAN> 22
 2.955846e+000 2.391117e+000 1.100249e+000 8.862390e-001 3.261504e+002 2.407718e+002 5.664120e+001 5.029072e+001 3.702156e+001 3.349997e+001 6.360189e+001 7.825745e+001 5.375312e+001 5.378675e+001 1.616010e+000 2.084273e+000 1.986004e+000 2.706571e+000 1.833601e+000 2.245843e+000 1.278512e+000 1.283870e+000
<VARIANCE> 22
 4.292018e+001 2.643398e+001 5.686004e+000 4.177145e+000 3.429077e+004 2.605374e+004 3.446444e+003 3.262691e+003 1.374001e+003 1.168307e+003 5.813206e+003 7.360196e+003 2.774775e+003 2.986447e+003 6.750549e+000 4.874250e+000 8.522582e+000 7.414834e+000 5.342499e+000 7.683610e+000 4.068824e+000 4.527220e+000
<GCONST> 1.495396e+002
<STATE> 3
<NUMMIXES> 2
<MIXTURE> 1 5.753677e-001
<MEAN> 22
 1.528665e+000 1.236918e+001 6.676258e-001 3.840767e+000 1.112066e+001 8.377953e+001 1.006153e+002 8.699987e+001 6.195727e+001 6.904112e+001 2.002572e+002 1.261402e+002 1.186723e+002 1.102531e+002 6.999098e+000 3.840731e+000 6.113391e+000 5.175938e+000 5.999753e+000 4.007822e+000 1.988545e+000 3.695628e+000
<VARIANCE> 22
 7.655142e+000 1.773433e+002 3.300596e+000 2.208069e+001 2.761399e+002 2.820701e+003 2.572193e+002 8.337930e+002 5.898040e+001 1.723880e+002 4.646201e+002 1.967089e+003 1.620508e+002 1.635222e+002 6.504287e-002 7.955199e-001 1.005328e-001 3.600902e-001 2.082488e-002 4.430932e+000 6.193567e+000 5.948822e+000
<GCONST> 1.058580e+002
<MIXTURE> 2 4.246308e-001
<MEAN> 22
 8.696296e-001 5.683233e+000 4.040543e-001 2.271553e+000 8.753554e+000 1.116984e+002 8.222558e+001 8.407983e+001 5.411110e+001 5.811995e+001 1.720269e+002 7.805690e+001 1.048773e+002 9.334847e+001 6.839302e+000 3.065169e+000 6.049280e+000 4.912007e+000 5.924034e+000 2.560722e+000 1.288667e+000 3.455281e+000
<VARIANCE> 22
 4.801632e+000 4.669116e+001 3.300596e+000 8.742452e+000 4.833153e+002 1.089648e+003 9.508531e+001 4.585817e+002 4.232533e+001 7.464331e+001 3.329436e+002 1.004422e+003 5.185134e+001 1.125020e+002 9.268888e-001 3.758067e-001 7.321092e-002 2.691951e-001 2.615309e-001 2.156252e+000 4.671228e+000 6.875428e+000
<GCONST> 1.004301e+002
<STATE> 4
<NUMMIXES> 2
<MIXTURE> 1 7.243521e-001
<MEAN> 22
 8.685664e+000 2.663542e+000 2.541785e+000 1.150860e+000 6.975595e+001 1.574091e+001 8.390891e+001 9.564553e+001 6.916351e+001 5.549897e+001 1.275720e+002 1.944245e+002 1.093337e+002 1.152981e+002 3.290161e+000 5.000307e+000 6.597114e+000 5.846341e+000 4.252261e+000 5.997519e+000 3.535880e+000 2.318555e+000
<VARIANCE> 22
 1.141447e+002 2.195262e+001 1.099669e+001 3.508381e+000 2.595815e+003 2.736703e+002 6.031606e+002 1.998243e+002 2.240135e+002 6.311851e+001 3.519208e+003 3.591532e+002 2.284465e+002 1.087933e+002 9.152585e+000 1.793315e-002 2.416242e-001 1.300441e-001 3.783150e+000 5.618803e-002 5.876256e+000 6.108720e+000
<GCONST> 1.075776e+002
<MIXTURE> 2 2.756486e-001
<MEAN> 22
 9.980838e+000 3.940390e+000 2.530176e+000 1.068238e+000 5.633493e+001 3.025413e+001 7.921513e+001 5.166125e+001 7.609297e+001 5.919375e+001 8.952193e+001 1.249176e+002 1.032774e+002 1.005391e+002 1.688949e+000 3.685498e+000 5.171099e+000 5.633008e+000 3.160850e+000 4.501250e+000 2.655541e+000 2.319260e+000
<VARIANCE> 22
 1.843122e+002 5.396400e+001 1.301153e+001 3.627066e+000 2.055873e+003 9.355110e+002 1.844872e+003 1.027358e+003 1.388323e+002 5.320021e+001 9.142744e+002 1.236321e+003 1.179157e+002 9.332196e+001 3.423569e+000 1.172206e+000 7.497866e+000 2.871363e-001 2.130270e+000 7.746336e+000 5.801597e+000 6.153659e+000
<GCONST> 1.231034e+002
<TRANSP> 5
 0.000000e+000 1.000000e+000 0.000000e+000 0.000000e+000 0.000000e+000
 0.000000e+000 6.751081e-001 3.248919e-001 0.000000e+000 0.000000e+000
 0.000000e+000 0.000000e+000 9.497654e-001 5.023465e-002 0.000000e+000
 0.000000e+000 0.000000e+000 0.000000e+000 9.162192e-001 8.378079e-002
 0.000000e+000 0.000000e+000 0.000000e+000 0.000000e+000 0.000000e+000
<ENDHMM>
~h "SP"
<BEGINHMM>
<NUMSTATES> 5
<STATE> 2
<NUMMIXES> 2
<MIXTURE> 1 6.482165e-001
<MEAN> 22
 1.315552e+001 1.789432e+001 7.742638e+000 8.703909e+000 4.299716e+001 1.128908e+002 9.998114e+001 1.127916e+002 7.252495e+001 8.403614e+001 1.778541e+002 1.181310e+002 1.185936e+002 1.104079e+002 5.560166e+000 3.556485e+000 5.998799e+000 4.672576e+000 5.531653e+000 3.538816e+000 2.452686e+000 2.601085e+000
<VARIANCE> 22
 3.374767e+003 2.275094e+003 2.753777e+003 1.656083e+003 3.276428e+003 1.052043e+004 1.696675e+003 2.097840e+003 3.394055e+002 1.206862e+003 4.419630e+003 4.032483e+003 6.796383e+002 3.154396e+002 6.690449e+000 1.710185e+000 2.136395e+000 1.603161e+000 1.151998e+000 5.885925e+000 5.907822e+000 4.516453e+000
<GCONST> 1.548217e+002
<MIXTURE> 2 3.517839e-001
<MEAN> 22
 6.750690e-001 1.186060e+000 4.387343e-001 6.885855e-001 2.724636e+002 2.550659e+002 3.894065e+001 6.942164e+001 4.773381e+001 5.121829e+001 6.092490e+001 4.011589e+001 5.214774e+001 5.119502e+001 1.896306e-001 1.459604e+000 3.382899e+000 1.941289e+000 2.909250e+000 9.074978e-001 1.114166e+000 1.579607e+000
<VARIANCE> 22
 4.801632e+000 5.007277e+000 3.300596e+000 2.164982e+000 6.028704e+004 2.081188e+004 1.781843e+003 4.638693e+003 2.086948e+003 2.488908e+003 3.822435e+003 2.058841e+003 2.386293e+003 2.340776e+003 3.190786e-001 2.239688e+000 1.136802e+001 3.776757e+000 8.016182e+000 1.904281e+000 4.096644e+000 5.618917e+000
<GCONST> 1.386203e+002
<STATE> 3
<NUMMIXES> 2
<MIXTURE> 1 5.039006e-001
<MEAN> 22
 1.562559e+000 1.896659e+001 6.053787e-001 5.142403e+000 9.068465e+000 1.322854e+002 1.016599e+002 1.135311e+002 6.333199e+001 8.186236e+001 2.010483e+002 1.040716e+002 1.196681e+002 1.054889e+002 6.998880e+000 3.343796e+000 6.151605e+000 4.461524e+000 5.999070e+000 3.297719e+000 2.011785e+000 3.646433e+000
<VARIANCE> 22
 7.910065e+000 3.785990e+002 3.300596e+000 3.673316e+001 1.183155e+002 8.015555e+003 3.480675e+002 1.846683e+003 7.961555e+001 5.986750e+002 5.834816e+002 3.221445e+003 1.899634e+002 1.975493e+002 6.504287e-002 1.433045e+000 1.286200e-001 1.249793e+000 2.082488e-002 5.005447e+000 6.163496e+000 5.493994e+000
<GCONST> 1.131835e+002
<MIXTURE> 2 4.960992e-001
<MEAN> 22
 1.106936e+000 4.492709e+000 4.568465e-001 2.416826e+000 1.079911e+001 1.822798e+002 8.681541e+001 1.333648e+002 5.695031e+001 8.636726e+001 1.756291e+002 4.651835e+001 1.059428e+002 8.513652e+001 6.878026e+000 2.119854e+000 6.002954e+000 3.224797e+000 5.942652e+000 1.505759e+000 1.353775e+000 2.535966e+000
<VARIANCE> 22
 7.429653e+000 3.846896e+001 3.300596e+000 1.253208e+001 7.437537e+002 1.352957e+003 1.881489e+002 3.473937e+002 6.467257e+001 3.429785e+002 4.416982e+002 5.054896e+002 5.759739e+001 1.283383e+002 6.560400e-001 1.927678e-001 3.972530e-001 3.249322e-001 2.378750e-001 5.716902e-001 4.809379e+000 5.943707e+000
<GCONST> 1.031944e+002
<STATE> 4
<NUMMIXES> 2
<MIXTURE> 1 7.400066e-001
<MEAN> 22
 1.241350e+001 2.600011e+000 4.050761e+000 9.472506e-001 1.415445e+002 1.518002e+001 1.248050e+002 9.740562e+001 9.008147e+001 5.716798e+001 9.752857e+001 1.956577e+002 9.717091e+001 1.165192e+002 2.942900e+000 4.998152e+000 3.222145e+000 5.842628e+000 3.735413e+000 5.993421e+000 3.340143e+000 2.093347e+000
<VARIANCE> 22
 3.176337e+002 4.436353e+001 5.110559e+001 4.255532e+000 7.490265e+003 6.602902e+002 1.433735e+003 2.007553e+002 5.479087e+002 5.048552e+001 3.951793e+003 3.240374e+002 4.197641e+002 9.152621e+001 5.908432e+000 1.793315e-002 7.902053e+000 1.326043e-001 2.998089e+000 5.618803e-002 6.363949e+000 6.149905e+000
<GCONST> 1.178878e+002
<MIXTURE> 2 2.599943e-001
<MEAN> 22
 7.266951e+000 2.791916e+000 2.712522e+000 1.322311e+000 8.412473e+001 2.678287e+001 1.068695e+002 4.552498e+001 9.069450e+001 5.884120e+001 7.206731e+001 1.115045e+002 9.249490e+001 1.010456e+002 2.197669e+000 3.470703e+000 3.188603e+000 5.628684e+000 3.346547e+000 3.073997e+000 3.096643e+000 2.133869e+000
<VARIANCE> 22
 1.115245e+002 3.691946e+001 1.834929e+001 4.805007e+000 2.583063e+003 9.434462e+002 3.012526e+003 5.792818e+002 6.048405e+002 6.798725e+001 1.345591e+003 9.601350e+002 2.586974e+002 9.256593e+001 2.336342e+000 1.546560e+000 6.848104e+000 3.349639e-001 9.259408e-001 9.744894e+000 6.460951e+000 6.074605e+000
<GCONST> 1.250782e+002
<TRANSP> 5
 0.000000e+000 1.000000e+000 0.000000e+000 0.000000e+000 0.000000e+000
 0.000000e+000 6.403866e-001 3.596134e-001 0.000000e+000 0.000000e+000
 0.000000e+000 0.000000e+000 9.578083e-001 4.219178e-002 0.000000e+000
 0.000000e+000 0.000000e+000 0.000000e+000 9.252107e-001 7.478930e-002
 0.000000e+000 0.000000e+000 0.000000e+000 0.000000e+000 0.000000e+000
<ENDHMM>
~h "ST"
<BEGINHMM>
<NUMSTATES> 5
<STATE> 2
<NUMMIXES> 2
<MIXTURE> 1 1.564959e-001
<MEAN> 22
 1.739780e+001 2.439591e+001 1.074941e+001 8.182966e+000 1.714883e+002 1.885873e+002 1.225655e+002 9.127337e+001 7.884595e+001 7.966446e+001 2.146816e+002 1.289321e+002 1.325252e+002 1.229635e+002 6.078048e+000 3.425795e+000 6.617882e+000 5.823860e+000 5.661988e+000 3.304938e+000 2.617664e+000 2.911040e+000
<VARIANCE> 22
 2.929440e+003 2.988925e+003 2.577383e+003 1.553801e+003 5.130807e+004 2.326509e+004 1.917838e+003 8.370276e+002 2.600578e+002 2.757491e+002 5.660503e+003 5.646306e+003 1.290536e+003 3.634071e+002 4.303606e+000 2.502256e+000 3.262507e-001 5.195743e-001 6.450786e-001 7.588640e+000 7.204283e+000 6.131988e+000
<GCONST> 1.543077e+002
<MIXTURE> 2 8.435030e-001
<MEAN> 22
 5.714638e+000 6.530866e+000 1.304077e+000 1.843690e+000 7.826181e+001 7.315585e+001 7.502203e+001 7.836806e+001 7.083350e+001 6.971684e+001 1.274726e+002 1.178399e+002 1.053969e+002 1.079559e+002 3.966063e+000 3.461854e+000 6.003812e+000 5.569654e+000 4.664854e+000 3.324549e+000 2.922411e+000 2.602736e+000
<VARIANCE> 22
 7.195483e+001 9.495390e+001 3.379989e+000 6.524137e+000 9.523805e+003 5.952561e+003 9.969012e+002 1.052406e+003 3.924944e+002 4.588593e+002 3.960747e+003 5.014673e+003 6.179067e+002 5.124217e+002 8.394396e+000 2.362486e+000 1.770937e+000 1.130797e+000 2.750713e+000 7.790630e+000 6.496940e+000 5.900409e+000
<GCONST> 1.360366e+002
<STATE> 3
<NUMMIXES> 2
<MIXTURE> 1 4.880553e-001
<MEAN> 22
 2.012687e+000 1.496796e+001 7.482397e-001 3.315571e+000 1.285614e+001 9.681355e+001 9.962173e+001 7.358512e+001 6.218774e+001 7.986214e+001 2.002548e+002 1.037527e+002 1.190571e+002 1.119796e+002 6.993246e+000 3.444043e+000 6.148603e+000 5.694926e+000 5.995787e+000 3.360895e+000 1.861459e+000 3.281519e+000
<VARIANCE> 22
 1.488115e+001 2.149082e+002 3.300596e+000 1.469598e+001 5.032231e+002 4.094786e+003 2.765993e+002 7.835695e+002 6.356804e+001 4.720179e+002 5.655010e+002 3.955922e+003 1.830675e+002 1.381168e+002 6.504287e-002 1.938261e+000 1.370040e-001 4.662797e-001 2.082488e-002 8.513882e+000 5.658308e+000 5.475041e+000
<GCONST> 1.111598e+002
<MIXTURE> 2 5.119443e-001
<MEAN> 22
 7.158660e-001 6.986659e+000 3.170618e-001 1.180093e+000 6.351687e+000 1.284166e+002 8.540137e+001 6.240766e+001 5.527911e+001 7.953805e+001 1.808704e+002 4.964526e+001 1.092985e+002 9.915400e+001 6.952885e+000 2.067108e+000 6.003105e+000 5.973679e+000 5.985225e+000 3.931064e-001 1.208678e+000 2.742387e+000
<VARIANCE> 22
 4.801632e+000 7.673489e+001 3.300596e+000 2.164982e+000 9.602888e+001 7.437790e+002 8.559593e+001 3.973561e+002 2.789380e+001 1.671716e+002 2.149898e+002 4.283100e+002 4.233706e+001 5.557107e+001 2.718165e-001 1.307620e-001 2.326111e-002 2.404091e-001 2.851373e-002 4.211464e-001 4.435740e+000 5.964857e+000
<GCONST> 8.789122e+001
<STATE> 4
<NUMMIXES> 2
<MIXTURE> 1 7.033862e-001
<MEAN> 22
 1.076059e+001 2.922303e+000 2.475322e+000 1.052605e+000 8.972137e+001 1.869031e+001 7.891302e+001 1.001603e+002 8.288545e+001 5.833601e+001 1.127711e+002 2.018723e+002 1.142829e+002 1.203376e+002 3.636367e+000 4.999993e+000 6.211757e+000 5.918891e+000 4.559277e+000 5.998449e+000 3.294193e+000 2.272967e+000
<VARIANCE> 22
 1.475748e+002 3.357528e+001 1.033899e+001 4.156268e+000 4.133517e+003 7.050009e+002 7.121605e+002 1.889210e+002 4.078590e+002 4.459116e+001 4.981653e+003 3.246803e+002 2.175965e+002 1.005730e+002 7.119183e+000 1.793315e-002 2.641454e-001 7.453176e-002 1.607167e+000 5.618803e-002 6.090946e+000 6.126420e+000
<GCONST> 1.087238e+002
<MIXTURE> 2 2.966139e-001
<MEAN> 22
 7.117648e+000 2.840007e+000 1.433048e+000 1.194407e+000 8.462621e+001 2.592739e+001 7.166243e+001 6.329701e+001 7.754504e+001 5.545517e+001 5.590987e+001 1.483593e+002 9.700145e+001 1.048658e+002 2.034482e+000 4.502871e+000 5.530838e+000 5.778703e+000 3.574758e+000 5.716234e+000 2.708982e+000 1.973169e+000
<VARIANCE> 22
 7.920634e+001 3.806309e+001 3.595003e+000 5.526302e+000 3.864744e+003 1.037608e+003 8.807878e+002 8.745150e+002 2.795333e+002 7.151360e+001 1.983092e+003 1.547049e+003 1.280470e+002 9.221874e+001 2.126377e+000 6.510078e-001 3.396962e+000 2.258025e-001 8.318430e-001 3.204177e+000 5.599064e+000 5.668648e+000
<GCONST> 1.189064e+002
<TRANSP> 5
 0.000000e+000 1.000000e+000 0.000000e+000 0.000000e+000 0.000000e+000
 0.000000e+000 7.746247e-001 2.253752e-001 0.000000e+000 0.000000e+000
 0.000000e+000 0.000000e+000 9.564068e-001 4.359319e-002 0.000000e+000
 0.000000e+000 0.000000e+000 0.000000e+000 9.150211e-001 8.497888e-002
 0.000000e+000 0.000000e+000 0.000000e+000 0.000000e+000 0.000000e+000
<ENDHMM>
~h "TT"
<BEGINHMM>
<NUMSTATES> 5
<STATE> 2
<NUMMIXES> 2
<MIXTURE> 1 4.309669e-001
<MEAN> 22
 2.442072e+001 6.125685e+000 1.016305e+001 4.245544e+000 2.194317e+002 1.001104e+001 1.741711e+002 1.140238e+002 1.286823e+002 6.616008e+001 1.133128e+002 2.135400e+002 1.146311e+002 1.257685e+002 1.586049e+000 4.992343e+000 1.837409e+000 5.865315e+000 2.859695e+000 5.985962e+000 3.727925e+000 2.488655e+000
<VARIANCE> 22
 2.500470e+003 1.576964e+003 1.815742e+003 1.176516e+003 5.085994e+003 1.726701e+002 1.842484e+003 1.380951e+002 5.770033e+002 7.191375e+001 1.770436e+003 2.078378e+002 1.891450e+002 6.484751e+001 2.057076e+000 1.793315e-002 5.675242e+000 1.165444e-001 2.105619e+000 5.618803e-002 5.701450e+000 6.557817e+000
<GCONST> 1.269651e+002
<MIXTURE> 2 5.690328e-001
<MEAN> 22
 6.892621e+000 1.185385e+001 2.385988e+000 3.832304e+000 4.691592e+001 1.068951e+002 7.963970e+001 1.121732e+002 6.937674e+001 8.483250e+001 1.635043e+002 1.335334e+002 1.095313e+002 1.087596e+002 5.192908e+000 3.706261e+000 6.230371e+000 4.727224e+000 5.588157e+000 3.759195e+000 2.848289e+000 2.792614e+000
<VARIANCE> 22
 8.525817e+001 2.631221e+002 1.776517e+001 2.970360e+001 2.680941e+003 8.356722e+003 1.381492e+003 2.604308e+003 2.139216e+002 1.077701e+003 2.291149e+003 2.738429e+003 3.088475e+002 2.203506e+002 8.079767e+000 1.622099e+000 4.672598e-001 1.717592e+000 7.201354e-001 5.764117e+000 6.806300e+000 4.917817e+000
<GCONST> 1.351561e+002
<STATE> 3
<NUMMIXES> 2
<MIXTURE> 1 5.157471e-001
<MEAN> 22
 1.902116e+000 2.426954e+001 7.913135e-001 7.271387e+000 9.880375e+000 1.223770e+002 1.019978e+002 1.267969e+002 6.297219e+001 9.097237e+001 2.019666e+002 1.395143e+002 1.208361e+002 1.106606e+002 6.996620e+000 3.755630e+000 6.140151e+000 4.621871e+000 5.998757e+000 3.973413e+000 2.158283e+000 3.836643e+000
<VARIANCE> 22
 9.872773e+000 4.886843e+002 3.300596e+000 6.791479e+001 1.300147e+002 9.742696e+003 4.743300e+002 2.585803e+003 1.250752e+002 1.285137e+003 7.645386e+002 2.404976e+003 2.423987e+002 2.447243e+002 6.504287e-002 1.121094e+000 1.205071e-001 1.104865e+000 2.082488e-002 4.043520e+000 5.972193e+000 5.058483e+000
<GCONST> 1.161005e+002
<MIXTURE> 2 4.842517e-001
<MEAN> 22
 1.630129e+000 9.191027e+000 7.101700e-001 3.890525e+000 1.099817e+001 2.183446e+002 8.917475e+001 1.705225e+002 5.590454e+001 1.218086e+002 1.822483e+002 8.389133e+001 1.094398e+002 8.871210e+001 6.939001e+000 2.373182e+000 6.038847e+000 3.095406e+000 5.976619e+000 1.611303e+000 1.774794e+000 3.522786e+000
<VARIANCE> 22
 1.122541e+001 7.669159e+001 3.300596e+000 2.423892e+001 4.628778e+002 1.078811e+003 1.632148e+002 5.508438e+002 7.442370e+001 3.844655e+002 2.810294e+002 4.739326e+002 6.887603e+001 2.095674e+002 3.359522e-001 2.744279e-001 1.627336e-001 1.768503e-001 9.165254e-002 3.934759e-001 5.584511e+000 5.779616e+000
<GCONST> 1.019593e+002
<STATE> 4
<NUMMIXES> 2
<MIXTURE> 1 7.720864e-001
<MEAN> 22
 1.500709e+001 2.327869e+000 5.100847e+000 1.019052e+000 1.416796e+002 2.454205e+001 1.387216e+002 9.593682e+001 9.686727e+001 5.540472e+001 1.196100e+002 1.929263e+002 1.011630e+002 1.148964e+002 2.738989e+000 5.000023e+000 3.206485e+000 5.848613e+000 3.522825e+000 5.990726e+000 3.409915e+000 2.337743e+000
<VARIANCE> 22
 3.563237e+002 1.515833e+001 5.881534e+001 2.329604e+000 8.137644e+003 8.586279e+002 2.148448e+003 2.267579e+002 9.595049e+002 5.123125e+001 2.921380e+003 3.994078e+002 3.778878e+002 1.310049e+002 6.639229e+000 1.793315e-002 8.370790e+000 1.284665e-001 3.710015e+000 5.618803e-002 5.542665e+000 6.283826e+000
<GCONST> 1.183131e+002
<MIXTURE> 2 2.279136e-001
<MEAN> 22
 1.055624e+001 6.009155e+000 4.251897e+000 2.398952e+000 1.338645e+002 6.635728e+001 9.029951e+001 3.478549e+001 8.753252e+001 5.223444e+001 8.814872e+001 9.974113e+001 8.584690e+001 9.098714e+001 1.980608e+000 3.001835e+000 3.568057e+000 5.174177e+000 3.296686e+000 2.615799e+000 2.815422e+000 2.103333e+000
<VARIANCE> 22
 2.598336e+002 1.229644e+002 4.738895e+001 2.308684e+001 1.937866e+004 1.468853e+004 5.353600e+003 8.769227e+002 2.224986e+003 4.203927e+002 2.118374e+003 2.226170e+003 1.154075e+003 1.138839e+003 3.969102e+000 3.090264e+000 7.423863e+000 3.625787e+000 2.803090e+000 1.028272e+001 6.391192e+000 5.811005e+000
<GCONST> 1.486110e+002
<TRANSP> 5
 0.000000e+000 1.000000e+000 0.000000e+000 0.000000e+000 0.000000e+000
 0.000000e+000 7.937565e-001 2.062435e-001 0.000000e+000 0.000000e+000
 0.000000e+000 0.000000e+000 9.534392e-001 4.656085e-002 0.000000e+000
 0.000000e+000 0.000000e+000 0.000000e+000 9.264098e-001 7.359021e-002
 0.000000e+000 0.000000e+000 0.000000e+000 0.000000e+000 0.000000e+000
<ENDHMM>
~h "VA"
<BEGINHMM>
<NUMSTATES> 5
<STATE> 2
<NUMMIXES> 2
<MIXTURE> 1 4.477293e-001
<MEAN> 22
 1.964831e+001 1.426582e+001 9.138860e+000 5.866788e+000 8.797520e+001 4.830323e+001 1.143520e+002 9.538471e+001 8.729025e+001 6.571773e+001 1.449344e+002 1.746505e+002 1.096367e+002 1.130621e+002 3.985454e+000 4.585854e+000 4.792913e+000 5.534646e+000 4.506971e+000 5.497010e+000 2.928454e+000 2.525861e+000
<VARIANCE> 22
 2.074536e+003 1.659917e+003 1.375250e+003 8.330474e+002 8.714574e+003 3.195631e+003 3.453898e+003 9.419182e+002 1.003742e+003 3.309134e+002 5.050155e+003 2.278233e+003 5.246875e+002 2.874074e+002 8.710073e+000 6.983882e-001 6.832439e+000 5.421441e-001 3.445929e+000 2.149031e+000 5.653020e+000 5.265882e+000
<GCONST> 1.509803e+002
<MIXTURE> 2 5.522699e-001
<MEAN> 22
 5.398201e+000 1.060088e+001 2.631945e+000 3.871960e+000 1.767541e+002 2.364308e+002 7.702657e+001 1.179457e+002 6.429095e+001 8.872587e+001 1.156046e+002 6.784930e+001 8.243337e+001 7.727089e+001 3.248777e+000 2.068088e+000 4.516137e+000 3.187904e+000 4.090741e+000 1.323298e+000 2.438221e+000 2.666117e+000
<VARIANCE> 22
 9.250327e+001 1.692683e+002 2.317283e+001 2.487143e+001 3.903273e+004 1.006672e+004 3.193287e+003 5.864561e+003 1.306769e+003 2.396432e+003 6.388940e+003 2.322790e+003 2.299169e+003 1.541199e+003 9.275952e+000 1.265584e+000 7.048954e+000 3.157115e+000 4.869340e+000 1.505761e+000 6.212058e+000 5.278111e+000
<GCONST> 1.505817e+002
<STATE> 3
<NUMMIXES> 2
<MIXTURE> 1 5.962768e-001
<MEAN> 22
 2.311940e+000 2.099971e+001 1.129015e+000 7.383985e+000 8.584597e+000 1.002014e+002 9.472354e+001 9.737720e+001 5.834890e+001 8.506064e+001 1.936533e+002 1.217011e+002 1.155716e+002 1.031266e+002 6.995595e+000 3.750962e+000 6.050320e+000 5.049255e+000 5.999406e+000 4.032885e+000 2.168907e+000 3.702426e+000
<VARIANCE> 22
 1.573065e+001 3.666493e+002 7.087170e+000 5.144309e+001 8.383378e+001 6.092569e+003 2.708945e+002 1.712225e+003 7.309348e+001 7.626225e+002 5.155582e+002 3.406312e+003 1.650107e+002 3.019612e+002 6.504287e-002 1.313753e+000 4.778821e-002 9.450848e-001 2.082488e-002 6.326785e+000 6.058084e+000 5.010956e+000
<GCONST> 1.131354e+002
<MIXTURE> 2 4.037218e-001
<MEAN> 22
 2.267283e+000 7.272927e+000 1.030942e+000 3.155622e+000 1.543806e+001 2.101563e+002 8.662849e+001 1.598933e+002 5.493985e+001 1.100710e+002 1.785725e+002 7.576630e+001 1.087649e+002 7.402815e+001 6.818810e+000 2.308765e+000 6.043624e+000 3.281762e+000 5.903941e+000 1.696300e+000 2.153447e+000 3.263033e+000
<VARIANCE> 22
 1.611000e+001 6.412485e+001 3.522388e+000 1.261910e+001 9.712979e+002 3.177271e+003 3.289644e+002 1.747299e+003 1.312621e+002 4.925985e+002 7.947094e+002 1.333616e+003 1.439620e+002 2.773191e+002 9.612964e-001 3.614742e-001 3.556457e-001 9.933852e-001 2.223867e-001 8.642157e-001 6.208743e+000 5.810088e+000
<GCONST> 1.147561e+002
<STATE> 4
<NUMMIXES> 2
<MIXTURE> 1 7.600746e-001
<MEAN> 22
 1.462610e+001 3.058553e+000 5.204999e+000 1.434837e+000 1.382007e+002 1.754031e+001 1.346710e+002 9.821842e+001 9.936201e+001 5.604352e+001 1.239208e+002 1.961456e+002 9.763004e+001 1.158904e+002 3.139068e+000 5.002085e+000 3.718523e+000 5.846033e+000 3.810878e+000 5.987124e+000 3.348073e+000 2.510136e+000
<VARIANCE> 22
 2.958913e+002 3.135361e+001 4.228302e+001 6.328225e+000 8.637571e+003 6.094694e+002 2.838230e+003 2.262374e+002 8.964447e+002 9.063008e+001 4.420122e+003 3.660311e+002 5.262800e+002 1.275780e+002 7.153434e+000 1.793315e-002 8.619731e+000 1.302627e-001 3.714734e+000 5.618803e-002 6.026067e+000 6.343090e+000
<GCONST> 1.208625e+002
<MIXTURE> 2 2.399256e-001
<MEAN> 22
 7.072097e+000 5.266677e+000 3.089346e+000 2.330539e+000 7.776516e+001 3.612883e+001 9.600338e+001 4.395691e+001 8.686670e+001 5.593253e+001 6.917157e+001 1.007671e+002 9.160452e+001 1.014028e+002 2.026517e+000 2.964550e+000 3.662253e+000 5.542457e+000 3.244533e+000 2.623040e+000 2.998275e+000 2.481465e+000
<VARIANCE> 22
 1.058203e+002 1.520000e+002 2.447146e+001 1.654520e+001 2.698161e+003 1.034041e+003 3.897075e+003 3.943912e+002 3.509770e+002 9.831684e+001 8.619943e+002 4.961738e+002 4.142825e+002 1.008942e+002 7.801850e-001 1.338813e+000 6.862448e+000 2.999516e-001 7.368492e-001 8.122403e+000 6.262193e+000 6.040546e+000
<GCONST> 1.254529e+002
<TRANSP> 5
 0.000000e+000 1.000000e+000 0.000000e+000 0.000000e+000 0.000000e+000
 0.000000e+000 7.310941e-001 2.689059e-001 0.000000e+000 0.000000e+000
 0.000000e+000 0.000000e+000 9.445305e-001 5.546949e-002 0.000000e+000
 0.000000e+000 0.000000e+000 0.000000e+000 9.201909e-001 7.980902e-002
 0.000000e+000 0.000000e+000 0.000000e+000 0.000000e+000 0.000000e+000
<ENDHMM>
~h "VQ"
<BEGINHMM>
<NUMSTATES> 5
<STATE> 2
<NUMMIXES> 2
<MIXTURE> 1 8.476441e-002
<MEAN> 22
 3.897892e+001 4.872723e+001 2.898796e+001 2.694950e+001 6.379800e+001 1.280041e+002 8.978854e+001 9.602028e+001 6.647241e+001 6.731698e+001 1.503666e+002 9.165539e+001 1.037295e+002 9.748119e+001 5.039609e+000 3.135845e+000 5.364369e+000 4.637437e+000 4.991863e+000 3.062325e+000 2.770978e+000 3.175446e+000
<VARIANCE> 22
 1.174280e+004 8.374676e+003 9.416711e+003 5.838876e+003 1.351908e+004 8.106449e+003 1.878073e+003 1.478207e+003 3.064304e+002 2.950490e+002 4.918793e+003 3.718601e+003 1.053810e+003 6.438978e+002 7.329429e+000 1.607032e+000 4.668638e+000 1.477725e+000 2.626342e+000 4.787031e+000 6.824778e+000 4.391988e+000
<GCONST> 1.618999e+002
<MIXTURE> 2 9.152362e-001
<MEAN> 22
 1.128690e+001 3.880133e+000 3.808140e+000 1.548903e+000 9.803207e+001 3.385595e+001 9.844515e+001 7.399734e+001 7.830061e+001 5.584004e+001 8.649202e+001 1.508831e+002 9.666111e+001 1.086419e+002 2.440092e+000 4.094590e+000 3.706900e+000 5.599946e+000 3.446471e+000 4.640000e+000 3.457021e+000 2.589735e+000
<VARIANCE> 22
 1.977506e+002 3.515973e+001 2.557279e+001 6.164607e+000 5.577346e+003 1.452723e+003 2.471626e+003 1.042072e+003 3.398772e+002 7.487199e+001 3.057042e+003 2.771029e+003 3.978194e+002 1.556227e+002 4.470720e+000 1.730950e+000 8.739337e+000 3.248918e-001 2.595689e+000 5.689166e+000 5.982817e+000 5.888293e+000
<GCONST> 1.314839e+002
<STATE> 3
<NUMMIXES> 2
<MIXTURE> 1 5.068203e-001
<MEAN> 22
 2.787291e+000 1.943427e+001 8.944326e-001 5.732003e+000 9.271505e+000 1.027476e+002 9.910068e+001 9.656913e+001 6.026650e+001 7.208327e+001 2.004868e+002 1.204942e+002 1.198612e+002 1.055385e+002 6.997700e+000 3.758046e+000 6.123365e+000 5.027735e+000 5.998534e+000 4.066363e+000 2.214410e+000 3.820816e+000
<VARIANCE> 22
 2.512773e+001 3.339379e+002 3.300596e+000 6.423761e+001 1.339188e+002 7.414237e+003 4.089396e+002 2.030694e+003 8.392407e+001 3.734586e+002 7.461572e+002 3.168816e+003 2.460359e+002 2.522372e+002 6.504287e-002 1.328643e+000 1.081441e-001 1.086046e+000 2.082488e-002 5.427820e+000 6.221660e+000 4.910684e+000
<GCONST> 1.149767e+002
<MIXTURE> 2 4.931793e-001
<MEAN> 22
 1.140953e+000 6.573043e+000 7.244343e-001 3.197755e+000 1.011566e+001 1.624993e+002 8.362313e+001 1.136895e+002 5.260507e+001 7.387700e+001 1.785129e+002 4.587125e+001 1.071006e+002 8.157705e+001 6.938842e+000 2.400294e+000 6.049032e+000 4.117860e+000 5.957951e+000 1.752211e+000 1.682274e+000 3.488282e+000
<VARIANCE> 22
 4.801632e+000 4.833324e+001 3.300596e+000 1.582485e+001 6.310788e+002 1.492591e+003 1.758885e+002 7.242971e+002 5.738342e+001 2.003262e+002 4.176575e+002 4.233168e+002 8.410059e+001 2.408901e+002 3.234000e-001 2.891695e-001 1.375045e-001 6.862088e-001 1.264995e-001 3.666064e-001 5.421064e+000 6.131323e+000
<GCONST> 1.023981e+002
<STATE> 4
<NUMMIXES> 2
<MIXTURE> 1 9.065917e-001
<MEAN> 22
 1.030768e+001 3.065683e+000 3.880094e+000 1.226541e+000 9.904182e+001 2.067253e+001 1.050325e+002 9.409245e+001 7.485532e+001 5.368204e+001 1.067223e+002 1.923546e+002 1.001770e+002 1.139611e+002 3.209302e+000 4.999851e+000 4.259788e+000 5.873802e+000 3.863877e+000 5.996286e+000 3.504180e+000 2.450429e+000
<VARIANCE> 22
 1.653055e+002 3.062989e+001 2.995182e+001 4.462248e+000 5.283126e+003 7.431388e+002 9.695676e+002 2.072635e+002 4.336372e+002 6.693278e+001 4.751000e+003 3.224245e+002 4.008149e+002 1.192536e+002 7.662035e+000 1.793315e-002 8.847089e+000 1.102692e-001 3.533805e+000 5.618803e-002 5.894866e+000 6.207453e+000
<GCONST> 1.165185e+002
<MIXTURE> 2 9.340815e-002
<MEAN> 22
 2.693633e+000 3.402583e+000 1.326590e+000 1.494877e+000 4.200142e+002 3.265846e+002 3.768594e+001 3.598543e+001 2.502408e+001 2.623607e+001 4.968487e+001 2.951172e+001 3.791399e+001 3.796719e+001 1.673219e+000 1.132851e+000 1.989662e+000 1.831425e+000 1.630838e+000 8.240896e-001 8.894207e-001 1.536519e+000
<VARIANCE> 22
 6.443427e+001 6.974142e+001 1.204785e+001 1.407466e+001 4.424307e+004 1.844697e+004 2.816208e+003 2.608017e+003 1.018304e+003 1.129012e+003 5.622394e+003 1.824400e+003 2.364855e+003 2.342811e+003 7.251378e+000 2.260759e+000 8.396485e+000 5.503009e+000 5.623189e+000 2.086662e+000 3.279240e+000 5.618923e+000
<GCONST> 1.479389e+002
<TRANSP> 5
 0.000000e+000 1.000000e+000 0.000000e+000 0.000000e+000 0.000000e+000
 0.000000e+000 8.517259e-001 1.482741e-001 0.000000e+000 0.000000e+000
 0.000000e+000 0.000000e+000 9.449327e-001 5.506733e-002 0.000000e+000
 0.000000e+000 0.000000e+000 0.000000e+000 8.846830e-001 1.153170e-001
 0.000000e+000 0.000000e+000 0.000000e+000 0.000000e+000 0.000000e+000
<ENDHMM>
~h "SIL"
<BEGINHMM>
<NUMSTATES> 5
<STATE> 2
<NUMMIXES> 2
<MIXTURE> 1 1.644602e-001
<MEAN> 22
 4.845530e+002 4.095363e+002 4.407186e+002 3.533905e+002 9.811957e-001 1.607471e+000 4.019518e+001 3.959348e+001 2.844791e+001 2.700472e+001 7.876971e+001 7.569086e+001 5.002568e+001 4.930898e+001 2.791980e+000 2.021218e+000 2.675088e+000 2.559222e+000 2.515737e+000 2.364155e+000 4.655862e+000 4.658268e+000
<VARIANCE> 22
 8.691082e+003 5.251231e+003 6.382786e+003 4.334740e+003 6.726189e+001 2.055326e+002 2.357494e+003 2.310757e+003 1.095107e+003 1.028757e+003 8.619262e+003 8.189051e+003 3.247679e+003 3.151734e+003 1.125258e+001 5.765567e+000 9.271338e+000 8.418522e+000 8.324648e+000 8.476914e+000 4.047261e+000 4.049982e+000
<GCONST> 1.639818e+002
<MIXTURE> 2 8.355400e-001
<MEAN> 22
 1.624200e-025 4.993979e-026 -5.643917e-023 3.128989e-024 3.661409e+001 2.963471e+001 -1.037020e-027 -2.196983e-029 1.840955e-028 -1.545784e-030 1.994189e-028 1.203273e-028 2.112104e-028 -3.307894e-028 2.514902e-029 9.075275e-030 -2.587770e-029 9.247911e-032 -3.322236e-031 6.066510e-029 -2.346157e-026 4.226897e-026
<VARIANCE> 22
 4.801632e+000 4.063125e+000 3.300596e+000 2.164982e+000 1.817521e+004 1.195247e+004 9.838196e+000 1.115232e+001 2.936353e+000 3.516743e+000 3.745900e+001 4.440890e+001 4.184655e+000 3.870682e+000 6.504287e-002 1.793315e-002 2.326111e-002 1.170389e-002 2.082488e-002 5.618803e-002 6.153807e-002 6.060927e-002
<GCONST> 5.449671e+001
<STATE> 3
<NUMMIXES> 2
<MIXTURE> 1 7.835712e-001
<MEAN> 22
 1.544148e+000 1.946284e+000 6.391354e-001 7.882975e-001 8.620622e+000 1.042303e+001 1.023592e+002 9.866160e+001 6.439544e+001 5.996140e+001 1.999648e+002 1.974804e+002 1.194964e+002 1.180849e+002 6.999576e+000 5.000023e+000 6.140448e+000 5.902329e+000 6.002120e+000 6.000162e+000 2.008261e+000 2.026566e+000
<VARIANCE> 22
 6.433406e+000 8.411305e+000 3.300596e+000 2.164982e+000 9.839240e+001 1.418146e+002 3.767978e+002 2.342664e+002 1.060097e+002 7.944398e+001 6.188741e+002 4.478247e+002 2.172107e+002 1.437874e+002 6.504287e-002 1.793315e-002 1.207651e-001 8.821242e-002 2.082488e-002 5.618803e-002 5.646928e+000 5.602256e+000
<GCONST> 8.465053e+001
<MIXTURE> 2 2.164316e-001
<MEAN> 22
 9.112700e+000 1.170201e+001 2.288126e+000 2.916146e+000 5.586885e+001 6.400971e+001 7.958463e+001 7.758617e+001 6.941035e+001 6.433743e+001 1.401974e+002 1.365143e+002 1.072574e+002 1.079159e+002 4.397824e+000 4.009909e+000 5.867704e+000 5.503974e+000 4.982538e+000 4.438818e+000 2.471737e+000 2.477687e+000
<VARIANCE> 22
 1.888967e+002 2.247003e+002 1.529771e+001 1.656580e+001 2.957259e+003 2.902403e+003 1.328797e+003 1.276261e+003 2.752397e+002 2.129069e+002 3.316540e+003 3.407850e+003 3.374852e+002 1.900029e+002 8.622883e+000 1.731215e+000 2.278756e+000 5.159075e-001 2.105691e+000 6.364501e+000 5.167922e+000 4.648257e+000
<GCONST> 1.338603e+002
<STATE> 4
<NUMMIXES> 2
<MIXTURE> 1 4.799569e-001
<MEAN> 22
 8.313092e-001 1.082470e+000 3.814834e-001 5.711229e-001 4.631019e+000 4.837068e+000 9.968600e+001 1.021830e+002 6.208300e+001 6.126151e+001 2.097959e+002 2.114395e+002 1.250796e+002 1.260476e+002 6.999964e+000 5.000000e+000 6.003209e+000 5.996921e+000 6.000000e+000 5.999997e+000 1.521505e+000 1.621871e+000
<VARIANCE> 22
 4.801632e+000 4.063125e+000 3.300596e+000 2.164982e+000 4.956259e+001 5.429972e+001 6.707007e+001 1.288645e+002 1.307863e+001 3.365684e+001 3.532435e+002 4.362736e+002 1.011379e+002 1.223727e+002 6.504287e-002 1.793315e-002 2.326111e-002 1.170389e-002 2.082488e-002 5.618803e-002 4.823718e+000 5.086027e+000
<GCONST> 7.127592e+001
<MIXTURE> 2 5.200459e-001
<MEAN> 22
 1.062180e+000 1.934802e+000 3.869959e-001 7.032310e-001 5.124261e+000 6.995058e+000 8.310087e+001 8.278042e+001 5.387928e+001 5.302067e+001 1.761301e+002 1.755600e+002 1.071830e+002 1.062495e+002 6.982269e+000 4.988530e+000 6.008442e+000 5.954938e+000 5.994158e+000 5.984337e+000 1.713320e+000 2.017460e+000
<VARIANCE> 22
 5.445982e+000 1.633506e+001 3.300596e+000 2.164982e+000 9.527522e+001 1.305230e+002 3.777285e+001 4.986626e+001 2.128583e+001 4.936959e+001 1.101556e+002 1.424714e+002 3.244142e+001 3.734179e+001 1.056367e-001 3.021611e-002 2.326111e-002 4.632852e-002 2.082488e-002 9.312402e-002 5.368544e+000 6.130640e+000
<GCONST> 7.224355e+001
<TRANSP> 5
 0.000000e+000 1.000000e+000 0.000000e+000 0.000000e+000 0.000000e+000
 0.000000e+000 9.081002e-001 9.189974e-002 0.000000e+000 0.000000e+000
 0.000000e+000 0.000000e+000 9.971561e-001 2.843891e-003 0.000000e+000
 0.000000e+000 0.000000e+000 0.000000e+000 9.934553e-001 6.544724e-003
 0.000000e+000 0.000000e+000 0.000000e+000 0.000000e+000 0.000000e+000
<ENDHMM>
