~o
<STREAMINFO> 1 39
<VECSIZE> 39<NULLD><MFCC_D_A_C_K_0><DIAGC>
~s "silst"
<NUMMIXES> 10
<MIXTURE> 1 2.219255e-02
<MEAN> 39
 -1.482599e+01 -8.243067e+00 -9.122105e+00 -1.399288e+01 -8.572422e+00 -1.720909e+01 -9.672593e+00 -8.436361e+00 -3.497477e+00 -3.499804e+00 -4.078937e+00 -1.064789e+00 6.633069e+01 -5.552765e-01 -2.782774e-01 1.666445e-01 -7.676708e-01 5.278191e-01 6.797217e-02 8.362539e-01 8.719562e-01 8.608065e-01 5.458387e-02 7.796636e-01 2.902526e-01 1.893102e+00 2.628769e-02 -4.670386e-02 -1.173786e-01 3.016728e-02 2.525505e-02 9.527119e-02 7.692922e-02 -1.793092e-02 -5.208273e-02 -3.285095e-02 -4.327876e-02 -1.668828e-02 -6.860030e-02
<VARIANCE> 39
 5.190309e+01 3.867720e+01 5.380931e+01 4.830821e+01 6.645323e+01 6.044314e+01 6.238257e+01 6.403934e+01 5.735213e+01 5.470282e+01 5.316430e+01 3.993390e+01 6.789298e+01 5.068830e+00 3.750173e+00 4.906393e+00 4.848188e+00 6.618367e+00 5.769476e+00 6.149402e+00 5.952982e+00 5.442296e+00 5.374307e+00 5.003391e+00 3.943715e+00 3.833263e+00 6.205591e-01 4.870319e-01 6.373723e-01 7.156007e-01 8.569880e-01 8.358042e-01 9.470870e-01 1.026994e+00 9.225693e-01 8.406329e-01 8.512292e-01 6.584672e-01 8.379676e-01
<GCONST> 1.413711e+02
<MIXTURE> 2 1.218800e-01
<MEAN> 39
 -1.482137e+01 -9.757867e+00 -1.270535e+01 -1.234318e+01 -1.105835e+01 -1.716479e+01 -1.207543e+01 -1.140209e+01 -6.879848e+00 -4.651047e+00 -7.614106e+00 -2.529913e+00 5.738741e+01 -5.357406e-02 -8.924320e-02 -7.420534e-02 2.466836e-02 1.606383e-01 3.697264e-01 5.377377e-01 6.812482e-01 7.487835e-01 7.305692e-01 5.749552e-01 3.499072e-01 -5.280624e-02 5.138516e-02 9.087960e-02 1.213819e-01 1.193777e-01 7.929299e-02 2.269815e-02 -1.929617e-02 -3.331060e-02 -2.102186e-02 1.424149e-02 2.774671e-02 2.929031e-02 3.456120e-02
<VARIANCE> 39
 5.892138e+00 5.729867e+00 7.778232e+00 1.061866e+01 1.449171e+01 1.563664e+01 1.646557e+01 1.642084e+01 1.747336e+01 1.615815e+01 1.727525e+01 1.731751e+01 4.050926e+00 2.240061e-01 3.627492e-01 5.722741e-01 8.186307e-01 1.056418e+00 1.272215e+00 1.442013e+00 1.599034e+00 1.667642e+00 1.646890e+00 1.613300e+00 1.592972e+00 8.200261e-02 4.225560e-02 7.092282e-02 1.105648e-01 1.635438e-01 2.275594e-01 2.765780e-01 3.071949e-01 3.277408e-01 3.435438e-01 3.448170e-01 3.470913e-01 3.409505e-01 1.538986e-02
<GCONST> 7.736655e+01
<MIXTURE> 3 1.035722e-01
<MEAN> 39
 -1.271712e+01 -8.394954e+00 -1.041707e+01 -9.087539e+00 -1.012856e+01 -1.734702e+01 -1.435921e+01 -1.442714e+01 -1.016864e+01 -6.199013e+00 -9.875388e+00 -3.660199e+00 5.720703e+01 5.371910e-02 1.010339e-01 1.598863e-01 2.166168e-01 2.897850e-01 3.563416e-01 3.919189e-01 4.350182e-01 4.869620e-01 5.315788e-01 4.846693e-01 3.418081e-01 1.642960e-02 -5.623048e-02 -6.666130e-02 -1.100338e-01 -1.364545e-01 -2.978771e-02 4.704054e-02 1.742847e-01 2.509189e-01 2.732751e-01 2.241683e-01 1.951261e-01 9.663885e-02 1.181261e-02
<VARIANCE> 39
 2.478828e+00 3.727008e+00 5.192908e+00 7.242468e+00 1.057102e+01 1.310338e+01 1.357018e+01 1.412192e+01 1.532372e+01 1.578350e+01 1.452007e+01 1.452100e+01 1.208163e+00 1.976509e-01 3.452203e-01 5.484950e-01 7.783341e-01 9.913412e-01 1.207564e+00 1.420550e+00 1.645037e+00 1.737814e+00 1.671453e+00 1.574327e+00 1.525251e+00 6.211274e-02 3.585791e-02 6.235847e-02 9.842280e-02 1.456549e-01 2.037505e-01 2.507567e-01 2.834575e-01 3.131326e-01 3.342533e-01 3.364026e-01 3.278633e-01 3.189235e-01 1.243615e-02
<GCONST> 7.082484e+01
<MIXTURE> 4 1.022255e-01
<MEAN> 39
 -1.532102e+01 -7.892031e+00 -1.093893e+01 -1.258090e+01 -1.013505e+01 -1.811828e+01 -1.238033e+01 -1.190912e+01 -6.676394e+00 -5.430326e+00 -5.982722e+00 -2.011237e+00 6.084546e+01 -1.861995e-01 1.328885e-02 -2.006896e-02 -1.027071e-01 1.867542e-01 1.465684e-01 3.537768e-01 4.286955e-01 4.996623e-01 3.575081e-01 4.478750e-01 2.098352e-01 1.013107e-01 8.922177e-03 -3.663768e-02 -1.248338e-02 1.578337e-02 6.396881e-02 1.029655e-01 1.475993e-01 1.505994e-01 1.287435e-01 1.007156e-01 7.499193e-02 4.465083e-02 3.564954e-02
<VARIANCE> 39
 2.172294e+01 1.502434e+01 2.008194e+01 2.076115e+01 2.858731e+01 2.722294e+01 3.064156e+01 3.386669e+01 3.671563e+01 3.226907e+01 3.171622e+01 2.648547e+01 1.057812e+01 8.120767e-01 7.642975e-01 1.100619e+00 1.405585e+00 1.739062e+00 1.922011e+00 2.091604e+00 2.199227e+00 2.219596e+00 2.303956e+00 2.125136e+00 1.962071e+00 4.545069e-01 1.504773e-01 1.476583e-01 2.192586e-01 2.869241e-01 3.530743e-01 3.915940e-01 4.488948e-01 5.001297e-01 5.177854e-01 5.129820e-01 4.907305e-01 4.259162e-01 9.054114e-02
<GCONST> 1.028945e+02
<MIXTURE> 5 1.734591e-01
<MEAN> 39
 -1.285442e+01 -8.970580e+00 -1.134582e+01 -1.007409e+01 -1.081822e+01 -1.754349e+01 -1.394800e+01 -1.336180e+01 -8.987109e+00 -5.024776e+00 -9.346753e+00 -3.463483e+00 5.702153e+01 7.269005e-02 9.606773e-02 8.355260e-02 6.413706e-03 -1.699273e-01 -3.128315e-01 -4.732181e-01 -5.707311e-01 -6.280881e-01 -6.005064e-01 -5.259914e-01 -3.064781e-01 3.716812e-03 -3.069921e-02 -6.936257e-03 1.881542e-03 6.906055e-04 5.120128e-02 5.683102e-02 8.124250e-02 7.143174e-02 6.290800e-02 3.643805e-02 7.062975e-02 4.957159e-02 1.128311e-02
<VARIANCE> 39
 2.189620e+00 3.438647e+00 4.940498e+00 7.173594e+00 1.033647e+01 1.281423e+01 1.293095e+01 1.287273e+01 1.395142e+01 1.468494e+01 1.406284e+01 1.423955e+01 1.026570e+00 1.723353e-01 3.225641e-01 5.237838e-01 7.498378e-01 9.730918e-01 1.167122e+00 1.364009e+00 1.547500e+00 1.627505e+00 1.582684e+00 1.527732e+00 1.517367e+00 5.262993e-02 3.067690e-02 5.830381e-02 9.263732e-02 1.402422e-01 1.969701e-01 2.464194e-01 2.698862e-01 2.897635e-01 3.066229e-01 3.182710e-01 3.143109e-01 3.136983e-01 9.521018e-03
<GCONST> 6.826389e+01
<MIXTURE> 6 1.071309e-01
<MEAN> 39
 -1.452240e+01 -1.012263e+01 -1.277285e+01 -1.178374e+01 -1.076483e+01 -1.562763e+01 -1.020790e+01 -8.745000e+00 -4.012095e+00 -1.404319e+00 -5.515059e+00 -9.232857e-01 5.680694e+01 8.349889e-02 1.196368e-01 1.475722e-01 1.683232e-01 1.318109e-01 1.208008e-01 7.764019e-02 7.576429e-02 7.512900e-02 1.090385e-01 1.169380e-01 1.177861e-01 5.130948e-03 5.686126e-02 1.139165e-01 1.245289e-01 7.823326e-02 1.494486e-02 -1.282120e-01 -2.511417e-01 -3.524731e-01 -3.850707e-01 -3.668984e-01 -2.579325e-01 -1.526532e-01 4.299614e-02
<VARIANCE> 39
 5.287236e+00 4.515835e+00 6.550628e+00 1.045377e+01 1.234879e+01 1.381130e+01 1.592068e+01 1.612672e+01 1.775595e+01 1.498188e+01 1.698219e+01 1.644344e+01 3.027576e+00 1.718257e-01 3.148305e-01 5.098219e-01 7.393644e-01 9.780957e-01 1.207482e+00 1.390165e+00 1.586341e+00 1.664108e+00 1.634870e+00 1.594392e+00 1.555689e+00 5.710719e-02 3.234737e-02 6.098743e-02 9.843782e-02 1.461758e-01 1.979363e-01 2.469381e-01 2.836759e-01 3.106093e-01 3.287017e-01 3.243395e-01 3.243487e-01 3.174511e-01 1.013505e-02
<GCONST> 7.317737e+01
<MIXTURE> 7 1.145378e-01
<MEAN> 39
 -1.597844e+01 -8.355921e+00 -1.118039e+01 -1.242719e+01 -8.888185e+00 -1.689779e+01 -1.073127e+01 -1.048465e+01 -5.603600e+00 -5.010171e+00 -5.311995e+00 -1.530308e+00 6.054404e+01 1.074832e-01 3.729336e-02 6.788907e-02 1.673788e-01 -1.756041e-01 -2.484590e-01 -5.316813e-01 -6.508403e-01 -7.167381e-01 -5.789906e-01 -6.146833e-01 -3.367939e-01 -2.043927e-01 3.269048e-02 -3.469148e-02 -2.793178e-02 -3.397918e-02 -8.214584e-02 -3.559832e-02 -4.640676e-02 -1.767683e-02 -5.983809e-03 2.965519e-02 -4.034141e-02 -1.963846e-02 8.307763e-04
<VARIANCE> 39
 1.746514e+01 1.307327e+01 1.671359e+01 1.717375e+01 2.424081e+01 2.503541e+01 2.752318e+01 3.099669e+01 3.327072e+01 2.862072e+01 2.705158e+01 2.403328e+01 6.437402e+00 5.206479e-01 5.953409e-01 8.880695e-01 1.135520e+00 1.467861e+00 1.653955e+00 1.843447e+00 1.965253e+00 2.016026e+00 2.018738e+00 1.879706e+00 1.807889e+00 2.718602e-01 6.824736e-02 9.399995e-02 1.457312e-01 2.019717e-01 2.626416e-01 3.176530e-01 3.711707e-01 4.145320e-01 4.397635e-01 4.337642e-01 4.104664e-01 3.728780e-01 3.098277e-02
<GCONST> 9.352044e+01
<MIXTURE> 8 4.009155e-02
<MEAN> 39
 -1.547175e+01 -9.558976e+00 -1.042055e+01 -1.552761e+01 -6.701169e+00 -1.490976e+01 -6.201970e+00 -6.205489e+00 -1.761493e+00 -3.271599e+00 -2.035266e+00 -2.858124e-01 6.978832e+01 1.564471e-01 1.242236e-01 -1.723474e-01 1.970657e-01 -6.969008e-02 -8.530931e-02 -2.297036e-01 -4.242449e-01 -3.308766e-01 -1.716962e-01 -2.581975e-01 -1.238235e-01 -4.548622e-01 1.116107e-01 3.237426e-02 2.921516e-02 1.366832e-01 -1.658683e-01 -1.142117e-01 -2.634384e-01 -2.180876e-01 -1.985723e-01 -6.524687e-02 -1.904513e-01 -7.929546e-02 -2.526015e-01
<VARIANCE> 39
 7.663744e+01 6.182852e+01 7.698394e+01 6.580326e+01 1.067431e+02 8.315483e+01 7.783987e+01 7.455904e+01 6.757891e+01 6.807605e+01 5.976903e+01 5.084097e+01 4.400436e+01 1.164563e+00 1.322867e+00 1.830385e+00 2.220493e+00 2.791382e+00 2.975085e+00 3.369498e+00 3.463156e+00 3.289600e+00 3.156312e+00 2.911567e+00 2.626737e+00 1.165278e+00 2.914892e-01 2.758074e-01 3.993128e-01 4.904944e-01 6.066095e-01 6.349080e-01 6.946815e-01 7.301106e-01 7.025341e-01 6.899322e-01 6.179003e-01 5.542265e-01 1.990681e-01
<GCONST> 1.284073e+02
<MIXTURE> 9 1.216855e-01
<MEAN> 39
 -1.263721e+01 -8.314144e+00 -1.030343e+01 -9.028441e+00 -1.022432e+01 -1.761539e+01 -1.485711e+01 -1.533383e+01 -1.130402e+01 -7.118112e+00 -1.070256e+01 -4.151861e+00 5.715861e+01 -9.176449e-02 -1.556903e-01 -1.696467e-01 -1.332691e-01 -8.867382e-02 1.467652e-02 7.925749e-02 1.335124e-01 1.532815e-01 1.510385e-01 5.646189e-02 -6.356529e-03 -6.223234e-02 -8.030160e-02 -1.086808e-01 -1.537085e-01 -1.666050e-01 -6.138699e-02 4.346484e-02 1.894893e-01 2.982306e-01 3.315119e-01 2.736123e-01 2.162540e-01 1.011025e-01 -8.522697e-03
<VARIANCE> 39
 2.548294e+00 3.877818e+00 5.547483e+00 7.778880e+00 1.060322e+01 1.326711e+01 1.418952e+01 1.481292e+01 1.598010e+01 1.604310e+01 1.489759e+01 1.462940e+01 1.137058e+00 1.868511e-01 3.354886e-01 5.334144e-01 7.565375e-01 9.678926e-01 1.174680e+00 1.382485e+00 1.588672e+00 1.687262e+00 1.617728e+00 1.524692e+00 1.487238e+00 5.821465e-02 3.496728e-02 6.428619e-02 1.010978e-01 1.489454e-01 2.029806e-01 2.527808e-01 2.916147e-01 3.252161e-01 3.458185e-01 3.429743e-01 3.314693e-01 3.189256e-01 1.089443e-02
<GCONST> 7.078620e+01
<MIXTURE> 10 9.186433e-02
<MEAN> 39
 -1.433460e+01 -1.003220e+01 -1.284129e+01 -1.177574e+01 -1.088685e+01 -1.587563e+01 -1.057905e+01 -9.276488e+00 -4.775888e+00 -2.042900e+00 -6.115019e+00 -1.320750e+00 5.670825e+01 -7.143139e-02 -1.399938e-01 -1.883102e-01 -2.184476e-01 -2.956096e-01 -3.063105e-01 -3.520643e-01 -3.730383e-01 -4.053315e-01 -3.957836e-01 -3.956256e-01 -2.829927e-01 -7.284553e-02 2.903868e-02 7.917950e-02 9.809726e-02 5.852608e-02 -6.830377e-03 -1.397626e-01 -2.609698e-01 -3.539183e-01 -3.755895e-01 -3.497604e-01 -2.592767e-01 -1.582322e-01 2.523468e-02
<VARIANCE> 39
 4.735315e+00 4.359649e+00 6.408472e+00 1.002590e+01 1.219742e+01 1.383260e+01 1.538939e+01 1.546906e+01 1.673516e+01 1.513636e+01 1.644331e+01 1.623391e+01 2.735752e+00 1.710280e-01 3.141629e-01 5.045543e-01 7.334737e-01 9.615985e-01 1.205527e+00 1.404933e+00 1.610620e+00 1.701297e+00 1.671543e+00 1.602945e+00 1.544783e+00 5.603076e-02 3.262850e-02 6.251267e-02 1.010694e-01 1.508814e-01 2.045546e-01 2.520811e-01 2.837965e-01 3.114188e-01 3.298203e-01 3.285360e-01 3.293733e-01 3.217505e-01 1.005257e-02
<GCONST> 7.287680e+01
~h "sp"
<BEGINHMM>
<NUMSTATES> 3
<STATE> 2
~s "silst"
<TRANSP> 3
 0.000000e+00 5.258057e-01 4.741943e-01
 0.000000e+00 9.880487e-01 1.195129e-02
 0.000000e+00 0.000000e+00 0.000000e+00
<ENDHMM>
~h "oov"
<BEGINHMM>
<NUMSTATES> 3
<STATE> 2
<NUMMIXES> 10
<MIXTURE> 1 6.851651e-02
<MEAN> 39
 -1.690251e+01 -4.705033e+00 -9.615950e+00 -1.252829e+01 -5.748198e+00 -1.769664e+01 -7.961525e+00 -7.134797e+00 -1.807831e+00 -3.409928e+00 -1.987513e+00 -9.733489e-01 6.727215e+01 -2.284433e-01 9.508744e-03 5.271839e-01 -8.149603e-01 2.147942e-01 -3.559100e-01 7.546924e-01 1.507787e+00 1.539430e+00 6.122269e-01 1.423871e+00 5.474385e-01 2.054525e+00 4.438116e-01 -3.639196e-01 -4.772892e-02 -3.007332e-01 -4.026762e-01 -5.491861e-02 -1.713327e-01 5.995408e-04 -4.284791e-02 1.930378e-02 -7.350729e-02 -4.461268e-02 3.433098e-01
<VARIANCE> 39
 6.319240e+01 5.386448e+01 4.915459e+01 3.696098e+01 6.686885e+01 6.022576e+01 5.834797e+01 4.625700e+01 4.892268e+01 4.895449e+01 4.416085e+01 3.270411e+01 2.726437e+01 8.856291e+00 5.631294e+00 6.559127e+00 5.910435e+00 9.851111e+00 7.865170e+00 7.340495e+00 6.939957e+00 6.132293e+00 6.395713e+00 5.600284e+00 4.877557e+00 3.098198e+00 7.134553e-01 5.699154e-01 6.271035e-01 6.442206e-01 9.339072e-01 9.580342e-01 9.283938e-01 8.826402e-01 8.623147e-01 8.675402e-01 8.571012e-01 7.007565e-01 4.101792e-01
<GCONST> 1.420257e+02
<MIXTURE> 2 1.227346e-01
<MEAN> 39
 -1.308300e+01 -8.479193e+00 -1.018109e+01 -1.698006e+01 -7.338565e+00 -1.389398e+01 -7.348402e+00 -6.330515e+00 -2.259326e+00 -3.782830e+00 -8.911763e-01 -1.069630e+00 7.245580e+01 -5.872083e-02 -2.614781e-02 1.880201e-02 1.376147e-01 2.253395e-01 2.917782e-01 2.753659e-01 3.767451e-01 3.276976e-01 2.164858e-01 1.430988e-01 5.157074e-02 -1.286277e-01 5.642067e-02 -6.734654e-04 4.611099e-03 7.538842e-02 -7.134229e-02 -8.556324e-02 -5.165032e-02 -2.938620e-02 2.909753e-02 8.471243e-02 -2.391144e-02 5.229507e-03 -8.193371e-02
<VARIANCE> 39
 1.103644e+02 9.931952e+01 9.783699e+01 9.316462e+01 1.316956e+02 1.097836e+02 1.008392e+02 8.903441e+01 8.044716e+01 7.778271e+01 8.247318e+01 7.026116e+01 4.004844e+01 4.256515e-01 8.301352e-01 1.148409e+00 1.508322e+00 1.969023e+00 2.272573e+00 2.522161e+00 2.501059e+00 2.560378e+00 2.490648e+00 2.387233e+00 2.199976e+00 3.262365e-01 9.546598e-02 1.582251e-01 2.024625e-01 2.887982e-01 3.592946e-01 4.162279e-01 4.688277e-01 4.692465e-01 4.799576e-01 4.797069e-01 4.579384e-01 4.204049e-01 4.409046e-02
<GCONST> 1.184314e+02
<MIXTURE> 3 6.473658e-02
<MEAN> 39
 -5.163845e+00 -8.940876e+00 -1.125986e+01 -1.627843e+01 -1.360863e+01 -1.948495e+01 -1.262838e+01 -1.132099e+01 -5.511219e+00 -9.064794e-01 -3.556598e+00 -8.280585e-01 6.951504e+01 3.594515e-02 4.491397e-01 6.304498e-02 3.764068e-01 4.687548e-02 2.176856e-01 2.747653e-02 -1.950772e-01 1.761919e-01 6.132469e-01 3.285185e-01 4.593603e-01 -6.492985e-01 -2.152817e-01 -6.932987e-02 1.198923e-01 -1.103585e-02 2.049724e-01 1.861622e-01 2.144672e-01 4.476673e-01 2.631617e-01 -1.090223e-02 1.845149e-01 8.359211e-02 6.755493e-02
<VARIANCE> 39
 1.954376e+01 3.540783e+01 6.966927e+01 5.249549e+01 6.890935e+01 8.080611e+01 6.760210e+01 8.471519e+01 8.646760e+01 8.304176e+01 8.339494e+01 7.578746e+01 2.794702e+01 6.865318e-01 1.192231e+00 1.876368e+00 2.216521e+00 2.450429e+00 3.186368e+00 3.321452e+00 4.117743e+00 3.681444e+00 3.422385e+00 3.332464e+00 2.916266e+00 9.580257e-01 1.172447e-01 1.777999e-01 3.035733e-01 4.015286e-01 4.324531e-01 5.204858e-01 5.749289e-01 6.930320e-01 7.341518e-01 7.343035e-01 6.727265e-01 6.189173e-01 1.131194e-01
<GCONST> 1.232606e+02
<MIXTURE> 4 1.729703e-01
<MEAN> 39
 -6.207334e+00 -1.406542e+01 -8.927306e+00 -1.948449e+01 -1.259391e+01 -1.790699e+01 -1.030293e+01 -1.668066e+00 2.008894e-02 -1.440700e+00 -1.007427e+00 -1.041740e+00 7.591709e+01 2.898864e-01 -7.841586e-01 -2.638841e-01 -4.739471e-01 1.860584e-01 4.878424e-01 5.992584e-01 6.740248e-01 8.104755e-02 -1.110117e-01 -6.484723e-02 -4.813173e-02 6.874099e-01 -3.154276e-01 3.718449e-01 -6.413708e-02 3.876238e-01 2.433186e-01 4.614262e-02 6.190738e-02 -4.898485e-01 -2.666533e-01 -4.750132e-02 -9.876145e-02 2.333435e-02 -4.428745e-01
<VARIANCE> 39
 2.000459e+01 4.472205e+01 9.731838e+01 6.708037e+01 1.117061e+02 1.350935e+02 1.212643e+02 1.032602e+02 9.941522e+01 9.452099e+01 1.028186e+02 9.535681e+01 3.497055e+01 2.033469e+00 3.327871e+00 4.076941e+00 4.856525e+00 5.419827e+00 5.991140e+00 6.043036e+00 7.120437e+00 6.151536e+00 5.648757e+00 5.241774e+00 4.796069e+00 3.082124e+00 3.041221e-01 3.998945e-01 6.438785e-01 7.064722e-01 8.778917e-01 1.048068e+00 1.125042e+00 1.164847e+00 1.108432e+00 1.034194e+00 9.962075e-01 8.885313e-01 2.825897e-01
<GCONST> 1.442893e+02
<MIXTURE> 5 6.563637e-02
<MEAN> 39
 -9.976337e+00 -1.459255e+01 -9.745749e+00 -1.819507e+01 -9.334323e+00 -1.366379e+01 -5.249483e+00 -1.988516e+00 -1.391433e-02 -2.213937e+00 -8.605855e-01 -8.933778e-01 7.596801e+01 1.324157e-01 2.878382e-01 -4.373442e-02 2.661113e-01 -3.537890e-02 -6.132511e-02 -1.200321e-01 -2.457122e-01 -1.068298e-01 1.051677e-01 1.177368e-02 1.885229e-01 -4.459684e-01 4.424470e-02 1.674919e-01 1.321301e-02 9.561120e-02 -7.253947e-02 -1.527214e-01 -1.912857e-01 -2.131153e-01 -7.731180e-02 6.855909e-03 -4.622816e-02 2.652229e-02 -1.566048e-01
<VARIANCE> 39
 6.464031e+01 6.675588e+01 1.069500e+02 7.807105e+01 1.590740e+02 1.318832e+02 1.152490e+02 1.061555e+02 9.180956e+01 8.164653e+01 8.334348e+01 8.308447e+01 4.133144e+01 4.801464e-01 9.923872e-01 1.364067e+00 1.612638e+00 2.222826e+00 2.479779e+00 2.936055e+00 2.827414e+00 2.830275e+00 2.656075e+00 2.545495e+00 2.340960e+00 4.984902e-01 9.260318e-02 1.641329e-01 2.418151e-01 3.012058e-01 4.091917e-01 4.645117e-01 5.537070e-01 5.589829e-01 5.557387e-01 5.044734e-01 4.879116e-01 4.507011e-01 6.927442e-02
<GCONST> 1.218082e+02
<MIXTURE> 6 1.303742e-01
<MEAN> 39
 -8.214870e+00 -9.114198e+00 -1.385107e+01 -1.488510e+01 -1.142855e+01 -1.607933e+01 -9.422634e+00 -7.209994e+00 -2.903807e+00 -1.489332e+00 -4.724579e+00 -2.362732e-01 6.445217e+01 -6.948475e-01 2.388051e-01 7.755137e-02 6.240748e-01 2.595362e-01 8.091247e-02 -4.562551e-01 -8.912693e-01 -8.395756e-01 -5.964473e-01 -7.127086e-01 -3.733565e-01 -1.023376e+00 -7.777432e-02 -5.336870e-02 1.751327e-01 -3.531530e-02 -2.082027e-02 -1.416362e-01 -1.249314e-01 -5.083929e-02 -1.015821e-01 -1.084687e-01 4.433641e-02 -5.369081e-02 1.624933e-01
<VARIANCE> 39
 1.992860e+01 2.193674e+01 4.609737e+01 3.159652e+01 5.396939e+01 6.184977e+01 4.689573e+01 5.451877e+01 5.614307e+01 5.231055e+01 5.375439e+01 4.280965e+01 1.487500e+01 7.596146e-01 1.060551e+00 1.823871e+00 1.861137e+00 2.494512e+00 3.045178e+00 3.183503e+00 3.506970e+00 3.368837e+00 3.322627e+00 3.076872e+00 2.781355e+00 6.457074e-01 1.034167e-01 1.281091e-01 2.020709e-01 2.576722e-01 3.279263e-01 4.040736e-01 4.536673e-01 5.024666e-01 5.295161e-01 5.324296e-01 5.011942e-01 4.460613e-01 5.941912e-02
<GCONST> 1.126319e+02
<MIXTURE> 7 1.044437e-01
<MEAN> 39
 -1.501608e+01 -5.593925e+00 -6.307118e+00 -1.668465e+01 -9.875706e+00 -2.063085e+01 -7.607921e+00 -7.215141e+00 -1.236334e+00 -1.835468e+00 7.532751e-01 1.172233e+00 7.389764e+01 4.600974e-01 1.807838e-01 -9.395573e-02 4.152632e-02 -6.102009e-01 -5.402591e-01 -3.841898e-01 -5.417244e-01 -2.269472e-01 -6.942803e-02 -1.179872e-01 -1.184425e-01 1.486977e-01 2.210128e-01 -1.537126e-01 -1.774448e-01 1.023477e-01 -2.910340e-02 2.141982e-01 -1.433026e-01 -3.984611e-02 -1.197319e-01 -9.149246e-02 -2.679898e-01 -1.903507e-01 -2.506372e-01
<VARIANCE> 39
 7.846502e+01 6.825464e+01 1.150862e+02 7.878985e+01 1.481219e+02 1.254519e+02 1.007358e+02 8.948763e+01 8.764358e+01 9.424852e+01 7.090342e+01 6.163593e+01 3.174839e+01 4.844272e+00 3.431784e+00 4.172614e+00 4.581277e+00 6.663527e+00 6.195963e+00 5.998220e+00 5.632545e+00 5.342313e+00 5.358844e+00 4.799585e+00 3.996251e+00 2.100688e+00 7.342159e-01 5.165579e-01 7.814647e-01 7.633053e-01 1.351814e+00 1.279687e+00 1.148719e+00 1.113952e+00 1.073906e+00 1.091223e+00 8.793926e-01 7.567346e-01 2.628029e-01
<GCONST> 1.469477e+02
<MIXTURE> 8 1.363867e-01
<MEAN> 39
 -1.337564e+01 -5.704704e+00 -1.071874e+01 -1.118923e+01 -1.032274e+01 -1.881731e+01 -1.260097e+01 -1.231273e+01 -5.977058e+00 -4.368799e+00 -5.073442e+00 -1.799384e+00 6.302882e+01 3.111436e-01 1.013264e-02 2.527745e-01 -4.413307e-01 -2.317495e-01 -2.403836e-01 -1.176380e-01 4.354809e-01 3.493142e-01 2.012094e-01 4.507387e-01 1.500589e-01 5.863833e-01 1.464023e-01 -1.765718e-01 2.712752e-02 -3.916383e-01 -2.962205e-02 6.023234e-02 2.611203e-01 5.001258e-01 3.129909e-01 1.546805e-01 2.320007e-01 1.165922e-01 4.649986e-01
<VARIANCE> 39
 3.874213e+01 2.272211e+01 2.752764e+01 2.409240e+01 3.336169e+01 3.623336e+01 3.638418e+01 3.638671e+01 4.112989e+01 3.988510e+01 3.837822e+01 2.988412e+01 1.789859e+01 3.989345e+00 2.026031e+00 3.139760e+00 3.244570e+00 4.498374e+00 4.107290e+00 4.387578e+00 4.874638e+00 4.380397e+00 4.317254e+00 4.047299e+00 3.358474e+00 1.355611e+00 4.250718e-01 3.363934e-01 4.733311e-01 4.665753e-01 6.679161e-01 6.855954e-01 6.869868e-01 7.624797e-01 7.699168e-01 7.491762e-01 7.079652e-01 6.012446e-01 2.330470e-01
<GCONST> 1.250724e+02
<MIXTURE> 9 6.172045e-02
<MEAN> 39
 -1.094865e+01 -1.243190e+01 -1.072878e+01 -1.641858e+01 -6.884035e+00 -1.305299e+01 -5.576583e+00 -2.532486e+00 -5.176176e-01 -3.110283e+00 -1.168701e+00 -1.443911e+00 7.410116e+01 2.808450e-02 1.246716e-01 -3.737631e-01 1.830257e-02 -4.260797e-01 -5.115904e-01 -6.060855e-01 -8.563862e-01 -7.241437e-01 -4.677710e-01 -6.145978e-01 -2.332491e-01 -6.580620e-01 1.680265e-02 8.564748e-02 -5.856312e-02 -1.620997e-02 -2.401636e-01 -3.047350e-01 -3.295652e-01 -3.769339e-01 -2.092977e-01 -9.206264e-02 -1.865869e-01 -6.021365e-02 -1.776446e-01
<VARIANCE> 39
 8.249251e+01 7.882549e+01 9.986600e+01 7.343704e+01 1.415360e+02 1.171954e+02 1.079906e+02 9.827321e+01 8.451875e+01 7.438756e+01 7.496824e+01 7.040398e+01 4.102754e+01 5.387464e-01 1.058859e+00 1.317542e+00 1.624408e+00 2.249287e+00 2.506196e+00 2.906528e+00 2.881209e+00 2.872989e+00 2.740033e+00 2.548642e+00 2.297629e+00 6.063102e-01 1.097366e-01 1.787151e-01 2.446903e-01 3.162166e-01 4.265110e-01 4.697948e-01 5.608201e-01 5.704168e-01 5.717224e-01 5.285093e-01 4.981185e-01 4.610534e-01 6.672978e-02
<GCONST> 1.221468e+02
<MIXTURE> 10 7.066832e-02
<MEAN> 39
 -6.072543e+00 -7.974504e+00 -8.685423e+00 -1.432998e+01 -1.388589e+01 -2.049882e+01 -1.351655e+01 -1.187198e+01 -7.142059e+00 -2.101465e+00 -3.863767e+00 -8.886595e-01 6.841870e+01 -1.712547e-01 3.210548e-01 -2.405533e-01 3.429681e-01 -1.613592e-02 9.668927e-02 -2.025362e-01 -6.356825e-01 -3.699871e-01 -8.457029e-02 -4.429799e-01 -1.389978e-01 -8.731945e-01 -2.352339e-01 -1.195775e-01 -3.963720e-02 -7.765396e-02 1.533392e-01 1.615816e-01 1.985631e-01 3.737673e-01 2.322975e-01 -6.199733e-02 5.080369e-02 -5.539648e-03 2.146587e-02
<VARIANCE> 39
 1.876708e+01 3.080613e+01 7.180671e+01 4.958129e+01 6.667448e+01 7.248020e+01 6.379931e+01 8.006740e+01 8.450471e+01 7.721067e+01 8.279103e+01 6.716487e+01 2.669024e+01 6.568215e-01 1.085651e+00 1.970194e+00 2.052177e+00 2.362970e+00 2.891926e+00 3.098467e+00 3.838189e+00 3.564063e+00 3.298354e+00 3.136693e+00 2.835818e+00 9.641854e-01 1.153928e-01 1.603949e-01 2.958840e-01 3.635467e-01 4.013135e-01 4.750760e-01 5.236682e-01 6.388607e-01 6.991552e-01 7.031625e-01 6.626495e-01 5.956738e-01 8.794037e-02
<GCONST> 1.209553e+02
<TRANSP> 3
 0.000000e+00 1.000000e+00 0.000000e+00
 0.000000e+00 9.871800e-01 1.282004e-02
 0.000000e+00 0.000000e+00 0.000000e+00
<ENDHMM>
~h "sil"
<BEGINHMM>
<NUMSTATES> 3
<STATE> 2
~s "silst"
<TRANSP> 3
 0.000000e+00 1.000000e+00 0.000000e+00
 0.000000e+00 9.963511e-01 3.648898e-03
 0.000000e+00 0.000000e+00 0.000000e+00
<ENDHMM>
~h "noise"
<BEGINHMM>
<NUMSTATES> 3
<STATE> 2
~s "silst"
<TRANSP> 3
 0.000000e+00 1.000000e+00 0.000000e+00
 0.000000e+00 9.875948e-01 1.240527e-02
 0.000000e+00 0.000000e+00 0.000000e+00
<ENDHMM>
