~o
<STREAMINFO> 1 22
<VECSIZE> 22<NULLD><MFCC_0><DIAGC>
~h "BN"
<BEGINHMM>
<NUMSTATES> 5
<STATE> 2
<NUMMIXES> 2
<MIXTURE> 1 3.281919e-001
<MEAN> 22
 8.857396e+000 1.365367e+001 5.140814e+000 5.425140e+000 1.802209e+001 2.192124e+001 8.153198e+001 7.399220e+001 5.910454e+001 5.592426e+001 1.780072e+002 1.686082e+002 1.105272e+002 1.084434e+002 6.889222e+000 5.025584e+000 6.066216e+000 5.901362e+000 5.817799e+000 6.121606e+000 2.393235e+000 2.209568e+000
<VARIANCE> 22
 2.312743e+003 1.564106e+003 1.861545e+003 1.176737e+003 4.074700e+002 4.071171e+002 5.986603e+002 5.699368e+002 6.489161e+001 5.932318e+001 9.020402e+002 1.027733e+003 1.661984e+002 1.681583e+002 1.614582e-001 1.516641e-001 6.183100e-002 8.890828e-002 1.549602e-001 2.347122e-001 5.705966e+000 3.938268e+000
<GCONST> 1.180123e+002
<MIXTURE> 2 6.718083e-001
<MEAN> 22
 6.005824e+000 8.120265e+000 1.640906e+000 2.698776e+000 1.447603e+002 1.578964e+002 7.175813e+001 8.487479e+001 7.004102e+001 7.181836e+001 1.079328e+002 7.282171e+001 9.326336e+001 9.212687e+001 3.042261e+000 2.479775e+000 4.676024e+000 4.061100e+000 4.063027e+000 2.078022e+000 2.288239e+000 2.372202e+000
<VARIANCE> 22
 1.253903e+002 2.308624e+002 1.019586e+001 1.633011e+001 3.285729e+004 1.701517e+004 2.333223e+003 2.683373e+003 9.724482e+002 1.149042e+003 5.842930e+003 3.355125e+003 1.734186e+003 1.335301e+003 8.176891e+000 2.127854e+000 7.476084e+000 3.324079e+000 3.674033e+000 5.327897e+000 6.092914e+000 5.741564e+000
<GCONST> 1.495845e+002
<STATE> 3
<NUMMIXES> 2
<MIXTURE> 1 3.989242e-001
<MEAN> 22
 1.486844e+000 2.075428e+001 4.997488e-001 5.289889e+000 7.511711e+000 1.392892e+002 1.005952e+002 1.026490e+002 6.232270e+001 8.614537e+001 2.038761e+002 8.150529e+001 1.219440e+002 1.106361e+002 6.998814e+000 2.984766e+000 6.107613e+000 4.593389e+000 5.998288e+000 2.489299e+000 1.744888e+000 3.619731e+000
<VARIANCE> 22
 9.849518e+000 3.744251e+002 3.300596e+000 2.863495e+001 9.891696e+001 5.666896e+003 3.271592e+002 1.650122e+003 6.871564e+001 5.686578e+002 6.634178e+002 2.789853e+003 2.263671e+002 1.756950e+002 6.504287e-002 1.198622e+000 9.662282e-002 8.773460e-001 2.082488e-002 5.547145e+000 5.522530e+000 5.344543e+000
<GCONST> 1.114331e+002
<MIXTURE> 2 6.010767e-001
<MEAN> 22
 8.909519e-001 4.822899e+000 4.295194e-001 1.542785e+000 9.880959e+000 1.723604e+002 8.669168e+001 1.186326e+002 5.617180e+001 8.841763e+001 1.804987e+002 3.176096e+001 1.096958e+002 9.637978e+001 6.931792e+000 2.060461e+000 6.002984e+000 3.673644e+000 5.960165e+000 1.102745e+000 1.361005e+000 2.640326e+000
<VARIANCE> 22
 4.801632e+000 4.235690e+001 3.300596e+000 3.419235e+000 5.867261e+002 9.688972e+002 1.333561e+002 1.996394e+002 5.491119e+001 2.624877e+002 4.111353e+002 3.338723e+002 6.079119e+001 8.101435e+001 3.701954e-001 1.161382e-001 2.310174e-001 4.750207e-001 1.167492e-001 3.034561e-001 4.853382e+000 5.969357e+000
<GCONST> 9.618954e+001
<STATE> 4
<NUMMIXES> 2
<MIXTURE> 1 4.274197e-001
<MEAN> 22
 1.388212e+001 5.185183e+000 3.101202e+000 1.687863e+000 5.108606e+001 2.397206e+001 8.754782e+001 9.486268e+001 7.125762e+001 5.805929e+001 1.558657e+002 1.939742e+002 1.144963e+002 1.168076e+002 4.920241e+000 4.993832e+000 6.396709e+000 5.849886e+000 5.225840e+000 6.010189e+000 3.635741e+000 2.809348e+000
<VARIANCE> 22
 3.037017e+002 6.940662e+001 2.001514e+001 6.461870e+000 2.710982e+003 8.703820e+002 6.144385e+002 3.219803e+002 2.755859e+002 6.495941e+001 3.715999e+003 5.069831e+002 2.709293e+002 1.198041e+002 8.391835e+000 2.058340e-002 2.418354e-001 1.275780e-001 1.719858e+000 5.618803e-002 5.929323e+000 6.581838e+000
<GCONST> 1.128431e+002
<MIXTURE> 2 5.725799e-001
<MEAN> 22
 6.179441e+000 1.618895e+000 2.552865e+000 7.425896e-001 1.634915e+002 1.818255e+001 1.266463e+002 8.626122e+001 9.188125e+001 5.856679e+001 3.478379e+001 1.795554e+002 9.929204e+001 1.151161e+002 1.970198e+000 4.712683e+000 8.159189e-001 5.818882e+000 2.865582e+000 5.643527e+000 3.007856e+000 1.926042e+000
<VARIANCE> 22
 8.391657e+001 1.240693e+001 1.788873e+001 2.164982e+000 3.855726e+003 7.572880e+002 3.849714e+002 7.993580e+002 3.246597e+002 6.836055e+001 3.808256e+002 1.721836e+003 2.218570e+002 1.706433e+002 3.716132e-001 4.312291e-001 1.838671e+000 1.840528e-001 2.666248e-001 2.609096e+000 6.211512e+000 5.660151e+000
<GCONST> 1.127871e+002
<TRANSP> 5
 0.000000e+000 1.000000e+000 0.000000e+000 0.000000e+000 0.000000e+000
 0.000000e+000 8.140566e-001 1.859434e-001 0.000000e+000 0.000000e+000
 0.000000e+000 0.000000e+000 9.554101e-001 4.458994e-002 0.000000e+000
 0.000000e+000 0.000000e+000 0.000000e+000 9.270254e-001 7.297459e-002
 0.000000e+000 0.000000e+000 0.000000e+000 0.000000e+000 0.000000e+000
<ENDHMM>
~h "BS"
<BEGINHMM>
<NUMSTATES> 5
<STATE> 2
<NUMMIXES> 2
<MIXTURE> 1 6.788620e-002
<MEAN> 22
 3.635310e+001 3.429597e+001 2.232407e+001 1.942702e+001 4.416520e+002 3.200298e+002 1.035786e+002 9.481686e+001 6.820159e+001 6.610952e+001 1.602423e+002 1.472527e+002 1.129601e+002 1.128805e+002 1.539209e+000 3.837158e+000 6.707239e+000 5.318622e+000 3.315570e+000 4.120820e+000 1.837031e+000 2.430907e+000
<VARIANCE> 22
 9.789484e+003 7.292941e+003 8.589612e+003 5.643179e+003 3.483161e+004 1.478584e+004 1.749086e+003 1.430073e+003 3.436839e+001 2.237885e+001 1.304590e+003 8.828126e+002 1.215062e+002 7.876086e+001 6.914601e+000 1.466047e+000 2.070516e-001 2.349990e-001 8.707973e+000 3.377717e+000 5.750413e+000 6.066522e+000
<GCONST> 1.470007e+002
<MIXTURE> 2 9.321137e-001
<MEAN> 22
 1.374478e+001 1.348628e+001 2.321714e+000 2.350796e+000 5.277809e+001 5.153387e+001 6.280702e+001 6.084089e+001 6.343976e+001 6.016652e+001 1.529958e+002 1.495755e+002 1.085385e+002 1.081661e+002 5.643165e+000 4.626189e+000 6.004025e+000 5.828001e+000 5.383595e+000 5.586236e+000 2.754178e+000 1.994852e+000
<VARIANCE> 22
 1.713747e+002 1.549309e+002 6.204031e+000 6.577838e+000 4.138009e+003 3.083526e+003 1.033014e+003 9.437747e+002 1.450760e+002 1.471377e+002 1.844010e+003 1.886537e+003 3.224064e+002 2.843752e+002 5.756841e+000 1.416996e+000 5.655566e-001 4.974877e-001 9.722940e-001 4.223629e+000 3.123503e+000 3.865160e+000
<GCONST> 1.256722e+002
<STATE> 3
<NUMMIXES> 2
<MIXTURE> 1 4.283924e-001
<MEAN> 22
 1.446858e+001 1.475324e+001 3.534621e+000 3.438379e+000 1.315322e+002 1.238445e+002 1.464988e+002 1.416687e+002 8.903911e+001 7.877861e+001 1.538036e+002 1.611522e+002 1.165135e+002 1.149863e+002 4.437408e-001 3.720695e+000 4.412410e+000 4.724249e+000 1.804125e+000 3.842984e+000 2.941503e+000 3.889416e+000
<VARIANCE> 22
 4.167610e+002 4.307268e+002 1.878770e+001 2.069966e+001 1.496310e+003 1.699088e+003 9.842668e+002 8.781033e+002 1.801980e+002 2.633129e+002 2.127662e+003 1.285423e+003 1.764607e+002 1.369301e+002 3.199850e-001 3.389577e-001 1.127962e+001 2.564553e-001 6.094416e+000 9.125746e-001 6.459438e+000 5.601771e+000
<GCONST> 1.267398e+002
<MIXTURE> 2 5.716088e-001
<MEAN> 22
 2.182218e+001 2.258732e+001 3.733675e+000 3.666896e+000 9.382037e+001 9.658073e+001 4.815209e+001 4.940438e+001 6.512081e+001 6.086139e+001 9.368822e+001 9.244395e+001 1.004701e+002 1.011651e+002 2.080238e+000 2.765982e+000 6.147976e+000 5.748969e+000 4.096799e+000 2.276158e+000 2.701199e+000 2.852691e+000
<VARIANCE> 22
 3.554067e+002 3.714072e+002 2.377662e+001 1.840752e+001 1.598792e+003 1.259842e+003 6.528781e+002 6.645671e+002 1.196215e+002 1.250582e+002 9.077879e+002 8.087173e+002 1.175656e+002 1.004623e+002 3.796788e+000 2.059951e+000 3.797125e-001 3.796822e-001 1.930913e+000 7.468142e+000 5.426520e+000 4.360392e+000
<GCONST> 1.242505e+002
<STATE> 4
<NUMMIXES> 2
<MIXTURE> 1 4.472910e-001
<MEAN> 22
 9.213139e+000 8.850876e+000 2.484855e+000 2.143328e+000 3.443108e+001 3.514795e+001 1.023813e+002 9.965177e+001 6.543716e+001 6.011029e+001 1.934383e+002 1.913254e+002 1.152854e+002 1.146399e+002 6.726679e+000 4.942399e+000 6.440297e+000 5.519205e+000 6.058414e+000 5.834216e+000 3.868634e+000 3.683476e+000
<VARIANCE> 22
 8.329915e+001 7.908398e+001 7.272910e+000 5.487478e+000 1.081351e+003 8.337701e+002 5.928488e+002 4.315026e+002 1.052234e+002 8.691339e+001 7.763274e+002 6.632800e+002 1.879465e+002 1.460067e+002 1.611505e+000 1.313738e-001 2.840568e-001 2.502522e-001 1.953396e-001 3.230020e-001 4.480016e+000 8.362621e+000
<GCONST> 1.082335e+002
<MIXTURE> 2 5.527096e-001
<MEAN> 22
 6.320285e+000 6.036381e+000 1.763732e+000 1.639731e+000 9.042839e+001 8.900818e+001 1.168138e+002 1.178833e+002 6.842314e+001 6.375375e+001 1.565672e+002 1.559888e+002 1.052243e+002 1.048580e+002 7.457897e-003 3.999268e+000 6.999460e+000 5.000000e+000 3.507506e+000 4.355220e+000 3.057138e+000 3.798853e+000
<VARIANCE> 22
 6.475327e+001 5.840792e+001 5.973481e+000 5.043417e+000 7.139586e+002 6.508599e+002 5.844207e+002 5.097227e+002 9.749315e+001 1.261501e+002 4.190130e+002 4.546213e+002 7.277614e+001 7.955087e+001 6.504287e-002 1.793315e-002 2.326111e-002 1.170389e-002 1.191285e+001 2.651179e-001 6.489754e+000 7.383637e+000
<GCONST> 9.802567e+001
<TRANSP> 5
 0.000000e+000 1.000000e+000 0.000000e+000 0.000000e+000 0.000000e+000
 0.000000e+000 7.826484e-001 2.173516e-001 0.000000e+000 0.000000e+000
 0.000000e+000 0.000000e+000 9.224845e-001 7.751556e-002 0.000000e+000
 0.000000e+000 0.000000e+000 0.000000e+000 9.481410e-001 5.185894e-002
 0.000000e+000 0.000000e+000 0.000000e+000 0.000000e+000 0.000000e+000
<ENDHMM>
~h "CF"
<BEGINHMM>
<NUMSTATES> 5
<STATE> 2
<NUMMIXES> 2
<MIXTURE> 1 1.602243e-001
<MEAN> 22
 2.532240e+001 1.405270e+001 1.238647e+001 8.163680e+000 4.720129e+001 2.739393e+001 9.794981e+001 8.550652e+001 7.387120e+001 6.071632e+001 1.518043e+002 1.791206e+002 1.125234e+002 1.162010e+002 5.205057e+000 4.757323e+000 5.524938e+000 5.796257e+000 5.135657e+000 5.886494e+000 2.958025e+000 2.538918e+000
<VARIANCE> 22
 3.586808e+003 2.398246e+003 2.935006e+003 1.752382e+003 3.490546e+003 1.141579e+003 9.324412e+002 8.188958e+002 4.449889e+002 1.366376e+002 4.919072e+003 1.598328e+003 3.144888e+002 1.739588e+002 6.798129e+000 4.264932e-001 3.338299e+000 1.872852e-001 1.916671e+000 1.145207e+000 5.808436e+000 5.093219e+000
<GCONST> 1.431687e+002
<MIXTURE> 2 8.397751e-001
<MEAN> 22
 6.120915e+000 6.846395e+000 2.403659e+000 2.322890e+000 8.256210e+001 8.787609e+001 8.302103e+001 6.795661e+001 7.852094e+001 6.547046e+001 8.837207e+001 1.012622e+002 9.479985e+001 1.020388e+002 2.835470e+000 3.170351e+000 4.572149e+000 5.006599e+000 3.831480e+000 3.345640e+000 2.831057e+000 2.625972e+000
<VARIANCE> 22
 8.601500e+001 1.175659e+002 1.236949e+001 1.350785e+001 8.414299e+003 7.090928e+003 2.315995e+003 1.745438e+003 6.717395e+002 5.617858e+002 3.408674e+003 3.263877e+003 6.414407e+002 5.396494e+002 5.267004e+000 2.300622e+000 5.947760e+000 2.063349e+000 2.328386e+000 7.812058e+000 6.068300e+000 5.542402e+000
<GCONST> 1.411286e+002
<STATE> 3
<NUMMIXES> 2
<MIXTURE> 1 3.760677e-001
<MEAN> 22
 2.638055e+000 2.262561e+001 9.734451e-001 5.673107e+000 1.646667e+001 1.122414e+002 9.904205e+001 8.941467e+001 6.296581e+001 8.317696e+001 1.929684e+002 1.027191e+002 1.173024e+002 1.043506e+002 6.851965e+000 3.460453e+000 6.184165e+000 4.869560e+000 5.910172e+000 3.386408e+000 2.071599e+000 3.731855e+000
<VARIANCE> 22
 2.376327e+001 4.722299e+002 3.300596e+000 3.927650e+001 9.311774e+002 6.147569e+003 5.272181e+002 1.892402e+003 1.243694e+002 5.076430e+002 1.394368e+003 3.382574e+003 2.828225e+002 2.634821e+002 7.198264e-001 1.539134e+000 5.450581e-001 1.607911e+000 2.375212e-001 7.544147e+000 5.973653e+000 5.089814e+000
<GCONST> 1.256040e+002
<MIXTURE> 2 6.239316e-001
<MEAN> 22
 9.466518e-001 6.468888e+000 4.622041e-001 3.064357e+000 5.913730e+000 1.946142e+002 9.023053e+001 1.290076e+002 5.719191e+001 1.020623e+002 1.860251e+002 3.125746e+001 1.110638e+002 8.362082e+001 7.000000e+000 2.000000e+000 6.008790e+000 2.938428e+000 5.999990e+000 9.939731e-001 1.420159e+000 2.540600e+000
<VARIANCE> 22
 4.801632e+000 9.415541e+001 3.300596e+000 1.915553e+001 4.956259e+001 9.275776e+002 1.852035e+002 4.342574e+002 5.011200e+001 3.955969e+002 3.657918e+002 1.498938e+002 1.044607e+002 2.390577e+002 6.504287e-002 1.793315e-002 2.326111e-002 1.251703e+000 2.082488e-002 5.618803e-002 5.141850e+000 5.751370e+000
<GCONST> 9.000288e+001
<STATE> 4
<NUMMIXES> 2
<MIXTURE> 1 4.239299e-001
<MEAN> 22
 9.090076e+000 5.579079e+000 2.714874e+000 2.081958e+000 2.921135e+001 2.389031e+001 9.042533e+001 9.734386e+001 6.578239e+001 6.071309e+001 1.867460e+002 1.946866e+002 1.164519e+002 1.164662e+002 6.332479e+000 5.000443e+000 6.198180e+000 5.714493e+000 5.884388e+000 5.989779e+000 3.381770e+000 3.025875e+000
<VARIANCE> 22
 1.792758e+002 5.752081e+001 1.418319e+001 7.464279e+000 7.967693e+002 5.788145e+002 6.427684e+002 3.200006e+002 1.551603e+002 9.064676e+001 1.048331e+003 5.049132e+002 2.008086e+002 1.277820e+002 4.011666e+000 1.793315e-002 1.589043e-001 2.048727e-001 1.246298e-001 5.618803e-002 6.404486e+000 6.400819e+000
<GCONST> 1.051909e+002
<MIXTURE> 2 5.760701e-001
<MEAN> 22
 1.058463e+001 1.553700e+000 3.861638e+000 8.079849e-001 1.726392e+002 2.492056e+001 1.211100e+002 9.683987e+001 9.688187e+001 5.760682e+001 3.813415e+001 1.915977e+002 8.565286e+001 1.134190e+002 1.912238e+000 4.976929e+000 2.478796e+000 5.676889e+000 3.034435e+000 5.952871e+000 3.149105e+000 2.042973e+000
<VARIANCE> 22
 2.124464e+002 8.443620e+000 2.882840e+001 2.164982e+000 3.403766e+003 1.101349e+003 1.187096e+003 2.391655e+002 4.561050e+002 8.354474e+001 5.094182e+002 4.442287e+002 4.438051e+002 1.193933e+002 2.204550e-001 6.675109e-002 4.622614e+000 2.401647e-001 2.155034e-001 2.204642e-001 6.221205e+000 5.598624e+000
<GCONST> 1.098974e+002
<TRANSP> 5
 0.000000e+000 1.000000e+000 0.000000e+000 0.000000e+000 0.000000e+000
 0.000000e+000 8.125381e-001 1.874619e-001 0.000000e+000 0.000000e+000
 0.000000e+000 0.000000e+000 9.523876e-001 4.761237e-002 0.000000e+000
 0.000000e+000 0.000000e+000 0.000000e+000 9.299603e-001 7.003970e-002
 0.000000e+000 0.000000e+000 0.000000e+000 0.000000e+000 0.000000e+000
<ENDHMM>
~h "CN"
<BEGINHMM>
<NUMSTATES> 5
<STATE> 2
<NUMMIXES> 2
<MIXTURE> 1 4.175666e-001
<MEAN> 22
 8.701205e+000 8.182909e+000 2.877697e+000 2.753474e+000 2.115698e+001 2.359112e+001 9.285519e+001 8.874109e+001 6.386930e+001 5.942900e+001 1.920679e+002 1.885828e+002 1.189361e+002 1.170509e+002 6.999014e+000 5.000000e+000 6.131818e+000 5.935049e+000 5.999396e+000 6.016267e+000 2.756773e+000 1.962923e+000
<VARIANCE> 22
 5.289171e+002 4.141610e+002 3.706829e+002 2.725741e+002 3.519215e+002 5.061730e+002 5.983587e+002 4.010623e+002 9.207570e+001 6.773640e+001 8.175444e+002 6.561309e+002 2.510971e+002 1.908577e+002 6.504287e-002 1.793315e-002 1.144424e-001 6.073204e-002 2.082488e-002 5.618803e-002 3.245832e+000 3.991767e+000
<GCONST> 1.055287e+002
<MIXTURE> 2 5.824328e-001
<MEAN> 22
 2.082052e+001 2.061674e+001 2.611981e+000 2.907159e+000 9.205074e+001 8.800712e+001 4.347174e+001 4.550888e+001 6.549324e+001 6.208029e+001 9.964895e+001 9.890537e+001 1.053332e+002 1.045572e+002 3.023321e+000 3.329618e+000 6.017497e+000 5.875008e+000 4.291878e+000 3.079260e+000 2.630477e+000 2.042146e+000
<VARIANCE> 22
 3.254546e+002 3.039823e+002 9.561765e+000 1.172608e+001 2.092469e+003 2.059296e+003 4.800438e+002 6.310681e+002 1.148263e+002 1.085614e+002 1.442416e+003 1.666345e+003 1.638144e+002 1.345790e+002 6.072948e+000 2.082735e+000 1.918389e-001 4.292293e-001 7.577998e-001 9.839810e+000 2.243013e+000 3.096889e+000
<GCONST> 1.226646e+002
<STATE> 3
<NUMMIXES> 2
<MIXTURE> 1 4.749750e-001
<MEAN> 22
 8.912312e+000 8.532038e+000 1.154800e+000 1.054106e+000 1.649497e+002 1.589049e+002 8.559266e+001 8.246572e+001 6.859218e+001 6.689056e+001 3.978636e+001 4.341091e+001 1.062611e+002 1.082690e+002 2.069220e+000 1.833381e+000 5.531955e+000 5.872643e+000 3.115087e+000 8.252520e-001 2.975754e+000 2.903597e+000
<VARIANCE> 22
 1.579816e+002 1.803624e+002 3.300596e+000 2.164982e+000 1.605296e+003 1.393496e+003 4.338162e+002 5.332371e+002 1.597948e+002 1.775753e+002 4.193986e+002 5.475849e+002 2.482284e+002 1.866446e+002 1.306171e-001 2.183028e-001 1.583808e+000 1.180485e+000 1.428516e-001 2.327015e-001 5.994340e+000 6.027090e+000
<GCONST> 1.102222e+002
<MIXTURE> 2 5.250242e-001
<MEAN> 22
 6.278062e+000 7.441685e+000 1.230517e+000 9.887863e-001 1.318885e+002 1.259566e+002 6.152438e+001 5.956049e+001 6.477372e+001 6.186586e+001 4.459188e+001 4.661808e+001 1.004573e+002 1.011793e+002 2.006591e+000 2.000000e+000 6.000000e+000 6.000000e+000 3.227769e+000 7.561816e-001 3.368599e+000 3.297559e+000
<VARIANCE> 22
 5.796439e+001 9.135760e+001 3.518874e+000 2.164982e+000 1.158414e+003 9.017531e+002 2.917900e+002 3.336172e+002 5.002337e+001 5.449750e+001 2.288634e+002 2.869978e+002 5.052735e+001 5.023264e+001 6.504287e-002 1.793315e-002 2.326111e-002 1.170389e-002 1.758948e-001 1.843620e-001 6.009902e+000 5.991403e+000
<GCONST> 8.841845e+001
<STATE> 4
<NUMMIXES> 2
<MIXTURE> 1 4.002020e-001
<MEAN> 22
 1.056214e+001 9.607445e+000 3.177620e+000 2.753173e+000 3.902914e+001 3.142332e+001 9.934651e+001 9.548112e+001 6.506393e+001 6.062007e+001 1.954448e+002 1.929936e+002 1.163850e+002 1.154853e+002 6.989974e+000 4.999995e+000 6.281720e+000 5.778718e+000 6.013167e+000 5.978611e+000 3.788544e+000 3.696890e+000
<VARIANCE> 22
 1.179888e+002 9.676153e+001 8.596187e+000 7.200506e+000 7.103808e+003 4.431989e+003 4.349684e+002 3.480819e+002 9.392153e+001 6.490113e+001 5.081352e+002 4.672618e+002 1.504870e+002 1.187045e+002 6.504287e-002 1.793315e-002 2.023557e-001 1.723159e-001 2.082488e-002 5.618803e-002 7.950922e+000 4.566936e+000
<GCONST> 1.007093e+002
<MIXTURE> 2 5.997968e-001
<MEAN> 22
 1.666372e+001 1.615682e+001 2.164759e+000 2.426148e+000 9.256953e+001 9.070678e+001 5.275785e+001 5.094347e+001 6.767666e+001 6.545107e+001 1.160942e+002 1.107008e+002 1.069940e+002 1.073812e+002 3.578813e+000 3.311893e+000 6.069144e+000 5.904621e+000 4.446939e+000 3.094117e+000 4.226655e+000 4.100582e+000
<VARIANCE> 22
 4.060737e+002 3.460123e+002 1.069516e+001 1.585261e+001 3.633940e+003 3.081594e+003 1.218160e+003 1.267815e+003 2.191844e+002 1.586654e+002 1.828948e+003 1.890134e+003 2.973142e+002 1.833458e+002 5.924123e+000 3.696543e+000 3.433838e-001 3.272198e-001 1.483426e+000 9.477825e+000 6.841219e+000 5.208316e+000
<GCONST> 1.314366e+002
<TRANSP> 5
 0.000000e+000 1.000000e+000 0.000000e+000 0.000000e+000 0.000000e+000
 0.000000e+000 8.408828e-001 1.591173e-001 0.000000e+000 0.000000e+000
 0.000000e+000 0.000000e+000 9.636853e-001 3.631471e-002 0.000000e+000
 0.000000e+000 0.000000e+000 0.000000e+000 9.188815e-001 8.111851e-002
 0.000000e+000 0.000000e+000 0.000000e+000 0.000000e+000 0.000000e+000
<ENDHMM>
~h "CP"
<BEGINHMM>
<NUMSTATES> 5
<STATE> 2
<NUMMIXES> 2
<MIXTURE> 1 8.146159e-001
<MEAN> 22
 1.368010e+001 1.157259e+001 4.003125e+000 3.362127e+000 5.157407e+001 5.140339e+001 1.092852e+002 1.069312e+002 7.713036e+001 7.044352e+001 1.897786e+002 1.919083e+002 1.272186e+002 1.226856e+002 4.356738e+000 4.665986e+000 6.696532e+000 5.475347e+000 5.496600e+000 5.573311e+000 3.244701e+000 3.170914e+000
<VARIANCE> 22
 5.925423e+002 3.976328e+002 3.926116e+002 2.249718e+002 1.378163e+003 1.441165e+003 1.246170e+003 1.237560e+003 1.941693e+002 1.751620e+002 2.152788e+003 1.209160e+003 4.239000e+002 2.360516e+002 1.104767e+001 3.018880e-001 2.146720e-001 2.494044e-001 3.438942e+000 7.795873e-001 5.435977e+000 5.465431e+000
<GCONST> 1.323175e+002
<MIXTURE> 2 1.853840e-001
<MEAN> 22
 6.867783e+000 4.295800e+000 9.980266e-001 1.074119e+000 3.150211e+002 2.310789e+002 5.950427e+001 4.758141e+001 3.471914e+001 3.225443e+001 5.075957e+001 6.284290e+001 5.147292e+001 5.287281e+001 1.084620e+000 1.662898e+000 1.340638e+000 2.614453e+000 1.270111e+000 1.491755e+000 1.437634e+000 1.708753e+000
<VARIANCE> 22
 4.051545e+002 7.964400e+001 4.348714e+000 4.760668e+000 3.241820e+004 2.094376e+004 4.818873e+003 3.706874e+003 1.475148e+003 1.216198e+003 4.345784e+003 5.564053e+003 3.014214e+003 3.030485e+003 3.285578e+000 3.720968e+000 5.953293e+000 7.522966e+000 3.167561e+000 4.934500e+000 5.203300e+000 6.142934e+000
<GCONST> 1.508276e+002
<STATE> 3
<NUMMIXES> 2
<MIXTURE> 1 4.890405e-001
<MEAN> 22
 1.128933e+001 1.107672e+001 2.636178e+000 2.899482e+000 5.442633e+001 4.495931e+001 8.599934e+001 9.171317e+001 7.256050e+001 6.812408e+001 1.749405e+002 1.784918e+002 1.185655e+002 1.181353e+002 5.178359e+000 4.648934e+000 6.490994e+000 5.358463e+000 5.976957e+000 5.742224e+000 3.643610e+000 3.461226e+000
<VARIANCE> 22
 1.042025e+002 1.060212e+002 8.617358e+000 1.085813e+001 1.490540e+003 7.860723e+002 4.958818e+002 5.341144e+002 1.339557e+002 1.310208e+002 6.713759e+002 6.758818e+002 1.390592e+002 1.303264e+002 9.359879e+000 2.618811e-001 3.127529e-001 2.557907e-001 2.869534e-001 4.428189e-001 5.154693e+000 5.018641e+000
<GCONST> 1.129069e+002
<MIXTURE> 2 5.109590e-001
<MEAN> 22
 1.057102e+001 1.103665e+001 3.000026e+000 2.861374e+000 6.666521e+001 5.951727e+001 5.758284e+001 6.154892e+001 7.101704e+001 6.759804e+001 1.147904e+002 1.168432e+002 1.022403e+002 1.022596e+002 2.815956e-001 3.738900e+000 6.796176e+000 5.195523e+000 5.194691e+000 4.781302e+000 3.369694e+000 3.129379e+000
<VARIANCE> 22
 1.151033e+002 1.057732e+002 1.502030e+001 1.265794e+001 5.759165e+002 7.759823e+002 2.613833e+002 3.472260e+002 1.144521e+002 1.682039e+002 3.487248e+002 4.095898e+002 8.665931e+001 8.771205e+001 4.593103e-001 4.730200e-001 1.639303e-001 1.572877e-001 2.098871e+000 5.446759e+000 5.206670e+000 5.108096e+000
<GCONST> 1.107175e+002
<STATE> 4
<NUMMIXES> 2
<MIXTURE> 1 6.320548e-001
<MEAN> 22
 7.170651e+000 6.997779e+000 1.980882e+000 2.123996e+000 3.041323e+001 2.897787e+001 8.819509e+001 8.891245e+001 6.385698e+001 6.080898e+001 1.820135e+002 1.829632e+002 1.137974e+002 1.137995e+002 6.995533e+000 4.998933e+000 6.240187e+000 5.670873e+000 6.001536e+000 5.984401e+000 3.906967e+000 3.724421e+000
<VARIANCE> 22
 4.986220e+001 4.833727e+001 4.519005e+000 5.139714e+000 7.076587e+002 5.284780e+002 3.279361e+002 2.823755e+002 7.747761e+001 8.568592e+001 4.799873e+002 4.501257e+002 1.130669e+002 1.023425e+002 6.504287e-002 1.793315e-002 1.824902e-001 2.208038e-001 2.082488e-002 5.618803e-002 5.628888e+000 5.796126e+000
<GCONST> 9.284343e+001
<MIXTURE> 2 3.679474e-001
<MEAN> 22
 6.772166e+000 6.880960e+000 1.199337e+000 1.129205e+000 4.563950e+001 4.241621e+001 6.160670e+001 6.232711e+001 6.013877e+001 5.763180e+001 1.389293e+002 1.403430e+002 9.962561e+001 9.890524e+001 3.640692e+000 4.496706e+000 6.518826e+000 5.412321e+000 5.909293e+000 5.964623e+000 3.324441e+000 3.124549e+000
<VARIANCE> 22
 4.530889e+001 4.254331e+001 3.300596e+000 2.164982e+000 4.202792e+002 3.209688e+002 2.788056e+002 3.448238e+002 6.267888e+001 8.016616e+001 2.489186e+002 2.866835e+002 4.739468e+001 5.680012e+001 1.195136e+001 3.562477e-001 3.070395e-001 2.658960e-001 3.463046e-001 4.491489e-001 5.248420e+000 5.147451e+000
<GCONST> 1.012242e+002
<TRANSP> 5
 0.000000e+000 1.000000e+000 0.000000e+000 0.000000e+000 0.000000e+000
 0.000000e+000 7.487083e-001 2.512917e-001 0.000000e+000 0.000000e+000
 0.000000e+000 0.000000e+000 9.212863e-001 7.871367e-002 0.000000e+000
 0.000000e+000 0.000000e+000 0.000000e+000 9.459013e-001 5.409876e-002
 0.000000e+000 0.000000e+000 0.000000e+000 0.000000e+000 0.000000e+000
<ENDHMM>
~h "CV"
<BEGINHMM>
<NUMSTATES> 5
<STATE> 2
<NUMMIXES> 2
<MIXTURE> 1 4.083928e-001
<MEAN> 22
 8.920255e+000 9.624511e+000 3.134139e+000 2.970919e+000 2.048299e+001 2.145232e+001 9.073178e+001 8.609460e+001 6.259397e+001 5.822109e+001 1.874081e+002 1.836557e+002 1.158573e+002 1.153502e+002 6.987839e+000 4.993920e+000 6.151794e+000 5.907840e+000 5.993913e+000 6.011588e+000 2.737153e+000 2.271332e+000
<VARIANCE> 22
 5.346434e+002 4.704178e+002 5.173159e+002 3.213177e+002 3.771029e+002 3.684341e+002 5.277958e+002 4.474719e+002 7.954784e+001 5.784975e+001 7.315718e+002 7.029303e+002 1.832717e+002 1.482851e+002 6.504287e-002 2.023249e-002 1.287516e-001 8.569396e-002 2.082488e-002 8.847250e-002 3.262525e+000 4.061059e+000
<GCONST> 1.060457e+002
<MIXTURE> 2 5.916080e-001
<MEAN> 22
 1.971379e+001 1.936739e+001 3.383549e+000 3.224937e+000 1.030233e+002 9.669486e+001 6.533343e+001 6.614732e+001 6.875414e+001 6.037385e+001 1.012500e+002 1.114108e+002 1.089771e+002 1.076944e+002 2.340457e+000 3.524562e+000 6.009235e+000 5.396191e+000 4.085821e+000 3.499464e+000 2.690583e+000 2.584042e+000
<VARIANCE> 22
 4.552917e+002 4.145618e+002 1.521403e+001 1.347997e+001 8.578034e+003 5.912414e+003 9.617422e+002 9.847129e+002 2.279685e+002 1.302099e+002 2.792050e+003 2.511375e+003 3.653887e+002 3.273796e+002 6.476555e+000 1.395395e+000 2.761523e+000 7.219668e-001 2.091905e+000 7.033481e+000 3.858807e+000 3.796644e+000
<GCONST> 1.354259e+002
<STATE> 3
<NUMMIXES> 2
<MIXTURE> 1 3.886504e-001
<MEAN> 22
 8.621393e+000 8.674229e+000 2.672118e+000 2.914994e+000 1.682792e+002 1.634604e+002 1.000548e+002 9.891908e+001 7.238216e+001 6.919942e+001 4.734599e+001 5.227057e+001 1.132359e+002 1.132790e+002 1.678042e+000 2.415516e+000 4.490814e+000 4.765916e+000 2.644981e+000 1.497509e+000 3.395975e+000 3.286129e+000
<VARIANCE> 22
 1.372682e+002 1.347232e+002 1.551846e+001 2.037495e+001 1.819188e+003 1.420284e+003 5.176097e+002 6.526897e+002 1.358590e+002 1.006991e+002 4.647589e+002 4.722974e+002 2.944052e+002 1.940303e+002 3.517054e-001 3.014771e-001 1.021054e+001 7.201298e-001 3.439126e-001 4.456923e-001 5.515606e+000 5.715114e+000
<GCONST> 1.176120e+002
<MIXTURE> 2 6.113485e-001
<MEAN> 22
 6.060455e+000 6.455698e+000 1.253209e+000 1.324440e+000 1.203032e+002 1.212152e+002 6.931292e+001 6.956232e+001 6.072849e+001 5.749533e+001 5.258905e+001 5.294992e+001 9.880344e+001 9.948399e+001 1.342344e+000 2.561988e+000 6.881080e+000 5.185527e+000 2.874863e+000 1.210484e+000 3.497247e+000 3.365646e+000
<VARIANCE> 22
 6.092298e+001 5.923155e+001 3.300596e+000 2.620246e+000 1.218873e+003 8.533796e+002 2.339425e+002 2.763673e+002 3.281297e+001 4.356896e+001 1.985606e+002 2.175919e+002 6.058713e+001 6.288416e+001 2.407626e-001 3.005492e-001 1.081771e-001 2.677687e-001 2.342347e-001 2.903001e-001 5.630219e+000 5.968441e+000
<GCONST> 9.655634e+001
<STATE> 4
<NUMMIXES> 2
<MIXTURE> 1 4.841032e-001
<MEAN> 22
 1.065371e+001 9.594216e+000 3.054512e+000 2.607429e+000 2.313777e+001 2.306922e+001 9.479070e+001 9.247500e+001 6.403298e+001 5.839413e+001 1.911421e+002 1.904036e+002 1.154903e+002 1.146607e+002 6.993742e+000 5.000478e+000 6.223404e+000 5.832353e+000 6.021955e+000 5.989674e+000 4.228311e+000 4.051108e+000
<VARIANCE> 22
 1.080932e+002 9.949471e+001 9.440909e+000 7.310387e+000 4.960386e+002 4.522706e+002 4.504001e+002 3.444709e+002 8.918304e+001 6.614724e+001 6.589162e+002 5.803246e+002 1.768997e+002 1.415757e+002 6.504287e-002 1.793315e-002 1.734977e-001 1.395422e-001 2.158782e-002 5.618803e-002 6.772344e+000 5.024840e+000
<GCONST> 9.622677e+001
<MIXTURE> 2 5.158975e-001
<MEAN> 22
 1.579362e+001 1.576158e+001 2.653886e+000 3.016898e+000 7.747406e+001 6.808295e+001 4.510433e+001 5.030096e+001 6.518385e+001 6.004398e+001 1.062571e+002 1.138271e+002 1.041083e+002 1.043058e+002 2.532353e+000 3.541751e+000 6.144306e+000 5.763274e+000 4.455924e+000 3.470429e+000 4.319073e+000 4.249410e+000
<VARIANCE> 22
 2.782806e+002 2.570091e+002 1.571708e+001 1.649075e+001 1.398855e+003 1.414465e+003 5.591487e+002 6.994036e+002 1.071576e+002 8.998956e+001 1.342451e+003 1.671875e+003 1.566276e+002 1.175645e+002 6.500772e+000 1.983374e+000 2.259042e-001 2.512566e-001 9.603598e-001 9.467882e+000 5.832729e+000 5.567576e+000
<GCONST> 1.235377e+002
<TRANSP> 5
 0.000000e+000 1.000000e+000 0.000000e+000 0.000000e+000 0.000000e+000
 0.000000e+000 8.447934e-001 1.552066e-001 0.000000e+000 0.000000e+000
 0.000000e+000 0.000000e+000 9.471371e-001 5.286291e-002 0.000000e+000
 0.000000e+000 0.000000e+000 0.000000e+000 9.188498e-001 8.115026e-002
 0.000000e+000 0.000000e+000 0.000000e+000 0.000000e+000 0.000000e+000
<ENDHMM>
~h "DC"
<BEGINHMM>
<NUMSTATES> 5
<STATE> 2
<NUMMIXES> 2
<MIXTURE> 1 4.210954e-001
<MEAN> 22
 9.770932e+000 9.277330e+000 3.798926e+000 3.332658e+000 4.238955e+001 4.004854e+001 8.997411e+001 8.656496e+001 6.348776e+001 5.940740e+001 1.879618e+002 1.851730e+002 1.177532e+002 1.168141e+002 6.975580e+000 4.993278e+000 6.178931e+000 5.862894e+000 5.962284e+000 6.008612e+000 2.484473e+000 2.113394e+000
<VARIANCE> 22
 8.956063e+002 6.477635e+002 8.328015e+002 5.129866e+002 1.054895e+004 6.614515e+003 6.840829e+002 4.727531e+002 9.910188e+001 6.138266e+001 8.736518e+002 7.512746e+002 2.312346e+002 1.799510e+002 1.307901e-001 1.793315e-002 1.469153e-001 1.183067e-001 8.371207e-002 1.102847e-001 3.091526e+000 3.478627e+000
<GCONST> 1.177433e+002
<MIXTURE> 2 5.789044e-001
<MEAN> 22
 1.388389e+001 1.343231e+001 2.703803e+000 2.820453e+000 1.078322e+002 9.948831e+001 4.516557e+001 4.577635e+001 6.518423e+001 6.150778e+001 1.106674e+002 1.136622e+002 1.048949e+002 1.029392e+002 2.009178e+000 3.476616e+000 6.058622e+000 5.565056e+000 4.512436e+000 4.250170e+000 2.526938e+000 1.996120e+000
<VARIANCE> 22
 1.604425e+002 1.394028e+002 1.267524e+001 1.329291e+001 1.066760e+004 7.291431e+003 6.741334e+002 7.310815e+002 2.825469e+002 2.182879e+002 1.253974e+003 1.365100e+003 6.428115e+002 5.287175e+002 6.952271e+000 2.163589e+000 1.467124e+000 1.228857e+000 1.992236e+000 9.361092e+000 2.858763e+000 3.194470e+000
<GCONST> 1.334097e+002
<STATE> 3
<NUMMIXES> 2
<MIXTURE> 1 4.881880e-001
<MEAN> 22
 1.384694e+001 1.540002e+001 2.887659e+000 3.257256e+000 1.365635e+002 1.345534e+002 6.723396e+001 6.846888e+001 6.840974e+001 6.544427e+001 5.971566e+001 6.037632e+001 9.867440e+001 9.917535e+001 1.924957e+000 2.220206e+000 5.874496e+000 5.714573e+000 3.399949e+000 8.610120e-001 2.724681e+000 2.683079e+000
<VARIANCE> 22
 2.710984e+002 3.482764e+002 2.691337e+001 3.115970e+001 2.364908e+003 1.692634e+003 5.962529e+002 6.277748e+002 1.130094e+002 1.591281e+002 5.222462e+002 5.766641e+002 1.989420e+002 2.087260e+002 5.020242e-001 5.080891e-001 8.029662e-001 7.182716e-001 3.425088e-001 1.099807e+000 5.465434e+000 5.467889e+000
<GCONST> 1.202070e+002
<MIXTURE> 2 5.118118e-001
<MEAN> 22
 8.825719e+000 9.003371e+000 1.085864e+000 1.165394e+000 1.110460e+002 1.074254e+002 3.090994e+001 3.368850e+001 6.312479e+001 6.069881e+001 8.013938e+001 8.104238e+001 9.954554e+001 1.002465e+002 1.992642e+000 2.006831e+000 6.000162e+000 6.005809e+000 4.005809e+000 2.778859e-002 2.770165e+000 2.443702e+000
<VARIANCE> 22
 1.366064e+002 1.258078e+002 3.300596e+000 2.322646e+000 4.749556e+002 5.193839e+002 1.172221e+002 1.327514e+002 6.809012e+001 8.797324e+001 1.708943e+002 1.786591e+002 9.684898e+001 9.464709e+001 6.213912e-001 8.933891e-001 2.326111e-002 1.011691e-001 2.082488e-002 5.618803e-002 5.421608e+000 5.839402e+000
<GCONST> 9.250198e+001
<STATE> 4
<NUMMIXES> 2
<MIXTURE> 1 5.551067e-001
<MEAN> 22
 9.954554e+000 9.182453e+000 3.175343e+000 2.824834e+000 2.251131e+001 2.218037e+001 9.606195e+001 9.360977e+001 6.418135e+001 5.973028e+001 1.910131e+002 1.903127e+002 1.146262e+002 1.146238e+002 6.996799e+000 5.001488e+000 6.305612e+000 5.722219e+000 6.012717e+000 5.997116e+000 4.099349e+000 3.911260e+000
<VARIANCE> 22
 8.429578e+001 8.047506e+001 8.436834e+000 7.120040e+000 3.603177e+002 3.716551e+002 3.874449e+002 3.434851e+002 9.090821e+001 7.877493e+001 5.149982e+002 4.728721e+002 1.532204e+002 1.265989e+002 6.504287e-002 1.793315e-002 2.122112e-001 2.006195e-001 2.082488e-002 5.618803e-002 7.140051e+000 4.410863e+000
<GCONST> 9.489590e+001
<MIXTURE> 2 4.448937e-001
<MEAN> 22
 1.865024e+001 1.841094e+001 2.875038e+000 2.670024e+000 7.462678e+001 6.625056e+001 3.993219e+001 4.358823e+001 6.624835e+001 6.163830e+001 1.227313e+002 1.275318e+002 1.036301e+002 1.038319e+002 3.559060e+000 4.247975e+000 6.109601e+000 5.811518e+000 4.903774e+000 5.599277e+000 4.296929e+000 4.239881e+000
<VARIANCE> 22
 3.666423e+002 3.594576e+002 2.162431e+001 1.725864e+001 1.408112e+003 1.164007e+003 5.033037e+002 4.857150e+002 1.208633e+002 1.240129e+002 7.836805e+002 8.485901e+002 1.525961e+002 1.225627e+002 8.915914e+000 2.060617e+000 1.634231e-001 2.068645e-001 6.846078e-001 5.891970e+000 7.321881e+000 4.677381e+000
<GCONST> 1.221719e+002
<TRANSP> 5
 0.000000e+000 1.000000e+000 0.000000e+000 0.000000e+000 0.000000e+000
 0.000000e+000 8.698785e-001 1.301215e-001 0.000000e+000 0.000000e+000
 0.000000e+000 0.000000e+000 9.552038e-001 4.479612e-002 0.000000e+000
 0.000000e+000 0.000000e+000 0.000000e+000 9.078227e-001 9.217728e-002
 0.000000e+000 0.000000e+000 0.000000e+000 0.000000e+000 0.000000e+000
<ENDHMM>
~h "FM"
<BEGINHMM>
<NUMSTATES> 5
<STATE> 2
<NUMMIXES> 2
<MIXTURE> 1 1.318323e-001
<MEAN> 22
 1.293275e+001 1.754849e+001 7.740930e+000 7.768991e+000 4.839503e+001 6.825735e+001 6.970709e+001 7.332228e+001 7.148405e+001 7.548631e+001 1.520051e+002 1.309592e+002 1.077802e+002 1.096664e+002 4.626453e+000 3.967171e+000 5.997208e+000 5.351306e+000 5.213097e+000 5.284460e+000 2.695619e+000 3.096226e+000
<VARIANCE> 22
 2.381699e+003 2.388159e+003 1.908294e+003 1.233858e+003 3.652032e+003 3.718282e+003 1.127596e+003 1.223841e+003 4.738433e+002 3.753685e+002 2.159347e+003 2.258071e+003 7.174555e+002 3.388808e+002 9.205072e+000 1.140541e+000 1.496856e+000 5.492463e-001 1.517332e+000 4.863372e+000 7.080091e+000 5.338171e+000
<GCONST> 1.488969e+002
<MIXTURE> 2 8.681675e-001
<MEAN> 22
 7.135479e+000 1.292868e+000 2.005926e+000 6.288667e-001 6.411412e+001 8.920944e+000 6.346283e+001 1.009467e+002 9.514347e+001 5.728749e+001 1.407974e+002 2.011170e+002 1.144425e+002 1.192513e+002 2.259791e+000 5.000000e+000 6.523444e+000 5.904313e+000 5.281894e+000 5.998954e+000 3.142642e+000 1.831431e+000
<VARIANCE> 22
 6.426620e+001 4.063125e+000 7.814913e+000 2.164982e+000 7.997233e+002 7.038651e+001 7.992017e+002 2.056250e+002 4.993665e+002 7.209029e+001 1.168999e+003 3.740177e+002 1.766426e+002 1.307192e+002 1.023416e+001 1.793315e-002 2.494514e-001 8.653025e-002 3.492582e-001 5.618803e-002 6.393661e+000 5.542763e+000
<GCONST> 9.940699e+001
<STATE> 3
<NUMMIXES> 2
<MIXTURE> 1 4.380840e-001
<MEAN> 22
 2.341154e+000 9.209859e+000 8.700301e-001 3.182427e+000 1.566849e+001 5.262383e+001 1.048642e+002 8.152150e+001 6.420337e+001 9.158090e+001 2.058641e+002 1.618895e+002 1.213893e+002 1.165607e+002 6.991036e+000 4.482092e+000 6.140087e+000 5.269973e+000 5.992491e+000 6.297154e+000 2.213271e+000 3.326546e+000
<VARIANCE> 22
 1.760242e+001 8.221388e+001 3.300596e+000 1.692756e+001 6.623449e+002 1.025920e+003 4.522112e+002 4.989931e+002 8.311291e+001 5.884400e+002 8.127868e+002 9.745109e+002 3.300451e+002 1.642000e+002 6.504287e-002 2.820743e-001 1.543180e-001 2.212774e-001 3.755391e-002 3.254043e-001 6.285440e+000 5.625446e+000
<GCONST> 1.045555e+002
<MIXTURE> 2 5.619156e-001
<MEAN> 22
 8.116959e-001 5.917354e+000 3.603010e-001 1.204851e+000 5.708823e+000 6.202359e+001 8.840192e+001 5.095755e+001 5.314466e+001 8.198269e+001 1.830088e+002 1.202432e+002 1.100863e+002 9.870986e+001 6.962933e+000 4.055861e+000 6.002518e+000 5.408108e+000 5.994466e+000 6.291724e+000 1.359298e+000 3.126731e+000
<VARIANCE> 22
 4.801632e+000 3.689916e+001 3.300596e+000 2.164982e+000 4.956259e+001 2.721270e+002 7.072217e+001 2.914487e+002 3.651255e+001 1.431659e+002 1.511655e+002 3.806387e+002 4.139200e+001 5.047186e+001 2.456352e-001 2.796889e-001 2.326111e-002 2.422911e-001 2.082488e-002 2.381785e+000 4.936611e+000 5.828734e+000
<GCONST> 8.668562e+001
<STATE> 4
<NUMMIXES> 2
<MIXTURE> 1 9.018119e-001
<MEAN> 22
 6.315976e+000 5.418819e+000 1.616944e+000 1.648516e+000 4.386376e+001 3.382439e+001 6.035793e+001 5.577446e+001 7.928759e+001 6.525468e+001 1.357845e+002 1.335593e+002 1.055160e+002 1.033605e+002 2.911475e+000 3.988959e+000 6.441386e+000 5.612110e+000 5.303104e+000 5.282593e+000 2.681154e+000 2.561140e+000
<VARIANCE> 22
 7.586539e+001 6.072972e+001 6.332244e+000 8.718017e+000 7.496022e+002 6.935095e+002 8.023238e+002 8.270496e+002 3.801778e+002 1.853816e+002 1.173136e+003 1.364458e+003 1.143612e+002 1.234716e+002 1.030342e+001 1.535146e+000 2.571139e-001 2.386267e-001 5.018817e-001 5.892716e+000 5.831637e+000 6.276013e+000
<GCONST> 1.191052e+002
<MIXTURE> 2 9.818816e-002
<MEAN> 22
 2.114535e-001 1.916297e+000 5.726868e-002 4.889868e-001 4.969781e+002 3.758194e+002 2.887148e+001 2.325996e+001 1.550594e+001 2.032273e+001 5.165448e+001 4.249544e+001 2.734258e+001 2.745010e+001 1.757708e+000 1.127754e+000 1.612333e+000 1.334804e+000 1.506606e+000 1.475770e+000 2.511013e-001 8.986788e-001
<VARIANCE> 22
 4.801632e+000 2.215607e+001 3.300596e+000 2.164982e+000 3.248378e+003 8.365349e+002 2.487265e+003 1.708870e+003 7.176963e+002 1.294400e+003 7.958735e+003 5.511306e+003 2.230313e+003 2.248541e+003 9.214463e+000 3.855941e+000 7.814463e+000 5.368094e+000 6.769802e+000 6.522507e+000 1.007430e+000 3.844356e+000
<GCONST> 1.363595e+002
<TRANSP> 5
 0.000000e+000 1.000000e+000 0.000000e+000 0.000000e+000 0.000000e+000
 0.000000e+000 8.890861e-001 1.109140e-001 0.000000e+000 0.000000e+000
 0.000000e+000 0.000000e+000 9.556214e-001 4.437859e-002 0.000000e+000
 0.000000e+000 0.000000e+000 0.000000e+000 8.369297e-001 1.630703e-001
 0.000000e+000 0.000000e+000 0.000000e+000 0.000000e+000 0.000000e+000
<ENDHMM>
~h "FN"
<BEGINHMM>
<NUMSTATES> 5
<STATE> 2
<NUMMIXES> 2
<MIXTURE> 1 5.253521e-001
<MEAN> 22
 1.824145e+001 4.342690e+000 6.819149e+000 3.150833e+000 1.704444e+002 1.419543e+001 1.147257e+002 1.020331e+002 8.328175e+001 6.086758e+001 5.251618e+001 2.025936e+002 1.027902e+002 1.206211e+002 1.957203e+000 4.970919e+000 3.049942e+000 5.853582e+000 3.115903e+000 5.948806e+000 3.870360e+000 2.033279e+000
<VARIANCE> 22
 1.678917e+003 9.726141e+002 1.280526e+003 7.459808e+002 3.209125e+003 3.910027e+002 1.114000e+003 2.743484e+002 2.084214e+002 6.686632e+001 2.536356e+003 6.844153e+002 3.961861e+002 1.226709e+002 1.505928e+000 7.072751e-002 8.274083e+000 1.416336e-001 1.107041e+000 2.436511e-001 6.160583e+000 6.135262e+000
<GCONST> 1.301232e+002
<MIXTURE> 2 4.746474e-001
<MEAN> 22
 4.708397e+000 1.072085e+001 1.286267e+000 2.628070e+000 1.187356e+002 1.537621e+002 8.380753e+001 9.110864e+001 6.525882e+001 6.411064e+001 1.520671e+002 8.861228e+001 1.005147e+002 9.835266e+001 4.666094e+000 2.992571e+000 5.527772e+000 4.516480e+000 5.061376e+000 2.791213e+000 2.344774e+000 2.590790e+000
<VARIANCE> 22
 7.832510e+001 2.156522e+002 4.997331e+000 1.375311e+001 3.385313e+004 1.697857e+004 1.718642e+003 1.522406e+003 5.814232e+002 4.899681e+002 5.251374e+003 5.934605e+003 1.606255e+003 1.017663e+003 8.676446e+000 2.468934e+000 3.872368e+000 3.192055e+000 2.947619e+000 6.095866e+000 6.190133e+000 5.402423e+000
<GCONST> 1.454437e+002
<STATE> 3
<NUMMIXES> 2
<MIXTURE> 1 5.227210e-001
<MEAN> 22
 2.112164e+000 1.705144e+001 7.514259e-001 3.671054e+000 9.983892e+000 9.389246e+001 9.844994e+001 8.464851e+001 6.093800e+001 6.875493e+001 1.984135e+002 1.158933e+002 1.177843e+002 1.094619e+002 6.993355e+000 3.705561e+000 6.136167e+000 5.268938e+000 5.997000e+000 3.831266e+000 2.103825e+000 3.791965e+000
<VARIANCE> 22
 1.471836e+001 3.028609e+002 3.300596e+000 2.225246e+001 1.873200e+002 5.113775e+003 2.885970e+002 1.363491e+003 6.795831e+001 2.066154e+002 5.084488e+002 4.023882e+003 1.584118e+002 1.607644e+002 6.504287e-002 1.631685e+000 1.268315e-001 9.153129e-001 2.082488e-002 6.773495e+000 6.251390e+000 5.292958e+000
<GCONST> 1.111579e+002
<MIXTURE> 2 4.772781e-001
<MEAN> 22
 8.718117e-001 8.769984e+000 4.564530e-001 2.437842e+000 7.514999e+000 1.666227e+002 8.588716e+001 1.051872e+002 5.558102e+001 6.509956e+001 1.813414e+002 2.666946e+001 1.081239e+002 9.171844e+001 6.941093e+000 2.064642e+000 6.001268e+000 4.253424e+000 5.966558e+000 1.258305e+000 1.293137e+000 3.138642e+000
<VARIANCE> 22
 4.801632e+000 1.009466e+002 3.300596e+000 9.624883e+000 3.590449e+002 1.082342e+003 1.250443e+002 4.827397e+002 3.259800e+001 8.652474e+001 3.678606e+002 3.625782e+002 7.439172e+001 1.755359e+002 2.749150e-001 9.549758e-002 2.326111e-002 1.492066e+000 8.528939e-002 3.204367e-001 4.541645e+000 5.501703e+000
<GCONST> 9.579440e+001
<STATE> 4
<NUMMIXES> 2
<MIXTURE> 1 6.780298e-001
<MEAN> 22
 1.033131e+001 2.367726e+000 2.742915e+000 9.091503e-001 1.020232e+002 2.019274e+001 1.015677e+002 9.703989e+001 7.181811e+001 5.630827e+001 1.077135e+002 1.968756e+002 1.064321e+002 1.173857e+002 3.646330e+000 4.998164e+000 4.694418e+000 5.807453e+000 4.172211e+000 5.988296e+000 3.420684e+000 2.128300e+000
<VARIANCE> 22
 1.632937e+002 1.409636e+001 1.308500e+001 2.164982e+000 5.393132e+003 8.574583e+002 1.269341e+003 2.519147e+002 1.947877e+002 7.277075e+001 6.657702e+003 4.539576e+002 4.403717e+002 1.496648e+002 7.061596e+000 1.793315e-002 6.862537e+000 1.554687e-001 2.882262e+000 5.618803e-002 6.048819e+000 5.971745e+000
<GCONST> 1.148824e+002
<MIXTURE> 2 3.219701e-001
<MEAN> 22
 6.904301e+000 7.170795e+000 1.853677e+000 1.744453e+000 4.906114e+001 3.872931e+001 5.589881e+001 3.866816e+001 6.496758e+001 5.672515e+001 8.266060e+001 1.037009e+002 9.917435e+001 1.005988e+002 2.908899e+000 3.137253e+000 5.626788e+000 5.764091e+000 3.914804e+000 3.000744e+000 2.827219e+000 2.646507e+000
<VARIANCE> 22
 1.284526e+002 2.016556e+002 1.078801e+001 7.898993e+000 1.356897e+003 1.188071e+003 1.303790e+003 4.496178e+002 8.509662e+001 4.632290e+001 2.342907e+003 9.960676e+002 1.486341e+002 8.942288e+001 4.321939e+000 2.599522e+000 2.759008e+000 3.387997e-001 9.475170e-001 1.036364e+001 6.448171e+000 6.275683e+000
<GCONST> 1.233887e+002
<TRANSP> 5
 0.000000e+000 1.000000e+000 0.000000e+000 0.000000e+000 0.000000e+000
 0.000000e+000 8.182051e-001 1.817950e-001 0.000000e+000 0.000000e+000
 0.000000e+000 0.000000e+000 9.549852e-001 4.501483e-002 0.000000e+000
 0.000000e+000 0.000000e+000 0.000000e+000 9.064149e-001 9.358509e-002
 0.000000e+000 0.000000e+000 0.000000e+000 0.000000e+000 0.000000e+000
<ENDHMM>
~h "FU"
<BEGINHMM>
<NUMSTATES> 5
<STATE> 2
<NUMMIXES> 2
<MIXTURE> 1 8.056906e-001
<MEAN> 22
 9.853344e+000 1.313086e+000 2.370042e+000 6.945239e-001 1.380043e+002 1.889731e+001 1.027343e+002 9.420621e+001 6.509991e+001 5.468060e+001 5.160464e+001 1.916848e+002 9.893710e+001 1.126452e+002 2.545039e+000 5.000000e+000 3.295599e+000 5.848855e+000 3.241997e+000 5.996488e+000 3.226619e+000 1.949432e+000
<VARIANCE> 22
 2.440350e+002 4.063125e+000 1.040657e+001 2.164982e+000 4.880846e+003 7.362664e+002 9.696727e+002 1.754710e+002 1.994155e+002 5.462204e+001 3.171912e+003 3.221592e+002 2.184096e+002 1.352568e+002 3.222279e+000 1.793315e-002 7.841046e+000 1.282962e-001 1.450413e+000 5.618803e-002 6.258901e+000 5.677711e+000
<GCONST> 1.092313e+002
<MIXTURE> 2 1.943095e-001
<MEAN> 22
 8.564815e+000 9.204519e+000 2.805996e+000 2.330323e+000 5.537980e+001 5.632105e+001 7.905254e+001 5.816244e+001 6.249793e+001 5.719682e+001 8.921654e+001 1.143141e+002 9.883219e+001 1.003525e+002 3.400202e+000 3.626177e+000 5.215418e+000 5.525964e+000 4.081242e+000 4.094531e+000 2.908597e+000 2.835090e+000
<VARIANCE> 22
 1.889810e+002 1.467457e+002 2.891724e+001 1.271845e+001 2.996196e+003 2.939823e+003 1.450376e+003 9.125878e+002 1.318097e+002 9.407856e+001 4.188535e+003 2.298123e+003 2.612518e+002 1.441984e+002 5.780046e+000 2.078412e+000 4.271893e+000 6.022877e-001 1.951505e+000 7.694216e+000 5.921326e+000 5.163986e+000
<GCONST> 1.322607e+002
<STATE> 3
<NUMMIXES> 2
<MIXTURE> 1 4.335820e-001
<MEAN> 22
 2.142131e+000 1.883165e+001 7.016432e-001 3.383244e+000 7.661524e+000 1.379149e+002 1.025645e+002 9.139301e+001 6.229248e+001 6.955270e+001 2.046529e+002 7.291462e+001 1.212969e+002 1.072592e+002 6.998036e+000 2.908667e+000 6.153176e+000 4.869102e+000 5.998930e+000 2.614618e+000 2.035900e+000 3.232191e+000
<VARIANCE> 22
 2.234091e+001 3.701041e+002 3.300596e+000 1.477382e+001 9.891124e+001 5.757762e+003 3.931748e+002 1.683655e+003 8.812740e+001 1.779390e+002 7.862168e+002 3.261243e+003 2.720398e+002 1.809724e+002 6.504287e-002 1.471330e+000 1.297133e-001 1.526592e+000 2.082488e-002 5.817796e+000 6.279335e+000 5.634862e+000
<GCONST> 1.127072e+002
<MIXTURE> 2 5.664188e-001
<MEAN> 22
 9.755816e-001 3.751018e+000 5.250047e-001 1.283423e+000 7.637595e+000 1.627013e+002 8.247177e+001 1.033408e+002 5.246089e+001 5.790532e+001 1.745524e+002 2.029460e+001 1.043406e+002 8.944206e+001 6.933580e+000 2.034191e+000 6.015268e+000 4.149784e+000 5.961646e+000 1.305268e+000 1.381561e+000 2.628478e+000
<VARIANCE> 22
 4.801632e+000 3.184403e+001 3.300596e+000 2.425785e+000 4.404503e+002 7.642601e+002 8.806007e+001 2.248472e+002 3.534322e+001 9.513593e+001 3.106996e+002 3.277845e+002 6.009912e+001 7.088733e+001 3.576494e-001 9.165225e-002 6.464308e-002 2.211432e+000 1.105431e-001 4.189730e-001 4.874574e+000 6.679733e+000
<GCONST> 9.321981e+001
<STATE> 4
<NUMMIXES> 2
<MIXTURE> 1 6.881628e-001
<MEAN> 22
 4.559236e+000 1.120290e+001 2.006218e+000 3.292295e+000 1.523026e+001 2.408349e+001 9.818497e+001 9.043839e+001 6.073266e+001 5.801701e+001 1.963008e+002 1.881017e+002 1.168353e+002 1.136408e+002 6.992826e+000 5.001050e+000 6.119373e+000 5.832637e+000 5.998915e+000 6.003745e+000 2.880910e+000 3.658207e+000
<VARIANCE> 22
 2.291019e+002 3.222573e+002 1.603756e+002 1.057905e+002 1.686060e+002 4.763076e+002 2.547544e+002 3.032894e+002 7.669639e+001 8.447630e+001 4.114936e+002 4.890136e+002 1.400459e+002 1.223958e+002 6.504287e-002 1.793315e-002 1.051236e-001 1.393514e-001 2.082488e-002 5.618803e-002 6.683130e+000 5.500113e+000
<GCONST> 1.005447e+002
<MIXTURE> 2 3.118370e-001
<MEAN> 22
 6.096875e+000 7.582386e+000 1.410909e+000 3.013898e+000 2.224711e+002 1.879095e+002 6.443795e+001 6.392922e+001 5.146889e+001 5.233217e+001 1.175300e+002 9.106782e+001 8.331358e+001 7.440736e+001 3.791769e+000 2.978035e+000 4.482146e+000 3.913874e+000 4.004864e+000 3.396379e+000 2.221368e+000 2.219336e+000
<VARIANCE> 22
 1.499342e+002 2.189228e+002 7.619997e+000 5.890120e+001 4.453390e+004 2.338896e+004 2.258643e+003 2.530329e+003 9.584146e+002 1.118981e+003 7.663831e+003 6.135857e+003 2.549893e+003 2.315884e+003 9.350213e+000 4.677157e+000 6.979239e+000 5.903359e+000 5.818655e+000 8.264733e+000 6.767920e+000 6.346727e+000
<GCONST> 1.555342e+002
<TRANSP> 5
 0.000000e+000 1.000000e+000 0.000000e+000 0.000000e+000 0.000000e+000
 0.000000e+000 9.246787e-001 7.532120e-002 0.000000e+000 0.000000e+000
 0.000000e+000 0.000000e+000 9.467794e-001 5.322056e-002 0.000000e+000
 0.000000e+000 0.000000e+000 0.000000e+000 8.349597e-001 1.650403e-001
 0.000000e+000 0.000000e+000 0.000000e+000 0.000000e+000 0.000000e+000
<ENDHMM>
~h "MC"
<BEGINHMM>
<NUMSTATES> 5
<STATE> 2
<NUMMIXES> 2
<MIXTURE> 1 9.528200e-002
<MEAN> 22
 1.821948e+001 2.195102e+001 1.142495e+001 9.676270e+000 1.492231e+002 1.690089e+002 1.124843e+002 6.042105e+001 7.439154e+001 7.817551e+001 1.913312e+002 1.126855e+002 1.291445e+002 1.164122e+002 5.447926e+000 3.191909e+000 6.140465e+000 5.748986e+000 5.295811e+000 2.885770e+000 2.281443e+000 2.938003e+000
<VARIANCE> 22
 2.884460e+003 2.213482e+003 2.554193e+003 1.496301e+003 4.627280e+004 2.036659e+004 2.068822e+003 9.996595e+002 2.684278e+002 2.011019e+002 8.316595e+003 2.803998e+003 1.554876e+003 5.399072e+002 5.419071e+000 1.424078e+000 1.211397e+000 4.472186e-001 1.274312e+000 8.897305e+000 6.009245e+000 5.281562e+000
<GCONST> 1.552830e+002
<MIXTURE> 2 9.047177e-001
<MEAN> 22
 5.674871e+000 6.997905e+000 1.542352e+000 2.096886e+000 4.841563e+001 5.656136e+001 6.100787e+001 5.027492e+001 7.111227e+001 6.622246e+001 1.139191e+002 1.084818e+002 1.015265e+002 1.012590e+002 3.640345e+000 3.415993e+000 6.185068e+000 5.726683e+000 4.755789e+000 3.783216e+000 2.886621e+000 2.728121e+000
<VARIANCE> 22
 5.451774e+001 7.422684e+001 3.887744e+000 7.609062e+000 1.242453e+003 1.706505e+003 7.219937e+002 7.455735e+002 2.136258e+002 2.416483e+002 2.846282e+003 1.861343e+003 1.480547e+002 1.246278e+002 7.830621e+000 1.689678e+000 2.601845e-001 2.133593e-001 1.404096e+000 9.690845e+000 6.082139e+000 5.592603e+000
<GCONST> 1.218756e+002
<STATE> 3
<NUMMIXES> 2
<MIXTURE> 1 2.885212e-001
<MEAN> 22
 2.627000e+000 1.398833e+001 7.902085e-001 4.341074e+000 1.063512e+001 1.127310e+002 1.087755e+002 7.868510e+001 6.579893e+001 9.139246e+001 2.120921e+002 1.059372e+002 1.260089e+002 1.133727e+002 6.886713e+000 3.375776e+000 6.181847e+000 5.346283e+000 5.967689e+000 2.674056e+000 2.190977e+000 3.457529e+000
<VARIANCE> 22
 2.130387e+001 1.640020e+002 3.300596e+000 2.411036e+001 4.067316e+002 4.156835e+003 3.534308e+002 1.287571e+003 5.999326e+001 6.654973e+002 6.619382e+002 3.258406e+003 1.565540e+002 1.366004e+002 6.245062e-001 1.422273e+000 1.645968e-001 5.476038e-001 7.494375e-002 8.153714e+000 6.093799e+000 5.187977e+000
<GCONST> 1.159231e+002
<MIXTURE> 2 7.114801e-001
<MEAN> 22
 1.036229e+000 8.234232e+000 5.876221e-001 2.354557e+000 6.037689e+000 1.014346e+002 8.689269e+001 5.136631e+001 5.292060e+001 7.624292e+001 1.805583e+002 7.676038e+001 1.077229e+002 9.324574e+001 6.999999e+000 2.896447e+000 6.001910e+000 5.739704e+000 6.000000e+000 2.139887e+000 1.655069e+000 3.158592e+000
<VARIANCE> 22
 4.801632e+000 5.874133e+001 3.300596e+000 6.284581e+000 4.956259e+001 1.241395e+003 8.246822e+001 4.268905e+002 4.378688e+001 2.449162e+002 1.457323e+002 1.302638e+003 5.032915e+001 1.670033e+002 6.504287e-002 1.081949e+000 2.326111e-002 2.345268e-001 2.082488e-002 8.392496e+000 5.531996e+000 5.083476e+000
<GCONST> 9.480170e+001
<STATE> 4
<NUMMIXES> 2
<MIXTURE> 1 9.413396e-001
<MEAN> 22
 8.768210e+000 2.707179e+000 2.744235e+000 1.015502e+000 8.160804e+001 1.432150e+001 6.498768e+001 9.770560e+001 7.601857e+001 5.609144e+001 1.202988e+002 1.962395e+002 1.098389e+002 1.161604e+002 3.251347e+000 5.000000e+000 6.262569e+000 5.804223e+000 4.631849e+000 5.994599e+000 3.272666e+000 2.595388e+000
<VARIANCE> 22
 7.997405e+001 1.477240e+001 1.249990e+001 2.164982e+000 2.713818e+003 1.953653e+002 8.702290e+002 2.514690e+002 4.632809e+002 5.682774e+001 3.332818e+003 4.323585e+002 2.688708e+002 1.255913e+002 7.976341e+000 1.793315e-002 2.154279e-001 1.574474e-001 1.321741e+000 5.618803e-002 5.906441e+000 6.243767e+000
<GCONST> 1.067485e+002
<MIXTURE> 2 5.866025e-002
<MEAN> 22
 4.363733e+000 2.654800e+001 1.163833e+000 4.596964e+000 1.220407e+002 1.193120e+002 6.684932e+001 6.982319e+001 6.113952e+001 5.549372e+001 1.306326e+002 1.178616e+002 9.872608e+001 9.503532e+001 3.802044e+000 3.258953e+000 5.186491e+000 4.523672e+000 4.315398e+000 3.853116e+000 1.889592e+000 3.142435e+000
<VARIANCE> 22
 8.135634e+001 3.002012e+003 4.878312e+000 3.813492e+001 2.835897e+004 1.664030e+004 2.021609e+003 2.250420e+003 1.074188e+003 7.301584e+002 6.564929e+003 6.503703e+003 2.246548e+003 2.078318e+003 1.014326e+001 3.593697e+000 6.062934e+000 4.807298e+000 4.833401e+000 7.880491e+000 5.501494e+000 6.465986e+000
<GCONST> 1.540464e+002
<TRANSP> 5
 0.000000e+000 1.000000e+000 0.000000e+000 0.000000e+000 0.000000e+000
 0.000000e+000 8.745424e-001 1.254576e-001 0.000000e+000 0.000000e+000
 0.000000e+000 0.000000e+000 9.591424e-001 4.085756e-002 0.000000e+000
 0.000000e+000 0.000000e+000 0.000000e+000 9.010335e-001 9.896654e-002
 0.000000e+000 0.000000e+000 0.000000e+000 0.000000e+000 0.000000e+000
<ENDHMM>
~h "NU"
<BEGINHMM>
<NUMSTATES> 5
<STATE> 2
<NUMMIXES> 2
<MIXTURE> 1 8.043692e-001
<MEAN> 22
 8.164433e+000 1.179549e+001 2.995981e+000 2.909244e+000 9.696830e+001 8.845264e+001 9.533585e+001 8.255376e+001 7.172572e+001 6.365223e+001 1.649773e+002 1.464544e+002 1.135416e+002 1.156616e+002 5.066151e+000 4.093342e+000 5.903307e+000 5.573590e+000 5.138584e+000 4.235956e+000 2.665916e+000 2.515297e+000
<VARIANCE> 22
 6.206558e+002 1.126133e+003 4.422516e+002 2.806412e+002 2.112750e+004 1.308249e+004 1.434089e+003 9.480909e+002 2.256888e+002 1.247943e+002 4.348080e+003 3.669171e+003 9.236393e+002 2.539912e+002 7.469260e+000 1.288510e+000 2.518217e+000 3.824381e-001 2.229743e+000 6.023743e+000 6.086555e+000 5.060877e+000
<GCONST> 1.466282e+002
<MIXTURE> 2 1.956303e-001
<MEAN> 22
 0.000000e+000 0.000000e+000 0.000000e+000 0.000000e+000 5.315967e+002 4.080164e+002 0.000000e+000 0.000000e+000 0.000000e+000 0.000000e+000 0.000000e+000 0.000000e+000 0.000000e+000 0.000000e+000 0.000000e+000 0.000000e+000 0.000000e+000 0.000000e+000 0.000000e+000 0.000000e+000 0.000000e+000 0.000000e+000
<VARIANCE> 22
 4.801632e+000 4.063125e+000 3.300596e+000 2.164982e+000 3.309091e+003 2.711523e+003 9.838196e+000 1.115232e+001 2.936353e+000 3.516743e+000 3.745900e+001 4.440890e+001 4.184655e+000 3.870682e+000 6.504287e-002 1.793315e-002 2.326111e-002 1.170389e-002 2.082488e-002 5.618803e-002 6.153807e-002 6.060927e-002
<GCONST> 5.130989e+001
<STATE> 3
<NUMMIXES> 2
<MIXTURE> 1 5.561494e-001
<MEAN> 22
 1.426871e+000 1.345567e+001 5.179653e-001 3.355199e+000 7.162844e+000 8.712199e+001 9.871830e+001 7.332993e+001 6.040060e+001 6.671422e+001 1.990070e+002 1.157032e+002 1.182973e+002 1.098385e+002 6.998991e+000 3.767807e+000 6.086540e+000 5.397284e+000 6.000000e+000 3.856550e+000 1.707510e+000 3.478444e+000
<VARIANCE> 22
 8.519569e+000 1.693791e+002 3.300596e+000 1.427878e+001 5.707369e+001 3.377831e+003 2.768472e+002 9.358151e+002 6.621915e+001 1.593207e+002 5.491387e+002 2.591339e+003 2.005694e+002 1.720837e+002 6.504287e-002 1.104291e+000 7.904914e-002 4.271161e-001 2.082488e-002 6.710642e+000 5.609320e+000 5.041482e+000
<GCONST> 1.054285e+002
<MIXTURE> 2 4.438500e-001
<MEAN> 22
 7.842618e-001 2.525482e+000 3.970586e-001 1.107806e+000 1.132117e+001 1.120989e+002 8.553185e+001 6.708041e+001 5.521096e+001 6.126343e+001 1.779324e+002 6.672559e+001 1.070475e+002 9.782355e+001 6.895806e+000 2.761847e+000 6.068262e+000 5.180969e+000 5.940049e+000 1.264366e+000 1.210309e+000 2.832203e+000
<VARIANCE> 22
 4.801632e+000 8.051257e+000 3.300596e+000 2.164982e+000 7.650688e+002 9.083635e+002 1.600499e+002 4.334754e+002 4.448524e+001 6.846301e+001 4.057705e+002 6.031490e+002 6.375385e+001 9.753748e+001 5.917719e-001 2.681918e-001 1.040404e-001 3.187966e-001 1.634425e-001 9.562401e-001 4.418896e+000 6.149505e+000
<GCONST> 9.601756e+001
<STATE> 4
<NUMMIXES> 2
<MIXTURE> 1 5.496845e-001
<MEAN> 22
 8.245672e+000 3.730318e+000 2.447251e+000 1.284513e+000 7.411898e+001 1.366708e+001 8.269329e+001 9.775891e+001 6.978002e+001 5.620607e+001 1.366784e+002 1.970493e+002 1.137537e+002 1.169851e+002 3.953664e+000 5.000000e+000 6.512637e+000 5.908737e+000 4.642863e+000 5.996301e+000 3.295278e+000 2.569461e+000
<VARIANCE> 22
 9.939267e+001 3.039697e+001 9.637508e+000 3.293053e+000 3.056514e+003 2.075644e+002 7.089075e+002 2.556278e+002 2.321433e+002 6.249871e+001 3.809309e+003 4.207315e+002 2.321868e+002 1.240067e+002 9.205744e+000 1.793315e-002 2.536931e-001 8.293651e-002 2.692953e+000 5.618803e-002 6.224496e+000 6.370897e+000
<GCONST> 1.076389e+002
<MIXTURE> 2 4.503151e-001
<MEAN> 22
 4.771962e+000 5.900608e+000 1.365566e+000 2.006468e+000 6.087374e+001 6.622599e+001 6.150867e+001 5.780848e+001 6.740162e+001 5.675340e+001 9.568954e+001 9.931100e+001 1.021200e+002 9.985526e+001 2.303798e+000 3.159938e+000 5.922312e+000 5.425559e+000 3.971612e+000 2.821162e+000 2.651343e+000 2.769244e+000
<VARIANCE> 22
 5.524890e+001 9.220927e+001 4.065582e+000 1.111639e+001 2.702396e+003 2.709970e+003 1.208621e+003 9.978963e+002 1.430827e+002 5.545704e+001 2.282998e+003 1.618781e+003 1.203642e+002 1.443187e+002 5.059265e+000 1.444161e+000 3.226471e+000 3.937176e-001 1.864013e+000 7.150213e+000 6.214898e+000 6.283252e+000
<GCONST> 1.249366e+002
<TRANSP> 5
 0.000000e+000 1.000000e+000 0.000000e+000 0.000000e+000 0.000000e+000
 0.000000e+000 7.021268e-001 2.978732e-001 0.000000e+000 0.000000e+000
 0.000000e+000 0.000000e+000 9.481173e-001 5.188276e-002 0.000000e+000
 0.000000e+000 0.000000e+000 0.000000e+000 9.213000e-001 7.870001e-002
 0.000000e+000 0.000000e+000 0.000000e+000 0.000000e+000 0.000000e+000
<ENDHMM>
~h "OK"
<BEGINHMM>
<NUMSTATES> 5
<STATE> 2
<NUMMIXES> 2
<MIXTURE> 1 6.426080e-001
<MEAN> 22
 1.513442e+001 3.108088e+000 4.545645e+000 1.533968e+000 1.243384e+002 1.769092e+001 1.046718e+002 9.819051e+001 7.999728e+001 5.466516e+001 8.320488e+001 2.013942e+002 1.098400e+002 1.189980e+002 2.426340e+000 4.997740e+000 4.333274e+000 5.899948e+000 3.460014e+000 5.994354e+000 3.534851e+000 2.259625e+000
<VARIANCE> 22
 5.602043e+002 2.427876e+002 2.917850e+002 1.669388e+002 4.512668e+003 4.753505e+002 9.301312e+002 2.008878e+002 2.325634e+002 5.618708e+001 3.874010e+003 3.267030e+002 3.506424e+002 1.082530e+002 5.287305e+000 1.793315e-002 9.723022e+000 9.004015e-002 2.330052e+000 5.618803e-002 5.938290e+000 6.019215e+000
<GCONST> 1.228918e+002
<MIXTURE> 2 3.573918e-001
<MEAN> 22
 8.683128e+000 7.291297e+000 2.044363e+000 1.931768e+000 5.322284e+001 5.950220e+001 7.438673e+001 5.206282e+001 6.952597e+001 6.028577e+001 9.312154e+001 9.938607e+001 9.886485e+001 1.011389e+002 2.804456e+000 3.228178e+000 4.801799e+000 5.499875e+000 3.968133e+000 3.600985e+000 3.013358e+000 2.594169e+000
<VARIANCE> 22
 1.782317e+002 1.578851e+002 1.611764e+001 1.483353e+001 1.991559e+003 3.213575e+003 1.782386e+003 1.032717e+003 1.369719e+002 1.119485e+002 2.875119e+003 1.502168e+003 3.725975e+002 1.363030e+002 5.387908e+000 1.599238e+000 6.673487e+000 6.356011e-001 2.191567e+000 8.959238e+000 6.541218e+000 5.961074e+000
<GCONST> 1.322435e+002
<STATE> 3
<NUMMIXES> 2
<MIXTURE> 1 4.978982e-001
<MEAN> 22
 2.179972e+000 1.968722e+001 7.451333e-001 4.154894e+000 1.028224e+001 9.647891e+001 1.013363e+002 8.954558e+001 6.172117e+001 7.432771e+001 2.030432e+002 1.192788e+002 1.206894e+002 1.128965e+002 6.998171e+000 3.799470e+000 6.125639e+000 5.145657e+000 5.999166e+000 3.989426e+000 2.123547e+000 3.777974e+000
<VARIANCE> 22
 1.913897e+001 3.877428e+002 3.300596e+000 2.069373e+001 2.170025e+002 5.597218e+003 3.771081e+002 1.265240e+003 8.578502e+001 2.896054e+002 7.176674e+002 3.330297e+003 2.544691e+002 1.941314e+002 6.504287e-002 1.233129e+000 1.105810e-001 6.259596e-001 2.082488e-002 6.040448e+000 6.383916e+000 5.227231e+000
<GCONST> 1.125106e+002
<MIXTURE> 2 5.021021e-001
<MEAN> 22
 9.989839e-001 6.690414e+000 6.372081e-001 2.154058e+000 7.863730e+000 1.451573e+002 8.474523e+001 9.713716e+001 5.251278e+001 6.824364e+001 1.812316e+002 4.641229e+001 1.088134e+002 9.709232e+001 6.938091e+000 2.453259e+000 6.014567e+000 4.522910e+000 5.978350e+000 1.532387e+000 1.586485e+000 3.153188e+000
<VARIANCE> 22
 4.801632e+000 7.413980e+001 3.300596e+000 6.878800e+000 3.680597e+002 1.100761e+003 9.032118e+001 4.922316e+002 3.761262e+001 8.292495e+001 2.254339e+002 3.258566e+002 5.105096e+001 8.203901e+001 3.587521e-001 2.852822e-001 4.461421e-002 4.367722e-001 6.512871e-002 4.286378e-001 5.421529e+000 5.879387e+000
<GCONST> 9.430070e+001
<STATE> 4
<NUMMIXES> 2
<MIXTURE> 1 8.828686e-001
<MEAN> 22
 6.431075e+000 4.513259e+000 1.967371e+000 1.503544e+000 4.412647e+001 2.707678e+001 9.206198e+001 9.172060e+001 6.270024e+001 5.489647e+001 1.719086e+002 1.906068e+002 1.132080e+002 1.143933e+002 5.867278e+000 4.999443e+000 6.261845e+000 5.887827e+000 5.441625e+000 6.000035e+000 2.907358e+000 2.828362e+000
<VARIANCE> 22
 9.170205e+001 5.255219e+001 7.440213e+000 4.491998e+000 2.415644e+003 1.080848e+003 4.179385e+002 1.821496e+002 9.236478e+001 6.421763e+001 2.830513e+003 3.326764e+002 1.813189e+002 1.021811e+002 5.615725e+000 1.793315e-002 1.932868e-001 9.958918e-002 1.863183e+000 5.618803e-002 6.039329e+000 6.436836e+000
<GCONST> 1.058664e+002
<MIXTURE> 2 1.171314e-001
<MEAN> 22
 2.855496e+000 2.235276e+000 1.208828e+000 8.064713e-001 2.784486e+002 1.943381e+002 5.448324e+001 3.347844e+001 3.682895e+001 2.981095e+001 3.600966e+001 7.969864e+001 5.096127e+001 5.649353e+001 1.322256e+000 2.465348e+000 1.038327e+000 3.225654e+000 1.645102e+000 3.093029e+000 1.583357e+000 1.522627e+000
<VARIANCE> 22
 3.389756e+001 3.502286e+001 7.287899e+000 5.280469e+000 4.527236e+004 3.400316e+004 3.004150e+003 1.230693e+003 1.139532e+003 7.534847e+002 2.590464e+003 5.808561e+003 2.192894e+003 2.589747e+003 3.297870e+000 5.463269e+000 4.923141e+000 8.440975e+000 3.300936e+000 9.570031e+000 4.986231e+000 5.025059e+000
<GCONST> 1.464750e+002
<TRANSP> 5
 0.000000e+000 1.000000e+000 0.000000e+000 0.000000e+000 0.000000e+000
 0.000000e+000 8.910248e-001 1.089752e-001 0.000000e+000 0.000000e+000
 0.000000e+000 0.000000e+000 9.318096e-001 6.819039e-002 0.000000e+000
 0.000000e+000 0.000000e+000 0.000000e+000 8.536412e-001 1.463589e-001
 0.000000e+000 0.000000e+000 0.000000e+000 0.000000e+000 0.000000e+000
<ENDHMM>
~h "PF"
<BEGINHMM>
<NUMSTATES> 5
<STATE> 2
<NUMMIXES> 2
<MIXTURE> 1 3.218415e-001
<MEAN> 22
 1.041855e+001 1.305903e+001 7.106516e+000 7.197898e+000 1.702413e+002 1.397884e+002 1.010474e+002 9.204476e+001 6.315214e+001 6.312161e+001 1.986861e+002 1.865161e+002 1.153471e+002 1.161820e+002 6.986831e+000 4.948558e+000 6.138887e+000 5.791079e+000 5.983084e+000 6.018718e+000 2.441184e+000 2.440917e+000
<VARIANCE> 22
 2.941824e+003 2.389745e+003 2.550005e+003 1.694926e+003 4.927276e+004 3.037253e+004 2.910882e+002 5.962590e+002 4.478913e+001 1.101559e+002 5.099897e+002 9.817220e+002 1.116452e+002 1.377702e+002 6.567138e-002 1.513554e-001 1.195974e-001 1.968781e-001 5.343639e-002 3.132583e-001 6.378757e+000 5.743376e+000
<GCONST> 1.270885e+002
<MIXTURE> 2 6.781582e-001
<MEAN> 22
 7.165423e+000 1.052849e+001 2.146489e+000 2.869755e+000 1.102657e+002 1.614916e+002 8.301810e+001 1.175508e+002 7.172048e+001 7.734327e+001 1.328776e+002 7.931187e+001 9.988125e+001 9.334393e+001 3.455717e+000 2.647186e+000 5.339971e+000 4.129089e+000 4.744050e+000 2.211967e+000 2.471487e+000 2.884772e+000
<VARIANCE> 22
 1.861911e+002 2.576787e+002 3.154957e+001 1.600756e+001 2.031156e+004 9.730773e+003 1.970765e+003 3.164585e+003 5.806502e+002 8.010544e+002 5.229823e+003 3.857220e+003 1.151146e+003 7.038538e+002 9.331413e+000 1.551680e+000 5.036546e+000 2.409211e+000 2.891281e+000 3.864393e+000 6.184020e+000 5.077382e+000
<GCONST> 1.466884e+002
<STATE> 3
<NUMMIXES> 2
<MIXTURE> 1 3.738322e-001
<MEAN> 22
 2.260966e+000 2.204319e+001 9.106079e-001 4.602059e+000 1.118085e+001 5.639833e+001 9.373792e+001 8.648109e+001 5.895187e+001 6.600294e+001 1.929681e+002 1.543641e+002 1.152352e+002 1.105491e+002 6.994590e+000 4.354767e+000 6.038779e+000 5.478883e+000 5.999040e+000 4.993752e+000 2.292387e+000 3.782648e+000
<VARIANCE> 22
 1.247176e+001 4.394145e+002 3.300596e+000 2.276673e+001 1.549985e+002 1.968257e+003 2.057830e+002 6.124656e+002 4.300602e+001 1.848856e+002 3.810181e+002 2.602726e+003 1.182828e+002 1.433654e+002 6.504287e-002 8.058739e-001 3.727695e-002 2.799396e-001 2.082488e-002 3.831368e+000 6.153193e+000 5.641575e+000
<GCONST> 1.037686e+002
<MIXTURE> 2 6.261679e-001
<MEAN> 22
 1.319570e+000 9.318852e+000 6.121351e-001 3.519187e+000 1.011867e+001 1.904082e+002 9.247139e+001 1.376470e+002 5.799292e+001 8.592533e+001 1.878154e+002 5.587101e+001 1.129781e+002 9.124014e+001 6.920847e+000 2.416693e+000 6.060575e+000 3.522107e+000 5.955711e+000 1.715754e+000 1.685269e+000 3.306041e+000
<VARIANCE> 22
 7.632554e+000 1.200778e+002 3.300596e+000 1.936751e+001 6.408956e+002 1.581061e+003 2.719404e+002 7.175355e+002 7.105077e+001 2.599428e+002 6.859803e+002 9.514229e+002 1.322511e+002 2.078206e+002 4.080932e-001 3.168407e-001 2.869648e-001 5.642864e-001 1.282840e-001 4.992803e-001 5.834023e+000 4.368101e+000
<GCONST> 1.074795e+002
<STATE> 4
<NUMMIXES> 2
<MIXTURE> 1 7.505165e-001
<MEAN> 22
 1.210620e+001 1.569916e+000 3.602305e+000 7.651041e-001 1.358609e+002 1.922297e+001 1.314293e+002 9.918325e+001 8.406508e+001 5.645469e+001 1.088073e+002 1.987921e+002 1.039461e+002 1.180560e+002 2.732519e+000 5.000000e+000 3.098126e+000 5.817389e+000 3.348207e+000 5.999056e+000 3.419636e+000 2.299731e+000
<VARIANCE> 22
 2.258586e+002 5.191410e+000 2.320681e+001 2.164982e+000 6.495972e+003 6.877296e+002 1.714968e+003 2.132281e+002 4.297493e+002 6.910988e+001 4.454024e+003 4.022032e+002 4.133552e+002 1.309909e+002 6.354565e+000 1.793315e-002 8.507444e+000 1.492656e-001 3.639971e+000 5.618803e-002 6.858968e+000 6.098955e+000
<GCONST> 1.153493e+002
<MIXTURE> 2 2.494836e-001
<MEAN> 22
 6.892418e+000 7.247311e+000 2.607700e+000 2.351657e+000 5.726448e+001 2.746570e+001 8.494726e+001 4.724260e+001 7.750500e+001 5.794418e+001 9.283491e+001 1.175741e+002 9.862974e+001 1.033385e+002 2.807567e+000 3.485369e+000 4.238704e+000 5.631325e+000 3.736200e+000 3.500118e+000 2.755044e+000 2.787930e+000
<VARIANCE> 22
 1.373206e+002 1.297678e+002 2.277123e+001 1.239336e+001 2.213135e+003 7.312479e+002 3.295047e+003 8.113126e+002 3.720377e+002 6.579237e+001 2.548641e+003 1.208847e+003 2.656140e+002 8.555166e+001 4.877712e+000 2.052330e+000 6.500312e+000 2.924689e-001 1.779534e+000 9.503741e+000 6.563702e+000 6.307844e+000
<GCONST> 1.295347e+002
<TRANSP> 5
 0.000000e+000 1.000000e+000 0.000000e+000 0.000000e+000 0.000000e+000
 0.000000e+000 6.812875e-001 3.187125e-001 0.000000e+000 0.000000e+000
 0.000000e+000 0.000000e+000 9.550280e-001 4.497198e-002 0.000000e+000
 0.000000e+000 0.000000e+000 0.000000e+000 9.151336e-001 8.486639e-002
 0.000000e+000 0.000000e+000 0.000000e+000 0.000000e+000 0.000000e+000
<ENDHMM>
~h "PR"
<BEGINHMM>
<NUMSTATES> 5
<STATE> 2
<NUMMIXES> 2
<MIXTURE> 1 7.784337e-001
<MEAN> 22
 9.797952e+000 1.189180e+001 4.569522e+000 5.035995e+000 3.436607e+001 6.521172e+001 8.652513e+001 9.370709e+001 7.370710e+001 6.609088e+001 1.697328e+002 1.445500e+002 1.110764e+002 1.111456e+002 4.854644e+000 4.103528e+000 6.412566e+000 5.303512e+000 5.658219e+000 4.500510e+000 2.488914e+000 3.015677e+000
<VARIANCE> 22
 1.378698e+003 1.056198e+003 1.051822e+003 6.840728e+002 1.286402e+003 3.433407e+003 1.313664e+003 1.060971e+003 3.079995e+002 2.208633e+002 3.131727e+003 2.358947e+003 8.621693e+002 2.907700e+002 9.358867e+000 9.961332e-001 3.019683e-001 4.917640e-001 9.769600e-001 3.752578e+000 6.136547e+000 5.798850e+000
<GCONST> 1.421306e+002
<MIXTURE> 2 2.215665e-001
<MEAN> 22
 3.134565e+000 2.058467e+000 1.087497e+000 7.554002e-001 3.633330e+002 2.549355e+002 5.254930e+001 3.847929e+001 3.333633e+001 2.750098e+001 5.366437e+001 7.260509e+001 4.733298e+001 5.054202e+001 1.334293e+000 1.952148e+000 1.599940e+000 2.561905e+000 1.473726e+000 2.125679e+000 1.118408e+000 1.054439e+000
<VARIANCE> 22
 5.688765e+001 2.658854e+001 6.039957e+000 3.959735e+000 2.670001e+004 2.643422e+004 3.634758e+003 2.148648e+003 1.392325e+003 9.476478e+002 5.492438e+003 7.569066e+003 2.744122e+003 3.085145e+003 5.695644e+000 5.099123e+000 7.457422e+000 7.919348e+000 4.433385e+000 8.014293e+000 3.691691e+000 3.876248e+000
<GCONST> 1.484410e+002
<STATE> 3
<NUMMIXES> 2
<MIXTURE> 1 7.315027e-001
<MEAN> 22
 1.358898e+000 1.207395e+001 6.014874e-001 3.847592e+000 7.851494e+000 8.990761e+001 9.643150e+001 8.565633e+001 5.957753e+001 6.652479e+001 1.940852e+002 1.172784e+002 1.152744e+002 1.057907e+002 6.999411e+000 3.709271e+000 6.070821e+000 5.110747e+000 5.999850e+000 3.843234e+000 1.886880e+000 3.785523e+000
<VARIANCE> 22
 6.362551e+000 1.629581e+002 3.300596e+000 2.164721e+001 7.309457e+001 2.538052e+003 2.605311e+002 8.016741e+002 6.208653e+001 1.739170e+002 5.062274e+002 1.918223e+003 1.676121e+002 2.325009e+002 6.504287e-002 7.652110e-001 6.580827e-002 3.833749e-001 2.082488e-002 4.163258e+000 6.070710e+000 5.892549e+000
<GCONST> 1.041221e+002
<MIXTURE> 2 2.684988e-001
<MEAN> 22
 8.619589e-001 2.918212e+000 4.031664e-001 1.401219e+000 1.515769e+001 1.141519e+002 8.184067e+001 8.694008e+001 5.515512e+001 5.864060e+001 1.712928e+002 7.161698e+001 1.053919e+002 9.383170e+001 6.746092e+000 2.930468e+000 6.107949e+000 4.890483e+000 5.880755e+000 2.113147e+000 1.141261e+000 3.093208e+000
<VARIANCE> 22
 4.801632e+000 1.201614e+001 3.300596e+000 2.835156e+000 1.059108e+003 1.365470e+003 1.176755e+002 4.070223e+002 5.960564e+001 8.470267e+001 4.542045e+002 1.059435e+003 6.286451e+001 1.209370e+002 1.450545e+000 3.343305e-001 1.573831e-001 2.905468e-001 4.122117e-001 1.209400e+000 4.108317e+000 7.285857e+000
<GCONST> 1.011272e+002
<STATE> 4
<NUMMIXES> 2
<MIXTURE> 1 7.100124e-001
<MEAN> 22
 8.773128e+000 2.278485e+000 2.555150e+000 1.017798e+000 7.088161e+001 1.581026e+001 8.411449e+001 9.598883e+001 6.942369e+001 5.546649e+001 1.269078e+002 1.949218e+002 1.094072e+002 1.155495e+002 3.230238e+000 5.000305e+000 6.608268e+000 5.844270e+000 4.222097e+000 5.997866e+000 3.554664e+000 2.261308e+000
<VARIANCE> 22
 1.147642e+002 1.266970e+001 1.104470e+001 2.164982e+000 2.562574e+003 2.801546e+002 6.124019e+002 1.930969e+002 2.217864e+002 6.192780e+001 3.555438e+003 3.476554e+002 2.333396e+002 1.068030e+002 9.079934e+000 1.793315e-002 2.390067e-001 1.314743e-001 3.806828e+000 5.618803e-002 5.836922e+000 6.023423e+000
<GCONST> 1.064754e+002
<MIXTURE> 2 2.899887e-001
<MEAN> 22
 9.772576e+000 4.759658e+000 2.543136e+000 1.385738e+000 5.513564e+001 2.959519e+001 7.989679e+001 5.329633e+001 7.562274e+001 5.934215e+001 9.274207e+001 1.275411e+002 1.036991e+002 1.009601e+002 1.843426e+000 3.744842e+000 5.184347e+000 5.640434e+000 3.243685e+000 4.565621e+000 2.678610e+000 2.426243e+000
<VARIANCE> 22
 1.797311e+002 7.146389e+001 1.315096e+001 6.975029e+000 2.064811e+003 9.025898e+002 1.799866e+003 1.063824e+003 1.466874e+002 5.491879e+001 1.207115e+003 1.373146e+003 1.206981e+002 1.009760e+002 4.134125e+000 1.193605e+000 7.351449e+000 2.825294e-001 2.300299e+000 7.519042e+000 5.872303e+000 6.270865e+000
<GCONST> 1.248229e+002
<TRANSP> 5
 0.000000e+000 1.000000e+000 0.000000e+000 0.000000e+000 0.000000e+000
 0.000000e+000 6.760247e-001 3.239752e-001 0.000000e+000 0.000000e+000
 0.000000e+000 0.000000e+000 9.498212e-001 5.017879e-002 0.000000e+000
 0.000000e+000 0.000000e+000 0.000000e+000 9.160019e-001 8.399809e-002
 0.000000e+000 0.000000e+000 0.000000e+000 0.000000e+000 0.000000e+000
<ENDHMM>
~h "SP"
<BEGINHMM>
<NUMSTATES> 5
<STATE> 2
<NUMMIXES> 2
<MIXTURE> 1 7.825688e-001
<MEAN> 22
 1.128527e+001 1.521844e+001 6.630113e+000 7.447071e+000 4.546239e+001 1.155287e+002 9.685214e+001 1.155115e+002 7.530161e+001 8.579772e+001 1.672150e+002 1.121854e+002 1.156096e+002 1.086258e+002 4.714458e+000 3.436862e+000 5.999313e+000 4.528859e+000 5.479708e+000 3.242764e+000 2.468793e+000 2.665116e+000
<VARIANCE> 22
 2.853509e+003 1.935912e+003 2.319531e+003 1.398916e+003 3.320665e+003 9.493181e+003 1.626651e+003 1.949354e+003 3.601050e+002 1.108200e+003 4.578473e+003 3.837377e+003 6.279328e+002 3.100434e+002 9.219661e+000 1.652810e+000 2.459974e+000 1.635389e+000 1.293861e+000 5.749903e+000 5.945825e+000 4.791888e+000
<GCONST> 1.544163e+002
<MIXTURE> 2 2.174314e-001
<MEAN> 22
 1.368632e-001 2.922715e-001 1.362648e-001 2.768970e-001 4.100034e+002 3.385063e+002 1.395308e+001 3.380426e+001 2.192454e+001 2.417248e+001 2.795994e+001 1.451201e+001 2.275555e+001 2.117394e+001 3.100188e-005 5.780458e-001 1.634436e+000 7.301418e-001 1.383606e+000 2.980674e-001 1.989471e-001 5.866674e-001
<VARIANCE> 22
 4.801632e+000 4.063125e+000 3.300596e+000 2.164982e+000 4.850196e+004 1.374204e+004 7.560018e+002 3.619446e+003 1.562812e+003 1.909834e+003 2.514913e+003 6.880598e+002 1.641937e+003 1.419714e+003 6.504287e-002 1.103465e+000 8.407879e+000 1.672838e+000 6.042375e+000 3.211477e-001 6.511850e-001 2.723902e+000
<GCONST> 1.256906e+002
<STATE> 3
<NUMMIXES> 2
<MIXTURE> 1 5.066172e-001
<MEAN> 22
 1.590439e+000 1.915838e+001 6.213422e-001 5.402236e+000 9.181901e+000 1.281334e+002 1.006221e+002 1.121760e+002 6.276014e+001 8.029465e+001 1.999574e+002 1.058882e+002 1.191362e+002 1.052130e+002 6.998989e+000 3.386677e+000 6.133348e+000 4.514812e+000 5.998946e+000 3.376017e+000 2.022961e+000 3.653889e+000
<VARIANCE> 22
 8.147655e+000 3.711793e+002 3.300596e+000 3.830679e+001 1.199521e+002 7.803317e+003 3.483844e+002 1.763755e+003 7.819994e+001 5.739652e+002 5.913696e+002 3.405809e+003 1.930025e+002 2.118330e+002 6.504287e-002 1.455693e+000 1.155653e-001 1.236563e+000 2.082488e-002 5.008880e+000 6.160432e+000 5.451703e+000
<GCONST> 1.131622e+002
<MIXTURE> 2 4.933820e-001
<MEAN> 22
 1.122273e+000 4.006579e+000 4.655622e-001 2.076730e+000 1.096418e+001 1.845161e+002 8.795347e+001 1.345551e+002 5.753233e+001 8.752687e+001 1.770035e+002 4.694373e+001 1.066183e+002 8.584971e+001 6.883574e+000 2.115120e+000 6.016757e+000 3.203057e+000 5.942612e+000 1.491346e+000 1.358617e+000 2.501674e+000
<VARIANCE> 22
 7.517682e+000 3.127534e+001 3.300596e+000 8.576746e+000 7.446381e+002 1.393143e+003 2.141088e+002 3.478202e+002 7.190946e+001 3.535991e+002 4.838087e+002 4.972829e+002 6.798779e+001 1.415369e+002 6.212197e-001 1.874314e-001 4.093253e-001 3.055832e-001 2.356244e-001 5.650351e-001 4.841075e+000 5.975224e+000
<GCONST> 1.031324e+002
<STATE> 4
<NUMMIXES> 2
<MIXTURE> 1 7.216530e-001
<MEAN> 22
 1.257210e+001 1.320137e+000 4.128214e+000 6.030883e-001 1.510599e+002 1.411137e+001 1.277021e+002 9.709632e+001 9.254839e+001 5.695948e+001 8.800901e+001 1.947941e+002 9.479829e+001 1.157396e+002 2.584874e+000 5.000000e+000 2.921465e+000 5.833197e+000 3.515690e+000 5.991009e+000 3.389466e+000 1.917122e+000
<VARIANCE> 22
 3.251240e+002 5.118683e+000 5.248816e+001 2.164982e+000 6.533627e+003 6.481981e+002 1.407846e+003 1.890689e+002 4.928265e+002 5.216093e+001 3.368919e+003 3.352266e+002 4.217297e+002 1.092603e+002 4.794468e+000 1.793315e-002 7.713416e+000 1.389823e-001 2.731991e+000 5.618803e-002 6.268648e+000 5.774302e+000
<GCONST> 1.144949e+002
<MIXTURE> 2 2.783475e-001
<MEAN> 22
 7.530266e+000 6.357150e+000 2.687633e+000 2.261573e+000 6.854401e+001 2.860510e+001 1.009104e+002 4.837838e+001 8.575802e+001 5.944434e+001 9.166394e+001 1.156994e+002 9.712965e+001 1.030988e+002 2.900726e+000 3.513734e+000 3.853580e+000 5.639739e+000 3.827260e+000 3.177781e+000 3.006899e+000 2.617686e+000
<VARIANCE> 22
 1.156328e+002 1.316357e+002 1.829220e+001 1.194772e+001 2.513369e+003 9.445106e+002 2.792533e+003 7.697225e+002 6.933802e+002 6.928930e+001 2.804870e+003 1.480573e+003 2.523566e+002 1.093147e+002 5.010381e+000 1.542253e+000 6.895550e+000 3.350342e-001 1.643665e+000 9.645905e+000 6.611957e+000 6.714278e+000
<GCONST> 1.303945e+002
<TRANSP> 5
 0.000000e+000 1.000000e+000 0.000000e+000 0.000000e+000 0.000000e+000
 0.000000e+000 6.353170e-001 3.646830e-001 0.000000e+000 0.000000e+000
 0.000000e+000 0.000000e+000 9.581944e-001 4.180559e-002 0.000000e+000
 0.000000e+000 0.000000e+000 0.000000e+000 9.241884e-001 7.581161e-002
 0.000000e+000 0.000000e+000 0.000000e+000 0.000000e+000 0.000000e+000
<ENDHMM>
~h "ST"
<BEGINHMM>
<NUMSTATES> 5
<STATE> 2
<NUMMIXES> 2
<MIXTURE> 1 1.801044e-001
<MEAN> 22
 1.698175e+001 2.557253e+001 1.152888e+001 8.713372e+000 1.893987e+002 2.046951e+002 1.258295e+002 9.146339e+001 7.889245e+001 8.028056e+001 2.175955e+002 1.264279e+002 1.339709e+002 1.230773e+002 6.154326e+000 3.372514e+000 6.660853e+000 5.822790e+000 5.651069e+000 3.208038e+000 2.399704e+000 2.930085e+000
<VARIANCE> 22
 3.277545e+003 3.345986e+003 2.932537e+003 1.767425e+003 5.559569e+004 2.352006e+004 1.816728e+003 8.656428e+002 2.573197e+002 2.723598e+002 5.792242e+003 5.759979e+003 1.257175e+003 3.802197e+002 3.920214e+000 2.539545e+000 3.128308e-001 5.459265e-001 6.496139e-001 7.575911e+000 6.774033e+000 6.223708e+000
<GCONST> 1.547879e+002
<MIXTURE> 2 8.198951e-001
<MEAN> 22
 4.705050e+000 7.541346e+000 1.110185e+000 2.121282e+000 7.008172e+001 8.893212e+001 7.558497e+001 7.694287e+001 6.749623e+001 7.203012e+001 1.417618e+002 1.055624e+002 1.051063e+002 1.065167e+002 4.306781e+000 3.225132e+000 5.901222e+000 5.473583e+000 4.862521e+000 2.862563e+000 2.718429e+000 2.707977e+000
<VARIANCE> 22
 6.158998e+001 1.093214e+002 3.300596e+000 8.049614e+000 1.130974e+004 6.523140e+003 1.105553e+003 1.064702e+003 3.669380e+002 5.680857e+002 3.263858e+003 4.671441e+003 7.995459e+002 6.323419e+002 9.014298e+000 2.364317e+000 2.155259e+000 1.450310e+000 2.981978e+000 7.440523e+000 6.409006e+000 5.726686e+000
<GCONST> 1.374451e+002
<STATE> 3
<NUMMIXES> 2
<MIXTURE> 1 4.535135e-001
<MEAN> 22
 2.228116e+000 1.538213e+001 7.805116e-001 3.452439e+000 1.581309e+001 8.945046e+001 9.855107e+001 7.287175e+001 6.231396e+001 7.819173e+001 1.981774e+002 1.109805e+002 1.189141e+002 1.122344e+002 6.922161e+000 3.592990e+000 6.171701e+000 5.709131e+000 5.968689e+000 3.643434e+000 1.901939e+000 3.319152e+000
<VARIANCE> 22
 1.662396e+001 2.150654e+002 3.300596e+000 1.509785e+001 7.436452e+002 4.060085e+003 3.281490e+002 8.079529e+002 7.395636e+001 4.692794e+002 7.691122e+002 3.947863e+003 1.906530e+002 1.450492e+002 3.850404e-001 1.909119e+000 1.543610e-001 4.215683e-001 7.255656e-002 8.479797e+000 5.623651e+000 5.368200e+000
<GCONST> 1.154224e+002
<MIXTURE> 2 5.464869e-001
<MEAN> 22
 7.397259e-001 7.200947e+000 3.494902e-001 1.237105e+000 5.751093e+000 1.314659e+002 8.736266e+001 6.429792e+001 5.586004e+001 8.085973e+001 1.838284e+002 4.802213e+001 1.101956e+002 1.000294e+002 6.999981e+000 2.052613e+000 6.000039e+000 5.941057e+000 6.000000e+000 3.834347e-001 1.250733e+000 2.772027e+000
<VARIANCE> 22
 4.801632e+000 8.274612e+001 3.300596e+000 2.174398e+000 4.956259e+001 7.441948e+002 9.556103e+001 4.354040e+002 2.776749e+001 1.813963e+002 1.897517e+002 3.436200e+002 5.255545e+001 6.389434e+001 6.504287e-002 8.727960e-002 2.326111e-002 3.009500e-001 2.082488e-002 2.384162e-001 4.567093e+000 6.012185e+000
<GCONST> 8.514355e+001
<STATE> 4
<NUMMIXES> 2
<MIXTURE> 1 7.754181e-001
<MEAN> 22
 1.029440e+001 1.578048e+000 2.330760e+000 6.514450e-001 9.944398e+001 1.836676e+001 7.771591e+001 9.851846e+001 8.296613e+001 5.704694e+001 9.525683e+001 1.989086e+002 1.101313e+002 1.183136e+002 3.188463e+000 5.000000e+000 6.205962e+000 5.905188e+000 4.271360e+000 5.994803e+000 3.277175e+000 2.006380e+000
<VARIANCE> 22
 1.433320e+002 6.121892e+000 9.618771e+000 2.164982e+000 3.794263e+003 7.127452e+002 6.608232e+002 1.886555e+002 3.772453e+002 4.950823e+001 4.782153e+003 3.668660e+002 2.751581e+002 1.251852e+002 6.057412e+000 1.793315e-002 3.033447e-001 8.582439e-002 1.575663e+000 5.618803e-002 6.117621e+000 5.832596e+000
<GCONST> 1.067322e+002
<MIXTURE> 2 2.245823e-001
<MEAN> 22
 7.713314e+000 7.163260e+000 1.588840e+000 2.452436e+000 5.329988e+001 3.009675e+001 7.083273e+001 5.407995e+001 7.604757e+001 5.986533e+001 8.950032e+001 1.343418e+002 1.040165e+002 1.054993e+002 2.805701e+000 4.154433e+000 5.403511e+000 5.785666e+000 4.124132e+000 5.337838e+000 2.732131e+000 2.662753e+000
<VARIANCE> 22
 8.962029e+001 1.146671e+002 4.947852e+000 1.356671e+001 3.430266e+003 1.111168e+003 1.130484e+003 9.808952e+002 3.380506e+002 7.213837e+001 3.997318e+003 1.853367e+003 1.470900e+002 1.198959e+002 5.914115e+000 1.094404e+000 4.022928e+000 2.344947e-001 1.558515e+000 5.749973e+000 5.892940e+000 6.164262e+000
<GCONST> 1.262422e+002
<TRANSP> 5
 0.000000e+000 1.000000e+000 0.000000e+000 0.000000e+000 0.000000e+000
 0.000000e+000 7.038202e-001 2.961798e-001 0.000000e+000 0.000000e+000
 0.000000e+000 0.000000e+000 9.568841e-001 4.311590e-002 0.000000e+000
 0.000000e+000 0.000000e+000 0.000000e+000 9.204732e-001 7.952677e-002
 0.000000e+000 0.000000e+000 0.000000e+000 0.000000e+000 0.000000e+000
<ENDHMM>
~h "TT"
<BEGINHMM>
<NUMSTATES> 5
<STATE> 2
<NUMMIXES> 2
<MIXTURE> 1 4.671645e-001
<MEAN> 22
 2.009841e+001 5.431189e+000 8.469829e+000 3.298494e+000 2.247902e+002 8.447772e+000 1.722697e+002 1.041340e+002 1.224833e+002 6.048124e+001 9.643223e+001 2.014553e+002 1.040677e+002 1.190101e+002 1.374102e+000 4.997152e+000 1.245838e+000 5.916728e+000 2.327214e+000 5.991436e+000 3.693421e+000 2.305152e+000
<VARIANCE> 22
 1.924176e+003 1.191241e+003 1.374510e+003 8.811795e+002 2.580088e+003 1.340354e+002 1.331287e+003 2.695558e+002 5.383390e+002 1.115900e+002 8.801362e+002 3.926101e+002 3.197272e+002 1.379274e+002 4.593511e-001 1.793315e-002 2.814725e+000 7.633792e-002 6.339808e-001 5.618803e-002 5.674901e+000 6.435208e+000
<GCONST> 1.230065e+002
<MIXTURE> 2 5.328357e-001
<MEAN> 22
 9.218104e+000 1.206202e+001 2.847842e+000 3.883872e+000 4.582650e+001 1.116602e+002 9.155318e+001 1.202741e+002 7.429044e+001 8.785461e+001 1.776741e+002 1.395558e+002 1.158113e+002 1.118644e+002 5.215274e+000 3.743997e+000 6.367078e+000 4.719917e+000 5.712216e+000 3.861291e+000 3.043300e+000 2.798394e+000
<VARIANCE> 22
 1.912013e+002 3.136044e+002 2.316548e+001 3.422907e+001 2.566848e+003 1.099296e+004 1.948501e+003 2.854621e+003 3.108700e+002 1.220073e+003 3.087620e+003 2.982778e+003 5.618983e+002 2.591076e+002 8.432657e+000 1.630155e+000 4.707761e-001 1.790816e+000 5.922129e-001 5.522385e+000 6.799926e+000 5.114021e+000
<GCONST> 1.387517e+002
<STATE> 3
<NUMMIXES> 2
<MIXTURE> 1 4.167191e-001
<MEAN> 22
 2.232802e+000 2.594938e+001 8.783367e-001 7.434063e+000 1.076065e+001 7.949876e+001 9.479014e+001 1.050063e+002 5.961948e+001 7.500407e+001 1.928238e+002 1.488286e+002 1.157530e+002 1.089521e+002 6.991650e+000 4.111168e+000 6.076828e+000 5.065002e+000 5.997087e+000 4.650861e+000 2.210124e+000 3.871058e+000
<VARIANCE> 22
 1.434555e+001 5.302936e+002 3.300596e+000 7.076244e+001 1.536386e+002 4.351895e+003 2.695196e+002 1.025895e+003 7.315591e+001 5.147661e+002 5.074489e+002 2.536174e+003 1.558496e+002 2.218842e+002 6.504287e-002 8.638553e-001 7.092489e-002 5.764759e-001 2.082488e-002 3.173946e+000 5.837630e+000 5.027119e+000
<GCONST> 1.104082e+002
<MIXTURE> 2 5.832807e-001
<MEAN> 22
 1.574128e+000 1.016292e+001 6.878025e-001 4.231342e+000 9.977998e+000 2.277052e+002 9.441512e+001 1.764864e+002 5.844106e+001 1.262956e+002 1.900707e+002 8.797356e+001 1.137406e+002 9.323099e+001 6.966798e+000 2.398918e+000 6.088045e+000 3.085513e+000 5.991167e+000 1.604517e+000 1.830141e+000 3.536928e+000
<VARIANCE> 22
 1.086479e+001 9.714959e+001 3.300596e+000 2.891893e+001 3.156305e+002 1.199366e+003 2.892144e+002 6.737329e+002 9.766773e+001 4.182131e+002 4.864875e+002 5.677725e+002 1.485344e+002 3.162152e+002 1.807889e-001 2.581487e-001 1.245990e-001 1.357694e-001 3.607479e-002 3.085432e-001 5.815821e+000 5.710861e+000
<GCONST> 1.027423e+002
<STATE> 4
<NUMMIXES> 2
<MIXTURE> 1 7.391894e-001
<MEAN> 22
 1.513049e+001 2.141380e+000 5.201079e+000 1.020291e+000 1.400804e+002 2.685932e+001 1.388092e+002 9.708183e+001 9.753412e+001 5.606544e+001 1.207737e+002 1.943775e+002 1.023043e+002 1.158393e+002 2.745829e+000 5.000015e+000 3.285866e+000 5.827829e+000 3.562278e+000 5.987860e+000 3.348249e+000 2.346777e+000
<VARIANCE> 22
 3.658859e+002 1.072324e+001 6.110018e+001 2.164982e+000 8.242116e+003 9.235225e+002 2.289458e+003 2.447839e+002 1.033406e+003 5.231504e+001 2.987720e+003 4.258093e+002 3.881595e+002 1.344632e+002 6.676564e+000 1.793315e-002 8.542506e+000 1.425252e-001 3.735274e+000 5.618803e-002 5.513417e+000 6.229770e+000
<GCONST> 1.185411e+002
<MIXTURE> 2 2.608106e-001
<MEAN> 22
 1.026469e+001 6.264221e+000 4.135497e+000 2.501160e+000 1.306419e+002 6.694351e+001 9.013972e+001 3.771191e+001 8.710385e+001 5.304837e+001 9.098326e+001 1.023871e+002 8.719741e+001 9.220327e+001 2.059964e+000 3.042078e+000 3.669892e+000 5.175766e+000 3.383969e+000 2.660999e+000 2.746150e+000 2.214225e+000
<VARIANCE> 22
 2.515197e+002 1.199524e+002 4.586442e+001 2.306809e+001 1.882956e+004 1.416861e+004 5.194853e+003 1.099937e+003 2.152882e+003 4.418358e+002 2.322458e+003 2.426810e+003 1.146671e+003 1.120385e+003 4.232960e+000 3.022903e+000 7.387494e+000 3.489821e+000 2.890316e+000 1.014777e+001 6.338999e+000 6.060448e+000
<GCONST> 1.488746e+002
<TRANSP> 5
 0.000000e+000 1.000000e+000 0.000000e+000 0.000000e+000 0.000000e+000
 0.000000e+000 8.331062e-001 1.668938e-001 0.000000e+000 0.000000e+000
 0.000000e+000 0.000000e+000 9.533836e-001 4.661642e-002 0.000000e+000
 0.000000e+000 0.000000e+000 0.000000e+000 9.198151e-001 8.018488e-002
 0.000000e+000 0.000000e+000 0.000000e+000 0.000000e+000 0.000000e+000
<ENDHMM>
~h "VA"
<BEGINHMM>
<NUMSTATES> 5
<STATE> 2
<NUMMIXES> 2
<MIXTURE> 1 4.334052e-001
<MEAN> 22
 1.681033e+001 1.248792e+001 7.857032e+000 5.059357e+000 8.281172e+001 3.649523e+001 1.176538e+002 9.529994e+001 8.701486e+001 6.272748e+001 1.530688e+002 1.870160e+002 1.128420e+002 1.165893e+002 4.267101e+000 4.796689e+000 4.955877e+000 5.678974e+000 4.625731e+000 5.870715e+000 2.953749e+000 2.477828e+000
<VARIANCE> 22
 1.886376e+003 1.614424e+003 1.342542e+003 8.250050e+002 8.770121e+003 1.658154e+003 3.288763e+003 6.589095e+002 9.720717e+002 1.511323e+002 5.063993e+003 1.214064e+003 4.601468e+002 1.978956e+002 8.583637e+000 2.451694e-001 6.585798e+000 2.534314e-001 3.416933e+000 5.068602e-001 5.648047e+000 5.310608e+000
<GCONST> 1.445166e+002
<MIXTURE> 2 5.665953e-001
<MEAN> 22
 7.706716e+000 1.206005e+001 3.460165e+000 4.446929e+000 1.724800e+002 2.329045e+002 8.005499e+001 1.167600e+002 6.573349e+001 9.008311e+001 1.177158e+002 6.828705e+001 8.438541e+001 7.913931e+001 3.219651e+000 2.102849e+000 4.516944e+000 3.306220e+000 4.101733e+000 1.330278e+000 2.496770e+000 2.669284e+000
<VARIANCE> 22
 3.002357e+002 2.160539e+002 6.348152e+001 3.578932e+001 3.787439e+004 9.977087e+003 3.172339e+003 5.738902e+003 1.288431e+003 2.307020e+003 6.604382e+003 2.272757e+003 2.314118e+003 1.504044e+003 9.152540e+000 1.252747e+000 7.218003e+000 3.212799e+000 4.811379e+000 1.671126e+000 6.221375e+000 5.091768e+000
<GCONST> 1.533241e+002
<STATE> 3
<NUMMIXES> 2
<MIXTURE> 1 5.679452e-001
<MEAN> 22
 1.772946e+000 2.002680e+001 7.550366e-001 7.134289e+000 8.100487e+000 8.804163e+001 9.126608e+001 8.826824e+001 5.703560e+001 8.024929e+001 1.889392e+002 1.170765e+002 1.131076e+002 9.978707e+001 6.996054e+000 3.744966e+000 6.025662e+000 5.215087e+000 6.000000e+000 4.032983e+000 2.014686e+000 3.719456e+000
<VARIANCE> 22
 8.197056e+000 3.728083e+002 3.300596e+000 5.082925e+001 7.588042e+001 3.850685e+003 2.137163e+002 8.183703e+002 6.449217e+001 4.550484e+002 4.171817e+002 3.895922e+003 1.219742e+002 4.107109e+002 6.504287e-002 1.363228e+000 2.500256e-002 6.041472e-001 2.082488e-002 6.680320e+000 5.951305e+000 5.218383e+000
<GCONST> 1.084955e+002
<MIXTURE> 2 4.320550e-001
<MEAN> 22
 2.869882e+000 9.551182e+000 1.521748e+000 3.827395e+000 1.547583e+001 2.219692e+002 9.048640e+001 1.690121e+002 5.639347e+001 1.155787e+002 1.844867e+002 8.205160e+001 1.118195e+002 7.901759e+001 6.831232e+000 2.351708e+000 6.057891e+000 3.114281e+000 5.906707e+000 1.759816e+000 2.337754e+000 3.289259e+000
<VARIANCE> 22
 2.458756e+001 1.222885e+002 1.146682e+001 2.027559e+001 8.968947e+002 2.798327e+003 4.186649e+002 1.426204e+003 1.387543e+002 5.521659e+002 1.030981e+003 1.131566e+003 2.189166e+002 3.532790e+002 9.035130e-001 3.636414e-001 3.460514e-001 6.731697e-001 2.096994e-001 7.099863e-001 6.295698e+000 5.453001e+000
<GCONST> 1.174599e+002
<STATE> 4
<NUMMIXES> 2
<MIXTURE> 1 7.485975e-001
<MEAN> 22
 1.470635e+001 2.755000e+000 5.250574e+000 1.302055e+000 1.388175e+002 1.811174e+001 1.349821e+002 9.829121e+001 9.956736e+001 5.594773e+001 1.238615e+002 1.963123e+002 9.761391e+001 1.159822e+002 3.120386e+000 5.002054e+000 3.710281e+000 5.846772e+000 3.802517e+000 5.987041e+000 3.343440e+000 2.472791e+000
<VARIANCE> 22
 2.953847e+002 2.145229e+001 4.269682e+001 4.250434e+000 8.603197e+003 6.549258e+002 2.823730e+003 2.215014e+002 8.895916e+002 8.813967e+001 4.443758e+003 3.583427e+002 5.294855e+002 1.267815e+002 7.122131e+000 1.793315e-002 8.638596e+000 1.297497e-001 3.711249e+000 5.618803e-002 5.999825e+000 6.309616e+000
<GCONST> 1.200663e+002
<MIXTURE> 2 2.514019e-001
<MEAN> 22
 6.931148e+000 6.361375e+000 3.022100e+000 2.764649e+000 7.535840e+001 3.590732e+001 9.532349e+001 4.548626e+001 8.561156e+001 5.640651e+001 7.430987e+001 1.035505e+002 9.206958e+001 1.016306e+002 2.261811e+000 3.060672e+000 3.781467e+000 5.546225e+000 3.373027e+000 2.785256e+000 2.975374e+000 2.630668e+000
<VARIANCE> 22
 1.040268e+002 1.765278e+002 2.390016e+001 2.290739e+001 2.764639e+003 1.023859e+003 3.769923e+003 4.458361e+002 3.784389e+002 1.101521e+002 1.339516e+003 6.995522e+002 4.218989e+002 1.062519e+002 1.892158e+000 1.461919e+000 6.802689e+000 2.968492e-001 1.030541e+000 8.299098e+000 6.295703e+000 6.259995e+000
<GCONST> 1.283871e+002
<TRANSP> 5
 0.000000e+000 1.000000e+000 0.000000e+000 0.000000e+000 0.000000e+000
 0.000000e+000 7.373942e-001 2.626058e-001 0.000000e+000 0.000000e+000
 0.000000e+000 0.000000e+000 9.438809e-001 5.611917e-002 0.000000e+000
 0.000000e+000 0.000000e+000 0.000000e+000 9.209449e-001 7.905512e-002
 0.000000e+000 0.000000e+000 0.000000e+000 0.000000e+000 0.000000e+000
<ENDHMM>
~h "VQ"
<BEGINHMM>
<NUMSTATES> 5
<STATE> 2
<NUMMIXES> 2
<MIXTURE> 1 1.744666e-001
<MEAN> 22
 2.190939e+001 3.057889e+001 1.440693e+001 1.578448e+001 5.340892e+001 1.237046e+002 7.539884e+001 9.542712e+001 6.696894e+001 6.537184e+001 1.371249e+002 7.229958e+001 9.818037e+001 9.346741e+001 4.247835e+000 2.877560e+000 5.671295e+000 4.565560e+000 5.093200e+000 2.496032e+000 2.824085e+000 3.238793e+000
<VARIANCE> 22
 5.909001e+003 4.378441e+003 4.660572e+003 2.991114e+003 7.316542e+003 5.186497e+003 1.253507e+003 1.284203e+003 2.837961e+002 2.549754e+002 3.039939e+003 1.816401e+003 7.220267e+002 3.536946e+002 8.964714e+000 9.602404e-001 3.232837e+000 1.010293e+000 2.124622e+000 3.317469e+000 6.564313e+000 4.730993e+000
<GCONST> 1.535846e+002
<MIXTURE> 2 8.255331e-001
<MEAN> 22
 1.164750e+001 3.033446e+000 4.083034e+000 1.324704e+000 1.063315e+002 2.231423e+001 1.010852e+002 7.220961e+001 7.849173e+001 5.488477e+001 8.266210e+001 1.594195e+002 9.693181e+001 1.097619e+002 2.364430e+000 4.232923e+000 3.491872e+000 5.710040e+000 3.271741e+000 4.903463e+000 3.531768e+000 2.496874e+000
<VARIANCE> 22
 2.031640e+002 2.139137e+001 3.025432e+001 4.746826e+000 5.673956e+003 4.613655e+002 2.459681e+003 1.011879e+003 3.435055e+002 6.443175e+001 2.970544e+003 2.085113e+003 3.687357e+002 1.311684e+002 3.985524e+000 1.657042e+000 8.926713e+000 2.060485e-001 2.349402e+000 5.296090e+000 5.922658e+000 5.937148e+000
<GCONST> 1.282913e+002
<STATE> 3
<NUMMIXES> 2
<MIXTURE> 1 5.106812e-001
<MEAN> 22
 2.640432e+000 1.978718e+001 8.512890e-001 5.757262e+000 9.080945e+000 1.024114e+002 9.884086e+001 9.547110e+001 6.014558e+001 7.199044e+001 2.001509e+002 1.195294e+002 1.197204e+002 1.054311e+002 6.997576e+000 3.749436e+000 6.122433e+000 5.043137e+000 5.998555e+000 4.026039e+000 2.172286e+000 3.840208e+000
<VARIANCE> 22
 2.295074e+001 3.280778e+002 3.300596e+000 5.375823e+001 1.278687e+002 7.168971e+003 4.297622e+002 1.992482e+003 8.825332e+001 3.619303e+002 7.892426e+002 3.171178e+003 2.591951e+002 2.572769e+002 6.504287e-002 1.309163e+000 1.074440e-001 1.055775e+000 2.082488e-002 5.494327e+000 6.173751e+000 4.881971e+000
<GCONST> 1.147378e+002
<MIXTURE> 2 4.893184e-001
<MEAN> 22
 1.136191e+000 6.088160e+000 7.137062e-001 3.054018e+000 1.003527e+001 1.641515e+002 8.413855e+001 1.148646e+002 5.274189e+001 7.434996e+001 1.791658e+002 4.565338e+001 1.073469e+002 8.147908e+001 6.943756e+000 2.387972e+000 6.050673e+000 4.091850e+000 5.961890e+000 1.754424e+000 1.685837e+000 3.484187e+000
<VARIANCE> 22
 4.801632e+000 3.810715e+001 3.300596e+000 1.428623e+001 6.345777e+002 1.481749e+003 1.824155e+002 7.205676e+002 5.966456e+001 2.016059e+002 4.156817e+002 4.138718e+002 8.762527e+001 2.410789e+002 2.955894e-001 2.821520e-001 1.503191e-001 6.694595e-001 1.168343e-001 3.433031e-001 5.437184e+000 6.167268e+000
<GCONST> 1.019610e+002
<STATE> 4
<NUMMIXES> 2
<MIXTURE> 1 9.056818e-001
<MEAN> 22
 1.039259e+001 3.055010e+000 3.884027e+000 1.229033e+000 9.581520e+001 2.347621e+001 1.054296e+002 9.444035e+001 7.504744e+001 5.373558e+001 1.079904e+002 1.928823e+002 1.003798e+002 1.143136e+002 3.263794e+000 4.999433e+000 4.282501e+000 5.860785e+000 3.898373e+000 5.995318e+000 3.500841e+000 2.458783e+000
<VARIANCE> 22
 1.649827e+002 2.943423e+001 3.039419e+001 4.316103e+000 5.261554e+003 9.903307e+002 9.813253e+002 2.033598e+002 4.315476e+002 6.495830e+001 4.824394e+003 3.140155e+002 4.003853e+002 1.149401e+002 7.743399e+000 1.793315e-002 8.723362e+000 1.198373e-001 3.559476e+000 5.618803e-002 5.861486e+000 6.152359e+000
<GCONST> 1.167228e+002
<MIXTURE> 2 9.431820e-002
<MEAN> 22
 2.820507e+000 3.759593e+000 1.386618e+000 1.590262e+000 4.141299e+002 3.224569e+002 3.846030e+001 3.670205e+001 2.557463e+001 2.674931e+001 5.159034e+001 3.141532e+001 3.905357e+001 3.904409e+001 1.752590e+000 1.194930e+000 2.050122e+000 1.888526e+000 1.692927e+000 9.091559e-001 9.475683e-001 1.609359e+000
<VARIANCE> 22
 6.833169e+001 8.030131e+001 1.298923e+001 1.542834e+001 4.595779e+004 1.936872e+004 2.827954e+003 2.613197e+003 1.024836e+003 1.131957e+003 5.817641e+003 2.096838e+003 2.426032e+003 2.392034e+003 7.572060e+000 2.480634e+000 8.531439e+000 5.647226e+000 5.806085e+000 2.528467e+000 3.551458e+000 5.860620e+000
<GCONST> 1.491511e+002
<TRANSP> 5
 0.000000e+000 1.000000e+000 0.000000e+000 0.000000e+000 0.000000e+000
 0.000000e+000 8.546600e-001 1.453400e-001 0.000000e+000 0.000000e+000
 0.000000e+000 0.000000e+000 9.443848e-001 5.561528e-002 0.000000e+000
 0.000000e+000 0.000000e+000 0.000000e+000 8.852488e-001 1.147511e-001
 0.000000e+000 0.000000e+000 0.000000e+000 0.000000e+000 0.000000e+000
<ENDHMM>
~h "SIL"
<BEGINHMM>
<NUMSTATES> 5
<STATE> 2
<NUMMIXES> 2
<MIXTURE> 1 1.629880e-001
<MEAN> 22
 4.894817e+002 4.131916e+002 4.452383e+002 3.568234e+002 8.729758e-001 1.241040e+000 3.966227e+001 3.895943e+001 2.806097e+001 2.653890e+001 7.762392e+001 7.460616e+001 4.930617e+001 4.856737e+001 2.752603e+000 1.991983e+000 2.639146e+000 2.526474e+000 2.480517e+000 2.332266e+000 4.667099e+000 4.664112e+000
<VARIANCE> 22
 6.503692e+003 4.030204e+003 4.538539e+003 3.277065e+003 6.609559e+001 1.564480e+002 2.347851e+003 2.294112e+003 1.092343e+003 1.015284e+003 8.563285e+003 8.144594e+003 3.232088e+003 3.132196e+003 1.120224e+001 5.742834e+000 9.250779e+000 8.403653e+000 8.294272e+000 8.441490e+000 4.023327e+000 4.056890e+000
<GCONST> 1.624417e+002
<MIXTURE> 2 8.370120e-001
<MEAN> 22
 0.000000e+000 0.000000e+000 0.000000e+000 0.000000e+000 3.661402e+001 2.963481e+001 0.000000e+000 0.000000e+000 0.000000e+000 0.000000e+000 0.000000e+000 0.000000e+000 0.000000e+000 0.000000e+000 0.000000e+000 0.000000e+000 0.000000e+000 0.000000e+000 0.000000e+000 0.000000e+000 0.000000e+000 0.000000e+000
<VARIANCE> 22
 4.801632e+000 4.063125e+000 3.300596e+000 2.164982e+000 1.817518e+004 1.195245e+004 9.838196e+000 1.115232e+001 2.936353e+000 3.516743e+000 3.745900e+001 4.440890e+001 4.184655e+000 3.870682e+000 6.504287e-002 1.793315e-002 2.326111e-002 1.170389e-002 2.082488e-002 5.618803e-002 6.153807e-002 6.060927e-002
<GCONST> 5.449670e+001
<STATE> 3
<NUMMIXES> 2
<MIXTURE> 1 7.790338e-001
<MEAN> 22
 1.419378e+000 1.833428e+000 6.020406e-001 7.585090e-001 7.970885e+000 9.881154e+000 1.013474e+002 9.788211e+001 6.366913e+001 5.942141e+001 1.987431e+002 1.964369e+002 1.188002e+002 1.174283e+002 6.999699e+000 5.000003e+000 6.126292e+000 5.906530e+000 6.001811e+000 6.000502e+000 1.985813e+000 2.013101e+000
<VARIANCE> 22
 4.982846e+000 7.126980e+000 3.300596e+000 2.164982e+000 7.042147e+001 1.207972e+002 3.588119e+002 2.297196e+002 1.049255e+002 8.045338e+001 5.996880e+002 4.449297e+002 2.087439e+002 1.458183e+002 6.504287e-002 1.793315e-002 1.103880e-001 8.470611e-002 2.082488e-002 5.618803e-002 5.624023e+000 5.621843e+000
<GCONST> 8.347361e+001
<MIXTURE> 2 2.209715e-001
<MEAN> 22
 8.919496e+000 1.135944e+001 2.262511e+000 2.857849e+000 5.419481e+001 6.154688e+001 8.158381e+001 7.920760e+001 6.955054e+001 6.416477e+001 1.449225e+002 1.410582e+002 1.085462e+002 1.088990e+002 4.580994e+000 4.077940e+000 5.905977e+000 5.525258e+000 5.055583e+000 4.544568e+000 2.480466e+000 2.486627e+000
<VARIANCE> 22
 1.796457e+002 2.156848e+002 1.475003e+001 1.612824e+001 2.832596e+003 2.824915e+003 1.364427e+003 1.259064e+003 2.696728e+002 2.065889e+002 3.503653e+003 3.538076e+003 3.763936e+002 2.109039e+002 8.458557e+000 1.675379e+000 2.150590e+000 4.969162e-001 2.026251e+000 6.082179e+000 5.210320e+000 4.712521e+000
<GCONST> 1.336946e+002
<STATE> 4
<NUMMIXES> 2
<MIXTURE> 1 2.378606e-001
<MEAN> 22
 5.800026e-001 1.107242e+000 2.814660e-001 6.304344e-001 4.032727e+000 4.135815e+000 1.063560e+002 1.137623e+002 6.403545e+001 6.613174e+001 2.297748e+002 2.339928e+002 1.356077e+002 1.379511e+002 7.000000e+000 5.000000e+000 6.000313e+000 5.997181e+000 6.000000e+000 6.000000e+000 9.980136e-001 1.475040e+000
<VARIANCE> 22
 4.801632e+000 5.002917e+000 3.300596e+000 2.185758e+000 4.956259e+001 5.429972e+001 1.177900e+001 1.358598e+001 4.089490e+000 7.393777e+000 3.745900e+001 4.440890e+001 6.555490e+000 7.947175e+000 6.504287e-002 1.793315e-002 2.326111e-002 1.170389e-002 2.082488e-002 5.618803e-002 3.612354e+000 4.684428e+000
<GCONST> 5.445564e+001
<MIXTURE> 2 7.621398e-001
<MEAN> 22
 1.024566e+000 1.613986e+000 4.004987e-001 6.277120e-001 4.853409e+000 6.056087e+000 8.669559e+001 8.620264e+001 5.626065e+001 5.496292e+001 1.822654e+002 1.818817e+002 1.105203e+002 1.100445e+002 6.990271e+000 4.994126e+000 6.006889e+000 5.976479e+000 5.996636e+000 5.992751e+000 1.770600e+000 1.904462e+000
<VARIANCE> 22
 4.801632e+000 1.137658e+001 3.300596e+000 2.164982e+000 7.005645e+001 8.366454e+001 5.041743e+001 5.373456e+001 2.204440e+001 4.107991e+001 1.101832e+002 1.289415e+002 3.362362e+001 3.777070e+001 6.504287e-002 1.793315e-002 2.326111e-002 2.477678e-002 2.082488e-002 5.618803e-002 5.369990e+000 5.875614e+000
<GCONST> 6.898602e+001
<TRANSP> 5
 0.000000e+000 1.000000e+000 0.000000e+000 0.000000e+000 0.000000e+000
 0.000000e+000 9.079384e-001 9.206165e-002 0.000000e+000 0.000000e+000
 0.000000e+000 0.000000e+000 9.973072e-001 2.692824e-003 0.000000e+000
 0.000000e+000 0.000000e+000 0.000000e+000 9.924862e-001 7.513845e-003
 0.000000e+000 0.000000e+000 0.000000e+000 0.000000e+000 0.000000e+000
<ENDHMM>
