~o
<STREAMINFO> 1 39
<VECSIZE> 39<NULLD><MFCC_D_A_C_K_0><DIAGC>
~s "silst"
<NUMMIXES> 4
<MIXTURE> 1 1.150535e-01
<MEAN> 39
 -1.291722e+01 -7.296091e+00 -9.718567e+00 -1.270909e+01 -8.002473e+00 -1.552074e+01 -8.607633e+00 -7.702180e+00 -2.856822e+00 -2.414888e+00 -2.737259e+00 3.041663e-01 6.545147e+01 1.767042e-01 2.419194e-01 2.667836e-01 2.663001e-01 4.021165e-01 3.389421e-01 4.084041e-01 4.074919e-01 4.193750e-01 3.644461e-01 4.217573e-01 3.452342e-01 2.896948e-01 1.294634e-01 8.129779e-02 1.183148e-01 1.543202e-01 1.217890e-01 1.434858e-01 1.286580e-01 1.413978e-01 1.299903e-01 1.489354e-01 1.159873e-01 1.232752e-01 6.573896e-02
<VARIANCE> 39
 4.504658e+01 3.096918e+01 4.293217e+01 3.810056e+01 5.679377e+01 5.146617e+01 5.395693e+01 5.650126e+01 5.338300e+01 4.868205e+01 4.647132e+01 3.765141e+01 3.675287e+01 1.472794e+00 1.281213e+00 1.810115e+00 2.170284e+00 2.698615e+00 2.799731e+00 3.191742e+00 3.452229e+00 3.347360e+00 3.169790e+00 3.038537e+00 2.541415e+00 1.309212e+00 2.194710e-01 2.095263e-01 3.022320e-01 3.796917e-01 4.719925e-01 5.140287e-01 5.870879e-01 6.501133e-01 6.345108e-01 6.082829e-01 5.762190e-01 4.940522e-01 1.764618e-01
<GCONST> 1.207883e+02
<MIXTURE> 2 3.851608e-01
<MEAN> 39
 -1.327168e+01 -8.596628e+00 -1.100114e+01 -1.009224e+01 -9.800170e+00 -1.628403e+01 -1.195092e+01 -1.138105e+01 -6.875762e+00 -3.839168e+00 -7.277104e+00 -1.898559e+00 5.777081e+01 9.907889e-02 1.217701e-01 1.576397e-01 2.003064e-01 1.908002e-01 2.272175e-01 2.252211e-01 2.472949e-01 2.574777e-01 2.736925e-01 2.388135e-01 2.423455e-01 2.057989e-02 3.354827e-02 5.714936e-02 6.868692e-02 6.649417e-02 9.853598e-02 1.031123e-01 1.260612e-01 1.381068e-01 1.441835e-01 1.322936e-01 1.406165e-01 1.240230e-01 4.093509e-02
<VARIANCE> 39
 5.839525e+00 5.444092e+00 7.772696e+00 1.096933e+01 1.283321e+01 1.500753e+01 1.816108e+01 2.081277e+01 2.307336e+01 1.989266e+01 1.974719e+01 1.733092e+01 3.249156e+00 2.219964e-01 3.662825e-01 5.782483e-01 8.131613e-01 1.058434e+00 1.309540e+00 1.575042e+00 1.828928e+00 1.959400e+00 1.904678e+00 1.779769e+00 1.628579e+00 7.997252e-02 4.089893e-02 7.198499e-02 1.146995e-01 1.634733e-01 2.132151e-01 2.647471e-01 3.191723e-01 3.727114e-01 4.010144e-01 3.901750e-01 3.646519e-01 3.347027e-01 1.387557e-02
<GCONST> 7.885223e+01
<MIXTURE> 3 3.851608e-01
<MEAN> 39
 -1.423828e+01 -9.529932e+00 -1.211632e+01 -1.141704e+01 -1.123311e+01 -1.783361e+01 -1.365556e+01 -1.320589e+01 -8.797152e+00 -5.623216e+00 -9.054616e+00 -3.563776e+00 5.704979e+01 -8.938709e-02 -1.203150e-01 -1.465308e-01 -1.603955e-01 -2.207207e-01 -2.305230e-01 -2.767817e-01 -2.936566e-01 -3.024366e-01 -2.783478e-01 -2.948184e-01 -2.681177e-01 -9.253777e-02 -4.734566e-02 -5.017072e-02 -6.678234e-02 -9.523315e-02 -8.616491e-02 -1.027020e-01 -9.992011e-02 -1.060936e-01 -1.091193e-01 -1.175623e-01 -1.009291e-01 -1.073910e-01 -6.182753e-03
<VARIANCE> 39
 5.839525e+00 5.444092e+00 7.772696e+00 1.096933e+01 1.283321e+01 1.500753e+01 1.816108e+01 2.081277e+01 2.307336e+01 1.989266e+01 1.974719e+01 1.733092e+01 3.249156e+00 2.219964e-01 3.662825e-01 5.782483e-01 8.131613e-01 1.058434e+00 1.309540e+00 1.575042e+00 1.828928e+00 1.959400e+00 1.904678e+00 1.779769e+00 1.628579e+00 7.997252e-02 4.089893e-02 7.198499e-02 1.146995e-01 1.634733e-01 2.132151e-01 2.647471e-01 3.191723e-01 3.727114e-01 4.010144e-01 3.901750e-01 3.646519e-01 3.347027e-01 1.387557e-02
<GCONST> 7.885223e+01
<MIXTURE> 4 1.150535e-01
<MEAN> 39
 -1.560189e+01 -9.522089e+00 -1.233947e+01 -1.517811e+01 -1.101694e+01 -1.839034e+01 -1.154585e+01 -1.070887e+01 -5.779368e+00 -5.205790e+00 -5.464055e+00 -2.150264e+00 6.302650e+01 -3.087308e-01 -2.108433e-01 -2.713784e-01 -3.229753e-01 -2.549820e-01 -3.303538e-01 -3.062139e-01 -3.357152e-01 -3.124566e-01 -3.477101e-01 -2.754987e-01 -2.924385e-01 -1.679884e-01 -5.792749e-02 -1.017984e-01 -1.015877e-01 -9.215637e-02 -1.530179e-01 -1.432974e-01 -1.778287e-01 -1.811206e-01 -1.886345e-01 -1.630346e-01 -1.876491e-01 -1.578802e-01 -1.022905e-01
<VARIANCE> 39
 4.504658e+01 3.096918e+01 4.293217e+01 3.810056e+01 5.679377e+01 5.146617e+01 5.395693e+01 5.650126e+01 5.338300e+01 4.868205e+01 4.647132e+01 3.765141e+01 3.675287e+01 1.472794e+00 1.281213e+00 1.810115e+00 2.170284e+00 2.698615e+00 2.799731e+00 3.191742e+00 3.452229e+00 3.347360e+00 3.169790e+00 3.038537e+00 2.541415e+00 1.309212e+00 2.194710e-01 2.095263e-01 3.022320e-01 3.796917e-01 4.719925e-01 5.140287e-01 5.870879e-01 6.501133e-01 6.345108e-01 6.082829e-01 5.762190e-01 4.940522e-01 1.764618e-01
<GCONST> 1.207883e+02
~h "sp"
<BEGINHMM>
<NUMSTATES> 3
<STATE> 2
~s "silst"
<TRANSP> 3
 0.000000e+00 4.606019e-01 5.393981e-01
 0.000000e+00 9.929091e-01 7.090852e-03
 0.000000e+00 0.000000e+00 0.000000e+00
<ENDHMM>
~h "oov"
<BEGINHMM>
<NUMSTATES> 3
<STATE> 2
<NUMMIXES> 4
<MIXTURE> 1 2.117201e-01
<MEAN> 39
 -1.019729e+01 -6.872349e+00 -6.958884e+00 -1.403366e+01 -7.877700e+00 -1.651830e+01 -7.833864e+00 -4.576700e+00 -1.726840e-01 -8.955097e-01 6.478035e-02 7.173834e-01 7.286543e+01 6.083516e-01 5.784222e-02 5.666429e-01 -9.647113e-02 5.080693e-01 5.441736e-01 9.432329e-01 1.356453e+00 1.126894e+00 7.313510e-01 1.029166e+00 6.574469e-01 1.392547e+00 2.019539e-01 1.164872e-01 9.510265e-02 1.816232e-01 2.161878e-01 2.929773e-01 2.605587e-01 1.984255e-01 1.747986e-01 2.117754e-01 1.613178e-01 1.781502e-01 1.170299e-01
<VARIANCE> 39
 7.029218e+01 6.838547e+01 7.917636e+01 6.823965e+01 1.042063e+02 1.020623e+02 9.098652e+01 8.962268e+01 7.957237e+01 7.514256e+01 7.380737e+01 6.227652e+01 5.462337e+01 4.876266e+00 3.935816e+00 4.757666e+00 4.914997e+00 6.949367e+00 6.519002e+00 6.346784e+00 6.578061e+00 5.843238e+00 5.640144e+00 5.282968e+00 4.503021e+00 3.003114e+00 6.428370e-01 5.739363e-01 6.806244e-01 8.128057e-01 1.060989e+00 1.057164e+00 1.062583e+00 1.210008e+00 1.068374e+00 9.813755e-01 9.426948e-01 7.904891e-01 5.356490e-01
<GCONST> 1.474792e+02
<MIXTURE> 2 2.875431e-01
<MEAN> 39
 -7.862421e+00 -8.643116e+00 -8.443859e+00 -1.486602e+01 -7.889084e+00 -1.409019e+01 -6.408779e+00 -3.886344e+00 -2.940549e-01 -4.022990e-01 -7.345974e-02 8.496265e-01 7.319687e+01 1.601143e-01 4.472056e-01 1.467063e-01 6.235647e-01 3.100275e-01 3.376550e-01 1.035560e-01 -1.642427e-01 -5.876622e-02 1.792287e-01 -3.579524e-02 1.896586e-01 -4.543445e-01 3.491376e-02 1.186921e-01 1.471286e-01 1.529792e-01 1.257811e-01 8.731504e-02 9.010543e-02 1.351832e-01 1.437580e-01 1.247978e-01 1.334310e-01 1.319864e-01 2.302475e-02
<VARIANCE> 39
 6.867745e+01 6.781389e+01 9.261952e+01 7.037203e+01 1.185231e+02 1.123910e+02 9.721437e+01 1.015311e+02 8.888089e+01 8.000291e+01 8.370641e+01 7.272771e+01 4.589028e+01 1.077152e+00 1.363026e+00 1.924263e+00 2.208711e+00 2.811590e+00 3.264264e+00 3.483974e+00 3.842849e+00 3.639668e+00 3.453134e+00 3.200137e+00 2.854575e+00 9.715170e-01 1.789172e-01 2.176509e-01 3.144137e-01 3.866773e-01 4.911305e-01 5.660442e-01 6.329847e-01 7.292740e-01 6.841488e-01 6.447096e-01 6.088998e-01 5.425951e-01 1.343659e-01
<GCONST> 1.290270e+02
<MIXTURE> 3 2.875431e-01
<MEAN> 39
 -1.117730e+01 -1.193708e+01 -1.229342e+01 -1.822154e+01 -1.224382e+01 -1.833077e+01 -1.035267e+01 -7.916850e+00 -4.065121e+00 -3.980073e+00 -3.733108e+00 -2.561595e+00 7.048717e+01 -2.550294e-01 -1.978920e-02 -4.081649e-01 2.909544e-02 -3.606844e-01 -3.850360e-01 -6.430602e-01 -9.483702e-01 -8.218827e-01 -5.640757e-01 -7.513523e-01 -4.861610e-01 -8.486067e-01 -1.342807e-01 -6.792016e-02 -7.716185e-02 -9.575435e-02 -1.545417e-01 -2.136286e-01 -2.281359e-01 -2.064070e-01 -1.870952e-01 -1.963774e-01 -1.786971e-01 -1.626578e-01 -1.235991e-01
<VARIANCE> 39
 6.867745e+01 6.781389e+01 9.261952e+01 7.037203e+01 1.185231e+02 1.123910e+02 9.721437e+01 1.015311e+02 8.888089e+01 8.000291e+01 8.370641e+01 7.272771e+01 4.589028e+01 1.077152e+00 1.363026e+00 1.924263e+00 2.208711e+00 2.811590e+00 3.264264e+00 3.483974e+00 3.842849e+00 3.639668e+00 3.453134e+00 3.200137e+00 2.854575e+00 9.715170e-01 1.789172e-01 2.176509e-01 3.144137e-01 3.866773e-01 4.911305e-01 5.660442e-01 6.329847e-01 7.292740e-01 6.841488e-01 6.447096e-01 6.088998e-01 5.425951e-01 1.343659e-01
<GCONST> 1.290270e+02
<MIXTURE> 4 2.117201e-01
<MEAN> 39
 -1.355091e+01 -1.018017e+01 -1.051813e+01 -1.733796e+01 -1.196096e+01 -2.055934e+01 -1.164934e+01 -8.363470e+00 -3.740818e+00 -4.362902e+00 -3.371668e+00 -2.439236e+00 6.990913e+01 -2.749392e-01 -7.357135e-01 -3.058401e-01 -9.832628e-01 -5.463969e-01 -4.771200e-01 -6.448007e-02 3.305442e-01 1.599825e-01 -2.186086e-01 1.097773e-01 -1.913659e-01 6.993670e-01 -1.187546e-01 -1.865471e-01 -2.348972e-01 -1.789998e-01 -1.958294e-01 -1.182967e-01 -1.517680e-01 -2.415760e-01 -2.386501e-01 -1.844822e-01 -2.270521e-01 -1.774877e-01 -1.757223e-01
<VARIANCE> 39
 7.029218e+01 6.838547e+01 7.917636e+01 6.823965e+01 1.042063e+02 1.020623e+02 9.098652e+01 8.962268e+01 7.957237e+01 7.514256e+01 7.380737e+01 6.227652e+01 5.462337e+01 4.876266e+00 3.935816e+00 4.757666e+00 4.914997e+00 6.949367e+00 6.519002e+00 6.346784e+00 6.578061e+00 5.843238e+00 5.640144e+00 5.282968e+00 4.503021e+00 3.003114e+00 6.428370e-01 5.739363e-01 6.806244e-01 8.128057e-01 1.060989e+00 1.057164e+00 1.062583e+00 1.210008e+00 1.068374e+00 9.813755e-01 9.426948e-01 7.904891e-01 5.356490e-01
<GCONST> 1.474792e+02
<TRANSP> 3
 0.000000e+00 1.000000e+00 0.000000e+00
 0.000000e+00 9.839982e-01 1.600183e-02
 0.000000e+00 0.000000e+00 0.000000e+00
<ENDHMM>
~h "sil"
<BEGINHMM>
<NUMSTATES> 3
<STATE> 2
~s "silst"
<TRANSP> 3
 0.000000e+00 1.000000e+00 0.000000e+00
 0.000000e+00 9.974280e-01 2.571941e-03
 0.000000e+00 0.000000e+00 0.000000e+00
<ENDHMM>
~h "noise"
<BEGINHMM>
<NUMSTATES> 3
<STATE> 2
~s "silst"
<TRANSP> 3
 0.000000e+00 1.000000e+00 0.000000e+00
 0.000000e+00 9.861339e-01 1.386611e-02
 0.000000e+00 0.000000e+00 0.000000e+00
<ENDHMM>
