~o
<STREAMINFO> 1 39
<VECSIZE> 39<NULLD><MFCC_D_A_C_K_0><DIAGC>
~s "silst"
<NUMMIXES> 4
<MIXTURE> 1 7.986761e-02
<MEAN> 39
 -1.397912e+01 -8.406747e+00 -9.998240e+00 -1.450228e+01 -8.857288e+00 -1.674746e+01 -9.305670e+00 -8.401689e+00 -3.889232e+00 -3.757682e+00 -3.872866e+00 -1.006159e+00 6.695091e+01 -8.566414e-02 4.110904e-02 -3.860116e-03 -2.635216e-01 2.159487e-01 4.586748e-02 3.549773e-01 3.623418e-01 4.302951e-01 2.068848e-01 4.512739e-01 2.124918e-01 5.573989e-01 4.387800e-02 -8.445151e-03 -3.318847e-02 3.856105e-02 -1.802011e-02 2.174216e-02 -1.093800e-02 -1.716356e-02 -1.251286e-02 1.752264e-02 -2.239176e-02 -1.869973e-03 -7.512246e-02
<VARIANCE> 39
 5.885027e+01 4.832009e+01 6.095206e+01 5.675934e+01 8.237948e+01 7.022371e+01 7.274703e+01 7.131089e+01 6.281889e+01 5.990308e+01 5.898384e+01 4.658582e+01 5.760775e+01 2.868136e+00 2.230023e+00 2.954662e+00 3.386079e+00 4.217670e+00 4.003491e+00 4.444717e+00 4.646598e+00 4.225607e+00 4.065016e+00 3.894406e+00 3.190633e+00 2.525151e+00 4.211119e-01 3.496351e-01 4.822093e-01 5.871624e-01 7.089504e-01 7.173827e-01 8.100549e-01 8.683103e-01 8.016787e-01 7.523469e-01 7.392670e-01 6.095543e-01 3.993887e-01
<GCONST> 1.350778e+02
<MIXTURE> 2 3.583578e-01
<MEAN> 39
 -1.430795e+01 -9.353778e+00 -1.198589e+01 -1.141325e+01 -1.067082e+01 -1.692289e+01 -1.224557e+01 -1.161735e+01 -7.081548e+00 -4.404040e+00 -7.571700e+00 -2.378677e+00 5.742329e+01 7.932104e-03 3.005635e-02 6.724687e-02 1.284479e-01 1.874947e-01 2.697209e-01 3.168835e-01 3.715306e-01 4.106044e-01 4.319929e-01 3.764941e-01 2.579043e-01 -2.302894e-02 1.938071e-02 4.143306e-02 4.378810e-02 2.711176e-02 2.855916e-02 -4.117205e-03 -1.197447e-02 -1.873908e-02 -1.671834e-02 -1.586239e-02 2.988858e-03 1.551881e-03 2.971561e-02
<VARIANCE> 39
 6.495321e+00 5.989272e+00 8.380730e+00 1.158143e+01 1.380719e+01 1.578187e+01 1.894610e+01 2.152078e+01 2.361214e+01 2.036477e+01 2.014952e+01 1.821119e+01 3.917294e+00 2.312097e-01 3.718247e-01 5.831886e-01 8.164749e-01 1.044648e+00 1.276423e+00 1.500744e+00 1.724132e+00 1.826806e+00 1.773575e+00 1.678129e+00 1.593274e+00 8.393405e-02 4.348842e-02 7.403791e-02 1.171666e-01 1.675130e-01 2.201164e-01 2.725539e-01 3.267331e-01 3.790340e-01 4.071912e-01 3.959858e-01 3.731482e-01 3.431572e-01 1.560497e-02
<GCONST> 7.986651e+01
<MIXTURE> 3 3.902555e-01
<MEAN> 39
 -1.308091e+01 -8.867306e+00 -1.117827e+01 -9.981413e+00 -1.048487e+01 -1.719179e+01 -1.349697e+01 -1.309462e+01 -8.765233e+00 -5.064586e+00 -8.996633e+00 -3.204630e+00 5.712667e+01 2.299137e-03 -2.440754e-02 -4.740717e-02 -7.967694e-02 -1.784409e-01 -2.170852e-01 -2.868443e-01 -3.202225e-01 -3.486427e-01 -3.331653e-01 -3.336924e-01 -2.185679e-01 -3.363544e-02 -3.408471e-02 -2.749394e-02 -3.688860e-02 -5.200610e-02 -7.201257e-03 8.492436e-03 4.396398e-02 5.531785e-02 5.761857e-02 3.455553e-02 4.673155e-02 2.156234e-02 7.408760e-03
<VARIANCE> 39
 3.264225e+00 4.257810e+00 6.280959e+00 8.766503e+00 1.107781e+01 1.365022e+01 1.576325e+01 1.807187e+01 1.991598e+01 1.853743e+01 1.717242e+01 1.556337e+01 1.522477e+00 1.923957e-01 3.467417e-01 5.490595e-01 7.700938e-01 9.865443e-01 1.207373e+00 1.448214e+00 1.678982e+00 1.789851e+00 1.730319e+00 1.618410e+00 1.543018e+00 6.139979e-02 3.485786e-02 6.639522e-02 1.073353e-01 1.547905e-01 2.033671e-01 2.551738e-01 3.072653e-01 3.610906e-01 3.893140e-01 3.800916e-01 3.531067e-01 3.255779e-01 1.064652e-02
<GCONST> 7.371890e+01
<MIXTURE> 4 1.706619e-01
<MEAN> 39
 -1.554848e+01 -8.121909e+00 -1.152059e+01 -1.315480e+01 -9.428142e+00 -1.702034e+01 -1.044444e+01 -9.964762e+00 -4.751187e+00 -4.180359e+00 -4.434142e+00 -1.015069e+00 6.170384e+01 -3.786802e-02 2.926040e-03 -2.300542e-03 7.373988e-02 -5.561033e-02 -1.058955e-01 -2.169842e-01 -2.684664e-01 -2.854129e-01 -2.462487e-01 -2.539649e-01 -1.679047e-01 -1.623950e-01 4.369199e-02 -1.991768e-02 2.093013e-02 1.748645e-02 -3.187822e-02 -1.983406e-02 -4.730924e-02 -3.452471e-02 -5.251974e-02 -2.986356e-02 -6.448288e-02 -3.731824e-02 1.185747e-02
<VARIANCE> 39
 2.986065e+01 1.842642e+01 2.441175e+01 2.258021e+01 3.411008e+01 3.280400e+01 3.558855e+01 3.894829e+01 4.070569e+01 3.620555e+01 3.282286e+01 2.783263e+01 1.174546e+01 7.986827e-01 7.375854e-01 1.099255e+00 1.380698e+00 1.752644e+00 1.975245e+00 2.268469e+00 2.474627e+00 2.542758e+00 2.444394e+00 2.299976e+00 2.015361e+00 4.745388e-01 1.210863e-01 1.303827e-01 1.965644e-01 2.584389e-01 3.279933e-01 3.831441e-01 4.476313e-01 5.059348e-01 5.188239e-01 5.074908e-01 4.684025e-01 4.121876e-01 6.603012e-02
<GCONST> 1.042164e+02
~h "sp"
<BEGINHMM>
<NUMSTATES> 3
<STATE> 2
~s "silst"
<TRANSP> 3
 0.000000e+00 4.938722e-01 5.061278e-01
 0.000000e+00 9.909688e-01 9.031255e-03
 0.000000e+00 0.000000e+00 0.000000e+00
<ENDHMM>
~h "oov"
<BEGINHMM>
<NUMSTATES> 3
<STATE> 2
<NUMMIXES> 4
<MIXTURE> 1 1.694951e-01
<MEAN> 39
 -1.245373e+01 -7.564123e+00 -9.960372e+00 -1.389685e+01 -8.965455e+00 -1.823461e+01 -1.028065e+01 -8.197693e+00 -2.954466e+00 -3.156140e+00 -3.199288e+00 -1.206284e+00 6.832608e+01 -2.445774e-01 -2.163671e-01 2.928329e-01 -7.165362e-01 3.483036e-01 9.238916e-02 7.723832e-01 1.378072e+00 1.175762e+00 4.304886e-01 1.057791e+00 4.874713e-01 1.547430e+00 1.099889e-01 -1.661808e-01 1.375166e-02 -2.127444e-01 -9.195769e-02 4.857201e-02 9.510207e-02 1.773809e-01 9.082144e-02 7.158735e-02 1.000517e-01 3.963462e-02 2.791240e-01
<VARIANCE> 39
 5.725727e+01 4.955724e+01 5.440975e+01 4.680201e+01 7.176790e+01 7.026088e+01 6.728377e+01 6.702141e+01 6.485214e+01 5.855107e+01 5.852537e+01 4.531135e+01 5.225576e+01 6.185612e+00 4.679770e+00 5.505629e+00 5.298908e+00 7.552451e+00 6.649183e+00 6.501640e+00 6.769938e+00 6.098931e+00 6.074306e+00 5.487109e+00 4.701669e+00 3.318538e+00 6.671019e-01 5.603158e-01 6.402802e-01 7.401678e-01 9.569778e-01 9.415860e-01 9.684014e-01 1.115639e+00 1.037253e+00 9.330564e-01 9.233774e-01 7.592350e-01 5.557696e-01
<GCONST> 1.442599e+02
<MIXTURE> 2 3.242537e-01
<MEAN> 39
 -1.052887e+01 -1.080855e+01 -9.762339e+00 -1.747473e+01 -9.294761e+00 -1.490923e+01 -7.808929e+00 -5.353564e+00 -2.148157e+00 -2.887844e+00 -1.341469e+00 -1.220363e+00 7.346815e+01 2.576036e-03 9.689459e-02 -3.319782e-02 1.766966e-01 9.195885e-02 1.432268e-01 1.320487e-01 1.011690e-01 1.394674e-01 2.279798e-01 1.233052e-01 1.607338e-01 -3.114700e-01 1.274163e-02 7.826304e-02 -1.150498e-02 9.645282e-02 -1.999396e-02 -8.127048e-02 -5.545175e-02 -5.756618e-02 3.309455e-02 6.258590e-02 2.196554e-03 3.424148e-02 -1.164558e-01
<VARIANCE> 39
 8.430704e+01 8.695419e+01 9.868735e+01 8.393311e+01 1.377586e+02 1.210808e+02 1.114176e+02 1.087626e+02 9.284695e+01 8.266479e+01 8.706948e+01 7.918830e+01 4.584368e+01 5.693813e-01 1.094940e+00 1.483735e+00 1.788804e+00 2.334738e+00 2.703648e+00 3.013517e+00 3.059570e+00 3.025283e+00 2.855138e+00 2.699648e+00 2.474728e+00 5.930524e-01 1.245225e-01 2.053662e-01 2.664410e-01 3.503875e-01 4.465622e-01 5.118475e-01 5.898939e-01 6.387829e-01 6.049557e-01 5.691194e-01 5.476983e-01 5.012654e-01 9.643282e-02
<GCONST> 1.252460e+02
<MIXTURE> 3 2.780719e-01
<MEAN> 39
 -7.755669e+00 -1.019703e+01 -1.168144e+01 -1.537023e+01 -1.112479e+01 -1.706116e+01 -9.500486e+00 -7.020549e+00 -3.019219e+00 -1.874258e+00 -3.396919e+00 -6.892477e-01 6.909924e+01 -2.895383e-01 3.710670e-01 -1.639143e-01 5.033296e-01 3.448252e-02 -3.324113e-02 -4.513814e-01 -9.559694e-01 -7.390674e-01 -3.893718e-01 -6.660387e-01 -2.664340e-01 -1.016060e+00 -1.217592e-01 -3.477469e-02 9.489588e-02 -5.582377e-02 -5.502976e-03 -5.416215e-02 -5.372168e-02 3.679242e-02 -1.461472e-02 -8.220314e-02 1.019166e-02 -3.529715e-02 5.042603e-02
<VARIANCE> 39
 3.580596e+01 4.014574e+01 7.625660e+01 5.008393e+01 8.764295e+01 9.130897e+01 7.684004e+01 8.885989e+01 8.163790e+01 7.077029e+01 7.530086e+01 6.261009e+01 3.965136e+01 9.201967e-01 1.245004e+00 2.016940e+00 2.125562e+00 2.754022e+00 3.253258e+00 3.439710e+00 3.829032e+00 3.677756e+00 3.544689e+00 3.257913e+00 2.943654e+00 9.021555e-01 1.289006e-01 1.716515e-01 2.764539e-01 3.301125e-01 4.207047e-01 5.063662e-01 5.724861e-01 6.910852e-01 6.715068e-01 6.249912e-01 5.999759e-01 5.275597e-01 1.116319e-01
<GCONST> 1.240103e+02
<MIXTURE> 4 2.263820e-01
<MEAN> 39
 -1.118957e+01 -8.769083e+00 -7.502910e+00 -1.700911e+01 -1.121887e+01 -1.989764e+01 -9.695397e+00 -5.194377e+00 -7.719491e-01 -1.500465e+00 -5.100095e-02 -4.244041e-02 7.365746e+01 6.790629e-01 -5.298333e-01 -6.949602e-02 -4.621350e-01 -5.243712e-01 -1.959528e-01 -1.044366e-01 1.336453e-01 -1.222742e-01 -1.651376e-01 -1.247120e-01 -2.022909e-01 6.660092e-01 -2.219648e-02 5.878677e-02 -1.414640e-01 1.680724e-01 9.833758e-02 1.490956e-01 1.487001e-02 -2.125739e-01 -1.985685e-01 -1.027404e-01 -1.907502e-01 -7.074711e-02 -2.775470e-01
<VARIANCE> 39
 7.392806e+01 7.394370e+01 9.766151e+01 7.568447e+01 1.230274e+02 1.209073e+02 1.080194e+02 1.045095e+02 9.034811e+01 9.057565e+01 8.112883e+01 7.293722e+01 3.972707e+01 3.839566e+00 3.507844e+00 4.528427e+00 4.965789e+00 6.621726e+00 6.971806e+00 6.505678e+00 6.839775e+00 5.800591e+00 5.755564e+00 5.137902e+00 4.523178e+00 2.414865e+00 6.757864e-01 5.904881e-01 7.641270e-01 8.650788e-01 1.224939e+00 1.234609e+00 1.219110e+00 1.337320e+00 1.148654e+00 1.103583e+00 9.814499e-01 8.607144e-01 3.892109e-01
<GCONST> 1.490794e+02
<TRANSP> 3
 0.000000e+00 1.000000e+00 0.000000e+00
 0.000000e+00 9.851223e-01 1.487772e-02
 0.000000e+00 0.000000e+00 0.000000e+00
<ENDHMM>
~h "sil"
<BEGINHMM>
<NUMSTATES> 3
<STATE> 2
~s "silst"
<TRANSP> 3
 0.000000e+00 1.000000e+00 0.000000e+00
 0.000000e+00 9.968489e-01 3.151120e-03
 0.000000e+00 0.000000e+00 0.000000e+00
<ENDHMM>
~h "noise"
<BEGINHMM>
<NUMSTATES> 3
<STATE> 2
~s "silst"
<TRANSP> 3
 0.000000e+00 1.000000e+00 0.000000e+00
 0.000000e+00 9.872580e-01 1.274201e-02
 0.000000e+00 0.000000e+00 0.000000e+00
<ENDHMM>
