~o
<STREAMINFO> 1 39
<VECSIZE> 39<NULLD><MFCC_D_A_C_K_0><DIAGC>
~s "silst"
<NUMMIXES> 16
<MIXTURE> 1 2.113435e-02
<MEAN> 39
 -1.593911e+01 -8.401343e+00 -8.676190e+00 -1.457734e+01 -7.651069e+00 -1.700574e+01 -8.821383e+00 -7.648510e+00 -2.477423e+00 -3.417631e+00 -3.037256e+00 -7.114444e-01 6.861040e+01 -4.429984e-01 -2.822056e-01 1.268757e-02 -4.830815e-01 4.139448e-01 4.436984e-02 5.968738e-01 5.264527e-01 6.006559e-01 -8.022089e-02 5.307779e-01 1.298592e-01 1.534630e+00 1.845079e-01 -3.991842e-02 -1.158760e-01 1.150380e-01 -1.018131e-01 7.380939e-02 -5.427281e-02 -8.843795e-02 -1.432762e-01 -1.168690e-02 -1.365817e-01 -5.606476e-02 -2.784900e-01
<VARIANCE> 39
 6.526232e+01 5.047787e+01 6.411384e+01 5.683482e+01 8.211790e+01 7.076199e+01 7.473146e+01 7.143579e+01 6.303653e+01 6.148740e+01 5.750879e+01 4.382791e+01 7.263444e+01 4.552428e+00 3.528602e+00 4.615456e+00 4.615755e+00 6.346316e+00 5.486882e+00 6.063414e+00 6.142894e+00 5.534310e+00 5.075075e+00 4.965651e+00 3.802614e+00 4.884473e+00 6.780639e-01 5.408456e-01 6.872622e-01 7.679176e-01 9.773599e-01 9.175605e-01 1.038765e+00 1.078938e+00 9.643756e-01 8.880984e-01 8.621795e-01 6.776592e-01 8.887777e-01
<GCONST> 1.440237e+02
<MIXTURE> 2 5.439229e-02
<MEAN> 39
 -1.585307e+01 -1.001186e+01 -1.341598e+01 -1.375259e+01 -1.138110e+01 -1.597296e+01 -1.013813e+01 -1.005332e+01 -6.686113e+00 -6.070464e+00 -7.930129e+00 -2.231369e+00 5.710833e+01 1.617881e-03 -1.154556e-02 1.007417e-02 9.313773e-02 1.643929e-01 3.254834e-01 4.448006e-01 5.507284e-01 5.882899e-01 5.651588e-01 4.282914e-01 2.727702e-01 -4.504234e-02 3.698284e-02 5.408010e-02 9.901156e-02 1.371513e-01 6.792127e-02 -4.403163e-02 -7.756594e-02 1.976698e-02 2.092193e-01 3.549213e-01 2.795834e-01 1.439563e-01 2.343564e-02
<VARIANCE> 39
 6.432659e+00 6.451819e+00 8.432936e+00 9.824360e+00 1.448215e+01 1.514965e+01 1.486914e+01 1.633458e+01 1.706120e+01 1.345533e+01 1.537588e+01 1.652392e+01 6.700826e+00 1.854249e-01 3.113476e-01 5.038512e-01 7.451274e-01 9.923941e-01 1.274736e+00 1.459993e+00 1.619811e+00 1.675029e+00 1.682794e+00 1.629183e+00 1.565278e+00 6.782661e-02 3.725172e-02 6.547555e-02 1.010760e-01 1.465617e-01 2.040778e-01 2.631248e-01 3.082637e-01 3.286666e-01 3.023244e-01 2.583283e-01 2.870423e-01 3.083556e-01 1.259233e-02
<GCONST> 7.533403e+01
<MIXTURE> 3 6.032695e-02
<MEAN> 39
 -1.266435e+01 -8.436794e+00 -1.013563e+01 -8.326733e+00 -9.272969e+00 -1.621376e+01 -1.309339e+01 -1.285488e+01 -8.298303e+00 -4.208706e+00 -8.410719e+00 -2.791580e+00 5.711402e+01 -5.092531e-02 -9.871946e-02 -8.564775e-02 1.226297e-02 1.859675e-01 4.177747e-01 6.281765e-01 8.006122e-01 8.747263e-01 8.404377e-01 6.556162e-01 4.186500e-01 -2.883480e-02 -3.585239e-02 -4.664202e-02 -1.202001e-01 -1.914307e-01 -1.180192e-01 -5.623996e-02 3.924866e-02 7.512298e-02 4.900461e-02 -8.565798e-03 1.804607e-02 8.302286e-03 1.469948e-02
<VARIANCE> 39
 2.150036e+00 3.146873e+00 4.214022e+00 5.763103e+00 9.407910e+00 1.188210e+01 1.221871e+01 1.207223e+01 1.333418e+01 1.366095e+01 1.440902e+01 1.456136e+01 1.032276e+00 1.683187e-01 3.016451e-01 4.902624e-01 7.336038e-01 9.903939e-01 1.196186e+00 1.362515e+00 1.505694e+00 1.580087e+00 1.569053e+00 1.564148e+00 1.536281e+00 5.304125e-02 2.990650e-02 5.290768e-02 8.092052e-02 1.205821e-01 1.799856e-01 2.305490e-01 2.547285e-01 2.666553e-01 2.816127e-01 2.903443e-01 3.133380e-01 3.162577e-01 9.734408e-03
<GCONST> 6.640757e+01
<MIXTURE> 4 8.307104e-02
<MEAN> 39
 -1.528641e+01 -7.644363e+00 -1.085139e+01 -1.128959e+01 -9.362276e+00 -1.815937e+01 -1.308833e+01 -1.326016e+01 -7.974848e+00 -6.088137e+00 -7.627771e+00 -3.442147e+00 5.937263e+01 -2.187806e-01 8.712003e-02 5.810006e-02 -1.461266e-01 2.051235e-01 1.575023e-02 1.858006e-01 1.565913e-01 2.521218e-01 6.304913e-02 2.853337e-01 8.280974e-02 2.098457e-01 6.096981e-03 -5.659266e-02 -2.702458e-02 -3.891823e-02 2.159440e-02 9.495064e-02 1.653779e-01 1.746321e-01 1.333039e-01 8.374328e-02 1.113927e-01 9.890235e-02 6.696428e-02
<VARIANCE> 39
 1.136828e+01 9.976336e+00 1.292784e+01 1.492756e+01 1.865857e+01 1.983048e+01 2.159111e+01 2.190540e+01 2.352735e+01 2.431030e+01 2.080235e+01 1.929689e+01 4.678051e+00 1.046514e+00 9.295930e-01 1.253549e+00 1.610581e+00 1.964889e+00 2.046423e+00 2.360276e+00 2.493965e+00 2.580957e+00 2.557248e+00 2.343854e+00 2.051096e+00 5.580781e-01 1.747966e-01 1.591272e-01 2.233837e-01 2.939048e-01 3.599901e-01 3.824182e-01 4.278440e-01 4.607831e-01 4.760652e-01 4.858101e-01 4.450496e-01 3.977854e-01 1.093649e-01
<GCONST> 9.902264e+01
<MIXTURE> 5 8.778133e-02
<MEAN> 39
 -1.286512e+01 -9.199232e+00 -1.166852e+01 -1.046591e+01 -1.146880e+01 -1.790302e+01 -1.388653e+01 -1.260236e+01 -7.947731e+00 -3.991662e+00 -8.727600e+00 -3.022491e+00 5.688271e+01 2.444113e-01 4.224014e-01 5.254693e-01 4.648633e-01 2.474936e-01 -1.159421e-02 -2.704027e-01 -4.044098e-01 -3.923764e-01 -2.632954e-01 -1.352144e-01 -1.823586e-02 8.638205e-02 -1.184064e-02 2.966618e-02 5.209070e-02 6.926130e-02 1.336198e-01 9.676448e-02 3.936124e-02 -6.742936e-02 -1.209270e-01 -1.317760e-01 -4.789025e-02 -2.163922e-02 1.999592e-02
<VARIANCE> 39
 1.897508e+00 3.140212e+00 4.345918e+00 5.826740e+00 8.770259e+00 1.125548e+01 1.182261e+01 1.251293e+01 1.389445e+01 1.434966e+01 1.393148e+01 1.399249e+01 9.109741e-01 1.457855e-01 2.533830e-01 4.141325e-01 6.561107e-01 9.432853e-01 1.199543e+00 1.349228e+00 1.488154e+00 1.540088e+00 1.539920e+00 1.550990e+00 1.547135e+00 4.471179e-02 2.979219e-02 5.554746e-02 8.445877e-02 1.188366e-01 1.700207e-01 2.226576e-01 2.538613e-01 2.764577e-01 2.964174e-01 3.083580e-01 3.087312e-01 3.069735e-01 9.308917e-03
<GCONST> 6.524619e+01
<MIXTURE> 6 9.123674e-02
<MEAN> 39
 -1.528698e+01 -1.019909e+01 -1.347947e+01 -1.331231e+01 -1.171578e+01 -1.606397e+01 -9.924666e+00 -7.953039e+00 -2.395479e+00 -1.196895e-01 -3.431898e+00 5.940903e-01 5.683776e+01 8.630115e-03 1.712747e-02 2.540027e-02 3.685987e-02 2.993600e-02 3.852387e-02 2.598671e-02 3.515570e-02 3.741604e-02 5.491839e-02 4.479327e-02 3.217698e-02 -2.153279e-02 3.261549e-02 8.130559e-02 1.203776e-01 1.208095e-01 8.388525e-02 -4.469895e-02 -1.742145e-01 -3.275406e-01 -4.614479e-01 -5.194337e-01 -4.305050e-01 -2.765172e-01 3.008712e-02
<VARIANCE> 39
 6.450338e+00 5.701664e+00 7.469972e+00 9.618601e+00 1.287508e+01 1.538642e+01 1.857168e+01 1.770115e+01 1.703043e+01 1.355635e+01 1.431466e+01 1.528470e+01 4.643128e+00 1.993491e-01 3.481282e-01 5.534844e-01 7.957408e-01 1.060109e+00 1.335141e+00 1.551307e+00 1.779591e+00 1.888965e+00 1.851986e+00 1.767299e+00 1.632531e+00 7.026974e-02 4.083728e-02 7.220870e-02 1.120023e-01 1.577069e-01 2.041677e-01 2.600006e-01 3.151269e-01 3.477795e-01 3.405592e-01 3.036222e-01 3.154370e-01 3.182904e-01 1.293836e-02
<GCONST> 7.661285e+01
<MIXTURE> 7 5.884197e-02
<MEAN> 39
 -1.740528e+01 -9.290317e+00 -1.094054e+01 -1.379096e+01 -9.179115e+00 -1.685438e+01 -9.734190e+00 -8.566625e+00 -3.481983e+00 -3.910489e+00 -3.306492e+00 2.194542e-01 6.152413e+01 3.486435e-02 -7.820867e-03 2.276473e-03 1.070090e-01 5.841278e-02 1.479517e-01 1.604001e-01 2.224050e-01 2.171620e-01 2.413691e-01 1.519683e-01 1.328911e-01 -1.211774e-01 2.570801e-02 -4.221417e-03 -2.998219e-02 2.003170e-02 -2.516960e-02 1.210457e-03 -3.864309e-02 -6.547640e-02 -5.922375e-02 -1.976817e-02 -1.199473e-01 -9.644976e-02 -2.501062e-02
<VARIANCE> 39
 1.851566e+01 1.474371e+01 1.845391e+01 1.687712e+01 3.052342e+01 2.888385e+01 3.042266e+01 3.208156e+01 3.375994e+01 2.725927e+01 2.479914e+01 2.357129e+01 9.044715e+00 2.715025e-01 4.186601e-01 6.814724e-01 9.135606e-01 1.228588e+00 1.473102e+00 1.658084e+00 1.833943e+00 1.890112e+00 1.889351e+00 1.791325e+00 1.695360e+00 1.564985e-01 4.460701e-02 7.680918e-02 1.253302e-01 1.811748e-01 2.543061e-01 3.157153e-01 3.633846e-01 4.033792e-01 4.049214e-01 3.785042e-01 3.723472e-01 3.575162e-01 1.738834e-02
<GCONST> 8.982905e+01
<MIXTURE> 8 3.588437e-02
<MEAN> 39
 -1.545348e+01 -9.985280e+00 -1.053782e+01 -1.507199e+01 -7.183773e+00 -1.504982e+01 -7.442853e+00 -6.909883e+00 -2.553286e+00 -3.532184e+00 -2.629623e+00 -7.845525e-01 6.796696e+01 1.188591e-01 9.746440e-02 -1.070286e-01 1.750711e-01 -6.569961e-02 -6.348283e-02 -1.940317e-01 -3.079904e-01 -2.947581e-01 -1.106574e-01 -2.353905e-01 -1.001963e-01 -4.460056e-01 6.172951e-02 4.298721e-02 4.485642e-02 1.169961e-01 -1.192916e-01 -1.101741e-01 -1.990631e-01 -1.754270e-01 -1.534113e-01 -5.247507e-02 -1.500413e-01 -5.258541e-02 -1.698417e-01
<VARIANCE> 39
 6.262577e+01 4.700200e+01 6.291995e+01 5.155124e+01 8.657581e+01 7.030091e+01 6.997645e+01 7.000040e+01 6.633986e+01 6.216599e+01 5.422998e+01 4.621181e+01 4.583486e+01 8.165556e-01 1.063455e+00 1.576423e+00 1.913216e+00 2.412351e+00 2.627925e+00 3.094908e+00 3.297901e+00 3.163022e+00 2.973853e+00 2.791038e+00 2.490376e+00 9.978137e-01 1.761139e-01 2.080092e-01 3.269851e-01 4.016739e-01 4.958898e-01 5.393762e-01 6.282982e-01 6.723132e-01 6.619394e-01 6.389605e-01 5.904106e-01 5.218551e-01 1.256748e-01
<GCONST> 1.226172e+02
<MIXTURE> 9 6.744455e-02
<MEAN> 39
 -1.296292e+01 -8.073228e+00 -1.021823e+01 -9.416177e+00 -1.025562e+01 -1.808269e+01 -1.533282e+01 -1.633348e+01 -1.251805e+01 -8.688098e+00 -1.099476e+01 -4.269997e+00 5.755128e+01 5.018146e-02 9.013185e-02 1.575517e-01 2.167404e-01 2.090044e-01 2.282478e-01 1.999600e-01 2.008346e-01 2.365893e-01 3.025469e-01 2.748512e-01 1.998637e-01 -8.270851e-03 -7.535456e-02 -1.158828e-01 -1.547702e-01 -1.436493e-01 -1.787619e-02 1.188853e-01 3.151058e-01 5.046222e-01 6.027456e-01 5.298436e-01 3.530391e-01 1.535076e-01 -5.153368e-03
<VARIANCE> 39
 3.702435e+00 4.617219e+00 6.075681e+00 8.300019e+00 1.180743e+01 1.395151e+01 1.457018e+01 1.407197e+01 1.439855e+01 1.396843e+01 1.544310e+01 1.562375e+01 1.755420e+00 2.159069e-01 3.480217e-01 5.401592e-01 7.775814e-01 9.962151e-01 1.234881e+00 1.464157e+00 1.686811e+00 1.804913e+00 1.727121e+00 1.610256e+00 1.530927e+00 7.322586e-02 4.110478e-02 6.708061e-02 1.014481e-01 1.511619e-01 2.139367e-01 2.591040e-01 2.898162e-01 2.968726e-01 2.886477e-01 2.909301e-01 3.276975e-01 3.308671e-01 1.405982e-02
<GCONST> 7.291708e+01
<MIXTURE> 10 5.099396e-02
<MEAN> 39
 -1.354156e+01 -9.907077e+00 -1.193437e+01 -9.646502e+00 -9.170696e+00 -1.466196e+01 -1.009569e+01 -9.228630e+00 -5.281495e+00 -2.279036e+00 -7.765282e+00 -2.827157e+00 5.674391e+01 3.215227e-02 3.196193e-02 3.010713e-02 5.424935e-02 7.691950e-02 1.265315e-01 1.571930e-01 1.996403e-01 1.992489e-01 2.016209e-01 1.826351e-01 1.576412e-01 1.691031e-03 7.664621e-02 1.511548e-01 1.292479e-01 -5.511232e-03 -1.156061e-01 -2.752741e-01 -3.854897e-01 -4.428608e-01 -3.861111e-01 -2.766170e-01 -7.233141e-02 1.659581e-02 5.934157e-02
<VARIANCE> 39
 2.078416e+00 3.040486e+00 4.300673e+00 5.899727e+00 9.107471e+00 1.068632e+01 1.066879e+01 1.116564e+01 1.255738e+01 1.320721e+01 1.251264e+01 1.335964e+01 1.060891e+00 1.736131e-01 3.085676e-01 4.916544e-01 7.394994e-01 9.933283e-01 1.223753e+00 1.423585e+00 1.628416e+00 1.747427e+00 1.729876e+00 1.663566e+00 1.603222e+00 5.470170e-02 3.042127e-02 5.426874e-02 8.688208e-02 1.300803e-01 1.802711e-01 2.143324e-01 2.289833e-01 2.533480e-01 2.802102e-01 2.880789e-01 2.917332e-01 3.023657e-01 1.004053e-02
<GCONST> 6.614497e+01
<MIXTURE> 11 6.814831e-02
<MEAN> 39
 -1.267602e+01 -8.795171e+00 -1.102265e+01 -9.568650e+00 -1.042002e+01 -1.727692e+01 -1.413731e+01 -1.364848e+01 -8.979668e+00 -4.556192e+00 -8.880022e+00 -3.076331e+00 5.700748e+01 8.458684e-02 1.133070e-01 9.688763e-02 1.678569e-03 -2.002995e-01 -4.182051e-01 -7.000769e-01 -9.310138e-01 -1.060806e+00 -1.003192e+00 -7.942103e-01 -4.320376e-01 1.088027e-02 -5.200978e-02 -4.276698e-02 -5.378458e-02 -7.217281e-02 -9.789892e-03 3.644942e-02 1.303237e-01 1.433647e-01 8.544239e-02 -5.500602e-03 1.301045e-02 4.443169e-03 3.474378e-03
<VARIANCE> 39
 2.065295e+00 3.161487e+00 4.505945e+00 6.626709e+00 9.641798e+00 1.199270e+01 1.219449e+01 1.200328e+01 1.282150e+01 1.327574e+01 1.446118e+01 1.461095e+01 9.365103e-01 1.492026e-01 2.671917e-01 4.402618e-01 6.821097e-01 9.488201e-01 1.149397e+00 1.293754e+00 1.380569e+00 1.416821e+00 1.419105e+00 1.455454e+00 1.492782e+00 4.687382e-02 2.890412e-02 5.349617e-02 8.305066e-02 1.285106e-01 1.834173e-01 2.321872e-01 2.500066e-01 2.588451e-01 2.643309e-01 2.849258e-01 3.140894e-01 3.179110e-01 9.098351e-03
<GCONST> 6.527120e+01
<MIXTURE> 12 9.132652e-02
<MEAN> 39
 -1.372768e+01 -1.011838e+01 -1.328370e+01 -1.250072e+01 -1.253807e+01 -1.894047e+01 -1.465858e+01 -1.380135e+01 -9.320293e+00 -5.676816e+00 -9.719399e+00 -3.877225e+00 5.692450e+01 -9.629114e-02 -1.909205e-01 -2.265081e-01 -1.821295e-01 -1.288896e-01 1.619731e-02 1.094526e-01 1.961191e-01 2.086744e-01 1.843770e-01 7.364118e-02 1.999623e-02 -7.208639e-02 5.643266e-02 1.548513e-01 2.525050e-01 2.870072e-01 2.815922e-01 2.145997e-01 1.717365e-01 1.365251e-01 1.266538e-01 1.141966e-01 1.456579e-01 1.154243e-01 4.552534e-02
<VARIANCE> 39
 2.989387e+00 3.775151e+00 4.703892e+00 6.529060e+00 9.810143e+00 1.228988e+01 1.321048e+01 1.414544e+01 1.567590e+01 1.514052e+01 1.576974e+01 1.534512e+01 1.493484e+00 1.787238e-01 3.020556e-01 4.900674e-01 7.426824e-01 1.004836e+00 1.248490e+00 1.454915e+00 1.659763e+00 1.753896e+00 1.732309e+00 1.684985e+00 1.601096e+00 5.938767e-02 3.467144e-02 5.752807e-02 8.095425e-02 1.199190e-01 1.788039e-01 2.374805e-01 2.780074e-01 3.120804e-01 3.274403e-01 3.239611e-01 3.357641e-01 3.327896e-01 1.142705e-02
<GCONST> 7.000334e+01
<MIXTURE> 13 6.613569e-02
<MEAN> 39
 -1.604263e+01 -8.367767e+00 -1.096384e+01 -1.194032e+01 -8.725585e+00 -1.672374e+01 -1.064909e+01 -1.055192e+01 -5.909539e+00 -5.325270e+00 -5.771335e+00 -1.791089e+00 5.957255e+01 1.593923e-01 -5.495057e-03 -3.405232e-02 4.559398e-02 -3.434282e-01 -3.830879e-01 -6.586711e-01 -7.804326e-01 -8.454691e-01 -7.035811e-01 -7.418828e-01 -4.198193e-01 -1.734725e-01 2.793534e-02 -5.415570e-02 -6.211476e-02 -5.113246e-02 -1.186230e-01 -6.865235e-02 -1.104535e-01 -7.904409e-02 -4.011776e-02 3.620394e-02 -6.706364e-02 -3.947628e-02 -2.003224e-02
<VARIANCE> 39
 1.051603e+01 9.996188e+00 1.275784e+01 1.355298e+01 1.926063e+01 2.057423e+01 2.159984e+01 2.324550e+01 2.469611e+01 2.213814e+01 2.117246e+01 2.080399e+01 5.050461e+00 3.560017e-01 4.674022e-01 7.185118e-01 9.672680e-01 1.214041e+00 1.426417e+00 1.618335e+00 1.734146e+00 1.813705e+00 1.803113e+00 1.702807e+00 1.670859e+00 1.634002e-01 5.528337e-02 7.940830e-02 1.268577e-01 1.829649e-01 2.404459e-01 2.930427e-01 3.386985e-01 3.647345e-01 3.887115e-01 3.768444e-01 3.806991e-01 3.599930e-01 2.091421e-02
<GCONST> 8.582888e+01
<MIXTURE> 14 5.672640e-02
<MEAN> 39
 -1.233228e+01 -7.758115e+00 -9.791288e+00 -8.892326e+00 -1.036086e+01 -1.795492e+01 -1.535066e+01 -1.613887e+01 -1.233853e+01 -8.173411e+00 -1.114659e+01 -4.204968e+00 5.736528e+01 -1.194487e-02 -7.302178e-02 -1.213179e-01 -1.548062e-01 -2.423158e-01 -2.356835e-01 -2.564622e-01 -2.594431e-01 -2.955130e-01 -3.188464e-01 -3.618748e-01 -2.454896e-01 -3.741394e-02 -1.205771e-01 -1.738496e-01 -2.092818e-01 -1.733405e-01 -2.233656e-02 1.125576e-01 2.866914e-01 4.439803e-01 5.225756e-01 4.560871e-01 3.282090e-01 1.392366e-01 -2.504579e-02
<VARIANCE> 39
 2.695612e+00 3.714021e+00 5.369427e+00 7.896813e+00 1.061802e+01 1.337549e+01 1.414984e+01 1.348648e+01 1.358053e+01 1.352396e+01 1.444944e+01 1.465036e+01 1.148636e+00 1.867666e-01 3.297292e-01 5.215027e-01 7.350792e-01 9.482309e-01 1.171936e+00 1.387696e+00 1.552864e+00 1.641219e+00 1.579307e+00 1.501075e+00 1.460980e+00 5.874773e-02 3.314079e-02 5.926032e-02 9.468370e-02 1.475042e-01 2.002863e-01 2.522753e-01 2.847334e-01 2.901589e-01 2.840906e-01 2.874008e-01 3.104040e-01 3.156927e-01 1.013478e-02
<GCONST> 6.926985e+01
<MIXTURE> 15 6.392550e-02
<MEAN> 39
 -1.274559e+01 -8.637655e+00 -1.039568e+01 -8.608748e+00 -9.625496e+00 -1.661001e+01 -1.350664e+01 -1.338717e+01 -8.994710e+00 -4.749860e+00 -9.093658e+00 -3.258541e+00 5.695673e+01 -1.903712e-01 -3.131183e-01 -3.574412e-01 -3.006935e-01 -1.785536e-01 3.088890e-02 2.163783e-01 3.654270e-01 4.191290e-01 3.769208e-01 1.855854e-01 2.617074e-02 -1.021179e-01 -6.473067e-02 -8.997768e-02 -1.698773e-01 -2.433307e-01 -1.841116e-01 -1.247226e-01 -4.275136e-02 -1.799509e-02 -4.965273e-02 -9.950603e-02 -7.056779e-02 -5.890282e-02 -5.797120e-03
<VARIANCE> 39
 2.088451e+00 3.093951e+00 4.183734e+00 5.840255e+00 9.273224e+00 1.174770e+01 1.220083e+01 1.214819e+01 1.336482e+01 1.367295e+01 1.440871e+01 1.448178e+01 9.718490e-01 1.610046e-01 2.941463e-01 4.777263e-01 7.183688e-01 9.722034e-01 1.178788e+00 1.334773e+00 1.462044e+00 1.521855e+00 1.510127e+00 1.508923e+00 1.513202e+00 5.001339e-02 2.923263e-02 5.277970e-02 8.033002e-02 1.185476e-01 1.775303e-01 2.266664e-01 2.496840e-01 2.614206e-01 2.747379e-01 2.870414e-01 3.105621e-01 3.134158e-01 9.183618e-03
<GCONST> 6.566621e+01
<MIXTURE> 16 4.292242e-02
<MEAN> 39
 -1.364009e+01 -1.012862e+01 -1.229248e+01 -1.015588e+01 -9.745350e+00 -1.522501e+01 -1.062870e+01 -9.784712e+00 -5.921581e+00 -2.766710e+00 -8.273341e+00 -3.159446e+00 5.659503e+01 -9.988805e-02 -1.737271e-01 -2.321697e-01 -2.680952e-01 -3.153605e-01 -3.060202e-01 -3.169430e-01 -3.147299e-01 -3.468767e-01 -3.502989e-01 -3.630859e-01 -2.856627e-01 -6.931292e-02 4.193210e-02 1.055844e-01 8.128021e-02 -4.083538e-02 -1.571587e-01 -3.206986e-01 -4.451224e-01 -5.166644e-01 -4.711577e-01 -3.636926e-01 -1.687935e-01 -6.045370e-02 3.524578e-02
<VARIANCE> 39
 2.152344e+00 3.101377e+00 4.413073e+00 6.218051e+00 9.208650e+00 1.087388e+01 1.107170e+01 1.150116e+01 1.301450e+01 1.354829e+01 1.292917e+01 1.351340e+01 1.077972e+00 1.658805e-01 3.022821e-01 4.828450e-01 7.249976e-01 9.674833e-01 1.207698e+00 1.416680e+00 1.616819e+00 1.735714e+00 1.720356e+00 1.633001e+00 1.567562e+00 5.180538e-02 2.978215e-02 5.492202e-02 8.731800e-02 1.298378e-01 1.793963e-01 2.133685e-01 2.290600e-01 2.521585e-01 2.807832e-01 2.932556e-01 2.976432e-01 3.050361e-01 9.370235e-03
<GCONST> 6.619111e+01
~h "sp"
<BEGINHMM>
<NUMSTATES> 3
<STATE> 2
~s "silst"
<TRANSP> 3
 0.000000e+00 5.981792e-01 4.018209e-01
 0.000000e+00 9.845047e-01 1.549525e-02
 0.000000e+00 0.000000e+00 0.000000e+00
<ENDHMM>
~h "oov"
<BEGINHMM>
<NUMSTATES> 3
<STATE> 2
<NUMMIXES> 16
<MIXTURE> 1 7.419676e-02
<MEAN> 39
 -1.509246e+01 -4.787961e+00 -9.481866e+00 -1.232838e+01 -8.421456e+00 -1.967566e+01 -9.326462e+00 -7.146272e+00 -9.230626e-01 -2.010651e+00 -8.744959e-01 2.058513e-01 6.683854e+01 9.343026e-01 -2.665006e-01 3.203416e-01 -1.094882e+00 -8.462560e-01 -6.839842e-01 4.850113e-02 9.460051e-01 9.378792e-01 4.675851e-01 8.329570e-01 3.410912e-01 1.636192e+00 2.913603e-01 -3.417817e-01 -7.635289e-02 -3.350360e-01 -2.263478e-01 1.701490e-01 -1.691911e-02 -2.324745e-02 -2.207314e-01 -1.553722e-01 -2.373739e-01 -1.635922e-01 2.589662e-01
<VARIANCE> 39
 5.601567e+01 3.775817e+01 4.165935e+01 3.404882e+01 6.449789e+01 6.044815e+01 5.681330e+01 4.741418e+01 4.562189e+01 4.908951e+01 3.710115e+01 3.277638e+01 1.678965e+01 7.641277e+00 4.307247e+00 6.054334e+00 5.431202e+00 8.933806e+00 7.550128e+00 7.642588e+00 7.791385e+00 6.665616e+00 6.520813e+00 6.019408e+00 4.946512e+00 2.846118e+00 5.376956e-01 4.142174e-01 4.840878e-01 5.304619e-01 7.676893e-01 8.390765e-01 8.319740e-01 8.300415e-01 7.384034e-01 7.654434e-01 7.187606e-01 6.257168e-01 2.638673e-01
<GCONST> 1.375198e+02
<MIXTURE> 2 4.358595e-02
<MEAN> 39
 -1.975853e+01 -5.028133e+00 -9.323921e+00 -1.293622e+01 -3.997448e+00 -1.534802e+01 -5.547347e+00 -6.992184e+00 -1.683984e+00 -4.973047e+00 3.538650e-01 -1.312197e+00 7.131152e+01 -8.151862e-02 1.346440e-01 2.038095e-01 2.982543e-01 3.912797e-01 3.820934e-01 3.799869e-01 4.607185e-01 4.626987e-01 3.371784e-01 2.748906e-01 1.543607e-01 -1.176713e-01 1.345940e-01 -7.220265e-02 2.234436e-02 -2.658873e-02 -1.012291e-01 -4.483628e-03 -3.334197e-02 -1.295541e-02 -1.313257e-03 6.435383e-02 -3.629652e-02 1.679157e-02 -3.867134e-02
<VARIANCE> 39
 1.021306e+02 1.021145e+02 8.266314e+01 7.950554e+01 1.020194e+02 7.956623e+01 8.978075e+01 9.172653e+01 7.717239e+01 7.095059e+01 8.446989e+01 5.332301e+01 3.702906e+01 4.031286e-01 7.279162e-01 9.716910e-01 1.256135e+00 1.661169e+00 1.933663e+00 2.177996e+00 2.253272e+00 2.285970e+00 2.238411e+00 2.134475e+00 1.931999e+00 2.708302e-01 8.827634e-02 1.417852e-01 1.752077e-01 2.538299e-01 3.300426e-01 3.847654e-01 4.445352e-01 4.741909e-01 4.527755e-01 4.395151e-01 4.177342e-01 3.734307e-01 3.120013e-02
<GCONST> 1.137908e+02
<MIXTURE> 3 4.553341e-02
<MEAN> 39
 -2.237188e+00 -8.509852e+00 -1.636904e+01 -2.208092e+01 -9.837790e+00 -1.234176e+01 -1.124201e+01 -1.054996e+01 -3.175038e+00 2.637696e+00 3.147914e-01 7.326676e-01 7.094562e+01 1.219714e-01 1.502464e-01 -6.855550e-02 2.657037e-01 2.639199e-01 4.801962e-01 2.856506e-01 4.086791e-02 2.442154e-01 5.000084e-01 2.157339e-01 1.999358e-01 -2.765652e-01 -3.742120e-01 -7.953269e-02 3.399056e-01 3.042625e-01 1.065714e-01 -1.705808e-01 9.920944e-02 3.760387e-01 1.936433e-01 -1.858991e-01 -5.187457e-02 1.263546e-02 1.270007e-02
<VARIANCE> 39
 1.267617e+01 3.558733e+01 3.694265e+01 6.422976e+01 6.605170e+01 9.028391e+01 7.175352e+01 6.893896e+01 8.643186e+01 8.597569e+01 9.619737e+01 8.697961e+01 2.010239e+01 1.200677e+00 1.808358e+00 1.942192e+00 3.596762e+00 3.231222e+00 4.508090e+00 4.118822e+00 4.620562e+00 4.706652e+00 4.282658e+00 4.345280e+00 3.759760e+00 1.395959e+00 1.666991e-01 2.225103e-01 2.937708e-01 5.758868e-01 5.426464e-01 6.396334e-01 7.013995e-01 7.663333e-01 8.177704e-01 7.805287e-01 7.808592e-01 7.103172e-01 1.594745e-01
<GCONST> 1.285572e+02
<MIXTURE> 4 6.366335e-02
<MEAN> 39
 -6.320786e+00 -1.359949e+01 -1.165766e+01 -1.959671e+01 -9.470858e+00 -1.583448e+01 -1.254949e+01 -4.451235e+00 1.783472e+00 -2.284550e-01 -7.284803e-01 -2.987797e+00 7.591201e+01 5.451629e-01 -1.644011e+00 -2.416733e-01 -1.066469e+00 1.636867e-01 6.057705e-01 4.976557e-01 1.491818e+00 5.779300e-01 -2.619710e-01 1.020330e-01 -1.525753e-01 1.800282e+00 -4.380036e-01 3.088953e-01 1.375754e-01 4.161998e-01 1.136359e-01 -3.482348e-03 3.238219e-01 -2.666526e-01 -5.050591e-01 -2.425629e-01 -1.448273e-01 1.708678e-01 -4.463498e-01
<VARIANCE> 39
 2.453558e+01 4.595180e+01 7.414536e+01 6.941594e+01 1.002816e+02 1.333781e+02 1.044579e+02 9.120474e+01 8.927509e+01 8.843023e+01 1.033039e+02 8.194081e+01 3.539177e+01 3.334714e+00 3.496616e+00 4.903958e+00 5.939813e+00 6.856494e+00 7.806223e+00 7.020090e+00 7.356237e+00 6.817131e+00 6.471011e+00 6.035988e+00 5.822529e+00 3.056166e+00 4.170236e-01 5.146388e-01 7.322605e-01 8.721395e-01 1.100954e+00 1.268417e+00 1.189802e+00 1.273992e+00 1.178708e+00 1.104591e+00 1.129224e+00 9.382080e-01 4.149478e-01
<GCONST> 1.479185e+02
<MIXTURE> 5 4.660188e-02
<MEAN> 39
 -6.512214e+00 -1.744758e+01 -8.303676e+00 -1.989853e+01 -1.175032e+01 -1.516329e+01 -7.562826e+00 -6.670744e-01 -1.858610e+00 -3.394095e+00 -1.355290e+00 -1.655656e+00 7.773794e+01 1.500355e-01 3.269698e-01 7.437471e-02 3.228709e-01 9.906265e-02 1.519517e-01 2.458585e-01 9.545052e-02 1.352983e-01 3.516652e-01 2.174087e-01 3.168250e-01 -3.232920e-01 1.855226e-02 2.747637e-01 -1.359930e-02 2.025531e-01 4.591237e-02 -1.905542e-02 7.834569e-03 -8.861891e-02 1.455728e-01 1.906001e-01 4.618787e-02 1.142154e-01 -1.762654e-01
<VARIANCE> 39
 1.955299e+01 3.830688e+01 9.134138e+01 7.337671e+01 1.534917e+02 1.426320e+02 1.371617e+02 1.076715e+02 1.047066e+02 8.724720e+01 9.951974e+01 1.042528e+02 2.593123e+01 4.478705e-01 1.086951e+00 1.578500e+00 1.748243e+00 2.458912e+00 2.701195e+00 3.266702e+00 3.449855e+00 3.262202e+00 2.963214e+00 2.830248e+00 2.632517e+00 5.633473e-01 7.025886e-02 1.549443e-01 2.308007e-01 2.934952e-01 4.086199e-01 4.722097e-01 5.797316e-01 6.005560e-01 5.998161e-01 5.386469e-01 5.320677e-01 4.954240e-01 7.249905e-02
<GCONST> 1.216366e+02
<MIXTURE> 6 6.555370e-02
<MEAN> 39
 -9.466672e+00 -8.394338e+00 -1.402385e+01 -1.610506e+01 -1.286467e+01 -1.664635e+01 -1.135954e+01 -8.902682e+00 -3.847148e+00 -2.126390e+00 -5.038497e+00 -8.718712e-01 6.312229e+01 -2.715360e-01 7.698186e-02 1.730181e-01 2.719709e-01 6.570259e-02 1.190378e-02 2.639436e-02 3.508415e-02 3.913481e-03 1.100164e-01 9.501332e-02 1.390162e-01 -3.896056e-01 -2.547015e-02 3.988616e-02 1.633076e-01 1.773760e-01 1.504380e-01 1.355270e-02 -2.325486e-02 -5.102476e-02 -5.510516e-02 -1.370587e-02 1.057784e-01 4.974389e-02 6.445488e-02
<VARIANCE> 39
 2.218444e+01 1.681728e+01 2.802803e+01 2.443665e+01 3.421457e+01 4.100554e+01 3.701758e+01 4.361690e+01 4.855935e+01 4.175232e+01 4.168249e+01 3.384857e+01 1.017916e+01 4.236748e-01 5.873668e-01 9.879074e-01 1.148012e+00 1.509201e+00 1.957206e+00 2.137827e+00 2.338589e+00 2.297385e+00 2.301854e+00 2.182851e+00 1.993416e+00 2.534204e-01 6.422589e-02 9.099707e-02 1.451462e-01 1.792872e-01 2.466083e-01 3.113428e-01 3.689939e-01 4.240812e-01 4.440920e-01 4.435194e-01 4.167603e-01 3.843886e-01 3.186645e-02
<GCONST> 9.902407e+01
<MIXTURE> 7 8.262274e-02
<MEAN> 39
 -1.986937e+01 -2.321733e+00 -5.148967e+00 -1.552116e+01 -7.928098e+00 -1.972207e+01 -7.571799e+00 -9.315310e+00 -2.352442e+00 -4.256052e+00 -1.387019e-01 -4.079284e-01 7.257504e+01 -1.691676e-01 4.100068e-01 1.206144e-01 1.364187e-01 -2.378861e-01 -4.972286e-01 4.938347e-02 -1.587832e-01 6.443952e-02 -6.367327e-02 1.584221e-01 5.224869e-02 3.396348e-01 5.093608e-01 -2.921699e-01 -2.493638e-01 7.391926e-02 -1.986607e-01 7.158354e-02 -1.321442e-01 1.412725e-01 2.081359e-02 1.062952e-01 -1.478117e-01 -4.251701e-02 -1.855513e-01
<VARIANCE> 39
 6.436770e+01 6.156571e+01 9.288530e+01 7.836308e+01 1.274445e+02 9.974406e+01 9.197643e+01 8.538594e+01 7.586970e+01 7.591138e+01 6.455547e+01 5.114365e+01 2.923860e+01 5.665858e+00 3.525846e+00 3.672065e+00 3.909862e+00 6.385342e+00 5.496757e+00 5.726492e+00 5.139634e+00 4.681639e+00 4.510562e+00 4.278531e+00 3.553524e+00 1.579364e+00 7.432820e-01 5.258338e-01 7.083929e-01 7.486864e-01 1.259033e+00 1.191424e+00 1.123144e+00 1.114465e+00 1.012937e+00 9.796095e-01 8.846714e-01 7.340577e-01 2.823827e-01
<GCONST> 1.435900e+02
<MIXTURE> 8 5.238979e-02
<MEAN> 39
 -1.248548e+01 -7.723034e+00 -1.108706e+01 -1.103917e+01 -9.806399e+00 -1.717507e+01 -1.250680e+01 -1.183267e+01 -7.054335e+00 -4.275046e+00 -7.171489e+00 -2.348763e+00 6.001751e+01 -8.430842e-02 1.080994e-01 5.366840e-01 -7.384536e-01 4.445855e-01 -8.933133e-02 5.264366e-01 1.201033e+00 1.084776e+00 6.312055e-01 1.298786e+00 5.331069e-01 1.395483e+00 8.349147e-02 -1.152623e-01 3.710730e-02 -5.025992e-01 3.179208e-02 -1.202179e-01 2.576981e-01 5.166155e-01 4.668819e-01 1.878887e-01 3.981477e-01 1.702626e-01 8.184637e-01
<VARIANCE> 39
 1.504380e+01 1.107601e+01 1.698201e+01 1.573439e+01 2.158969e+01 2.328129e+01 2.516002e+01 2.715438e+01 2.782310e+01 2.797634e+01 2.573702e+01 2.306691e+01 7.566641e+00 4.267008e+00 2.368690e+00 4.216455e+00 3.499553e+00 5.183776e+00 4.668633e+00 4.923831e+00 5.088887e+00 4.792093e+00 4.872247e+00 4.252896e+00 3.564561e+00 1.676240e+00 4.598404e-01 4.499337e-01 6.159503e-01 5.368332e-01 8.259553e-01 7.678465e-01 7.736547e-01 8.476648e-01 7.795998e-01 7.915235e-01 7.286659e-01 6.501890e-01 2.288114e-01
<GCONST> 1.217289e+02
<MIXTURE> 9 7.091553e-02
<MEAN> 39
 -1.080252e+01 -1.460093e+01 -1.874196e+01 -1.410644e+01 -1.081742e+00 -9.901437e+00 -3.764493e+00 -4.011355e+00 1.738014e+00 -3.713139e+00 -5.801103e+00 -3.446969e+00 7.334666e+01 -2.105367e-01 4.424329e-01 -8.385221e-03 4.327640e-01 -5.174972e-02 -1.385559e-01 -3.379983e-01 -6.225632e-01 -4.201571e-01 -1.782554e-01 -2.920493e-01 8.260398e-02 -8.276896e-01 4.546113e-02 1.460612e-01 3.248301e-01 -1.248876e-01 -4.111788e-01 -3.550151e-01 -4.168278e-01 -2.632683e-01 -2.574480e-01 1.789127e-02 1.699683e-01 1.023865e-01 -1.040705e-01
<VARIANCE> 39
 5.651215e+01 4.761456e+01 4.358296e+01 4.305893e+01 6.610294e+01 9.367582e+01 6.851778e+01 6.473392e+01 6.209757e+01 5.944980e+01 5.658218e+01 5.986499e+01 5.484343e+01 1.399332e+00 1.695457e+00 1.946414e+00 2.124255e+00 3.341954e+00 3.743503e+00 3.784949e+00 4.021590e+00 3.683702e+00 3.453202e+00 3.319347e+00 2.881102e+00 1.194090e+00 2.152333e-01 2.527632e-01 3.071049e-01 3.543866e-01 4.704905e-01 6.179187e-01 6.062346e-01 6.700721e-01 6.508746e-01 6.236047e-01 5.804768e-01 5.291878e-01 1.718120e-01
<GCONST> 1.259889e+02
<MIXTURE> 10 9.236485e-02
<MEAN> 39
 -8.021809e+00 -6.347803e+00 -3.832340e+00 -1.418136e+01 -1.855593e+01 -2.351182e+01 -1.221279e+01 -1.009191e+01 -5.709245e+00 -3.143833e-01 -1.459485e+00 1.744425e+00 6.759470e+01 -1.073171e-01 1.547617e-01 -4.148673e-01 2.694945e-01 3.766547e-01 4.148669e-01 -2.275254e-01 -3.783817e-01 -8.318220e-02 2.899818e-02 -2.290174e-01 -6.138502e-02 -6.907519e-01 -1.714131e-01 -1.868325e-01 -2.032212e-01 -1.045093e-01 2.817599e-01 2.909665e-01 1.716618e-01 1.938189e-01 3.382456e-02 -2.017174e-01 -1.189388e-01 -1.633825e-01 3.775491e-02
<VARIANCE> 39
 1.668400e+01 2.427824e+01 5.379868e+01 5.614891e+01 4.903279e+01 6.443400e+01 6.855650e+01 8.673127e+01 8.353017e+01 7.065047e+01 6.618106e+01 5.674578e+01 1.926620e+01 7.946460e-01 1.147642e+00 2.429563e+00 2.519569e+00 2.736750e+00 2.984561e+00 3.597720e+00 4.241374e+00 3.802010e+00 3.714585e+00 3.495317e+00 3.058718e+00 1.119800e+00 9.830897e-02 1.401800e-01 2.642705e-01 3.516710e-01 3.907920e-01 4.516519e-01 5.580590e-01 6.657546e-01 6.950805e-01 6.243081e-01 5.868961e-01 5.431600e-01 7.969285e-02
<GCONST> 1.200983e+02
<MIXTURE> 11 7.372901e-02
<MEAN> 39
 -7.782043e+00 -1.425637e+01 -3.680025e+00 -1.755918e+01 -1.724752e+01 -2.433188e+01 -7.517038e+00 2.160388e+00 -1.642927e+00 -3.514410e+00 -1.693695e+00 1.764267e+00 7.615650e+01 2.375684e-01 -1.824005e-01 -2.711163e-01 -5.864904e-02 7.014750e-02 3.029470e-01 5.113140e-01 -9.042935e-02 -3.897167e-01 -6.456429e-02 -2.451421e-01 -2.189488e-02 -4.741591e-02 -1.645905e-01 4.697347e-01 -3.541025e-01 2.692648e-01 4.662626e-01 4.005375e-01 -2.177904e-01 -8.440178e-01 -1.108200e-01 1.822393e-01 -3.913735e-02 -1.797191e-01 -5.183598e-01
<VARIANCE> 39
 1.792807e+01 3.721662e+01 8.566749e+01 6.345858e+01 1.029147e+02 9.121485e+01 1.353675e+02 8.368872e+01 1.045402e+02 9.966484e+01 9.721488e+01 8.794526e+01 3.427626e+01 1.435414e+00 2.612559e+00 4.132617e+00 3.555226e+00 4.940945e+00 4.525379e+00 5.726140e+00 6.352339e+00 5.314766e+00 5.183223e+00 4.529284e+00 3.892718e+00 2.083859e+00 2.638063e-01 3.335094e-01 5.903988e-01 6.469771e-01 8.535421e-01 8.910323e-01 1.110793e+00 9.507067e-01 1.073884e+00 1.035588e+00 9.336568e-01 8.245577e-01 1.988277e-01
<GCONST> 1.393501e+02
<MIXTURE> 12 8.856566e-02
<MEAN> 39
 -1.376511e+01 -6.032364e+00 -1.094524e+01 -1.053940e+01 -1.021673e+01 -1.843005e+01 -1.346656e+01 -1.368595e+01 -8.300080e+00 -6.830291e+00 -7.195537e+00 -2.882819e+00 6.180652e+01 -7.668739e-02 8.307607e-03 7.538705e-02 1.410101e-01 -4.138516e-02 -1.839812e-02 -2.300198e-01 -1.324975e-01 -1.286655e-01 -4.508560e-02 -9.489192e-02 -1.310105e-01 -2.107205e-01 9.898341e-02 -5.671656e-02 1.713687e-03 -2.438836e-01 -4.022033e-02 5.571384e-02 2.572314e-01 4.445346e-01 4.049743e-01 3.477551e-01 3.482998e-01 2.078226e-01 2.323015e-01
<VARIANCE> 39
 3.154972e+01 1.768738e+01 2.076768e+01 1.842318e+01 2.373767e+01 2.591898e+01 2.741952e+01 2.806535e+01 3.143745e+01 2.780456e+01 3.083396e+01 2.475926e+01 1.047212e+01 1.568887e+00 1.070423e+00 1.383182e+00 1.573780e+00 2.033750e+00 2.119890e+00 2.427124e+00 2.713491e+00 2.744817e+00 2.674062e+00 2.554575e+00 2.224614e+00 5.726742e-01 2.223895e-01 1.773541e-01 2.612556e-01 2.828031e-01 3.901714e-01 4.203298e-01 4.459821e-01 4.949979e-01 5.072820e-01 5.034907e-01 4.852283e-01 4.349250e-01 9.387919e-02
<GCONST> 1.061489e+02
<MIXTURE> 13 5.123160e-02
<MEAN> 39
 -9.669589e+00 -9.134774e+00 -1.398118e+01 -1.364735e+01 -1.063310e+01 -1.549327e+01 -9.825140e+00 -8.275907e+00 -4.636285e+00 -2.595280e+00 -5.967065e+00 -6.641409e-01 6.156174e+01 -8.021673e-01 7.770692e-02 3.594249e-01 6.790384e-01 1.673223e-01 -1.084487e-01 -7.359731e-01 -1.151109e+00 -1.229728e+00 -9.471704e-01 -9.568816e-01 -6.298236e-01 -9.327478e-01 2.048958e-02 -2.139249e-02 9.786692e-02 -8.180229e-02 -7.279962e-02 -1.932808e-01 -1.179275e-01 -2.232268e-02 -1.242179e-02 -5.523963e-02 4.306070e-02 -4.604391e-02 2.056902e-01
<VARIANCE> 39
 1.131068e+01 1.226583e+01 2.337113e+01 1.988029e+01 2.976430e+01 3.878684e+01 3.245704e+01 3.755354e+01 4.131637e+01 3.982730e+01 4.062696e+01 3.055423e+01 6.597244e+00 5.810138e-01 8.215464e-01 1.477608e+00 1.560343e+00 2.173210e+00 2.682938e+00 2.653476e+00 2.955923e+00 2.912250e+00 2.941143e+00 2.660936e+00 2.468034e+00 3.734733e-01 7.084201e-02 1.045232e-01 1.590019e-01 2.108371e-01 2.722683e-01 3.457792e-01 3.943376e-01 4.482545e-01 4.701679e-01 4.794685e-01 4.510967e-01 4.064102e-01 4.198425e-02
<GCONST> 1.015343e+02
<MIXTURE> 14 5.470189e-02
<MEAN> 39
 -1.560118e+01 -6.014263e+00 -9.918552e+00 -1.405970e+01 -6.997145e+00 -1.427819e+01 -7.806716e+00 -8.215458e+00 -1.924943e+00 -2.965477e+00 -4.369653e-01 2.819430e-01 6.891057e+01 2.796763e-02 -1.266966e-01 -2.139460e-01 -1.520492e-01 -3.327923e-01 -2.354104e-01 -3.144562e-01 -2.639281e-01 -2.986414e-01 -2.526447e-01 -3.659405e-01 -1.700411e-01 -3.575473e-01 4.737731e-02 -7.888937e-02 -7.517074e-02 -8.044317e-02 -1.621767e-01 -1.608619e-01 -1.235325e-01 -9.718252e-02 -1.184971e-01 -1.007482e-01 -1.658293e-01 -1.074023e-01 -3.661118e-02
<VARIANCE> 39
 1.022633e+02 6.770956e+01 6.932549e+01 6.512431e+01 9.696442e+01 6.853381e+01 8.338829e+01 7.326144e+01 6.627158e+01 5.664469e+01 5.092353e+01 4.066287e+01 3.164790e+01 3.608094e-01 5.766636e-01 8.117247e-01 1.081280e+00 1.435950e+00 1.728893e+00 1.943949e+00 2.054975e+00 2.011713e+00 2.042649e+00 1.918695e+00 1.745196e+00 2.518308e-01 7.489827e-02 1.008608e-01 1.455118e-01 2.126218e-01 2.685252e-01 3.235196e-01 3.981885e-01 4.271221e-01 4.164020e-01 4.080201e-01 3.862930e-01 3.444071e-01 2.480401e-02
<GCONST> 1.075493e+02
<MIXTURE> 15 4.555181e-02
<MEAN> 39
 -3.098102e+00 -8.438724e+00 -1.667410e+01 -2.083519e+01 -9.851660e+00 -1.292087e+01 -1.171755e+01 -1.093295e+01 -3.677707e+00 1.635442e+00 -7.324225e-01 -1.755755e-01 6.951335e+01 -1.784088e-01 5.765064e-02 -3.336740e-01 2.435276e-01 -1.214244e-01 -1.777473e-02 -1.208254e-01 -6.125605e-01 -5.972691e-01 -3.328317e-01 -6.215473e-01 -4.048002e-01 -6.097111e-01 -4.574775e-01 -1.185073e-01 3.092797e-01 2.941881e-01 2.371811e-02 -2.848004e-01 -2.511184e-02 2.049339e-01 -9.326123e-03 -3.803379e-01 -2.396627e-01 -1.217543e-01 -6.575558e-02
<VARIANCE> 39
 1.282816e+01 3.025127e+01 3.486561e+01 5.602705e+01 5.818223e+01 7.998717e+01 6.930114e+01 6.570720e+01 8.153882e+01 7.915587e+01 9.034220e+01 7.543556e+01 1.935641e+01 1.403901e+00 1.730770e+00 1.958054e+00 3.576048e+00 3.040658e+00 4.369778e+00 4.045432e+00 4.549708e+00 4.745063e+00 4.362171e+00 4.184319e+00 3.593168e+00 1.519596e+00 1.682727e-01 2.092705e-01 2.844257e-01 5.361471e-01 5.129899e-01 6.154814e-01 6.802577e-01 7.451341e-01 8.129504e-01 7.672209e-01 7.675579e-01 6.821079e-01 1.385947e-01
<GCONST> 1.269850e+02
<MIXTURE> 16 4.718001e-02
<MEAN> 39
 -6.718155e+00 -1.691641e+01 -7.804069e+00 -1.912275e+01 -1.113628e+01 -1.553144e+01 -7.822149e+00 -4.584932e-01 -3.201151e+00 -4.659908e+00 -2.255106e+00 -2.287202e+00 7.675081e+01 -1.480275e-02 2.242676e-01 -2.780043e-01 4.635004e-02 -2.986290e-01 -3.507059e-01 -3.333826e-01 -6.511763e-01 -5.709761e-01 -2.894976e-01 -4.045519e-01 -1.790397e-01 -5.628410e-01 -4.078610e-02 2.200863e-01 -1.279151e-01 1.091765e-01 -9.035230e-02 -1.815373e-01 -1.624945e-01 -2.967453e-01 -1.080056e-02 4.167789e-02 -1.279866e-01 -2.072632e-02 -2.314171e-01
<VARIANCE> 39
 1.937567e+01 3.474401e+01 8.660673e+01 6.907027e+01 1.474868e+02 1.298460e+02 1.414804e+02 1.067390e+02 1.051205e+02 8.481073e+01 9.666312e+01 9.841976e+01 2.814526e+01 4.498213e-01 1.099302e+00 1.576865e+00 1.753063e+00 2.459583e+00 2.719611e+00 3.297284e+00 3.531993e+00 3.356635e+00 3.056430e+00 2.857003e+00 2.633765e+00 6.370194e-01 7.003607e-02 1.529117e-01 2.351194e-01 3.009918e-01 4.214904e-01 4.796340e-01 6.009091e-01 6.181247e-01 6.208546e-01 5.583865e-01 5.446180e-01 5.062949e-01 7.082268e-02
<GCONST> 1.217559e+02
<TRANSP> 3
 0.000000e+00 1.000000e+00 0.000000e+00
 0.000000e+00 9.889992e-01 1.100079e-02
 0.000000e+00 0.000000e+00 0.000000e+00
<ENDHMM>
~h "sil"
<BEGINHMM>
<NUMSTATES> 3
<STATE> 2
~s "silst"
<TRANSP> 3
 0.000000e+00 1.000000e+00 0.000000e+00
 0.000000e+00 9.956812e-01 4.318768e-03
 0.000000e+00 0.000000e+00 0.000000e+00
<ENDHMM>
~h "noise"
<BEGINHMM>
<NUMSTATES> 3
<STATE> 2
~s "silst"
<TRANSP> 3
 0.000000e+00 1.000000e+00 0.000000e+00
 0.000000e+00 9.873465e-01 1.265356e-02
 0.000000e+00 0.000000e+00 0.000000e+00
<ENDHMM>
