~o
<STREAMINFO> 1 22
<VECSIZE> 22<NULLD><MFCC_0><DIAGC>
~h "BN_2"
<BEGINHMM>
<NUMSTATES> 5
<STATE> 2
<MEAN> 22
 7.923528e+00 8.363221e+00 2.233404e+00 2.748701e+00 8.876680e+01 6.721768e+01 1.048334e+02 9.898650e+01 7.741094e+01 6.916488e+01 1.276313e+02 1.421360e+02 1.087104e+02 1.111101e+02 3.780299e+00 3.995492e+00 4.626306e+00 5.294713e+00 4.437197e+00 4.244258e+00 3.064593e+00 2.780385e+00
<VARIANCE> 22
 1.605917e+02 1.944521e+02 1.400186e+01 2.056564e+01 6.663386e+03 4.761604e+03 1.218727e+03 1.008963e+03 4.781260e+02 3.832692e+02 5.188107e+03 4.554423e+03 2.750129e+02 2.536564e+02 8.322735e+00 1.457370e+00 7.289740e+00 9.545915e-01 3.326217e+00 5.353731e+00 6.851206e+00 6.565273e+00
<GCONST> 1.391110e+02
<STATE> 3
<MEAN> 22
 2.373142e+00 4.771694e+00 8.030139e-01 1.414502e+00 1.777809e+01 4.060080e+01 9.235282e+01 9.035229e+01 6.106479e+01 6.234739e+01 1.864348e+02 1.602579e+02 1.140455e+02 1.112491e+02 6.710979e+00 4.455782e+00 6.040922e+00 5.602040e+00 5.897551e+00 5.144014e+00 2.029608e+00 2.551753e+00
<VARIANCE> 22
 1.965357e+01 5.695030e+01 3.305619e+00 4.650583e+00 9.195549e+02 2.945095e+03 4.115348e+02 5.418358e+02 1.015774e+02 1.782513e+02 1.150687e+03 3.733529e+03 2.088350e+02 2.110664e+02 1.606021e+00 1.084663e+00 4.794641e-01 4.998137e-01 2.884408e-01 3.668753e+00 5.790221e+00 6.315101e+00
<GCONST> 1.158661e+02
<STATE> 4
<MEAN> 22
 6.705157e+00 8.278025e+00 1.343617e+00 1.812282e+00 5.879236e+01 8.696930e+01 7.747955e+01 7.989899e+01 6.401668e+01 6.492384e+01 1.274646e+02 1.016033e+02 9.966953e+01 9.731380e+01 4.153177e+00 3.102252e+00 5.373643e+00 4.918090e+00 4.525359e+00 2.915695e+00 2.165825e+00 2.570579e+00
<VARIANCE> 22
 1.382964e+02 1.643940e+02 6.023226e+00 9.289461e+00 3.961866e+03 5.343074e+03 2.026961e+03 2.120990e+03 5.534778e+02 6.100306e+02 5.080438e+03 4.841688e+03 1.021582e+03 7.963037e+02 8.082712e+00 2.581198e+00 4.266464e+00 2.613329e+00 3.259213e+00 7.329032e+00 5.804521e+00 5.961347e+00
<GCONST> 1.421551e+02
<TRANSP> 5
 0.000000e+00 1.000000e+00 0.000000e+00 0.000000e+00 0.000000e+00
 0.000000e+00 7.243190e-01 2.756810e-01 0.000000e+00 0.000000e+00
 0.000000e+00 0.000000e+00 8.665008e-01 1.334992e-01 0.000000e+00
 0.000000e+00 0.000000e+00 0.000000e+00 7.602326e-01 2.397674e-01
 0.000000e+00 0.000000e+00 0.000000e+00 0.000000e+00 0.000000e+00
<ENDHMM>
~h "BS_2"
<BEGINHMM>
<NUMSTATES> 5
<STATE> 2
<MEAN> 22
 6.083508e+00 5.570812e+00 1.509289e+00 1.862839e+00 8.870117e+01 8.524474e+01 9.101207e+01 8.781512e+01 7.017408e+01 6.370375e+01 1.174275e+02 1.250966e+02 1.002832e+02 1.022811e+02 3.532597e+00 3.534224e+00 4.880905e+00 5.138704e+00 4.072483e+00 3.616013e+00 2.542305e+00 2.600712e+00
<VARIANCE> 22
 1.176887e+02 9.708883e+01 7.139065e+00 1.132169e+01 9.874856e+03 7.258712e+03 2.121701e+03 1.706685e+03 5.829473e+02 4.344791e+02 5.063589e+03 4.822377e+03 8.607068e+02 6.582151e+02 8.033932e+00 2.328499e+00 5.913875e+00 2.062105e+00 3.948767e+00 6.609464e+00 6.541322e+00 6.051433e+00
<GCONST> 1.424299e+02
<STATE> 3
<MEAN> 22
 1.135516e+01 1.404519e+01 3.066669e+00 3.779604e+00 5.008905e+01 7.584288e+01 8.452219e+01 8.847482e+01 6.498825e+01 6.522403e+01 1.565670e+02 1.336344e+02 1.102693e+02 1.079063e+02 4.834687e+00 3.888606e+00 6.093966e+00 5.319882e+00 5.220400e+00 4.089216e+00 2.673176e+00 3.058075e+00
<VARIANCE> 22
 2.962975e+02 2.994476e+02 2.990488e+01 2.635520e+01 3.191120e+03 4.122588e+03 8.292878e+02 1.034102e+03 2.038885e+02 2.428655e+02 2.930650e+03 4.033320e+03 2.061508e+02 2.274953e+02 8.717998e+00 1.593138e+00 1.054582e+00 7.542040e-01 2.438945e+00 5.715161e+00 6.792669e+00 5.745978e+00
<GCONST> 1.351028e+02
<STATE> 4
<MEAN> 22
 3.303568e+00 5.187391e+00 9.656553e-01 1.443055e+00 2.616744e+01 3.904871e+01 8.900272e+01 8.822818e+01 6.265215e+01 6.264198e+01 1.741880e+02 1.619122e+02 1.125019e+02 1.107075e+02 5.853462e+00 4.442004e+00 6.154514e+00 5.634066e+00 5.646707e+00 5.114782e+00 2.287439e+00 2.497128e+00
<VARIANCE> 22
 3.741992e+01 6.698154e+01 3.305619e+00 5.054762e+00 1.324455e+03 2.480032e+03 6.578481e+02 7.520685e+02 1.243323e+02 1.940076e+02 2.094724e+03 3.023047e+03 2.003998e+02 1.859959e+02 5.674597e+00 1.102867e+00 3.982698e-01 4.347920e-01 1.243899e+00 3.958795e+00 5.843073e+00 5.866924e+00
<GCONST> 1.206797e+02
<TRANSP> 5
 0.000000e+00 1.000000e+00 0.000000e+00 0.000000e+00 0.000000e+00
 0.000000e+00 6.904348e-01 3.095651e-01 0.000000e+00 0.000000e+00
 0.000000e+00 0.000000e+00 6.662733e-01 3.337267e-01 0.000000e+00
 0.000000e+00 0.000000e+00 0.000000e+00 8.538191e-01 1.461809e-01
 0.000000e+00 0.000000e+00 0.000000e+00 0.000000e+00 0.000000e+00
<ENDHMM>
~h "SP_2"
<BEGINHMM>
<NUMSTATES> 5
<STATE> 2
<MEAN> 22
 7.076084e+00 3.789571e+00 2.851674e+00 1.436584e+00 1.017099e+02 5.357629e+01 9.704573e+01 8.212970e+01 7.440851e+01 6.001964e+01 1.049638e+02 1.405927e+02 9.690590e+01 1.046299e+02 3.167877e+00 3.875220e+00 4.389380e+00 5.300450e+00 3.762610e+00 4.301110e+00 2.858573e+00 2.351205e+00
<VARIANCE> 22
 1.260993e+02 4.972333e+01 3.212557e+01 7.252322e+00 7.336669e+03 4.310682e+03 2.052711e+03 1.368560e+03 7.552856e+02 4.063154e+02 4.695709e+03 4.575129e+03 8.920119e+02 7.381400e+02 7.015114e+00 2.191007e+00 7.478549e+00 1.978408e+00 3.571875e+00 6.256079e+00 6.414032e+00 5.982604e+00
<GCONST> 1.418411e+02
<STATE> 3
<MEAN> 22
 5.387413e+00 5.041505e+00 1.338454e+00 1.280661e+00 3.641967e+01 3.301621e+01 7.894402e+01 8.139501e+01 6.330814e+01 5.779837e+01 1.546180e+02 1.601967e+02 1.077404e+02 1.082531e+02 5.097297e+00 4.483219e+00 6.106907e+00 5.716516e+00 5.437280e+00 5.290105e+00 2.604106e+00 2.343791e+00
<VARIANCE> 22
 9.505521e+01 7.705663e+01 5.142551e+00 4.155705e+00 1.965165e+03 1.981733e+03 7.553239e+02 7.522359e+02 1.762711e+02 1.445199e+02 2.465182e+03 2.179052e+03 1.764352e+02 1.470262e+02 7.976378e+00 1.068036e+00 7.944438e-01 4.168046e-01 1.254424e+00 3.574095e+00 6.271271e+00 6.120970e+00
<GCONST> 1.228104e+02
<STATE> 4
<MEAN> 22
 2.060469e+00 7.919816e+00 8.622845e-01 2.478239e+00 1.651721e+01 8.714492e+01 9.769375e+01 1.049944e+02 6.390089e+01 7.442889e+01 1.925783e+02 1.339624e+02 1.185145e+02 1.101794e+02 6.590483e+00 3.727840e+00 6.073290e+00 4.994308e+00 5.846564e+00 3.961700e+00 1.734811e+00 2.628514e+00
<VARIANCE> 22
 2.681389e+01 1.732588e+02 3.669840e+00 1.465562e+01 9.752805e+02 7.576811e+03 6.510550e+02 1.258783e+03 1.409761e+02 3.988492e+02 1.642966e+03 5.625432e+03 2.959777e+02 3.550305e+02 2.273332e+00 1.877212e+00 5.024189e-01 1.521534e+00 4.463269e-01 5.844549e+00 5.591475e+00 5.781847e+00
<GCONST> 1.264502e+02
<TRANSP> 5
 0.000000e+00 1.000000e+00 0.000000e+00 0.000000e+00 0.000000e+00
 0.000000e+00 6.864122e-01 3.135878e-01 0.000000e+00 0.000000e+00
 0.000000e+00 0.000000e+00 8.056121e-01 1.943879e-01 0.000000e+00
 0.000000e+00 0.000000e+00 0.000000e+00 8.398651e-01 1.601349e-01
 0.000000e+00 0.000000e+00 0.000000e+00 0.000000e+00 0.000000e+00
<ENDHMM>
~h "ST_2"
<BEGINHMM>
<NUMSTATES> 5
<STATE> 2
<MEAN> 22
 3.639984e+00 4.847076e+00 9.895090e-01 1.370703e+00 3.387252e+01 5.036881e+01 8.239875e+01 8.129398e+01 6.423861e+01 6.308676e+01 1.609221e+02 1.443134e+02 1.122066e+02 1.099255e+02 5.538193e+00 4.055768e+00 6.122305e+00 5.771864e+00 5.412870e+00 4.495955e+00 2.260005e+00 2.428488e+00
<VARIANCE> 22
 5.153011e+01 7.075905e+01 3.958757e+00 5.583621e+00 2.336211e+03 3.220852e+03 7.185015e+02 8.288378e+02 2.029150e+02 1.834972e+02 3.270664e+03 4.434586e+03 1.873262e+02 1.911541e+02 6.139783e+00 1.763844e+00 3.532423e-01 3.519171e-01 1.211177e+00 6.256357e+00 6.217233e+00 5.797233e+00
<GCONST> 1.242695e+02
<STATE> 3
<MEAN> 22
 4.120676e+00 9.998816e+00 1.266234e+00 3.008718e+00 5.740742e+01 1.300614e+02 8.827345e+01 9.913490e+01 6.314622e+01 7.643558e+01 1.541410e+02 9.301546e+01 1.097005e+02 9.790892e+01 5.316420e+00 3.007415e+00 5.744023e+00 4.716377e+00 5.194591e+00 2.867683e+00 2.219874e+00 3.023672e+00
<VARIANCE> 22
 6.943388e+01 2.372554e+02 7.322481e+00 1.893824e+01 1.078008e+04 9.440472e+03 9.251221e+02 1.993534e+03 2.838720e+02 6.977120e+02 5.035258e+03 4.216646e+03 5.544905e+02 6.144105e+02 6.691562e+00 1.881404e+00 1.980174e+00 2.335572e+00 2.083120e+00 6.141656e+00 6.301932e+00 5.805564e+00
<GCONST> 1.399597e+02
<STATE> 4
<MEAN> 22
 1.096079e+01 9.852276e+00 3.565504e+00 2.576443e+00 9.198666e+01 5.072634e+01 1.058796e+02 9.184651e+01 8.240401e+01 6.176111e+01 1.179630e+02 1.650647e+02 1.057128e+02 1.121809e+02 3.563782e+00 4.452250e+00 4.601005e+00 5.644550e+00 4.150190e+00 5.167917e+00 2.951756e+00 2.838621e+00
<VARIANCE> 22
 5.712688e+02 9.075877e+02 3.097133e+02 1.954931e+02 6.444120e+03 3.446449e+03 2.229210e+03 8.323519e+02 7.692727e+02 1.866527e+02 4.985192e+03 3.584165e+03 3.049268e+02 2.610592e+02 7.611568e+00 1.206337e+00 7.086716e+00 5.168915e-01 3.267415e+00 3.792490e+00 6.680421e+00 6.229139e+00
<GCONST> 1.455718e+02
<TRANSP> 5
 0.000000e+00 1.000000e+00 0.000000e+00 0.000000e+00 0.000000e+00
 0.000000e+00 8.848534e-01 1.151467e-01 0.000000e+00 0.000000e+00
 0.000000e+00 0.000000e+00 6.865892e-01 3.134108e-01 0.000000e+00
 0.000000e+00 0.000000e+00 0.000000e+00 6.110771e-01 3.889229e-01
 0.000000e+00 0.000000e+00 0.000000e+00 0.000000e+00 0.000000e+00
<ENDHMM>
~h "TH_LD"
<BEGINHMM>
<NUMSTATES> 5
<STATE> 2
<MEAN> 22
 2.849221e+00 5.234552e+00 9.187425e-01 1.537351e+00 1.995642e+01 5.096741e+01 9.287029e+01 9.313430e+01 6.189886e+01 6.509558e+01 1.843962e+02 1.553736e+02 1.141311e+02 1.098642e+02 6.500424e+00 4.313066e+00 6.101013e+00 5.470640e+00 5.832542e+00 4.874621e+00 2.254671e+00 2.601717e+00
<VARIANCE> 22
 3.206598e+01 6.798013e+01 3.305619e+00 5.796709e+00 1.283165e+03 4.156047e+03 4.621495e+02 8.283318e+02 1.119456e+02 2.782733e+02 1.282000e+03 3.857467e+03 2.083879e+02 2.585152e+02 2.825596e+00 1.350417e+00 3.557818e-01 8.788367e-01 6.610035e-01 4.522940e+00 6.102540e+00 6.226774e+00
<GCONST> 1.209821e+02
<STATE> 3
<MEAN> 22
 1.234315e+01 1.568044e+01 3.614770e+00 4.830234e+00 5.089137e+01 7.482059e+01 8.736080e+01 8.912314e+01 6.728624e+01 6.813446e+01 1.538461e+02 1.342987e+02 1.095093e+02 1.080097e+02 4.850685e+00 3.897271e+00 5.857086e+00 5.305730e+00 5.114669e+00 4.154294e+00 2.723274e+00 3.099438e+00
<VARIANCE> 22
 4.734854e+02 4.985060e+02 1.906947e+02 1.442542e+02 3.924190e+03 4.884513e+03 1.064001e+03 1.218100e+03 2.609394e+02 3.597083e+02 3.473620e+03 4.039594e+03 4.287485e+02 2.953309e+02 8.239800e+00 1.675936e+00 2.362419e+00 1.066975e+00 2.409508e+00 5.985246e+00 6.167006e+00 6.016117e+00
<GCONST> 1.433585e+02
<STATE> 4
<MEAN> 22
 6.203645e+00 5.926173e+00 1.645108e+00 1.538269e+00 7.540667e+01 7.419028e+01 8.720023e+01 8.574691e+01 6.940677e+01 6.277681e+01 1.222359e+02 1.318990e+02 1.064719e+02 1.066433e+02 3.465237e+00 3.625942e+00 5.415757e+00 5.300472e+00 4.138213e+00 3.779821e+00 2.718429e+00 2.669084e+00
<VARIANCE> 22
 9.406746e+01 9.208887e+01 6.747600e+00 5.287235e+00 7.611478e+03 6.226525e+03 1.770041e+03 1.561569e+03 3.824140e+02 3.726409e+02 5.188664e+03 4.588244e+03 6.294055e+02 5.486543e+02 8.083419e+00 2.256599e+00 4.705759e+00 1.584999e+00 3.591219e+00 6.637210e+00 6.323449e+00 6.359007e+00
<GCONST> 1.389639e+02
<TRANSP> 5
 0.000000e+00 1.000000e+00 0.000000e+00 0.000000e+00 0.000000e+00
 0.000000e+00 8.714853e-01 1.285147e-01 0.000000e+00 0.000000e+00
 0.000000e+00 0.000000e+00 4.946957e-01 5.053043e-01 0.000000e+00
 0.000000e+00 0.000000e+00 0.000000e+00 7.725389e-01 2.274611e-01
 0.000000e+00 0.000000e+00 0.000000e+00 0.000000e+00 0.000000e+00
<ENDHMM>
~h "TH_LU"
<BEGINHMM>
<NUMSTATES> 5
<STATE> 2
<MEAN> 22
 2.497534e+01 2.277535e+01 2.130999e+01 1.756526e+01 1.228784e+02 1.075162e+02 6.770339e+01 6.428704e+01 4.818523e+01 4.589402e+01 1.151792e+02 1.064349e+02 7.914925e+01 7.799091e+01 3.811083e+00 2.975580e+00 4.046266e+00 3.892462e+00 3.702931e+00 3.310113e+00 1.883786e+00 2.200501e+00
<VARIANCE> 22
 9.492327e+03 7.080358e+03 8.533984e+03 5.462938e+03 3.667389e+04 2.075429e+04 2.986098e+03 2.491859e+03 1.282225e+03 1.081491e+03 7.958403e+03 7.494834e+03 2.769111e+03 2.676089e+03 1.083990e+01 4.672059e+00 8.545317e+00 6.804402e+00 7.167243e+00 8.139868e+00 5.943049e+00 6.569486e+00
<GCONST> 1.759706e+02
<STATE> 3
<MEAN> 22
 8.735902e+00 1.305838e+01 2.641156e+00 4.107278e+00 4.070924e+01 6.831953e+01 8.592847e+01 8.829964e+01 6.519841e+01 6.647951e+01 1.637427e+02 1.410040e+02 1.121736e+02 1.081719e+02 5.576134e+00 4.031612e+00 5.949317e+00 5.399764e+00 5.393248e+00 4.447362e+00 2.528311e+00 2.846885e+00
<VARIANCE> 22
 4.068854e+02 4.135680e+02 1.598894e+02 1.159389e+02 4.017970e+03 5.621572e+03 8.456132e+02 1.130567e+03 2.164935e+02 3.563166e+02 3.118352e+03 4.006360e+03 3.414324e+02 3.552703e+02 6.475837e+00 1.738695e+00 1.378647e+00 9.932953e-01 1.550004e+00 5.693784e+00 5.704107e+00 5.777014e+00
<GCONST> 1.407060e+02
<STATE> 4
<MEAN> 22
 5.162289e+00 5.582953e+00 1.425251e+00 1.516343e+00 4.831348e+01 5.661238e+01 9.009046e+01 8.743989e+01 6.702665e+01 6.349409e+01 1.541696e+02 1.488730e+02 1.108174e+02 1.095666e+02 5.106566e+00 4.170492e+00 5.819967e+00 5.521858e+00 5.168132e+00 4.666916e+00 2.476697e+00 2.546942e+00
<VARIANCE> 22
 8.352366e+01 8.099842e+01 6.352245e+00 5.206683e+00 4.693540e+03 4.691687e+03 1.106417e+03 1.065131e+03 2.907672e+02 2.385078e+02 3.753017e+03 4.074315e+03 2.720515e+02 2.728067e+02 7.514680e+00 1.528989e+00 2.302104e+00 7.062578e-01 2.079105e+00 5.286560e+00 6.191093e+00 5.892450e+00
<GCONST> 1.314647e+02
<TRANSP> 5
 0.000000e+00 1.000000e+00 0.000000e+00 0.000000e+00 0.000000e+00
 0.000000e+00 3.137761e-01 6.862239e-01 0.000000e+00 0.000000e+00
 0.000000e+00 0.000000e+00 4.928896e-01 5.071103e-01 0.000000e+00
 0.000000e+00 0.000000e+00 0.000000e+00 8.986141e-01 1.013859e-01
 0.000000e+00 0.000000e+00 0.000000e+00 0.000000e+00 0.000000e+00
<ENDHMM>
~h "CF_2"
<BEGINHMM>
<NUMSTATES> 5
<STATE> 2
<MEAN> 22
 8.799525e+00 1.056082e+01 3.521022e+00 3.596430e+00 8.658050e+01 8.770132e+01 9.217135e+01 9.072322e+01 6.978877e+01 6.589243e+01 1.402178e+02 1.305255e+02 1.054492e+02 1.045499e+02 4.641246e+00 3.753200e+00 5.234175e+00 5.105237e+00 4.724304e+00 4.011038e+00 2.452882e+00 2.503494e+00
<VARIANCE> 22
 3.801764e+02 4.672770e+02 3.225469e+02 2.099230e+02 1.621911e+04 9.699594e+03 1.625969e+03 1.570695e+03 6.277333e+02 5.586904e+02 5.094997e+03 4.456424e+03 6.388361e+02 5.854738e+02 7.731979e+00 2.060490e+00 4.758785e+00 1.744427e+00 2.939705e+00 6.100137e+00 6.039613e+00 5.747604e+00
<GCONST> 1.511271e+02
<STATE> 3
<MEAN> 22
 1.905198e+00 7.756721e+00 6.853914e-01 2.098312e+00 2.273097e+01 1.043614e+02 8.627090e+01 9.282758e+01 6.034977e+01 7.437175e+01 1.680365e+02 9.724274e+01 1.097362e+02 1.000935e+02 6.088204e+00 3.145741e+00 6.069331e+00 4.821775e+00 5.564612e+00 2.894232e+00 1.767084e+00 2.839025e+00
<VARIANCE> 22
 1.454390e+01 1.322554e+02 3.305619e+00 1.018021e+01 1.872204e+03 5.596963e+03 7.263783e+02 1.542904e+03 1.291577e+02 5.589600e+02 2.500740e+03 4.244309e+03 2.294984e+02 3.016759e+02 4.174894e+00 1.797475e+00 5.829715e-01 1.585458e+00 1.107953e+00 6.187774e+00 5.426970e+00 6.188464e+00
<GCONST> 1.274915e+02
<STATE> 4
<MEAN> 22
 5.324299e+00 3.936508e+00 1.633211e+00 1.226270e+00 4.802251e+01 2.590532e+01 9.604372e+01 9.326556e+01 7.030293e+01 5.996719e+01 1.530711e+02 1.826216e+02 1.115924e+02 1.147274e+02 4.979149e+00 4.756732e+00 5.478007e+00 5.743591e+00 5.083469e+00 5.649463e+00 2.514267e+00 2.344615e+00
<VARIANCE> 22
 9.535894e+01 5.885141e+01 8.967051e+00 4.844868e+00 4.188206e+03 1.657759e+03 9.257762e+02 5.465007e+02 3.186064e+02 1.246582e+02 4.687943e+03 1.821948e+03 3.319714e+02 1.837923e+02 7.630304e+00 5.294266e-01 3.649858e+00 3.222222e-01 2.336145e+00 1.687818e+00 5.984682e+00 6.000968e+00
<GCONST> 1.258050e+02
<TRANSP> 5
 0.000000e+00 1.000000e+00 0.000000e+00 0.000000e+00 0.000000e+00
 0.000000e+00 5.470828e-01 4.529172e-01 0.000000e+00 0.000000e+00
 0.000000e+00 0.000000e+00 8.091117e-01 1.908883e-01 0.000000e+00
 0.000000e+00 0.000000e+00 0.000000e+00 8.717610e-01 1.282390e-01
 0.000000e+00 0.000000e+00 0.000000e+00 0.000000e+00 0.000000e+00
<ENDHMM>
~h "CN_2"
<BEGINHMM>
<NUMSTATES> 5
<STATE> 2
<MEAN> 22
 1.184621e+01 1.202269e+01 3.641655e+00 3.795732e+00 6.651147e+01 7.379038e+01 8.936751e+01 8.874496e+01 7.026962e+01 6.665246e+01 1.340173e+02 1.336298e+02 1.075553e+02 1.088225e+02 4.347365e+00 3.783336e+00 5.541761e+00 5.350816e+00 4.678647e+00 3.896038e+00 2.685547e+00 2.925220e+00
<VARIANCE> 22
 6.750919e+02 5.647656e+02 3.783851e+02 2.611092e+02 5.528293e+03 5.205363e+03 1.449595e+03 1.424934e+03 4.803013e+02 4.619662e+02 4.763769e+03 4.568913e+03 4.789366e+02 4.730911e+02 7.862544e+00 1.893757e+00 3.204944e+00 1.113959e+00 2.633334e+00 6.142056e+00 6.370450e+00 6.027094e+00
<GCONST> 1.484426e+02
<STATE> 3
<MEAN> 22
 2.023710e+00 6.786093e+00 7.550892e-01 1.984064e+00 1.438597e+01 5.984090e+01 9.151585e+01 9.353078e+01 5.982735e+01 6.646037e+01 1.849364e+02 1.439220e+02 1.127411e+02 1.074981e+02 6.740158e+00 4.106070e+00 6.066606e+00 5.364498e+00 5.888707e+00 4.554025e+00 2.031840e+00 2.735548e+00
<VARIANCE> 22
 1.425295e+01 1.222260e+02 3.305619e+00 1.027811e+01 7.692084e+02 4.967641e+03 3.521194e+02 8.865401e+02 8.760324e+01 3.330496e+02 1.024901e+03 4.457964e+03 1.735838e+02 2.693322e+02 1.412438e+00 1.667714e+00 2.694331e-01 1.082892e+00 3.225240e-01 5.169939e+00 5.858554e+00 6.094141e+00
<GCONST> 1.193091e+02
<STATE> 4
<MEAN> 22
 7.687901e+00 7.070984e+00 1.919214e+00 1.487398e+00 9.901150e+01 8.148359e+01 7.501711e+01 6.549249e+01 6.904186e+01 6.015744e+01 9.487952e+01 1.111130e+02 1.030746e+02 1.049114e+02 2.742959e+00 3.220791e+00 5.386067e+00 5.564033e+00 3.814768e+00 3.041017e+00 2.814706e+00 2.693045e+00
<VARIANCE> 22
 1.250473e+02 1.203810e+02 9.177142e+00 5.263918e+00 7.222204e+03 5.580345e+03 1.697932e+03 1.220315e+03 3.661671e+02 2.328411e+02 4.434621e+03 4.082035e+03 7.795600e+02 5.687676e+02 5.444963e+00 2.449247e+00 4.212904e+00 1.343511e+00 2.654064e+00 7.593399e+00 6.202152e+00 5.845364e+00
<GCONST> 1.379712e+02
<TRANSP> 5
 0.000000e+00 1.000000e+00 0.000000e+00 0.000000e+00 0.000000e+00
 0.000000e+00 4.575089e-01 5.424911e-01 0.000000e+00 0.000000e+00
 0.000000e+00 0.000000e+00 8.866650e-01 1.133350e-01 0.000000e+00
 0.000000e+00 0.000000e+00 0.000000e+00 8.285695e-01 1.714304e-01
 0.000000e+00 0.000000e+00 0.000000e+00 0.000000e+00 0.000000e+00
<ENDHMM>
~h "TH_D"
<BEGINHMM>
<NUMSTATES> 5
<STATE> 2
<MEAN> 22
 6.252067e+00 7.519229e+00 1.707796e+00 1.953708e+00 9.113643e+01 1.099623e+02 7.163492e+01 7.409264e+01 6.609086e+01 6.429813e+01 1.034739e+02 9.027032e+01 1.045950e+02 1.017576e+02 3.283914e+00 2.841343e+00 5.904032e+00 5.313832e+00 4.155615e+00 2.304573e+00 2.781904e+00 2.865151e+00
<VARIANCE> 22
 1.091662e+02 1.297421e+02 1.476451e+01 1.415428e+01 8.183192e+03 6.070435e+03 1.041183e+03 1.491904e+03 2.518506e+02 3.151458e+02 4.059505e+03 3.389445e+03 4.490034e+02 4.299762e+02 6.629097e+00 1.908670e+00 1.764079e+00 1.708531e+00 2.393652e+00 6.014681e+00 6.682519e+00 6.357264e+00
<GCONST> 1.372580e+02
<STATE> 3
<MEAN> 22
 3.359117e+00 7.535225e+00 8.753223e-01 1.980429e+00 2.000447e+01 5.586150e+01 8.682615e+01 8.635123e+01 5.957059e+01 6.425295e+01 1.767645e+02 1.443383e+02 1.103194e+02 1.066164e+02 6.376008e+00 4.227783e+00 6.073512e+00 5.506138e+00 5.833124e+00 4.763983e+00 2.268017e+00 2.876054e+00
<VARIANCE> 22
 4.569981e+01 1.381874e+02 3.305619e+00 1.071783e+01 1.266317e+03 4.339721e+03 4.527411e+02 9.382474e+02 8.166500e+01 3.317622e+02 1.230252e+03 3.289681e+03 1.373242e+02 1.583142e+02 3.464669e+00 1.386748e+00 2.865820e-01 7.823431e-01 4.576008e-01 4.950865e+00 6.286109e+00 6.053362e+00
<GCONST> 1.211689e+02
<STATE> 4
<MEAN> 22
 9.341089e+00 7.168210e+00 2.762631e+00 1.837576e+00 6.273783e+01 3.733665e+01 1.021175e+02 9.184483e+01 7.273808e+01 6.067767e+01 1.511954e+02 1.728902e+02 1.113990e+02 1.135340e+02 4.501313e+00 4.411661e+00 5.177035e+00 5.493553e+00 4.664672e+00 5.142604e+00 2.845701e+00 2.572930e+00
<VARIANCE> 22
 2.451819e+02 2.087394e+02 2.342961e+01 1.199857e+01 5.244566e+03 2.704742e+03 1.694599e+03 1.153195e+03 5.012173e+02 2.933044e+02 6.284183e+03 3.755691e+03 1.015188e+03 7.643066e+02 8.582344e+00 1.583446e+00 5.523858e+00 1.522313e+00 3.689831e+00 3.851769e+00 6.767288e+00 6.208798e+00
<GCONST> 1.414360e+02
<TRANSP> 5
 0.000000e+00 1.000000e+00 0.000000e+00 0.000000e+00 0.000000e+00
 0.000000e+00 7.445048e-01 2.554952e-01 0.000000e+00 0.000000e+00
 0.000000e+00 0.000000e+00 8.721119e-01 1.278881e-01 0.000000e+00
 0.000000e+00 0.000000e+00 0.000000e+00 7.736525e-01 2.263475e-01
 0.000000e+00 0.000000e+00 0.000000e+00 0.000000e+00 0.000000e+00
<ENDHMM>
~h "TH_U"
<BEGINHMM>
<NUMSTATES> 5
<STATE> 2
<MEAN> 22
 2.320134e+01 2.145711e+01 1.861554e+01 1.541092e+01 9.176427e+01 8.951876e+01 6.196950e+01 6.234618e+01 4.544472e+01 4.445182e+01 1.105903e+02 1.009129e+02 7.629153e+01 7.437469e+01 3.709380e+00 2.789786e+00 3.967882e+00 3.772211e+00 3.619219e+00 3.067190e+00 1.744218e+00 1.986591e+00
<VARIANCE> 22
 8.746510e+03 6.236627e+03 7.394747e+03 4.705750e+03 2.875543e+04 1.711269e+04 2.481344e+03 2.538901e+03 1.111235e+03 1.133896e+03 7.796098e+03 7.380294e+03 2.829141e+03 2.712813e+03 1.083929e+01 4.717171e+00 8.630759e+00 7.007018e+00 7.233281e+00 8.054326e+00 5.799919e+00 6.116491e+00
<GCONST> 1.747216e+02
<STATE> 3
<MEAN> 22
 8.644887e+00 1.393748e+01 2.629971e+00 3.971785e+00 4.369019e+01 7.690507e+01 8.698698e+01 8.921526e+01 6.455677e+01 6.797882e+01 1.613464e+02 1.348642e+02 1.113488e+02 1.071175e+02 5.431382e+00 3.834235e+00 5.878119e+00 5.311125e+00 5.332657e+00 4.155884e+00 2.354795e+00 2.870470e+00
<VARIANCE> 22
 3.484042e+02 4.474056e+02 1.495814e+02 1.138540e+02 4.273241e+03 5.807556e+03 8.880933e+02 1.414591e+03 2.318595e+02 4.342785e+02 3.432659e+03 4.141012e+03 3.993916e+02 4.020957e+02 6.778808e+00 1.969237e+00 1.699425e+00 1.274895e+00 1.767309e+00 6.195514e+00 5.821110e+00 5.890200e+00
<GCONST> 1.424725e+02
<STATE> 4
<MEAN> 22
 5.247483e+00 5.982722e+00 1.423012e+00 1.661775e+00 4.340633e+01 5.774836e+01 8.939253e+01 8.515936e+01 6.570618e+01 6.347271e+01 1.566358e+02 1.433715e+02 1.108364e+02 1.087908e+02 5.331972e+00 4.053479e+00 5.797782e+00 5.553618e+00 5.227005e+00 4.455516e+00 2.398492e+00 2.537753e+00
<VARIANCE> 22
 1.084962e+02 1.035173e+02 2.196754e+01 1.518284e+01 3.861968e+03 4.221442e+03 1.033381e+03 1.052209e+03 2.588723e+02 2.498087e+02 3.757506e+03 4.268943e+03 2.977572e+02 2.529299e+02 6.771801e+00 1.710857e+00 2.045589e+00 7.451085e-01 1.870353e+00 5.930279e+00 5.973981e+00 5.822687e+00
<GCONST> 1.337992e+02
<TRANSP> 5
 0.000000e+00 1.000000e+00 0.000000e+00 0.000000e+00 0.000000e+00
 0.000000e+00 3.223828e-01 6.776172e-01 0.000000e+00 0.000000e+00
 0.000000e+00 0.000000e+00 4.520422e-01 5.479578e-01 0.000000e+00
 0.000000e+00 0.000000e+00 0.000000e+00 9.155159e-01 8.448413e-02
 0.000000e+00 0.000000e+00 0.000000e+00 0.000000e+00 0.000000e+00
<ENDHMM>
~h "CP_2"
<BEGINHMM>
<NUMSTATES> 5
<STATE> 2
<MEAN> 22
 6.915079e+00 6.381336e+00 2.779267e+00 2.285889e+00 1.284653e+02 1.221517e+02 9.151682e+01 8.809612e+01 6.445346e+01 5.981952e+01 1.273323e+02 1.200604e+02 9.597613e+01 9.181044e+01 3.885944e+00 3.373672e+00 4.279203e+00 4.403403e+00 3.891738e+00 3.682687e+00 2.037218e+00 2.192518e+00
<VARIANCE> 22
 5.436697e+02 3.822869e+02 3.821654e+02 2.164552e+02 2.818181e+04 1.958743e+04 3.432831e+03 2.622996e+03 1.301755e+03 1.230276e+03 7.921409e+03 6.314350e+03 2.089248e+03 1.877464e+03 9.291406e+00 3.276616e+00 7.940160e+00 4.292131e+00 5.473078e+00 6.661234e+00 5.712180e+00 5.990789e+00
<GCONST> 1.614135e+02
<STATE> 3
<MEAN> 22
 7.360425e+00 1.241542e+01 2.079350e+00 3.708549e+00 3.585854e+01 9.102027e+01 8.513071e+01 9.607362e+01 6.502711e+01 7.074668e+01 1.669766e+02 1.194967e+02 1.125764e+02 1.057479e+02 5.676022e+00 3.664530e+00 6.164623e+00 4.970906e+00 5.524185e+00 3.781456e+00 2.707026e+00 3.057754e+00
<VARIANCE> 22
 1.328486e+02 2.700790e+02 1.182914e+01 2.669778e+01 2.720767e+03 6.076540e+03 7.869349e+02 1.210663e+03 2.015209e+02 3.771515e+02 2.769215e+03 5.041862e+03 2.891382e+02 4.070834e+02 6.400279e+00 1.832016e+00 6.712851e-01 1.502538e+00 1.158667e+00 6.159593e+00 6.777068e+00 5.883495e+00
<GCONST> 1.345520e+02
<STATE> 4
<MEAN> 22
 4.231381e+00 5.698891e+00 1.194332e+00 1.478753e+00 3.281554e+01 4.599364e+01 8.611015e+01 8.644088e+01 6.533198e+01 6.248075e+01 1.623390e+02 1.546433e+02 1.125579e+02 1.111528e+02 5.310501e+00 4.273195e+00 6.096439e+00 5.621294e+00 5.308865e+00 4.871827e+00 2.498877e+00 2.624263e+00
<VARIANCE> 22
 4.868214e+01 9.045001e+01 3.851742e+00 4.858363e+00 2.102182e+03 3.013562e+03 8.736299e+02 8.305907e+02 1.454189e+02 1.624388e+02 3.195321e+03 3.794226e+03 2.599295e+02 2.182865e+02 7.334354e+00 1.342477e+00 7.805877e-01 5.337994e-01 1.756763e+00 4.819926e+00 6.238927e+00 6.182287e+00
<GCONST> 1.254362e+02
<TRANSP> 5
 0.000000e+00 1.000000e+00 0.000000e+00 0.000000e+00 0.000000e+00
 0.000000e+00 5.073705e-01 4.926296e-01 0.000000e+00 0.000000e+00
 0.000000e+00 0.000000e+00 6.861448e-01 3.138552e-01 0.000000e+00
 0.000000e+00 0.000000e+00 0.000000e+00 8.798171e-01 1.201829e-01
 0.000000e+00 0.000000e+00 0.000000e+00 0.000000e+00 0.000000e+00
<ENDHMM>
~h "CV_2"
<BEGINHMM>
<NUMSTATES> 5
<STATE> 2
<MEAN> 22
 7.570027e+00 6.214463e+00 3.246126e+00 2.432845e+00 1.117950e+02 8.599200e+01 9.670652e+01 7.923206e+01 6.854160e+01 5.747160e+01 1.144285e+02 1.173051e+02 9.328804e+01 9.414908e+01 3.532307e+00 3.382096e+00 3.933100e+00 4.645015e+00 3.762826e+00 3.542576e+00 2.370998e+00 2.366034e+00
<VARIANCE> 22
 5.648614e+02 4.177635e+02 3.481613e+02 2.045155e+02 2.096462e+04 1.235981e+04 3.351789e+03 2.182539e+03 1.172586e+03 7.499813e+02 5.751089e+03 5.443028e+03 1.589656e+03 1.468993e+03 8.578905e+00 2.889206e+00 8.021984e+00 3.848367e+00 4.771687e+00 7.114109e+00 6.219028e+00 6.113040e+00
<GCONST> 1.585692e+02
<STATE> 3
<MEAN> 22
 8.473125e+00 1.261959e+01 1.954798e+00 3.447648e+00 4.814640e+01 8.011805e+01 8.311592e+01 8.499234e+01 6.416972e+01 6.659862e+01 1.530889e+02 1.199312e+02 1.096186e+02 1.061637e+02 5.078133e+00 3.682752e+00 6.010410e+00 5.272592e+00 5.249210e+00 3.788644e+00 2.545574e+00 3.149186e+00
<VARIANCE> 22
 1.914258e+02 2.354144e+02 1.056048e+01 1.921752e+01 3.752514e+03 4.728666e+03 8.244910e+02 1.238878e+03 1.803797e+02 3.403726e+02 3.512223e+03 4.213481e+03 2.392724e+02 2.689003e+02 7.609534e+00 1.657264e+00 1.292077e+00 1.073864e+00 1.651673e+00 6.405990e+00 5.865220e+00 5.544587e+00
<GCONST> 1.343005e+02
<STATE> 4
<MEAN> 22
 3.676962e+00 5.031963e+00 9.978378e-01 1.305088e+00 4.699233e+01 5.499113e+01 8.902235e+01 8.293965e+01 6.496009e+01 6.116307e+01 1.480686e+02 1.443325e+02 1.127707e+02 1.107942e+02 5.069411e+00 4.072151e+00 5.958117e+00 5.655916e+00 5.082653e+00 4.405348e+00 2.317886e+00 2.502301e+00
<VARIANCE> 22
 4.194593e+01 6.540646e+01 3.305619e+00 3.965930e+00 3.984792e+03 3.746331e+03 7.384190e+02 8.753251e+02 1.829015e+02 1.454176e+02 4.838136e+03 4.327017e+03 2.695001e+02 2.284364e+02 7.213218e+00 1.548272e+00 1.738984e+00 4.802012e-01 2.065339e+00 5.900428e+00 5.903171e+00 5.947907e+00
<GCONST> 1.271865e+02
<TRANSP> 5
 0.000000e+00 1.000000e+00 0.000000e+00 0.000000e+00 0.000000e+00
 0.000000e+00 5.012324e-01 4.987676e-01 0.000000e+00 0.000000e+00
 0.000000e+00 0.000000e+00 7.128029e-01 2.871971e-01 0.000000e+00
 0.000000e+00 0.000000e+00 0.000000e+00 8.771899e-01 1.228101e-01
 0.000000e+00 0.000000e+00 0.000000e+00 0.000000e+00 0.000000e+00
<ENDHMM>
~h "SIL"
<BEGINHMM>
<NUMSTATES> 5
<STATE> 2
<MEAN> 22
 8.482975e+01 7.251461e+01 7.730836e+01 6.231627e+01 1.940202e+02 1.569829e+02 1.514741e+01 1.521291e+01 1.109775e+01 1.092245e+01 2.783650e+01 2.548929e+01 1.882594e+01 1.844212e+01 9.855344e-01 7.122294e-01 1.018996e+00 9.476929e-01 9.222806e-01 8.076425e-01 1.050494e+00 1.061219e+00
<VARIANCE> 22
 3.558871e+04 2.550085e+04 2.955659e+04 1.917698e+04 5.963584e+04 3.693294e+04 1.268963e+03 1.272148e+03 6.382577e+02 6.335137e+02 4.314014e+03 3.839814e+03 1.768343e+03 1.702223e+03 5.625516e+00 2.766924e+00 5.249281e+00 4.502819e+00 4.401783e+00 4.011774e+00 4.706148e+00 4.654413e+00
<GCONST> 1.733385e+02
<STATE> 3
<MEAN> 22
 8.295924e+00 7.256618e+00 2.556428e+00 2.247063e+00 7.452098e+01 6.780546e+01 9.517313e+01 8.920369e+01 7.752963e+01 6.492952e+01 1.221722e+02 1.390034e+02 1.066090e+02 1.061177e+02 3.452661e+00 3.784161e+00 5.056715e+00 5.306417e+00 4.201921e+00 4.084526e+00 2.808633e+00 2.639999e+00
<VARIANCE> 22
 1.988834e+02 2.076872e+02 2.445509e+01 1.907259e+01 5.593521e+03 5.398800e+03 2.606377e+03 1.621560e+03 4.652695e+02 4.552207e+02 6.329345e+03 4.319256e+03 9.306509e+02 6.900371e+02 7.049400e+00 1.858549e+00 5.477867e+00 1.130824e+00 2.696932e+00 6.057909e+00 6.359221e+00 6.166647e+00
<GCONST> 1.433060e+02
<STATE> 4
<MEAN> 22
 4.136287e+00 6.696894e+00 1.135283e+00 1.845754e+00 3.096381e+01 5.578888e+01 9.275496e+01 9.278478e+01 6.360364e+01 6.548837e+01 1.733512e+02 1.512495e+02 1.135026e+02 1.103290e+02 6.019676e+00 4.212108e+00 5.956656e+00 5.509082e+00 5.572066e+00 4.698133e+00 2.253397e+00 2.562597e+00
<VARIANCE> 22
 7.624490e+01 1.293611e+02 5.619082e+00 1.068493e+01 2.777772e+03 4.764115e+03 6.194896e+02 8.754954e+02 1.743869e+02 2.978786e+02 2.568650e+03 4.149390e+03 1.853893e+02 2.263483e+02 4.769785e+00 1.487467e+00 1.140168e+00 8.050425e-01 1.252067e+00 5.001467e+00 6.081785e+00 6.029174e+00
<GCONST> 1.283213e+02
<TRANSP> 5
 0.000000e+00 1.000000e+00 0.000000e+00 0.000000e+00 0.000000e+00
 0.000000e+00 8.105856e-01 1.894145e-01 0.000000e+00 0.000000e+00
 0.000000e+00 0.000000e+00 9.754946e-01 2.450533e-02 0.000000e+00
 0.000000e+00 0.000000e+00 0.000000e+00 9.979424e-01 2.057567e-03
 0.000000e+00 0.000000e+00 0.000000e+00 0.000000e+00 0.000000e+00
<ENDHMM>
~h "TT_2"
<BEGINHMM>
<NUMSTATES> 5
<STATE> 2
<MEAN> 22
 1.060208e+01 1.065612e+01 2.979161e+00 2.789724e+00 9.653767e+01 6.892050e+01 1.040743e+02 8.468747e+01 7.896409e+01 6.623255e+01 1.284991e+02 1.368724e+02 1.065905e+02 1.094987e+02 3.929981e+00 3.834230e+00 4.935643e+00 5.525061e+00 4.351753e+00 3.986936e+00 2.849432e+00 2.888440e+00
<VARIANCE> 22
 2.387889e+02 2.786153e+02 2.331386e+01 2.094086e+01 9.757504e+03 5.967487e+03 2.257025e+03 1.574260e+03 9.014638e+02 3.556028e+02 4.182169e+03 4.066825e+03 3.041896e+02 2.907377e+02 7.840158e+00 1.796658e+00 5.761987e+00 8.390197e-01 2.854298e+00 6.871278e+00 6.192011e+00 6.041493e+00
<GCONST> 1.422288e+02
<STATE> 3
<MEAN> 22
 2.033902e+00 7.992115e+00 8.154150e-01 2.861387e+00 4.831358e+01 1.317904e+02 9.084036e+01 1.068804e+02 6.294205e+01 8.182926e+01 1.547553e+02 9.264840e+01 1.043631e+02 9.416979e+01 5.240939e+00 2.830514e+00 5.585538e+00 4.429308e+00 5.019350e+00 2.512194e+00 2.009836e+00 2.909325e+00
<VARIANCE> 22
 2.113134e+01 1.432624e+02 3.305619e+00 2.493108e+01 7.143201e+03 8.517536e+03 1.368453e+03 2.896077e+03 5.640672e+02 1.169344e+03 4.034356e+03 3.908816e+03 6.647059e+02 6.697887e+02 7.312157e+00 1.882431e+00 3.269005e+00 2.411891e+00 3.146099e+00 5.402058e+00 5.852654e+00 6.016921e+00
<GCONST> 1.400375e+02
<STATE> 4
<MEAN> 22
 2.995311e+00 4.851189e+00 1.086362e+00 1.495106e+00 2.563611e+01 3.677333e+01 9.340878e+01 9.224483e+01 6.564880e+01 6.385091e+01 1.798822e+02 1.747882e+02 1.163512e+02 1.146029e+02 5.959335e+00 4.599181e+00 6.107042e+00 5.728046e+00 5.688430e+00 5.431424e+00 2.142581e+00 2.460801e+00
<VARIANCE> 22
 3.031379e+01 6.613145e+01 5.587078e+00 6.487852e+00 1.879014e+03 2.563270e+03 6.031853e+02 6.948928e+02 2.137650e+02 2.236406e+02 2.401059e+03 2.681574e+03 2.462876e+02 2.129569e+02 5.307296e+00 7.938608e-01 4.964296e-01 3.762076e-01 8.463076e-01 2.851909e+00 5.872531e+00 6.146935e+00
<GCONST> 1.215084e+02
<TRANSP> 5
 0.000000e+00 1.000000e+00 0.000000e+00 0.000000e+00 0.000000e+00
 0.000000e+00 7.105169e-01 2.894832e-01 0.000000e+00 0.000000e+00
 0.000000e+00 0.000000e+00 7.452648e-01 2.547352e-01 0.000000e+00
 0.000000e+00 0.000000e+00 0.000000e+00 8.607675e-01 1.392324e-01
 0.000000e+00 0.000000e+00 0.000000e+00 0.000000e+00 0.000000e+00
<ENDHMM>
~h "DC_2"
<BEGINHMM>
<NUMSTATES> 5
<STATE> 2
<MEAN> 22
 2.693290e+00 6.057694e+00 8.357853e-01 1.701633e+00 2.033661e+01 4.975991e+01 9.167738e+01 8.879624e+01 6.094360e+01 6.410809e+01 1.837506e+02 1.535059e+02 1.136284e+02 1.092094e+02 6.618167e+00 4.297820e+00 6.061807e+00 5.535542e+00 5.832912e+00 4.888054e+00 2.151054e+00 2.668298e+00
<VARIANCE> 22
 3.163437e+01 9.319164e+01 3.305619e+00 6.697296e+00 1.370318e+03 3.600975e+03 4.385500e+02 7.890978e+02 1.084993e+02 2.509667e+02 1.245206e+03 3.792903e+03 1.982990e+02 2.407493e+02 2.154014e+00 1.287171e+00 3.602479e-01 7.448351e-01 5.440112e-01 4.727012e+00 6.011077e+00 5.942403e+00
<GCONST> 1.202636e+02
<STATE> 3
<MEAN> 22
 8.846778e+00 1.131452e+01 2.455423e+00 3.503269e+00 7.740389e+01 9.069687e+01 6.958663e+01 7.190562e+01 6.539680e+01 6.342848e+01 1.201688e+02 1.050016e+02 1.043212e+02 1.021059e+02 3.725478e+00 3.174136e+00 6.033794e+00 5.530888e+00 4.692864e+00 2.969717e+00 2.624658e+00 2.674931e+00
<VARIANCE> 22
 1.739716e+02 2.484298e+02 2.998424e+01 4.101363e+01 3.969908e+03 3.715814e+03 9.473024e+02 1.135035e+03 1.577959e+02 2.248569e+02 4.002122e+03 3.974378e+03 2.786956e+02 2.867968e+02 7.687744e+00 2.155659e+00 8.400139e-01 8.522260e-01 1.853554e+00 7.480791e+00 5.413286e+00 5.449535e+00
<GCONST> 1.354520e+02
<STATE> 4
<MEAN> 22
 8.557851e+00 4.744235e+00 2.525454e+00 1.371323e+00 1.033234e+02 6.961243e+01 9.578986e+01 8.496397e+01 7.175725e+01 5.686842e+01 1.068832e+02 1.375062e+02 9.475548e+01 9.911780e+01 3.003593e+00 3.701280e+00 4.457440e+00 4.913293e+00 3.630986e+00 4.101074e+00 2.509349e+00 2.062538e+00
<VARIANCE> 22
 2.174734e+02 1.129138e+02 2.880989e+01 8.443802e+00 1.152752e+04 7.503105e+03 2.634604e+03 1.736146e+03 1.096655e+03 5.718493e+02 6.849227e+03 6.551500e+03 1.737514e+03 1.503572e+03 7.832833e+00 3.178450e+00 7.664334e+00 3.773347e+00 4.504770e+00 6.560463e+00 6.455890e+00 5.508091e+00
<GCONST> 1.489283e+02
<TRANSP> 5
 0.000000e+00 1.000000e+00 0.000000e+00 0.000000e+00 0.000000e+00
 0.000000e+00 8.733635e-01 1.266365e-01 0.000000e+00 0.000000e+00
 0.000000e+00 0.000000e+00 7.605340e-01 2.394659e-01 0.000000e+00
 0.000000e+00 0.000000e+00 0.000000e+00 6.859145e-01 3.140855e-01
 0.000000e+00 0.000000e+00 0.000000e+00 0.000000e+00 0.000000e+00
<ENDHMM>
~h "MC_2"
<BEGINHMM>
<NUMSTATES> 5
<STATE> 2
<MEAN> 22
 7.529993e+00 5.328597e+00 2.490927e+00 1.932101e+00 9.898994e+01 7.913261e+01 9.913663e+01 9.396572e+01 7.318253e+01 6.448337e+01 1.125625e+02 1.394467e+02 1.006998e+02 1.043337e+02 3.645869e+00 3.876261e+00 4.557255e+00 5.050611e+00 4.100500e+00 4.281165e+00 2.638876e+00 2.578692e+00
<VARIANCE> 22
 1.648916e+02 8.810325e+01 2.154073e+01 1.367636e+01 1.182620e+04 9.841231e+03 1.807383e+03 1.626108e+03 6.267030e+02 6.870229e+02 6.374649e+03 4.856068e+03 9.298592e+02 8.206328e+02 7.606105e+00 2.110498e+00 7.036535e+00 2.199796e+00 3.365090e+00 5.811057e+00 6.260494e+00 6.115622e+00
<GCONST> 1.450684e+02
<STATE> 3
<MEAN> 22
 3.745701e+00 8.980905e+00 9.784358e-01 2.640120e+00 2.970082e+01 9.051070e+01 8.202277e+01 7.538438e+01 6.218217e+01 6.963210e+01 1.652628e+02 1.021385e+02 1.101178e+02 1.030679e+02 5.631474e+00 3.379060e+00 6.093503e+00 5.281141e+00 5.604517e+00 3.199199e+00 2.076887e+00 2.836030e+00
<VARIANCE> 22
 8.258804e+01 1.326202e+02 3.305619e+00 1.531403e+01 2.150820e+03 4.052284e+03 8.172021e+02 1.385809e+03 1.852718e+02 2.834276e+02 2.347330e+03 3.457641e+03 2.164117e+02 2.394935e+02 6.291383e+00 1.698707e+00 6.458447e-01 9.056111e-01 8.833612e-01 7.437373e+00 5.794024e+00 5.792938e+00
<GCONST> 1.284421e+02
<STATE> 4
<MEAN> 22
 4.085808e+00 5.444732e+00 1.059673e+00 1.249177e+00 3.165144e+01 3.146259e+01 8.794437e+01 8.598979e+01 6.372151e+01 5.946180e+01 1.671155e+02 1.678024e+02 1.131392e+02 1.119850e+02 5.753809e+00 4.573928e+00 6.075804e+00 5.765545e+00 5.536008e+00 5.352160e+00 2.388946e+00 2.358468e+00
<VARIANCE> 22
 5.871415e+01 1.894625e+02 3.536160e+00 4.131747e+00 2.426698e+03 1.989682e+03 5.197379e+02 6.608961e+02 1.572522e+02 1.031154e+02 2.924377e+03 2.600307e+03 2.066372e+02 1.806387e+02 5.875602e+00 8.483886e-01 6.637474e-01 2.785763e-01 1.187955e+00 3.259317e+00 6.242134e+00 5.945148e+00
<GCONST> 1.215204e+02
<TRANSP> 5
 0.000000e+00 1.000000e+00 0.000000e+00 0.000000e+00 0.000000e+00
 0.000000e+00 7.259925e-01 2.740075e-01 0.000000e+00 0.000000e+00
 0.000000e+00 0.000000e+00 7.512603e-01 2.487397e-01 0.000000e+00
 0.000000e+00 0.000000e+00 0.000000e+00 8.724367e-01 1.275633e-01
 0.000000e+00 0.000000e+00 0.000000e+00 0.000000e+00 0.000000e+00
<ENDHMM>
~h "VA_2"
<BEGINHMM>
<NUMSTATES> 5
<STATE> 2
<MEAN> 22
 4.278095e+00 5.645437e+00 1.187851e+00 1.555575e+00 3.860413e+01 4.645457e+01 8.840595e+01 8.390913e+01 6.641515e+01 6.269231e+01 1.595212e+02 1.550881e+02 1.123376e+02 1.111964e+02 5.327419e+00 4.223001e+00 5.904444e+00 5.681686e+00 5.260925e+00 4.712865e+00 2.288418e+00 2.468827e+00
<VARIANCE> 22
 6.340205e+01 9.834591e+01 4.515489e+00 7.860251e+00 3.161294e+03 3.059285e+03 9.143868e+02 9.028770e+02 2.088182e+02 1.621526e+02 3.662177e+03 3.773276e+03 2.421594e+02 2.210526e+02 6.751253e+00 1.506347e+00 1.748195e+00 4.109536e-01 1.757260e+00 5.571794e+00 6.155916e+00 6.232120e+00
<GCONST> 1.281260e+02
<STATE> 3
<MEAN> 22
 6.799050e+00 7.610548e+00 1.874885e+00 2.541311e+00 6.286149e+01 1.024075e+02 1.022524e+02 9.937913e+01 7.132201e+01 7.531410e+01 1.527820e+02 1.150105e+02 1.047924e+02 9.992101e+01 5.129927e+00 3.479820e+00 5.078522e+00 4.808793e+00 4.979582e+00 3.513096e+00 2.397588e+00 2.707140e+00
<VARIANCE> 22
 1.612461e+02 1.223993e+02 1.314491e+01 1.545517e+01 9.838616e+03 9.298394e+03 1.912100e+03 2.176021e+03 8.489015e+02 9.326533e+02 4.282500e+03 4.757545e+03 6.995996e+02 6.172841e+02 7.071140e+00 2.128903e+00 4.729074e+00 2.168087e+00 2.813524e+00 6.740036e+00 6.418956e+00 5.871010e+00
<GCONST> 1.442089e+02
<STATE> 4
<MEAN> 22
 8.172557e+00 1.429801e+01 3.771872e+00 4.194149e+00 8.670064e+01 1.062610e+02 1.019897e+02 1.028688e+02 7.515563e+01 7.465746e+01 1.607908e+02 1.408340e+02 1.082166e+02 1.088439e+02 5.082878e+00 3.940939e+00 5.592334e+00 5.128737e+00 5.174161e+00 4.284011e+00 2.743895e+00 2.946742e+00
<VARIANCE> 22
 6.379102e+02 1.208439e+03 4.364030e+02 2.538905e+02 1.878225e+04 1.338176e+04 1.665412e+03 2.160147e+03 6.290805e+02 7.061556e+02 4.115300e+03 3.659708e+03 7.260254e+02 2.919766e+02 7.398706e+00 1.570370e+00 3.358272e+00 1.199107e+00 2.480732e+00 5.334016e+00 6.559420e+00 5.800500e+00
<GCONST> 1.519052e+02
<TRANSP> 5
 0.000000e+00 1.000000e+00 0.000000e+00 0.000000e+00 0.000000e+00
 0.000000e+00 8.708676e-01 1.291324e-01 0.000000e+00 0.000000e+00
 0.000000e+00 0.000000e+00 6.453099e-01 3.546901e-01 0.000000e+00
 0.000000e+00 0.000000e+00 0.000000e+00 4.331003e-01 5.668997e-01
 0.000000e+00 0.000000e+00 0.000000e+00 0.000000e+00 0.000000e+00
<ENDHMM>
~h "VQ_2"
<BEGINHMM>
<NUMSTATES> 5
<STATE> 2
<MEAN> 22
 3.479988e+00 6.262163e+00 1.167250e+00 2.029380e+00 8.575655e+01 1.128315e+02 9.150054e+01 9.400519e+01 6.521191e+01 6.553683e+01 1.381219e+02 1.053480e+02 1.010493e+02 9.614881e+01 4.808906e+00 3.168857e+00 4.911208e+00 4.647059e+00 4.655758e+00 3.149971e+00 1.972676e+00 2.494169e+00
<VARIANCE> 22
 5.056754e+01 1.085495e+02 6.016727e+00 1.326383e+01 1.772456e+04 1.162222e+04 1.836412e+03 1.693488e+03 7.921859e+02 7.541693e+02 5.285188e+03 5.749010e+03 1.018289e+03 8.933237e+02 7.592277e+00 2.707572e+00 5.667747e+00 2.746370e+00 3.503965e+00 6.222459e+00 5.689383e+00 5.926018e+00
<GCONST> 1.441359e+02
<STATE> 3
<MEAN> 22
 4.025022e+00 5.114931e+00 1.121053e+00 1.252131e+00 4.042926e+01 4.562064e+01 8.963515e+01 8.352835e+01 6.292882e+01 5.939703e+01 1.513390e+02 1.470270e+02 1.071006e+02 1.069056e+02 5.489831e+00 4.245488e+00 5.528570e+00 5.660973e+00 5.200472e+00 4.710940e+00 2.294307e+00 2.362365e+00
<VARIANCE> 22
 9.344170e+01 8.536636e+01 5.782922e+00 3.861799e+00 3.925737e+03 3.379199e+03 6.232502e+02 6.956576e+02 2.239450e+02 1.605687e+02 3.777755e+03 3.552780e+03 2.345023e+02 1.693618e+02 6.054496e+00 1.400902e+00 3.173804e+00 5.179347e-01 1.918687e+00 5.245546e+00 5.973530e+00 5.942724e+00
<GCONST> 1.279096e+02
<STATE> 4
<MEAN> 22
 8.989745e+00 8.199876e+00 2.484131e+00 2.536745e+00 5.099615e+01 4.854557e+01 9.132038e+01 9.136834e+01 7.046333e+01 6.557170e+01 1.530346e+02 1.640979e+02 1.132515e+02 1.138478e+02 4.693910e+00 4.312160e+00 5.756403e+00 5.597162e+00 4.990311e+00 4.982443e+00 2.758465e+00 2.725677e+00
<VARIANCE> 22
 2.709254e+02 1.837911e+02 1.901304e+01 2.454239e+01 4.025420e+03 3.557634e+03 1.166133e+03 1.205581e+03 2.640269e+02 2.326839e+02 4.692498e+03 3.597462e+03 4.182717e+02 3.655772e+02 8.234054e+00 1.181934e+00 2.643961e+00 5.478123e-01 2.187329e+00 4.353676e+00 6.451687e+00 5.895684e+00
<GCONST> 1.361711e+02
<TRANSP> 5
 0.000000e+00 1.000000e+00 0.000000e+00 0.000000e+00 0.000000e+00
 0.000000e+00 6.404135e-01 3.595864e-01 0.000000e+00 0.000000e+00
 0.000000e+00 0.000000e+00 7.681779e-01 2.318221e-01 0.000000e+00
 0.000000e+00 0.000000e+00 0.000000e+00 7.988433e-01 2.011567e-01
 0.000000e+00 0.000000e+00 0.000000e+00 0.000000e+00 0.000000e+00
<ENDHMM>
~h "NU_2"
<BEGINHMM>
<NUMSTATES> 5
<STATE> 2
<MEAN> 22
 4.142879e+00 9.880953e+00 8.767292e-01 3.019788e+00 3.308758e+01 9.994214e+01 8.232698e+01 9.020305e+01 6.124990e+01 7.050208e+01 1.552684e+02 1.021889e+02 1.075102e+02 9.938346e+01 5.175776e+00 3.138899e+00 5.779630e+00 4.752173e+00 5.137229e+00 2.926261e+00 1.985312e+00 2.843704e+00
<VARIANCE> 22
 9.135548e+01 3.188884e+02 3.851096e+00 2.288926e+01 2.675023e+03 6.424468e+03 1.435691e+03 2.263280e+03 3.275429e+02 7.130809e+02 4.639619e+03 4.721812e+03 8.382875e+02 7.668395e+02 7.371542e+00 2.098487e+00 2.374620e+00 2.311617e+00 2.473212e+00 6.433851e+00 6.261879e+00 6.211928e+00
<GCONST> 1.403523e+02
<STATE> 3
<MEAN> 22
 2.314361e+00 3.577005e+00 7.556160e-01 9.942738e-01 2.008468e+01 4.086544e+01 8.876693e+01 8.321806e+01 6.145551e+01 6.021614e+01 1.779335e+02 1.574285e+02 1.128514e+02 1.103120e+02 6.199158e+00 4.415186e+00 6.083871e+00 5.691245e+00 5.751140e+00 4.965776e+00 2.048124e+00 2.365731e+00
<VARIANCE> 22
 1.803004e+01 3.332532e+01 3.305619e+00 2.223823e+00 1.479749e+03 2.844724e+03 6.285714e+02 7.651381e+02 1.225886e+02 1.575107e+02 1.690736e+03 3.171668e+03 2.004880e+02 2.024349e+02 4.298371e+00 1.216209e+00 4.564814e-01 3.770601e-01 6.177701e-01 4.653659e+00 5.855556e+00 6.017851e+00
<GCONST> 1.176499e+02
<STATE> 4
<MEAN> 22
 9.520791e+00 6.461242e+00 2.881379e+00 1.944748e+00 9.949226e+01 6.351612e+01 9.203541e+01 8.787043e+01 7.399677e+01 6.031612e+01 1.152818e+02 1.564101e+02 1.055930e+02 1.114798e+02 3.321089e+00 4.273107e+00 5.192216e+00 5.568656e+00 4.169016e+00 4.844458e+00 2.764015e+00 2.572740e+00
<VARIANCE> 22
 1.702260e+02 1.332871e+02 2.410611e+01 1.086636e+01 1.230689e+04 8.392139e+03 1.374034e+03 1.012147e+03 4.869413e+02 1.874390e+02 4.947062e+03 3.557056e+03 5.319959e+02 2.766953e+02 7.747027e+00 1.227701e+00 5.782758e+00 6.149195e-01 3.199687e+00 4.580588e+00 6.083524e+00 6.002428e+00
<GCONST> 1.384374e+02
<TRANSP> 5
 0.000000e+00 1.000000e+00 0.000000e+00 0.000000e+00 0.000000e+00
 0.000000e+00 6.919895e-01 3.080105e-01 0.000000e+00 0.000000e+00
 0.000000e+00 0.000000e+00 8.177627e-01 1.822373e-01 0.000000e+00
 0.000000e+00 0.000000e+00 0.000000e+00 7.201779e-01 2.798221e-01
 0.000000e+00 0.000000e+00 0.000000e+00 0.000000e+00 0.000000e+00
<ENDHMM>
~h "FM_2"
<BEGINHMM>
<NUMSTATES> 5
<STATE> 2
<MEAN> 22
 9.705028e+00 1.252759e+01 3.224906e+00 4.102882e+00 5.490968e+01 8.294431e+01 8.622583e+01 8.922176e+01 6.655040e+01 7.014667e+01 1.531464e+02 1.364089e+02 1.106244e+02 1.085593e+02 4.982595e+00 3.762947e+00 5.812166e+00 5.345404e+00 5.092463e+00 3.967751e+00 2.695808e+00 2.797127e+00
<VARIANCE> 22
 5.521298e+02 5.368976e+02 3.007455e+02 1.971747e+02 7.080906e+03 7.524931e+03 1.054170e+03 1.483263e+03 2.433636e+02 5.118842e+02 3.716571e+03 4.281454e+03 3.415677e+02 3.488479e+02 7.625317e+00 1.938907e+00 2.061913e+00 1.088488e+00 2.104980e+00 6.501695e+00 6.650929e+00 6.048814e+00
<GCONST> 1.458934e+02
<STATE> 3
<MEAN> 22
 2.070101e+00 5.949792e+00 6.710460e-01 1.633938e+00 1.429459e+01 5.674428e+01 9.039035e+01 8.817570e+01 6.000443e+01 6.577473e+01 1.850910e+02 1.464939e+02 1.139442e+02 1.083476e+02 6.687732e+00 4.153262e+00 6.051869e+00 5.478752e+00 5.884310e+00 4.740285e+00 1.907609e+00 2.538646e+00
<VARIANCE> 22
 1.683531e+01 9.399891e+01 3.305619e+00 6.666302e+00 7.832267e+02 4.527366e+03 5.086048e+02 9.500674e+02 1.005496e+02 2.992184e+02 1.099622e+03 4.236729e+03 1.925238e+02 2.594821e+02 1.668549e+00 1.727141e+00 2.496106e-01 9.180935e-01 3.170049e-01 5.179323e+00 5.709575e+00 5.935210e+00
<GCONST> 1.191513e+02
<STATE> 4
<MEAN> 22
 8.016254e+00 6.509414e+00 2.086558e+00 1.878519e+00 8.508397e+01 6.362798e+01 9.133659e+01 8.152347e+01 7.387758e+01 6.109785e+01 1.155963e+02 1.359426e+02 1.028320e+02 1.053047e+02 2.813598e+00 3.743069e+00 5.193874e+00 5.244458e+00 4.110598e+00 4.182228e+00 2.813116e+00 2.432934e+00
<VARIANCE> 22
 1.306804e+02 1.360858e+02 9.256712e+00 9.482878e+00 7.018917e+03 5.311953e+03 2.152689e+03 1.537353e+03 7.173986e+02 3.801126e+02 5.156390e+03 4.753854e+03 8.804645e+02 7.687872e+02 7.588022e+00 2.177490e+00 5.833667e+00 1.763106e+00 3.872035e+00 6.457429e+00 5.900837e+00 5.956963e+00
<GCONST> 1.420107e+02
<TRANSP> 5
 0.000000e+00 1.000000e+00 0.000000e+00 0.000000e+00 0.000000e+00
 0.000000e+00 4.822855e-01 5.177146e-01 0.000000e+00 0.000000e+00
 0.000000e+00 0.000000e+00 8.665770e-01 1.334230e-01 0.000000e+00
 0.000000e+00 0.000000e+00 0.000000e+00 7.432688e-01 2.567313e-01
 0.000000e+00 0.000000e+00 0.000000e+00 0.000000e+00 0.000000e+00
<ENDHMM>
~h "FN_2"
<BEGINHMM>
<NUMSTATES> 5
<STATE> 2
<MEAN> 22
 9.165008e+00 8.878403e+00 2.806768e+00 2.277564e+00 6.499837e+01 5.242545e+01 7.440607e+01 7.621897e+01 6.803458e+01 6.075306e+01 1.250989e+02 1.435895e+02 1.075122e+02 1.093846e+02 3.945309e+00 3.976221e+00 5.797302e+00 5.645147e+00 4.590961e+00 4.344625e+00 2.957186e+00 2.782444e+00
<VARIANCE> 22
 1.748388e+02 1.820515e+02 1.998431e+01 1.781825e+01 3.764372e+03 3.189202e+03 1.366865e+03 1.229128e+03 2.288252e+02 1.612221e+02 4.066799e+03 3.880646e+03 3.144732e+02 2.953416e+02 7.769956e+00 2.245287e+00 2.588952e+00 6.295357e-01 2.367180e+00 6.751778e+00 6.177677e+00 6.024796e+00
<GCONST> 1.355769e+02
<STATE> 3
<MEAN> 22
 2.414241e+00 7.021544e+00 7.493153e-01 1.999149e+00 1.653958e+01 5.750234e+01 9.332297e+01 9.154649e+01 6.065893e+01 6.467570e+01 1.861110e+02 1.470480e+02 1.143478e+02 1.095766e+02 6.665325e+00 4.194777e+00 6.036862e+00 5.484894e+00 5.866914e+00 4.719041e+00 2.070164e+00 2.622584e+00
<VARIANCE> 22
 2.572750e+01 1.296972e+02 3.305619e+00 1.065806e+01 1.047887e+03 4.912107e+03 4.131429e+02 8.457862e+02 9.764970e+01 2.412004e+02 1.338496e+03 4.528982e+03 2.165027e+02 2.642779e+02 1.893027e+00 1.483902e+00 4.718842e-01 8.028063e-01 4.508175e-01 4.883351e+00 5.748405e+00 5.905801e+00
<GCONST> 1.213414e+02
<STATE> 4
<MEAN> 22
 6.922423e+00 4.555532e+00 1.798463e+00 1.579118e+00 1.032011e+02 7.483893e+01 9.331468e+01 8.514771e+01 6.753928e+01 6.044374e+01 9.364372e+01 1.231867e+02 9.758880e+01 9.954530e+01 2.942843e+00 3.504163e+00 4.296441e+00 5.047689e+00 3.611552e+00 3.779588e+00 2.544153e+00 2.260590e+00
<VARIANCE> 22
 1.908915e+02 7.452669e+01 9.524165e+00 8.077455e+00 9.944454e+03 7.613502e+03 2.015255e+03 1.634537e+03 6.902975e+02 5.136597e+02 5.600909e+03 5.761535e+03 1.004823e+03 1.072611e+03 6.597650e+00 2.624779e+00 7.605958e+00 2.812799e+00 3.563877e+00 6.709363e+00 6.141211e+00 6.063730e+00
<GCONST> 1.441544e+02
<TRANSP> 5
 0.000000e+00 1.000000e+00 0.000000e+00 0.000000e+00 0.000000e+00
 0.000000e+00 6.586450e-01 3.413551e-01 0.000000e+00 0.000000e+00
 0.000000e+00 0.000000e+00 8.621234e-01 1.378766e-01 0.000000e+00
 0.000000e+00 0.000000e+00 0.000000e+00 7.365955e-01 2.634045e-01
 0.000000e+00 0.000000e+00 0.000000e+00 0.000000e+00 0.000000e+00
<ENDHMM>
~h "FU_2"
<BEGINHMM>
<NUMSTATES> 5
<STATE> 2
<MEAN> 22
 4.739810e+00 1.195309e+01 1.359536e+00 3.268011e+00 3.168156e+01 1.003480e+02 8.663436e+01 9.052246e+01 6.055986e+01 7.056280e+01 1.637296e+02 1.001185e+02 1.093576e+02 1.007011e+02 5.883778e+00 3.329189e+00 5.944629e+00 5.040499e+00 5.481936e+00 3.323050e+00 2.449174e+00 3.224524e+00
<VARIANCE> 22
 9.295752e+01 2.630447e+02 6.621324e+00 2.341209e+01 2.913017e+03 5.748794e+03 5.825806e+02 1.419155e+03 1.352017e+02 4.472609e+02 2.940069e+03 4.654917e+03 2.431412e+02 3.652733e+02 5.233426e+00 1.734184e+00 1.096408e+00 1.170769e+00 1.415139e+00 6.335015e+00 6.517488e+00 5.747441e+00
<GCONST> 1.329482e+02
<STATE> 3
<MEAN> 22
 2.630018e+00 3.504605e+00 9.363313e-01 1.307623e+00 1.942726e+01 3.202478e+01 9.409882e+01 9.135114e+01 6.322129e+01 5.980582e+01 1.829388e+02 1.746146e+02 1.149047e+02 1.128849e+02 6.494451e+00 4.672431e+00 6.054187e+00 5.738669e+00 5.783620e+00 5.555797e+00 2.153120e+00 2.333921e+00
<VARIANCE> 22
 2.297054e+01 3.518994e+01 3.305619e+00 7.353780e+00 1.488235e+03 2.194130e+03 4.510642e+02 4.966668e+02 1.218363e+02 1.330212e+02 1.951500e+03 2.573339e+03 2.633029e+02 2.036526e+02 2.714363e+00 7.272214e-01 6.940972e-01 3.403229e-01 6.330554e-01 2.233917e+00 5.758163e+00 5.912951e+00
<GCONST> 1.167611e+02
<STATE> 4
<MEAN> 22
 8.225151e+00 5.292655e+00 2.378103e+00 1.536294e+00 1.191729e+02 6.351130e+01 9.059797e+01 8.195189e+01 7.134033e+01 5.723555e+01 8.518298e+01 1.380354e+02 9.621335e+01 1.041560e+02 2.721217e+00 3.763712e+00 4.315178e+00 5.356859e+00 3.577706e+00 4.038849e+00 2.803699e+00 2.451309e+00
<VARIANCE> 22
 1.868925e+02 1.341977e+02 1.877919e+01 6.720556e+00 1.192558e+04 7.502442e+03 2.025211e+03 1.271566e+03 7.350057e+02 3.264647e+02 5.197396e+03 5.096792e+03 9.363072e+02 7.856068e+02 5.599018e+00 2.599095e+00 7.464900e+00 2.167461e+00 2.925669e+00 6.565401e+00 6.303678e+00 6.148870e+00
<GCONST> 1.435351e+02
<TRANSP> 5
 0.000000e+00 1.000000e+00 0.000000e+00 0.000000e+00 0.000000e+00
 0.000000e+00 7.144940e-01 2.855060e-01 0.000000e+00 0.000000e+00
 0.000000e+00 0.000000e+00 8.243011e-01 1.756989e-01 0.000000e+00
 0.000000e+00 0.000000e+00 0.000000e+00 7.802510e-01 2.197490e-01
 0.000000e+00 0.000000e+00 0.000000e+00 0.000000e+00 0.000000e+00
<ENDHMM>
~h "OH_D"
<BEGINHMM>
<NUMSTATES> 5
<STATE> 2
<MEAN> 22
 5.920797e+00 6.020350e+00 2.079725e+00 2.136514e+00 9.096404e+01 9.960625e+01 1.010949e+02 9.989020e+01 7.217548e+01 7.013699e+01 1.258587e+02 1.200205e+02 1.032636e+02 1.022566e+02 4.113266e+00 3.446916e+00 4.581310e+00 4.849384e+00 4.284271e+00 3.534512e+00 2.439015e+00 2.592311e+00
<VARIANCE> 22
 1.674593e+02 1.386231e+02 5.459319e+01 3.685946e+01 1.160204e+04 9.460599e+03 1.926266e+03 1.896221e+03 6.974800e+02 7.357103e+02 5.849792e+03 5.403792e+03 8.098959e+02 7.001840e+02 7.880615e+00 2.301458e+00 6.666968e+00 2.285726e+00 3.633158e+00 6.251377e+00 6.386931e+00 6.029246e+00
<GCONST> 1.477787e+02
<STATE> 3
<MEAN> 22
 7.712279e+00 1.362423e+01 1.991689e+00 3.546487e+00 3.900249e+01 8.526936e+01 8.630427e+01 8.686475e+01 6.410110e+01 6.920626e+01 1.614433e+02 1.186394e+02 1.113986e+02 1.068040e+02 5.374454e+00 3.596190e+00 6.047563e+00 5.302042e+00 5.350571e+00 3.676783e+00 2.559300e+00 3.205798e+00
<VARIANCE> 22
 2.291741e+02 3.748108e+02 2.671404e+01 3.378228e+01 3.023666e+03 4.659471e+03 8.126744e+02 1.132316e+03 2.036839e+02 3.280175e+02 3.209872e+03 4.644001e+03 2.647335e+02 2.740701e+02 6.940286e+00 1.771766e+00 1.000424e+00 8.650497e-01 1.654853e+00 6.595990e+00 6.709735e+00 6.072130e+00
<GCONST> 1.360738e+02
<STATE> 4
<MEAN> 22
 3.844166e+00 4.870143e+00 1.072495e+00 1.344641e+00 2.628598e+01 3.289502e+01 8.823359e+01 8.490595e+01 6.348071e+01 6.064479e+01 1.720929e+02 1.673557e+02 1.134212e+02 1.121059e+02 5.885500e+00 4.533876e+00 6.096052e+00 5.753800e+00 5.596506e+00 5.286487e+00 2.294030e+00 2.464577e+00
<VARIANCE> 22
 5.726163e+01 7.099496e+01 4.039868e+00 4.871476e+00 1.688188e+03 1.878061e+03 7.123425e+02 7.791132e+02 1.482091e+02 1.314869e+02 2.539887e+03 2.667060e+03 2.136596e+02 1.945984e+02 5.382956e+00 1.009152e+00 5.116412e-01 2.858734e-01 1.053781e+00 3.667882e+00 6.108969e+00 6.106411e+00
<GCONST> 1.209018e+02
<TRANSP> 5
 0.000000e+00 1.000000e+00 0.000000e+00 0.000000e+00 0.000000e+00
 0.000000e+00 7.286376e-01 2.713624e-01 0.000000e+00 0.000000e+00
 0.000000e+00 0.000000e+00 6.566644e-01 3.433356e-01 0.000000e+00
 0.000000e+00 0.000000e+00 0.000000e+00 8.759592e-01 1.240409e-01
 0.000000e+00 0.000000e+00 0.000000e+00 0.000000e+00 0.000000e+00
<ENDHMM>
~h "OH_U"
<BEGINHMM>
<NUMSTATES> 5
<STATE> 2
<MEAN> 22
 2.265037e+01 2.079446e+01 1.770650e+01 1.456061e+01 8.073750e+01 8.130978e+01 7.751868e+01 7.563541e+01 5.610177e+01 5.416117e+01 1.296363e+02 1.194376e+02 8.948005e+01 8.840591e+01 4.348682e+00 3.338127e+00 4.608108e+00 4.404522e+00 4.237213e+00 3.678248e+00 2.097510e+00 2.240247e+00
<VARIANCE> 22
 8.629881e+03 6.069862e+03 7.052634e+03 4.487526e+03 2.250082e+04 1.427811e+04 2.466003e+03 2.358545e+03 1.071707e+03 9.970074e+02 6.737195e+03 6.539631e+03 2.125942e+03 2.039173e+03 9.684212e+00 3.791781e+00 7.041767e+00 5.155290e+00 5.768809e+00 7.492826e+00 6.219194e+00 6.087049e+00
<GCONST> 1.720020e+02
<STATE> 3
<MEAN> 22
 7.479698e+00 1.213655e+01 2.558208e+00 3.806558e+00 3.815482e+01 7.873737e+01 9.063388e+01 9.537077e+01 6.460290e+01 7.065923e+01 1.654121e+02 1.359380e+02 1.122098e+02 1.070135e+02 5.587086e+00 3.850870e+00 5.871305e+00 5.195573e+00 5.370512e+00 4.125278e+00 2.316697e+00 2.855699e+00
<VARIANCE> 22
 5.210128e+02 5.259957e+02 2.835033e+02 1.975290e+02 3.944333e+03 7.003262e+03 9.407879e+02 1.651651e+03 2.459788e+02 6.239897e+02 3.477183e+03 4.384276e+03 3.935118e+02 4.199367e+02 6.261118e+00 1.875184e+00 1.839521e+00 1.456072e+00 1.780086e+00 6.064003e+00 6.015896e+00 5.984282e+00
<GCONST> 1.451852e+02
<STATE> 4
<MEAN> 22
 5.068409e+00 6.083534e+00 1.536841e+00 1.805214e+00 4.278875e+01 5.509124e+01 9.040445e+01 8.751913e+01 6.624586e+01 6.377933e+01 1.562101e+02 1.471992e+02 1.109019e+02 1.094923e+02 5.305719e+00 4.127653e+00 5.758132e+00 5.522841e+00 5.220631e+00 4.577826e+00 2.331431e+00 2.561358e+00
<VARIANCE> 22
 1.210024e+02 1.214283e+02 3.583495e+01 2.557239e+01 3.526696e+03 4.113527e+03 9.557997e+02 9.976829e+02 2.531625e+02 2.573592e+02 3.857153e+03 4.164875e+03 2.881091e+02 2.439268e+02 6.823666e+00 1.606912e+00 2.385237e+00 7.281319e-01 1.930293e+00 5.550429e+00 5.954372e+00 5.973444e+00
<GCONST> 1.348336e+02
<TRANSP> 5
 0.000000e+00 1.000000e+00 0.000000e+00 0.000000e+00 0.000000e+00
 0.000000e+00 2.793221e-01 7.206780e-01 0.000000e+00 0.000000e+00
 0.000000e+00 0.000000e+00 2.939038e-01 7.060962e-01 0.000000e+00
 0.000000e+00 0.000000e+00 0.000000e+00 9.075224e-01 9.247758e-02
 0.000000e+00 0.000000e+00 0.000000e+00 0.000000e+00 0.000000e+00
<ENDHMM>
~h "OK_2"
<BEGINHMM>
<NUMSTATES> 5
<STATE> 2
<MEAN> 22
 2.769417e+00 7.474576e+00 7.965974e-01 2.174011e+00 1.847239e+01 5.244107e+01 9.342686e+01 9.210482e+01 6.134907e+01 6.538628e+01 1.861316e+02 1.537327e+02 1.154299e+02 1.105078e+02 6.625769e+00 4.281216e+00 6.032170e+00 5.462230e+00 5.843832e+00 4.875711e+00 1.968113e+00 2.599118e+00
<VARIANCE> 22
 4.638335e+01 1.826551e+02 3.305619e+00 1.501448e+01 1.559168e+03 4.674042e+03 4.474504e+02 8.235258e+02 1.258708e+02 2.868228e+02 1.518788e+03 4.016397e+03 2.344807e+02 2.624647e+02 2.031143e+00 1.295175e+00 4.653182e-01 7.954850e-01 5.113711e-01 4.489461e+00 5.643558e+00 6.079346e+00
<GCONST> 1.234866e+02
<STATE> 3
<MEAN> 22
 3.625030e+00 5.334220e+00 1.058701e+00 1.341242e+00 3.837696e+01 9.093830e+01 7.669470e+01 8.974252e+01 6.285954e+01 6.958630e+01 1.439817e+02 1.103194e+02 1.081164e+02 1.028609e+02 4.799545e+00 3.300557e+00 6.035889e+00 5.071443e+00 5.068696e+00 3.127334e+00 2.216933e+00 2.676275e+00
<VARIANCE> 22
 5.345709e+01 6.551357e+01 4.332844e+00 3.595684e+00 3.137130e+03 6.289289e+03 1.055506e+03 1.883953e+03 1.910621e+02 5.380091e+02 3.500763e+03 4.481941e+03 2.488730e+02 2.953181e+02 7.689690e+00 2.299294e+00 9.752071e-01 1.712111e+00 1.959023e+00 6.918533e+00 6.032092e+00 6.038423e+00
<GCONST> 1.315420e+02
<STATE> 4
<MEAN> 22
 1.126159e+01 7.560456e+00 3.358487e+00 2.055177e+00 1.095721e+02 6.789915e+01 9.655096e+01 8.954366e+01 7.443958e+01 6.274625e+01 1.159419e+02 1.531997e+02 1.061322e+02 1.116969e+02 3.317434e+00 4.089971e+00 4.989992e+00 5.491024e+00 4.081650e+00 4.513746e+00 2.948449e+00 2.677099e+00
<VARIANCE> 22
 2.568023e+02 1.741055e+02 3.777070e+01 1.814571e+01 1.177044e+04 8.613225e+03 1.625713e+03 1.234075e+03 4.642496e+02 2.749554e+02 5.555506e+03 4.523885e+03 7.635980e+02 4.023126e+02 7.513486e+00 1.740709e+00 6.224295e+00 8.935961e-01 3.372551e+00 5.564322e+00 5.925632e+00 6.243881e+00
<GCONST> 1.428792e+02
<TRANSP> 5
 0.000000e+00 1.000000e+00 0.000000e+00 0.000000e+00 0.000000e+00
 0.000000e+00 8.006996e-01 1.993004e-01 0.000000e+00 0.000000e+00
 0.000000e+00 0.000000e+00 5.870023e-01 4.129978e-01 0.000000e+00
 0.000000e+00 0.000000e+00 0.000000e+00 7.173008e-01 2.826993e-01
 0.000000e+00 0.000000e+00 0.000000e+00 0.000000e+00 0.000000e+00
<ENDHMM>
~h "PF_2"
<BEGINHMM>
<NUMSTATES> 5
<STATE> 2
<MEAN> 22
 3.925234e+00 8.113204e+00 9.461289e-01 2.035280e+00 6.325163e+01 9.494180e+01 8.380258e+01 8.078345e+01 6.102708e+01 6.112535e+01 1.255893e+02 1.003604e+02 1.020406e+02 9.690026e+01 4.684153e+00 3.189294e+00 5.423182e+00 5.054196e+00 4.604761e+00 3.221607e+00 2.199860e+00 2.548021e+00
<VARIANCE> 22
 5.834631e+01 1.956036e+02 3.305619e+00 1.090567e+01 9.719212e+03 7.371452e+03 1.087349e+03 1.310982e+03 3.496584e+02 3.791951e+02 5.072197e+03 5.025191e+03 6.486179e+02 7.203876e+02 7.479583e+00 2.377884e+00 3.892163e+00 2.274570e+00 3.258839e+00 6.958434e+00 6.160193e+00 5.691205e+00
<GCONST> 1.392589e+02
<STATE> 3
<MEAN> 22
 4.410007e+00 5.993299e+00 1.500391e+00 1.995504e+00 5.732455e+01 1.109444e+02 1.012982e+02 1.063127e+02 6.945072e+01 7.706192e+01 1.473046e+02 1.090674e+02 1.083192e+02 1.030470e+02 5.043549e+00 3.339434e+00 4.963143e+00 4.780197e+00 4.836558e+00 3.157224e+00 2.281940e+00 2.903121e+00
<VARIANCE> 22
 8.154332e+01 8.421333e+01 7.431533e+00 8.569826e+00 5.793762e+03 7.441362e+03 1.235755e+03 1.986125e+03 4.449358e+02 6.664720e+02 4.146725e+03 4.402087e+03 2.478044e+02 2.849542e+02 7.300680e+00 1.691573e+00 5.368858e+00 1.629686e+00 3.035450e+00 6.003810e+00 6.552235e+00 5.676465e+00
<GCONST> 1.374008e+02
<STATE> 4
<MEAN> 22
 6.177120e+00 6.972533e+00 1.738436e+00 2.126575e+00 3.460402e+01 3.898669e+01 9.096876e+01 9.006246e+01 6.552957e+01 6.300917e+01 1.707241e+02 1.683110e+02 1.134500e+02 1.126776e+02 5.745248e+00 4.540763e+00 6.046694e+00 5.626225e+00 5.502950e+00 5.319060e+00 2.687891e+00 2.770349e+00
<VARIANCE> 22
 1.243698e+02 1.366861e+02 1.151108e+01 1.439528e+01 2.399960e+03 2.559701e+03 7.386154e+02 7.378766e+02 1.857803e+02 2.135015e+02 2.708074e+03 2.647356e+03 2.256044e+02 1.870143e+02 6.022397e+00 9.587389e-01 1.214364e+00 5.147850e-01 1.464742e+00 3.174613e+00 6.444634e+00 6.294731e+00
<GCONST> 1.276707e+02
<TRANSP> 5
 0.000000e+00 1.000000e+00 0.000000e+00 0.000000e+00 0.000000e+00
 0.000000e+00 7.092783e-01 2.907217e-01 0.000000e+00 0.000000e+00
 0.000000e+00 0.000000e+00 6.931185e-01 3.068815e-01 0.000000e+00
 0.000000e+00 0.000000e+00 0.000000e+00 8.502758e-01 1.497242e-01
 0.000000e+00 0.000000e+00 0.000000e+00 0.000000e+00 0.000000e+00
<ENDHMM>
~h "PR_2"
<BEGINHMM>
<NUMSTATES> 5
<STATE> 2
<MEAN> 22
 9.411312e+00 9.272310e+00 3.100095e+00 2.777812e+00 5.686039e+01 9.673092e+01 8.065558e+01 9.190938e+01 6.652787e+01 7.330550e+01 1.341550e+02 1.117931e+02 1.064735e+02 1.016672e+02 4.358372e+00 3.314503e+00 5.835766e+00 5.018402e+00 4.872247e+00 3.064929e+00 2.914222e+00 2.812020e+00
<VARIANCE> 22
 2.160349e+02 2.106219e+02 4.204722e+01 2.206453e+01 3.674027e+03 6.043088e+03 9.285189e+02 1.787953e+03 2.794302e+02 6.436011e+02 3.704983e+03 4.214777e+03 2.889783e+02 3.830789e+02 8.125233e+00 1.895654e+00 2.205822e+00 1.727741e+00 2.148885e+00 6.824494e+00 6.711412e+00 6.214977e+00
<GCONST> 1.399966e+02
<STATE> 3
<MEAN> 22
 2.551748e+00 6.098626e+00 8.092493e-01 1.657871e+00 2.032685e+01 5.114000e+01 8.970990e+01 8.583328e+01 6.148310e+01 6.274615e+01 1.794488e+02 1.490927e+02 1.139825e+02 1.102098e+02 6.283862e+00 4.208272e+00 6.080655e+00 5.598953e+00 5.736031e+00 4.684081e+00 2.104272e+00 2.651123e+00
<VARIANCE> 22
 2.320435e+01 9.928315e+01 3.305619e+00 6.127388e+00 1.198893e+03 3.497054e+03 6.184401e+02 7.737488e+02 9.392046e+01 1.813415e+02 1.877948e+03 4.041061e+03 1.874701e+02 2.225003e+02 3.634795e+00 1.401542e+00 3.791873e-01 4.729227e-01 6.968260e-01 5.249828e+00 5.898522e+00 6.258416e+00
<GCONST> 1.205500e+02
<STATE> 4
<MEAN> 22
 7.768915e+00 4.604487e+00 2.181810e+00 1.485768e+00 9.744638e+01 5.349461e+01 1.039678e+02 8.909677e+01 7.415143e+01 5.951711e+01 1.145407e+02 1.544844e+02 1.019408e+02 1.087533e+02 3.273315e+00 4.061782e+00 4.578133e+00 5.289654e+00 3.787944e+00 4.504891e+00 2.810570e+00 2.368369e+00
<VARIANCE> 22
 1.604869e+02 9.630439e+01 1.303270e+01 8.171096e+00 9.873643e+03 6.168772e+03 2.501608e+03 1.293442e+03 6.835981e+02 3.344770e+02 6.634707e+03 5.580334e+03 1.247364e+03 8.650902e+02 7.473991e+00 2.023244e+00 7.345721e+00 1.798474e+00 3.754335e+00 5.558341e+00 6.390771e+00 6.235636e+00
<GCONST> 1.433409e+02
<TRANSP> 5
 0.000000e+00 1.000000e+00 0.000000e+00 0.000000e+00 0.000000e+00
 0.000000e+00 6.557516e-01 3.442484e-01 0.000000e+00 0.000000e+00
 0.000000e+00 0.000000e+00 8.500423e-01 1.499578e-01 0.000000e+00
 0.000000e+00 0.000000e+00 0.000000e+00 6.774502e-01 3.225498e-01
 0.000000e+00 0.000000e+00 0.000000e+00 0.000000e+00 0.000000e+00
<ENDHMM>
