~o
<STREAMINFO> 1 22
<VECSIZE> 22<NULLD><MFCC_0><DIAGC>
~h "BN"
<BEGINHMM>
<NUMSTATES> 5
<STATE> 2
<NUMMIXES> 2
<MIXTURE> 1 3.205047e-001
<MEAN> 22
 9.116206e+000 1.368672e+001 5.304786e+000 5.513039e+000 1.848270e+001 2.192537e+001 8.091148e+001 7.345786e+001 5.903755e+001 5.567716e+001 1.770189e+002 1.678524e+002 1.101001e+002 1.080248e+002 6.884654e+000 5.028055e+000 6.066999e+000 5.909233e+000 5.810432e+000 6.125170e+000 2.429941e+000 2.226394e+000
<VARIANCE> 22
 2.388778e+003 1.613092e+003 1.923534e+003 1.215939e+003 4.152088e+002 4.132621e+002 6.055038e+002 5.686702e+002 6.506587e+001 5.860067e+001 8.870476e+002 1.009513e+003 1.595107e+002 1.601999e+002 1.671188e-001 1.565837e-001 6.251050e-002 8.252832e-002 1.597512e-001 2.414630e-001 5.726806e+000 4.046875e+000
<GCONST> 1.181426e+002
<MIXTURE> 2 6.794949e-001
<MEAN> 22
 5.998362e+000 8.119015e+000 1.640154e+000 2.701057e+000 1.445454e+002 1.577011e+002 7.182774e+001 8.489474e+001 7.008384e+001 7.181664e+001 1.080442e+002 7.302011e+001 9.334581e+001 9.219981e+001 3.039309e+000 2.481644e+000 4.680591e+000 4.064323e+000 4.064342e+000 2.080555e+000 2.288521e+000 2.373119e+000
<VARIANCE> 22
 1.251277e+002 2.308204e+002 1.017964e+001 1.639253e+001 3.282124e+004 1.701036e+004 2.333827e+003 2.678966e+003 9.714565e+002 1.147114e+003 5.851969e+003 3.373632e+003 1.734978e+003 1.335560e+003 8.176989e+000 2.128402e+000 7.472620e+000 3.323069e+000 3.673394e+000 5.332961e+000 6.088842e+000 5.743876e+000
<GCONST> 1.495867e+002
<STATE> 3
<NUMMIXES> 2
<MIXTURE> 1 3.935363e-001
<MEAN> 22
 1.498918e+000 2.096461e+001 4.967296e-001 5.317909e+000 7.513220e+000 1.369528e+002 1.004532e+002 1.020038e+002 6.222028e+001 8.564832e+001 2.038195e+002 8.372307e+001 1.219193e+002 1.107343e+002 6.998802e+000 3.025613e+000 6.102170e+000 4.623046e+000 5.998210e+000 2.561209e+000 1.745192e+000 3.631944e+000
<VARIANCE> 22
 9.977918e+000 3.738922e+002 3.300596e+000 2.867647e+001 9.957265e+001 5.797803e+003 3.284460e+002 1.657793e+003 6.842139e+001 5.754509e+002 6.697681e+002 2.909924e+003 2.281484e+002 1.782993e+002 6.504287e-002 1.239414e+000 9.232848e-002 8.818806e-001 2.082488e-002 5.699932e+000 5.513726e+000 5.326627e+000
<GCONST> 1.115813e+002
<MIXTURE> 2 6.064643e-001
<MEAN> 22
 8.940569e-001 4.844800e+000 4.316755e-001 1.561603e+000 9.850318e+000 1.725354e+002 8.693011e+001 1.187230e+002 5.629774e+001 8.851797e+001 1.808063e+002 3.180982e+001 1.098480e+002 9.654758e+001 6.933071e+000 2.062169e+000 6.007104e+000 3.675235e+000 5.960660e+000 1.102454e+000 1.366090e+000 2.642234e+000
<VARIANCE> 22
 4.801632e+000 4.258406e+001 3.300596e+000 3.557002e+000 5.797053e+002 9.768684e+002 1.376605e+002 2.007776e+002 5.617955e+001 2.621376e+002 4.163737e+002 3.296634e+002 6.298437e+001 8.316706e+001 3.625472e-001 1.165781e-001 2.320148e-001 4.725120e-001 1.153968e-001 2.998838e-001 4.865213e+000 5.959519e+000
<GCONST> 9.631035e+001
<STATE> 4
<NUMMIXES> 2
<MIXTURE> 1 4.297772e-001
<MEAN> 22
 1.395691e+001 5.073193e+000 3.123265e+000 1.655832e+000 5.270021e+001 2.391550e+001 8.763190e+001 9.491515e+001 7.151198e+001 5.803823e+001 1.543131e+002 1.941254e+002 1.144857e+002 1.168870e+002 4.871712e+000 4.992365e+000 6.402925e+000 5.852531e+000 5.197786e+000 6.011247e+000 3.655851e+000 2.775192e+000
<VARIANCE> 22
 3.027832e+002 6.838453e+001 2.009612e+001 6.302315e+000 2.885026e+003 8.699335e+002 6.208851e+002 3.235888e+002 2.775192e+002 6.496630e+001 3.850831e+003 5.117237e+002 2.727902e+002 1.196950e+002 8.440389e+000 2.200921e-002 2.432481e-001 1.257245e-001 1.758583e+000 5.618803e-002 5.904442e+000 6.557769e+000
<GCONST> 1.130177e+002
<MIXTURE> 2 5.702227e-001
<MEAN> 22
 6.140235e+000 1.616305e+000 2.549290e+000 7.405118e-001 1.634585e+002 1.813121e+001 1.268727e+002 8.620316e+001 9.192825e+001 5.856720e+001 3.475786e+001 1.794190e+002 9.917052e+001 1.150768e+002 1.972210e+000 4.712349e+000 7.676288e-001 5.817783e+000 2.863372e+000 5.641598e+000 2.996979e+000 1.931359e+000
<VARIANCE> 22
 8.374681e+001 1.231563e+001 1.790236e+001 2.164982e+000 3.850489e+003 7.593061e+002 3.749792e+002 7.983773e+002 3.253389e+002 6.828889e+001 3.759065e+002 1.719396e+003 2.194687e+002 1.705862e+002 3.707317e-001 4.320385e-001 1.565319e+000 1.850463e-001 2.659082e-001 2.618330e+000 6.212787e+000 5.673035e+000
<GCONST> 1.125749e+002
<TRANSP> 5
 0.000000e+000 1.000000e+000 0.000000e+000 0.000000e+000 0.000000e+000
 0.000000e+000 8.122828e-001 1.877172e-001 0.000000e+000 0.000000e+000
 0.000000e+000 0.000000e+000 9.556200e-001 4.438003e-002 0.000000e+000
 0.000000e+000 0.000000e+000 0.000000e+000 9.267299e-001 7.327017e-002
 0.000000e+000 0.000000e+000 0.000000e+000 0.000000e+000 0.000000e+000
<ENDHMM>
~h "BS"
<BEGINHMM>
<NUMSTATES> 5
<STATE> 2
<NUMMIXES> 2
<MIXTURE> 1 7.328040e-002
<MEAN> 22
 3.621455e+001 3.399463e+001 2.235842e+001 1.942867e+001 4.428768e+002 3.206737e+002 1.035788e+002 9.476970e+001 6.815665e+001 6.613779e+001 1.602909e+002 1.473492e+002 1.129506e+002 1.129382e+002 1.548914e+000 3.841033e+000 6.706078e+000 5.319863e+000 3.311669e+000 4.121159e+000 1.849536e+000 2.424600e+000
<VARIANCE> 22
 9.813375e+003 7.286453e+003 8.617853e+003 5.661265e+003 3.450134e+004 1.470989e+004 1.749296e+003 1.435590e+003 3.381730e+001 2.164939e+001 1.303529e+003 8.882852e+002 1.210857e+002 7.817368e+001 6.930746e+000 1.456272e+000 2.075313e-001 2.346375e-001 8.709905e+000 3.389763e+000 5.757030e+000 6.074029e+000
<GCONST> 1.469457e+002
<MIXTURE> 2 9.267196e-001
<MEAN> 22
 1.325742e+001 1.311074e+001 2.263861e+000 2.306348e+000 5.090545e+001 5.019773e+001 6.486564e+001 6.269092e+001 6.350304e+001 6.022467e+001 1.559264e+002 1.519268e+002 1.092823e+002 1.086526e+002 5.872973e+000 4.626903e+000 5.985975e+000 5.831115e+000 5.406898e+000 5.584731e+000 2.755445e+000 1.973168e+000
<VARIANCE> 22
 1.648043e+002 1.510905e+002 5.628580e+000 6.192656e+000 4.389024e+003 3.297304e+003 1.009212e+003 9.365127e+002 1.521273e+002 1.540393e+002 1.865059e+003 1.954680e+003 3.351457e+002 2.998826e+002 4.888476e+000 1.400090e+000 5.948722e-001 5.239274e-001 9.671746e-001 4.090941e+000 3.082319e+000 3.828653e+000
<GCONST> 1.256441e+002
<STATE> 3
<NUMMIXES> 2
<MIXTURE> 1 4.198460e-001
<MEAN> 22
 1.466306e+001 1.494320e+001 3.556833e+000 3.468162e+000 1.312876e+002 1.237116e+002 1.459057e+002 1.411411e+002 8.883187e+001 7.858237e+001 1.532410e+002 1.605382e+002 1.163720e+002 1.148686e+002 4.456051e-001 3.716651e+000 4.426348e+000 4.724869e+000 1.813595e+000 3.836492e+000 2.915318e+000 3.870567e+000
<VARIANCE> 22
 4.244466e+002 4.403777e+002 1.905403e+001 2.101819e+001 1.505846e+003 1.696792e+003 1.007869e+003 8.900825e+002 1.852561e+002 2.652773e+002 2.128412e+003 1.294170e+003 1.777614e+002 1.379009e+002 3.210278e-001 3.389677e-001 1.125069e+001 2.550749e-001 6.107588e+000 9.234201e-001 6.454190e+000 5.575904e+000
<GCONST> 1.269123e+002
<MIXTURE> 2 5.801536e-001
<MEAN> 22
 2.164748e+001 2.230555e+001 3.692157e+000 3.613612e+000 9.277928e+001 9.505692e+001 4.742054e+001 4.860593e+001 6.497651e+001 6.075927e+001 9.476633e+001 9.370557e+001 1.004252e+002 1.011983e+002 2.143220e+000 2.847842e+000 6.144922e+000 5.757114e+000 4.152109e+000 2.425501e+000 2.712334e+000 2.824207e+000
<VARIANCE> 22
 3.457682e+002 3.599973e+002 2.317031e+001 1.792178e+001 1.585153e+003 1.265798e+003 6.446621e+002 6.469929e+002 1.167985e+002 1.219841e+002 9.109020e+002 8.262598e+002 1.167142e+002 9.931294e+001 4.071772e+000 2.201122e+000 3.681601e-001 3.687918e-001 1.879027e+000 7.915469e+000 5.338132e+000 4.381856e+000
<GCONST> 1.241489e+002
<STATE> 4
<NUMMIXES> 2
<MIXTURE> 1 4.465789e-001
<MEAN> 22
 9.204028e+000 8.842035e+000 2.483726e+000 2.143684e+000 3.442772e+001 3.514228e+001 1.024622e+002 9.972115e+001 6.545599e+001 6.012643e+001 1.935095e+002 1.914019e+002 1.153090e+002 1.146615e+002 6.724545e+000 4.942823e+000 6.440934e+000 5.518739e+000 6.059294e+000 5.833726e+000 3.870155e+000 3.684289e+000
<VARIANCE> 22
 8.306410e+001 7.900195e+001 7.269718e+000 5.496528e+000 1.082104e+003 8.342184e+002 5.903010e+002 4.282473e+002 1.053719e+002 8.693101e+001 7.739918e+002 6.595922e+002 1.878897e+002 1.457999e+002 1.626763e+000 1.310565e-001 2.841613e-001 2.502701e-001 1.952062e-001 3.228135e-001 4.474497e+000 8.366672e+000
<GCONST> 1.082169e+002
<MIXTURE> 2 5.534205e-001
<MEAN> 22
 6.316263e+000 6.043824e+000 1.762368e+000 1.640601e+000 9.049884e+001 8.908253e+001 1.169159e+002 1.179958e+002 6.846485e+001 6.381201e+001 1.566652e+002 1.560891e+002 1.052569e+002 1.048890e+002 7.475013e-003 3.999265e+000 6.999494e+000 5.000000e+000 3.505257e+000 4.354832e+000 3.061689e+000 3.803897e+000
<VARIANCE> 22
 6.457755e+001 5.835379e+001 5.950286e+000 5.044399e+000 7.155544e+002 6.530646e+002 5.867725e+002 5.136436e+002 9.816687e+001 1.274602e+002 4.217587e+002 4.581641e+002 7.314019e+001 7.986373e+001 6.504287e-002 1.793315e-002 2.326111e-002 1.170389e-002 1.191375e+001 2.648578e-001 6.494733e+000 7.382740e+000
<GCONST> 9.807578e+001
<TRANSP> 5
 0.000000e+000 1.000000e+000 0.000000e+000 0.000000e+000 0.000000e+000
 0.000000e+000 7.645898e-001 2.354103e-001 0.000000e+000 0.000000e+000
 0.000000e+000 0.000000e+000 9.244645e-001 7.553551e-002 0.000000e+000
 0.000000e+000 0.000000e+000 0.000000e+000 9.481809e-001 5.181919e-002
 0.000000e+000 0.000000e+000 0.000000e+000 0.000000e+000 0.000000e+000
<ENDHMM>
~h "CF"
<BEGINHMM>
<NUMSTATES> 5
<STATE> 2
<NUMMIXES> 2
<MIXTURE> 1 2.369026e-001
<MEAN> 22
 7.750936e+000 1.388338e+001 5.204489e+000 6.053463e+000 1.038203e+001 2.244489e+001 9.226048e+001 7.850596e+001 5.883450e+001 5.901728e+001 1.906479e+002 1.767497e+002 1.143014e+002 1.124386e+002 6.968769e+000 4.982140e+000 6.038565e+000 5.974305e+000 5.981773e+000 6.111791e+000 2.059225e+000 2.115394e+000
<VARIANCE> 22
 1.846512e+003 1.429943e+003 1.740639e+003 1.027565e+003 1.281264e+002 3.941538e+002 2.458521e+002 5.368058e+002 6.265063e+001 6.996822e+001 5.216779e+002 8.454704e+002 1.363723e+002 1.402216e+002 1.039725e-001 3.036059e-002 7.393520e-002 2.503444e-002 4.000990e-002 1.784476e-001 5.692698e+000 3.420411e+000
<GCONST> 1.094545e+002
<MIXTURE> 2 7.630979e-001
<MEAN> 22
 8.452038e+000 7.065638e+000 3.064849e+000 2.422033e+000 8.500945e+001 8.486883e+001 8.451350e+001 6.777705e+001 7.930959e+001 6.502428e+001 8.793152e+001 1.051973e+002 9.610844e+001 1.033036e+002 2.763819e+000 3.247695e+000 4.556392e+000 5.072323e+000 3.797985e+000 3.491550e+000 2.901304e+000 2.687797e+000
<VARIANCE> 22
 2.243468e+002 1.232537e+002 2.320826e+001 1.699847e+001 8.258396e+003 6.961528e+003 2.304005e+003 1.722752e+003 6.530033e+002 5.469670e+002 3.528528e+003 3.374400e+003 6.380756e+002 5.201128e+002 5.137471e+000 2.318670e+000 6.055213e+000 1.915293e+000 2.296015e+000 7.822166e+000 6.021052e+000 5.628245e+000
<GCONST> 1.428302e+002
<STATE> 3
<NUMMIXES> 2
<MIXTURE> 1 3.488658e-001
<MEAN> 22
 2.648335e+000 2.368003e+001 9.973662e-001 5.923598e+000 1.769158e+001 1.257703e+002 9.966238e+001 9.200108e+001 6.379658e+001 8.670061e+001 1.926212e+002 9.120710e+001 1.175089e+002 1.028698e+002 6.830066e+000 3.210156e+000 6.209090e+000 4.674469e+000 5.891146e+000 2.952648e+000 2.088308e+000 3.879662e+000
<VARIANCE> 22
 2.528278e+001 5.096357e+002 3.673934e+000 4.376422e+001 1.039126e+003 5.800285e+003 6.025054e+002 2.051101e+003 1.296448e+002 4.851583e+002 1.573183e+003 2.896425e+003 3.071107e+002 2.882299e+002 8.088285e-001 1.353337e+000 6.189173e-001 1.714703e+000 2.759698e-001 7.320551e+000 5.990571e+000 5.075949e+000
<GCONST> 1.266563e+002
<MIXTURE> 2 6.511339e-001
<MEAN> 22
 9.351672e-001 6.465675e+000 4.533355e-001 3.048194e+000 5.879745e+000 1.944377e+002 9.017239e+001 1.288914e+002 5.715290e+001 1.019947e+002 1.859454e+002 3.121842e+001 1.110223e+002 8.357961e+001 7.000000e+000 2.000000e+000 6.006638e+000 2.941863e+000 5.999996e+000 9.932684e-001 1.418105e+000 2.538993e+000
<VARIANCE> 22
 4.801632e+000 9.426919e+001 3.300596e+000 1.872118e+001 4.956259e+001 9.253416e+002 1.840828e+002 4.352870e+002 4.988537e+001 3.958227e+002 3.629917e+002 1.488141e+002 1.037419e+002 2.371069e+002 6.504287e-002 1.793315e-002 2.326111e-002 1.259619e+000 2.082488e-002 5.618803e-002 5.139644e+000 5.749866e+000
<GCONST> 8.994667e+001
<STATE> 4
<NUMMIXES> 2
<MIXTURE> 1 4.265650e-001
<MEAN> 22
 8.928108e+000 5.956922e+000 2.676207e+000 2.193288e+000 2.874539e+001 2.416297e+001 9.071596e+001 9.745879e+001 6.572830e+001 6.101343e+001 1.871125e+002 1.946896e+002 1.165388e+002 1.164769e+002 6.345417e+000 5.000434e+000 6.196628e+000 5.708333e+000 5.888460e+000 5.984969e+000 3.370144e+000 3.071389e+000
<VARIANCE> 22
 1.763691e+002 6.574422e+001 1.398930e+001 8.349127e+000 7.889031e+002 5.755392e+002 6.355401e+002 3.340100e+002 1.593298e+002 9.559962e+001 1.041448e+003 5.145945e+002 2.040365e+002 1.287562e+002 3.944639e+000 1.793315e-002 1.579653e-001 2.074652e-001 1.200167e-001 5.618803e-002 6.433768e+000 6.404160e+000
<GCONST> 1.054952e+002
<MIXTURE> 2 5.734344e-001
<MEAN> 22
 1.060674e+001 1.556048e+000 3.866238e+000 8.186134e-001 1.719244e+002 2.519109e+001 1.209637e+002 9.696657e+001 9.699641e+001 5.771041e+001 3.831181e+001 1.917416e+002 8.550289e+001 1.135055e+002 1.909397e+000 4.977110e+000 2.492321e+000 5.672462e+000 3.044630e+000 5.953208e+000 3.153297e+000 2.051889e+000
<VARIANCE> 22
 2.149259e+002 8.399933e+000 2.927658e+001 2.164982e+000 3.465669e+003 1.107006e+003 1.193924e+003 2.399904e+002 4.594339e+002 8.497092e+001 5.196901e+002 4.442119e+002 4.469931e+002 1.197589e+002 2.225350e-001 6.624858e-002 4.668667e+000 2.415510e-001 2.420682e-001 2.188587e-001 6.216745e+000 5.596690e+000
<GCONST> 1.101313e+002
<TRANSP> 5
 0.000000e+000 1.000000e+000 0.000000e+000 0.000000e+000 0.000000e+000
 0.000000e+000 8.367130e-001 1.632870e-001 0.000000e+000 0.000000e+000
 0.000000e+000 0.000000e+000 9.501023e-001 4.989762e-002 0.000000e+000
 0.000000e+000 0.000000e+000 0.000000e+000 9.307947e-001 6.920530e-002
 0.000000e+000 0.000000e+000 0.000000e+000 0.000000e+000 0.000000e+000
<ENDHMM>
~h "CN"
<BEGINHMM>
<NUMSTATES> 5
<STATE> 2
<NUMMIXES> 2
<MIXTURE> 1 4.178138e-001
<MEAN> 22
 8.700585e+000 8.182684e+000 2.877823e+000 2.753320e+000 2.115446e+001 2.359021e+001 9.285161e+001 8.873628e+001 6.386709e+001 5.942783e+001 1.920637e+002 1.885776e+002 1.189332e+002 1.170481e+002 6.999014e+000 5.000000e+000 6.131792e+000 5.935067e+000 5.999439e+000 6.016332e+000 2.756818e+000 1.962839e+000
<VARIANCE> 22
 5.289502e+002 4.141917e+002 3.707178e+002 2.725988e+002 3.517556e+002 5.060181e+002 5.984933e+002 4.012484e+002 9.204961e+001 6.772681e+001 8.177585e+002 6.563902e+002 2.511278e+002 1.908779e+002 6.504287e-002 1.793315e-002 1.144224e-001 6.071662e-002 2.082488e-002 5.618803e-002 3.245458e+000 3.991839e+000
<GCONST> 1.055288e+002
<MIXTURE> 2 5.821855e-001
<MEAN> 22
 2.082010e+001 2.063838e+001 2.607071e+000 2.902827e+000 9.228463e+001 8.804424e+001 4.352268e+001 4.550540e+001 6.557546e+001 6.212302e+001 9.964277e+001 9.899947e+001 1.054531e+002 1.046275e+002 3.022931e+000 3.330633e+000 6.018843e+000 5.875137e+000 4.291397e+000 3.081852e+000 2.631235e+000 2.041266e+000
<VARIANCE> 22
 3.272944e+002 3.068216e+002 9.519475e+000 1.168176e+001 2.107175e+003 2.063252e+003 4.795013e+002 6.297671e+002 1.165935e+002 1.092352e+002 1.444665e+003 1.663114e+003 1.650409e+002 1.349981e+002 6.080304e+000 2.085985e+000 1.921512e-001 4.293932e-001 7.594147e-001 9.841171e+000 2.249495e+000 3.096826e+000
<GCONST> 1.227187e+002
<STATE> 3
<NUMMIXES> 2
<MIXTURE> 1 4.696898e-001
<MEAN> 22
 8.757313e+000 8.371551e+000 1.135183e+000 1.035107e+000 1.648874e+002 1.589402e+002 8.570597e+001 8.257040e+001 6.858553e+001 6.672092e+001 3.922117e+001 4.321566e+001 1.063565e+002 1.083003e+002 2.063293e+000 1.835467e+000 5.535347e+000 5.867082e+000 3.107259e+000 8.285144e-001 2.962105e+000 2.882009e+000
<VARIANCE> 22
 1.528506e+002 1.745583e+002 3.300596e+000 2.164982e+000 1.658860e+003 1.421318e+003 4.295928e+002 5.323632e+002 1.591470e+002 1.754740e+002 3.951060e+002 5.447249e+002 2.420398e+002 1.856939e+002 1.240237e-001 2.200328e-001 1.587677e+000 1.189322e+000 1.344732e-001 2.283597e-001 6.000922e+000 6.035238e+000
<GCONST> 1.099756e+002
<MIXTURE> 2 5.303116e-001
<MEAN> 22
 6.378729e+000 7.530683e+000 1.236896e+000 9.938645e-001 1.319588e+002 1.260145e+002 6.145634e+001 5.951572e+001 6.481772e+001 6.192487e+001 4.472348e+001 4.672062e+001 1.005299e+002 1.012496e+002 2.006747e+000 2.000000e+000 6.000000e+000 6.000000e+000 3.230076e+000 7.547249e-001 3.372473e+000 3.300352e+000
<VARIANCE> 22
 6.076009e+001 9.382383e+001 3.560246e+000 2.164982e+000 1.159266e+003 9.035949e+002 2.929705e+002 3.341502e+002 5.075693e+001 5.548648e+001 2.317994e+002 2.884265e+002 5.171657e+001 5.123616e+001 6.504287e-002 1.793315e-002 2.326111e-002 1.170389e-002 1.771343e-001 1.851211e-001 6.006021e+000 5.983001e+000
<GCONST> 8.861467e+001
<STATE> 4
<NUMMIXES> 2
<MIXTURE> 1 3.979460e-001
<MEAN> 22
 1.057713e+001 9.616540e+000 3.178044e+000 2.752323e+000 3.901291e+001 3.142750e+001 9.929641e+001 9.543774e+001 6.505206e+001 6.061349e+001 1.953905e+002 1.929439e+002 1.163600e+002 1.154650e+002 6.989934e+000 5.000002e+000 6.281282e+000 5.778866e+000 6.012998e+000 5.978879e+000 3.789475e+000 3.697926e+000
<VARIANCE> 22
 1.183067e+002 9.689167e+001 8.599021e+000 7.190599e+000 7.098410e+003 4.429174e+003 4.350088e+002 3.490398e+002 9.375797e+001 6.486587e+001 5.077471e+002 4.677729e+002 1.501256e+002 1.186238e+002 6.504287e-002 1.793315e-002 2.021635e-001 1.722344e-001 2.082488e-002 5.618803e-002 7.951214e+000 4.567222e+000
<GCONST> 1.007074e+002
<MIXTURE> 2 6.020533e-001
<MEAN> 22
 1.669272e+001 1.619031e+001 2.177391e+000 2.439668e+000 9.362732e+001 9.166142e+001 5.334806e+001 5.149899e+001 6.763422e+001 6.569890e+001 1.160163e+002 1.101000e+002 1.067191e+002 1.072764e+002 3.573968e+000 3.290605e+000 6.050923e+000 5.911941e+000 4.441261e+000 3.068056e+000 4.223334e+000 4.114142e+000
<VARIANCE> 22
 4.073430e+002 3.485254e+002 1.064471e+001 1.577074e+001 3.626520e+003 3.095809e+003 1.234610e+003 1.278629e+003 2.196542e+002 1.635277e+002 1.811102e+003 1.918834e+003 3.095431e+002 1.863205e+002 5.864398e+000 3.699038e+000 3.844017e-001 3.364084e-001 1.477014e+000 9.450683e+000 6.806932e+000 5.162634e+000
<GCONST> 1.316655e+002
<TRANSP> 5
 0.000000e+000 1.000000e+000 0.000000e+000 0.000000e+000 0.000000e+000
 0.000000e+000 8.407934e-001 1.592066e-001 0.000000e+000 0.000000e+000
 0.000000e+000 0.000000e+000 9.635900e-001 3.640999e-002 0.000000e+000
 0.000000e+000 0.000000e+000 0.000000e+000 9.193757e-001 8.062437e-002
 0.000000e+000 0.000000e+000 0.000000e+000 0.000000e+000 0.000000e+000
<ENDHMM>
~h "CP"
<BEGINHMM>
<NUMSTATES> 5
<STATE> 2
<NUMMIXES> 2
<MIXTURE> 1 7.851478e-001
<MEAN> 22
 1.300072e+001 1.143282e+001 3.772841e+000 3.326922e+000 5.387636e+001 5.696207e+001 1.063832e+002 1.063480e+002 7.493907e+001 6.978303e+001 1.830557e+002 1.861588e+002 1.232566e+002 1.193183e+002 3.614097e+000 4.561256e+000 6.675805e+000 5.457994e+000 5.421047e+000 5.484408e+000 3.240741e+000 3.173341e+000
<VARIANCE> 22
 7.155929e+002 4.707475e+002 4.936958e+002 2.838266e+002 1.373705e+003 1.604846e+003 1.274733e+003 1.461808e+003 1.975317e+002 2.066183e+002 2.121171e+003 1.243798e+003 4.432038e+002 2.480092e+002 1.173876e+001 3.374878e-001 2.232944e-001 2.486670e-001 4.208615e+000 9.155726e-001 5.548410e+000 5.339411e+000
<GCONST> 1.342882e+002
<MIXTURE> 2 2.148516e-001
<MEAN> 22
 6.866349e+000 4.044916e+000 9.791935e-001 9.756237e-001 3.300637e+002 2.407589e+002 5.811159e+001 4.746869e+001 3.314920e+001 3.054886e+001 4.634695e+001 6.118359e+001 4.845205e+001 5.014830e+001 8.774643e-001 1.568057e+000 1.055121e+000 2.428879e+000 1.083713e+000 1.531737e+000 1.371348e+000 1.495946e+000
<VARIANCE> 22
 4.181533e+002 7.678156e+001 4.335379e+000 4.509797e+000 3.012998e+004 2.040884e+004 5.020623e+003 3.827139e+003 1.508941e+003 1.230825e+003 4.189318e+003 5.821773e+003 3.022019e+003 3.071182e+003 2.294563e+000 3.734807e+000 4.690484e+000 7.346028e+000 2.542019e+000 5.104509e+000 5.028963e+000 5.473768e+000
<GCONST> 1.498453e+002
<STATE> 3
<NUMMIXES> 2
<MIXTURE> 1 5.178742e-001
<MEAN> 22
 1.176146e+001 1.084187e+001 3.001415e+000 3.022391e+000 4.645447e+001 3.654425e+001 9.477192e+001 9.835201e+001 7.275278e+001 6.790887e+001 1.898449e+002 1.920105e+002 1.241149e+002 1.226800e+002 6.422666e+000 4.838579e+000 6.452161e+000 5.454895e+000 6.004129e+000 5.817318e+000 3.685244e+000 3.480429e+000
<VARIANCE> 22
 1.052346e+002 1.025932e+002 1.016098e+001 1.049967e+001 1.323620e+003 5.415690e+002 6.326317e+002 4.901015e+002 1.124965e+002 9.750356e+001 7.354117e+002 6.694565e+002 1.545440e+002 1.244787e+002 3.660860e+000 1.476148e-001 2.477095e-001 2.479638e-001 1.293426e-001 2.853892e-001 5.354203e+000 5.237060e+000
<GCONST> 1.094206e+002
<MIXTURE> 2 4.821246e-001
<MEAN> 22
 1.087296e+001 1.130503e+001 3.147019e+000 3.059641e+000 6.987127e+001 6.137106e+001 6.002540e+001 6.443102e+001 7.371366e+001 6.914084e+001 1.186795e+002 1.221405e+002 1.054121e+002 1.053900e+002 3.069770e-001 3.744906e+000 6.770951e+000 5.182454e+000 5.128474e+000 4.744738e+000 3.390904e+000 3.124253e+000
<VARIANCE> 22
 1.225547e+002 1.135400e+002 1.593053e+001 1.333670e+001 7.597719e+002 8.928839e+002 3.432627e+002 4.619965e+002 1.428447e+002 1.817135e+002 5.453195e+002 6.815157e+002 1.238391e+002 1.197198e+002 5.638360e-001 5.019459e-001 2.555807e-001 1.738258e-001 2.129985e+000 5.439222e+000 5.247754e+000 5.053220e+000
<GCONST> 1.146797e+002
<STATE> 4
<NUMMIXES> 2
<MIXTURE> 1 6.427146e-001
<MEAN> 22
 6.540908e+000 6.671405e+000 1.702186e+000 1.886057e+000 3.032475e+001 2.956714e+001 8.361481e+001 8.366716e+001 6.179126e+001 5.890329e+001 1.747426e+002 1.753678e+002 1.099564e+002 1.100488e+002 6.995519e+000 4.999767e+000 6.238583e+000 5.671396e+000 6.000631e+000 5.987023e+000 3.852513e+000 3.686164e+000
<VARIANCE> 22
 4.083530e+001 4.277803e+001 3.443442e+000 4.387315e+000 6.258672e+002 5.072800e+002 3.075087e+002 2.771448e+002 6.554273e+001 7.685594e+001 4.763496e+002 4.419196e+002 9.255671e+001 9.148022e+001 6.504287e-002 1.793315e-002 1.816577e-001 2.206281e-001 2.082488e-002 5.618803e-002 5.489943e+000 5.794683e+000
<GCONST> 9.119964e+001
<MIXTURE> 2 3.572854e-001
<MEAN> 22
 7.550871e+000 7.507579e+000 1.362080e+000 1.254189e+000 5.023787e+001 4.742355e+001 6.090321e+001 6.261878e+001 6.206060e+001 6.006097e+001 1.349835e+002 1.362949e+002 9.939386e+001 9.891270e+001 2.406331e+000 4.309769e+000 6.621850e+000 5.337677e+000 5.914721e+000 5.905074e+000 3.293251e+000 3.140965e+000
<VARIANCE> 22
 5.574323e+001 5.058857e+001 3.340655e+000 2.529710e+000 4.400229e+002 3.715236e+002 2.951029e+002 3.832305e+002 6.808345e+001 1.017737e+002 2.909577e+002 3.446422e+002 5.080007e+001 6.210458e+001 1.074501e+001 3.385147e-001 2.944264e-001 2.480121e-001 4.481376e-001 7.102368e-001 5.292969e+000 5.118243e+000
<GCONST> 1.033970e+002
<TRANSP> 5
 0.000000e+000 1.000000e+000 0.000000e+000 0.000000e+000 0.000000e+000
 0.000000e+000 6.914011e-001 3.085989e-001 0.000000e+000 0.000000e+000
 0.000000e+000 0.000000e+000 9.258904e-001 7.410954e-002 0.000000e+000
 0.000000e+000 0.000000e+000 0.000000e+000 9.457539e-001 5.424615e-002
 0.000000e+000 0.000000e+000 0.000000e+000 0.000000e+000 0.000000e+000
<ENDHMM>
~h "CV"
<BEGINHMM>
<NUMSTATES> 5
<STATE> 2
<NUMMIXES> 2
<MIXTURE> 1 4.067053e-001
<MEAN> 22
 8.918967e+000 9.624127e+000 3.133392e+000 2.969824e+000 2.049659e+001 2.145948e+001 9.071481e+001 8.607961e+001 6.259434e+001 5.821943e+001 1.873904e+002 1.836427e+002 1.158542e+002 1.153467e+002 6.987845e+000 4.993923e+000 6.151748e+000 5.907883e+000 5.993916e+000 6.011587e+000 2.738376e+000 2.273390e+000
<VARIANCE> 22
 5.344070e+002 4.702182e+002 5.170733e+002 3.211684e+002 3.774429e+002 3.684113e+002 5.284791e+002 4.478596e+002 7.952937e+001 5.784063e+001 7.323970e+002 7.032057e+002 1.833014e+002 1.482916e+002 6.504287e-002 2.022329e-002 1.287202e-001 8.565772e-002 2.082488e-002 8.843423e-002 3.264571e+000 4.069122e+000
<GCONST> 1.060493e+002
<MIXTURE> 2 5.932942e-001
<MEAN> 22
 1.971653e+001 1.934598e+001 3.382399e+000 3.213100e+000 1.029057e+002 9.662105e+001 6.519884e+001 6.601254e+001 6.867863e+001 6.033912e+001 1.010736e+002 1.111862e+002 1.088945e+002 1.076202e+002 2.336624e+000 3.521620e+000 6.009662e+000 5.397200e+000 4.081945e+000 3.483069e+000 2.689352e+000 2.580187e+000
<VARIANCE> 22
 4.529956e+002 4.123837e+002 1.532030e+001 1.341478e+001 8.524260e+003 5.872723e+003 9.596510e+002 9.807654e+002 2.273120e+002 1.296646e+002 2.778903e+003 2.505597e+003 3.640179e+002 3.260501e+002 6.452325e+000 1.390087e+000 2.748240e+000 7.185478e-001 2.082557e+000 7.044484e+000 3.851301e+000 3.781137e+000
<GCONST> 1.353505e+002
<STATE> 3
<NUMMIXES> 2
<MIXTURE> 1 3.933628e-001
<MEAN> 22
 8.785557e+000 8.747437e+000 2.635768e+000 2.913080e+000 1.680240e+002 1.631741e+002 9.976086e+001 9.862474e+001 7.228973e+001 6.910783e+001 4.737552e+001 5.227796e+001 1.131467e+002 1.131575e+002 1.680534e+000 2.413148e+000 4.493003e+000 4.775848e+000 2.649443e+000 1.491619e+000 3.393615e+000 3.287113e+000
<VARIANCE> 22
 1.419229e+002 1.359989e+002 1.483320e+001 2.029877e+001 1.823109e+003 1.425792e+003 5.292513e+002 6.624929e+002 1.365606e+002 1.017117e+002 4.627595e+002 4.715040e+002 2.949033e+002 1.960214e+002 3.489456e-001 3.026686e-001 1.015983e+001 7.309619e-001 3.439557e-001 4.480408e-001 5.515367e+000 5.712705e+000
<GCONST> 1.176810e+002
<MIXTURE> 2 6.066375e-001
<MEAN> 22
 5.854904e+000 6.339904e+000 1.251175e+000 1.314684e+000 1.205158e+002 1.217248e+002 6.968155e+001 6.996679e+001 6.078596e+001 5.755064e+001 5.237061e+001 5.271534e+001 9.884095e+001 9.953556e+001 1.338180e+000 2.562569e+000 6.894151e+000 5.174724e+000 2.865039e+000 1.221611e+000 3.496143e+000 3.362481e+000
<VARIANCE> 22
 5.492858e+001 5.685300e+001 3.300596e+000 2.577400e+000 1.226691e+003 8.416295e+002 2.304598e+002 2.727281e+002 3.299681e+001 4.379187e+001 1.948095e+002 2.122617e+002 6.036011e+001 6.288369e+001 2.351471e-001 2.981879e-001 9.473594e-002 2.617894e-001 2.288871e-001 2.854733e-001 5.632479e+000 5.977854e+000
<GCONST> 9.609799e+001
<STATE> 4
<NUMMIXES> 2
<MIXTURE> 1 4.799944e-001
<MEAN> 22
 1.068169e+001 9.619451e+000 3.056357e+000 2.609045e+000 2.315429e+001 2.308061e+001 9.477995e+001 9.245676e+001 6.403512e+001 5.839748e+001 1.911259e+002 1.903792e+002 1.154878e+002 1.146565e+002 6.993747e+000 5.000499e+000 6.223456e+000 5.832289e+000 6.022074e+000 5.989767e+000 4.229440e+000 4.052138e+000
<VARIANCE> 22
 1.090578e+002 1.003677e+002 9.455712e+000 7.313672e+000 4.964145e+002 4.522830e+002 4.515132e+002 3.453016e+002 8.926839e+001 6.617677e+001 6.602009e+002 5.815023e+002 1.771705e+002 1.417081e+002 6.504287e-002 1.793315e-002 1.735213e-001 1.395831e-001 2.174736e-002 5.618803e-002 6.771601e+000 5.023125e+000
<GCONST> 9.626725e+001
<MIXTURE> 2 5.200062e-001
<MEAN> 22
 1.569714e+001 1.564080e+001 2.656063e+000 2.995679e+000 7.811068e+001 6.845095e+001 4.514539e+001 5.020802e+001 6.505881e+001 5.995459e+001 1.054904e+002 1.129607e+002 1.039735e+002 1.042013e+002 2.507118e+000 3.522434e+000 6.147404e+000 5.760972e+000 4.435907e+000 3.412248e+000 4.312443e+000 4.242721e+000
<VARIANCE> 22
 2.761414e+002 2.546270e+002 1.609859e+001 1.633468e+001 1.404381e+003 1.415278e+003 5.485848e+002 6.887700e+002 1.065985e+002 8.943344e+001 1.344456e+003 1.678705e+003 1.559701e+002 1.169514e+002 6.394462e+000 1.969333e+000 2.272510e-001 2.520229e-001 9.648109e-001 9.452471e+000 5.831076e+000 5.572483e+000
<GCONST> 1.234789e+002
<TRANSP> 5
 0.000000e+000 1.000000e+000 0.000000e+000 0.000000e+000 0.000000e+000
 0.000000e+000 8.455089e-001 1.544911e-001 0.000000e+000 0.000000e+000
 0.000000e+000 0.000000e+000 9.467263e-001 5.327366e-002 0.000000e+000
 0.000000e+000 0.000000e+000 0.000000e+000 9.196065e-001 8.039351e-002
 0.000000e+000 0.000000e+000 0.000000e+000 0.000000e+000 0.000000e+000
<ENDHMM>
~h "DC"
<BEGINHMM>
<NUMSTATES> 5
<STATE> 2
<NUMMIXES> 2
<MIXTURE> 1 4.224583e-001
<MEAN> 22
 9.779940e+000 9.282390e+000 3.797575e+000 3.329548e+000 4.243172e+001 4.007829e+001 8.992136e+001 8.650216e+001 6.348175e+001 5.940279e+001 1.878901e+002 1.850949e+002 1.177293e+002 1.167890e+002 6.975562e+000 4.993273e+000 6.178815e+000 5.863074e+000 5.961727e+000 6.009268e+000 2.484782e+000 2.114277e+000
<VARIANCE> 22
 8.943215e+002 6.468041e+002 8.313956e+002 5.121044e+002 1.055354e+004 6.619636e+003 6.850046e+002 4.744472e+002 9.915440e+001 6.147705e+001 8.757546e+002 7.539659e+002 2.316887e+002 1.803710e+002 1.306221e-001 1.793315e-002 1.468407e-001 1.181774e-001 8.417851e-002 1.107826e-001 3.090726e+000 3.476807e+000
<GCONST> 1.177618e+002
<MIXTURE> 2 5.775418e-001
<MEAN> 22
 1.397014e+001 1.349246e+001 2.708071e+000 2.911983e+000 1.083839e+002 9.971413e+001 4.494001e+001 4.582330e+001 6.530508e+001 6.156867e+001 1.104287e+002 1.139626e+002 1.050595e+002 1.029215e+002 1.968896e+000 3.474219e+000 6.051675e+000 5.562291e+000 4.500000e+000 4.271204e+000 2.529570e+000 1.994377e+000
<VARIANCE> 22
 1.603587e+002 1.396004e+002 1.267381e+001 1.589952e+001 1.066035e+004 7.299315e+003 6.792700e+002 7.355311e+002 2.860091e+002 2.192411e+002 1.257341e+003 1.350073e+003 6.444655e+002 5.309946e+002 6.798012e+000 2.183769e+000 1.467264e+000 1.232556e+000 1.981341e+000 9.337852e+000 2.828636e+000 3.173934e+000
<GCONST> 1.335836e+002
<STATE> 3
<NUMMIXES> 2
<MIXTURE> 1 4.898469e-001
<MEAN> 22
 1.382142e+001 1.533378e+001 2.864982e+000 3.208211e+000 1.367071e+002 1.345882e+002 6.719324e+001 6.842066e+001 6.831966e+001 6.545432e+001 5.976756e+001 6.025609e+001 9.860159e+001 9.915788e+001 1.916819e+000 2.220247e+000 5.873748e+000 5.717104e+000 3.405135e+000 8.354028e-001 2.729143e+000 2.677586e+000
<VARIANCE> 22
 2.701201e+002 3.479655e+002 2.644178e+001 3.004811e+001 2.344342e+003 1.684020e+003 5.972974e+002 6.279302e+002 1.122686e+002 1.593414e+002 5.244065e+002 5.703967e+002 1.976293e+002 2.085305e+002 5.059296e-001 4.998122e-001 8.024962e-001 7.185066e-001 3.544018e-001 9.773142e-001 5.479908e+000 5.477069e+000
<GCONST> 1.200285e+002
<MIXTURE> 2 5.101534e-001
<MEAN> 22
 8.811423e+000 9.009478e+000 1.082606e+000 1.159244e+000 1.112839e+002 1.076284e+002 3.099904e+001 3.376706e+001 6.317113e+001 6.071420e+001 7.997804e+001 8.096966e+001 9.958420e+001 1.002591e+002 2.000436e+000 2.007376e+000 6.000123e+000 6.005721e+000 4.000216e+000 2.783739e-002 2.758169e+000 2.442092e+000
<VARIANCE> 22
 1.370810e+002 1.264086e+002 3.300596e+000 2.298464e+000 4.743251e+002 5.175873e+002 1.173741e+002 1.328913e+002 6.836121e+001 8.808938e+001 1.693979e+002 1.788932e+002 9.751475e+001 9.509642e+001 6.021820e-001 8.893136e-001 2.326111e-002 1.017162e-001 2.082488e-002 5.618803e-002 5.408911e+000 5.820965e+000
<GCONST> 9.247060e+001
<STATE> 4
<NUMMIXES> 2
<MIXTURE> 1 5.502039e-001
<MEAN> 22
 1.000081e+001 9.233997e+000 3.178157e+000 2.827178e+000 2.255171e+001 2.220848e+001 9.596929e+001 9.351823e+001 6.417277e+001 5.972178e+001 1.909157e+002 1.902157e+002 1.145880e+002 1.145865e+002 6.996799e+000 5.001609e+000 6.305025e+000 5.722836e+000 6.012830e+000 5.997481e+000 4.105258e+000 3.915571e+000
<VARIANCE> 22
 8.552406e+001 8.173540e+001 8.471416e+000 7.132333e+000 3.602139e+002 3.712582e+002 3.904497e+002 3.463535e+002 9.096504e+001 7.885651e+001 5.181501e+002 4.761052e+002 1.536975e+002 1.270995e+002 6.504287e-002 1.793315e-002 2.119837e-001 2.003395e-001 2.082488e-002 5.618803e-002 7.135025e+000 4.407533e+000
<GCONST> 9.496411e+001
<MIXTURE> 2 4.497960e-001
<MEAN> 22
 1.841136e+001 1.825155e+001 2.888270e+000 2.681280e+000 7.450391e+001 6.684768e+001 3.986345e+001 4.331295e+001 6.620099e+001 6.154593e+001 1.219085e+002 1.263331e+002 1.034647e+002 1.037732e+002 3.536102e+000 4.190009e+000 6.114285e+000 5.810572e+000 4.886155e+000 5.500226e+000 4.264913e+000 4.205412e+000
<VARIANCE> 22
 3.641929e+002 3.555193e+002 2.241015e+001 1.730581e+001 1.399428e+003 1.174790e+003 5.027889e+002 4.881833e+002 1.201300e+002 1.221644e+002 7.937697e+002 8.780479e+002 1.522485e+002 1.211380e+002 8.822400e+000 2.164655e+000 1.677500e-001 2.069016e-001 6.960155e-001 6.299532e+000 7.318373e+000 4.778097e+000
<GCONST> 1.223808e+002
<TRANSP> 5
 0.000000e+000 1.000000e+000 0.000000e+000 0.000000e+000 0.000000e+000
 0.000000e+000 8.696799e-001 1.303202e-001 0.000000e+000 0.000000e+000
 0.000000e+000 0.000000e+000 9.549671e-001 4.503291e-002 0.000000e+000
 0.000000e+000 0.000000e+000 0.000000e+000 9.089068e-001 9.109319e-002
 0.000000e+000 0.000000e+000 0.000000e+000 0.000000e+000 0.000000e+000
<ENDHMM>
~h "FM"
<BEGINHMM>
<NUMSTATES> 5
<STATE> 2
<NUMMIXES> 2
<MIXTURE> 1 1.317999e-001
<MEAN> 22
 1.293278e+001 1.755135e+001 7.740157e+000 7.770146e+000 4.839720e+001 6.826517e+001 6.970020e+001 7.331544e+001 7.148171e+001 7.548792e+001 1.519959e+002 1.309451e+002 1.077762e+002 1.096627e+002 4.626160e+000 3.966983e+000 5.997126e+000 5.351214e+000 5.212997e+000 5.284283e+000 2.695441e+000 3.096308e+000
<VARIANCE> 22
 2.381962e+003 2.388431e+003 1.908514e+003 1.234008e+003 3.652220e+003 3.718348e+003 1.127286e+003 1.223786e+003 4.738206e+002 3.753968e+002 2.158974e+003 2.257133e+003 7.173918e+002 3.388193e+002 9.205497e+000 1.140546e+000 1.496972e+000 5.492585e-001 1.517451e+000 4.864294e+000 7.079942e+000 5.337783e+000
<GCONST> 1.488966e+002
<MIXTURE> 2 8.682001e-001
<MEAN> 22
 7.135789e+000 1.292872e+000 2.006042e+000 6.288859e-001 6.410696e+001 8.922075e+000 6.347241e+001 1.009492e+002 9.514032e+001 5.728870e+001 1.408099e+002 2.011199e+002 1.144458e+002 1.192533e+002 2.260509e+000 5.000000e+000 6.523437e+000 5.904313e+000 5.282001e+000 5.998956e+000 3.142701e+000 1.831345e+000
<VARIANCE> 22
 6.426495e+001 4.063125e+000 7.818393e+000 2.164982e+000 8.000064e+002 7.039494e+001 7.997449e+002 2.056540e+002 4.993734e+002 7.209444e+001 1.169931e+003 3.740623e+002 1.767120e+002 1.307421e+002 1.023572e+001 1.793315e-002 2.494507e-001 8.653041e-002 3.492772e-001 5.618803e-002 6.393401e+000 5.542656e+000
<GCONST> 9.941041e+001
<STATE> 3
<NUMMIXES> 2
<MIXTURE> 1 4.384491e-001
<MEAN> 22
 2.339518e+000 9.210405e+000 8.697330e-001 3.181835e+000 1.566182e+001 5.262078e+001 1.048502e+002 8.150917e+001 6.419657e+001 9.157568e+001 2.058442e+002 1.618687e+002 1.213768e+002 1.165485e+002 6.991043e+000 4.482003e+000 6.139934e+000 5.269925e+000 5.992497e+000 6.297126e+000 2.212831e+000 3.326869e+000
<VARIANCE> 22
 1.758476e+001 8.219331e+001 3.300596e+000 1.691756e+001 6.619100e+002 1.025435e+003 4.520962e+002 4.987519e+002 8.310472e+001 5.882643e+002 8.127197e+002 9.739202e+002 3.299630e+002 1.642043e+002 6.504287e-002 2.820647e-001 1.541873e-001 2.212325e-001 3.752478e-002 3.253702e-001 6.285106e+000 5.625198e+000
<GCONST> 1.045484e+002
<MIXTURE> 2 5.615517e-001
<MEAN> 22
 8.113860e-001 5.915213e+000 3.601698e-001 1.204114e+000 5.707289e+000 6.203454e+001 8.839973e+001 5.094252e+001 5.314172e+001 8.198220e+001 1.830071e+002 1.202260e+002 1.100871e+002 9.870578e+001 6.962908e+000 4.055611e+000 6.002520e+000 5.408200e+000 5.994463e+000 6.291794e+000 1.358939e+000 3.126522e+000
<VARIANCE> 22
 4.801632e+000 3.687639e+001 3.300596e+000 2.164982e+000 4.956259e+001 2.717708e+002 7.062871e+001 2.911452e+002 3.650134e+001 1.430439e+002 1.510435e+002 3.802266e+002 4.135806e+001 5.044751e+001 2.458208e-001 2.795753e-001 2.326111e-002 2.423015e-001 2.082488e-002 2.383174e+000 4.935974e+000 5.829015e+000
<GCONST> 8.667787e+001
<STATE> 4
<NUMMIXES> 2
<MIXTURE> 1 9.018126e-001
<MEAN> 22
 6.315934e+000 5.418844e+000 1.616896e+000 1.648515e+000 4.386320e+001 3.382647e+001 6.035801e+001 5.577592e+001 7.928716e+001 6.525493e+001 1.357849e+002 1.335590e+002 1.055160e+002 1.033604e+002 2.911535e+000 3.988938e+000 6.441377e+000 5.612086e+000 5.303113e+000 5.282552e+000 2.681163e+000 2.561152e+000
<VARIANCE> 22
 7.586528e+001 6.072826e+001 6.332018e+000 8.718081e+000 7.496066e+002 6.936761e+002 8.023121e+002 8.271145e+002 3.801913e+002 1.853768e+002 1.173125e+003 1.364460e+003 1.143598e+002 1.234748e+002 1.030327e+001 1.535139e+000 2.571205e-001 2.386409e-001 5.018803e-001 5.892579e+000 5.831505e+000 6.275926e+000
<GCONST> 1.191054e+002
<MIXTURE> 2 9.818742e-002
<MEAN> 22
 2.114538e-001 1.916301e+000 5.726870e-002 4.889874e-001 4.969779e+002 3.758194e+002 2.887144e+001 2.325997e+001 1.550594e+001 2.032271e+001 5.165440e+001 4.249531e+001 2.734259e+001 2.745012e+001 1.757709e+000 1.127754e+000 1.612334e+000 1.334800e+000 1.506608e+000 1.475772e+000 2.511011e-001 8.986766e-001
<VARIANCE> 22
 4.801632e+000 2.215612e+001 3.300596e+000 2.164982e+000 3.248380e+003 8.365374e+002 2.487265e+003 1.708871e+003 7.176959e+002 1.294392e+003 7.958792e+003 5.511310e+003 2.230314e+003 2.248536e+003 9.214462e+000 3.855947e+000 7.814464e+000 5.368096e+000 6.769800e+000 6.522502e+000 1.007431e+000 3.844356e+000
<GCONST> 1.363595e+002
<TRANSP> 5
 0.000000e+000 1.000000e+000 0.000000e+000 0.000000e+000 0.000000e+000
 0.000000e+000 8.890988e-001 1.109012e-001 0.000000e+000 0.000000e+000
 0.000000e+000 0.000000e+000 9.556192e-001 4.438073e-002 0.000000e+000
 0.000000e+000 0.000000e+000 0.000000e+000 8.369311e-001 1.630689e-001
 0.000000e+000 0.000000e+000 0.000000e+000 0.000000e+000 0.000000e+000
<ENDHMM>
~h "FN"
<BEGINHMM>
<NUMSTATES> 5
<STATE> 2
<NUMMIXES> 2
<MIXTURE> 1 4.465179e-001
<MEAN> 22
 1.685707e+001 4.538175e+000 7.268916e+000 3.792277e+000 1.916768e+002 1.007576e+001 1.163469e+002 1.036993e+002 8.444110e+001 6.132056e+001 3.898149e+001 2.049909e+002 1.035853e+002 1.213445e+002 1.830011e+000 4.989741e+000 2.493149e+000 5.903467e+000 2.918001e+000 5.991777e+000 3.618042e+000 1.853264e+000
<VARIANCE> 22
 2.034173e+003 1.270355e+003 1.710114e+003 1.012349e+003 1.620410e+003 1.435756e+002 8.083743e+002 2.313107e+002 1.958369e+002 7.100825e+001 9.300960e+002 4.480990e+002 2.908676e+002 1.018884e+002 3.238526e-001 2.528148e-002 7.654989e+000 9.477884e-002 3.905861e-001 8.282674e-002 6.277986e+000 5.665946e+000
<GCONST> 1.218502e+002
<MIXTURE> 2 5.534803e-001
<MEAN> 22
 7.295420e+000 1.084507e+001 2.130815e+000 2.746935e+000 1.188652e+002 1.465619e+002 8.723655e+001 9.150166e+001 6.732848e+001 6.427808e+001 1.575298e+002 9.925313e+001 1.025375e+002 1.006746e+002 4.565556e+000 3.161090e+000 5.570145e+000 4.648617e+000 5.077024e+000 3.059851e+000 2.540933e+000 2.676268e+000
<VARIANCE> 22
 2.780096e+002 2.395254e+002 3.476723e+001 1.477683e+001 3.369611e+004 1.787102e+004 2.014942e+003 1.550449e+003 6.276797e+002 4.811055e+002 5.150075e+003 6.506668e+003 1.706338e+003 1.066961e+003 9.030479e+000 2.654725e+000 3.919552e+000 3.009434e+000 3.041247e+000 6.433141e+000 6.502378e+000 5.661525e+000
<GCONST> 1.495365e+002
<STATE> 3
<NUMMIXES> 2
<MIXTURE> 1 4.621572e-001
<MEAN> 22
 2.381387e+000 1.711166e+001 7.803373e-001 3.616303e+000 1.361304e+001 7.364427e+001 9.366748e+001 7.628391e+001 5.970579e+001 6.613477e+001 1.900793e+002 1.280988e+002 1.140860e+002 1.070963e+002 6.925742e+000 3.992506e+000 6.138625e+000 5.459911e+000 5.959833e+000 4.173140e+000 2.126819e+000 3.917486e+000
<VARIANCE> 22
 1.939221e+001 2.994938e+002 3.300596e+000 2.158764e+001 5.733626e+002 2.992306e+003 3.022460e+002 1.114324e+003 7.713627e+001 1.812349e+002 6.233404e+002 3.168188e+003 1.330762e+002 1.727935e+002 3.426912e-001 1.262630e+000 1.532034e-001 5.761188e-001 9.940176e-002 6.745337e+000 6.234797e+000 5.288293e+000
<GCONST> 1.143642e+002
<MIXTURE> 2 5.378426e-001
<MEAN> 22
 8.722736e-001 9.707476e+000 4.540741e-001 2.620970e+000 5.342319e+000 1.756493e+002 9.059885e+001 1.093725e+002 5.719986e+001 6.775206e+001 1.892673e+002 2.528514e+001 1.118850e+002 9.542841e+001 6.999822e+000 2.000000e+000 6.009489e+000 4.205324e+000 5.999573e+000 1.247590e+000 1.356121e+000 3.103379e+000
<VARIANCE> 22
 4.801632e+000 1.332447e+002 3.300596e+000 1.192074e+001 4.956259e+001 9.698707e+002 1.931305e+002 5.009945e+002 4.159393e+001 1.296200e+002 4.290915e+002 1.479631e+002 1.399667e+002 2.343110e+002 6.504287e-002 1.793315e-002 2.326111e-002 1.438292e+000 2.082488e-002 2.007883e-001 4.769411e+000 5.363019e+000
<GCONST> 9.048974e+001
<STATE> 4
<NUMMIXES> 2
<MIXTURE> 1 6.943513e-001
<MEAN> 22
 1.051023e+001 2.345314e+000 2.798392e+000 9.231248e-001 1.016032e+002 2.057057e+001 1.026590e+002 9.734261e+001 7.215417e+001 5.652740e+001 1.066800e+002 1.974957e+002 1.061382e+002 1.176490e+002 3.581920e+000 4.998318e+000 4.676982e+000 5.807945e+000 4.135520e+000 5.984115e+000 3.500354e+000 2.149632e+000
<VARIANCE> 22
 1.650032e+002 1.398184e+001 1.324450e+001 2.164982e+000 5.277521e+003 8.440295e+002 1.269061e+003 2.512513e+002 1.912522e+002 6.859915e+001 6.661461e+003 4.550960e+002 4.620910e+002 1.508119e+002 6.992952e+000 1.793315e-002 6.815614e+000 1.551740e-001 2.862740e+000 5.618803e-002 6.083976e+000 6.042693e+000
<GCONST> 1.148302e+002
<MIXTURE> 2 3.056487e-001
<MEAN> 22
 6.988635e+000 7.026264e+000 1.795692e+000 1.693055e+000 5.141690e+001 4.296945e+001 5.630025e+001 4.092215e+001 6.488531e+001 5.670143e+001 8.007043e+001 1.004138e+002 9.880560e+001 1.001155e+002 2.820113e+000 3.058901e+000 5.595747e+000 5.656186e+000 3.859907e+000 2.887293e+000 2.812577e+000 2.601453e+000
<VARIANCE> 22
 1.335552e+002 2.018174e+002 9.518536e+000 7.708600e+000 1.522524e+003 1.692261e+003 1.313994e+003 5.899518e+002 8.225604e+001 4.542108e+001 2.261002e+003 1.134138e+003 1.390196e+002 9.430743e+001 4.022316e+000 2.477869e+000 2.949686e+000 7.880145e-001 9.073618e-001 1.008445e+001 6.376127e+000 6.206874e+000
<GCONST> 1.247525e+002
<TRANSP> 5
 0.000000e+000 1.000000e+000 0.000000e+000 0.000000e+000 0.000000e+000
 0.000000e+000 7.894698e-001 2.105302e-001 0.000000e+000 0.000000e+000
 0.000000e+000 0.000000e+000 9.550647e-001 4.493531e-002 0.000000e+000
 0.000000e+000 0.000000e+000 0.000000e+000 9.122574e-001 8.774255e-002
 0.000000e+000 0.000000e+000 0.000000e+000 0.000000e+000 0.000000e+000
<ENDHMM>
~h "FU"
<BEGINHMM>
<NUMSTATES> 5
<STATE> 2
<NUMMIXES> 2
<MIXTURE> 1 8.053806e-001
<MEAN> 22
 9.842716e+000 1.311916e+000 2.363230e+000 6.944951e-001 1.380218e+002 1.889487e+001 1.027324e+002 9.420325e+001 6.509775e+001 5.468080e+001 5.157703e+001 1.916798e+002 9.893474e+001 1.126421e+002 2.544280e+000 5.000000e+000 3.295201e+000 5.848838e+000 3.241581e+000 5.996477e+000 3.226108e+000 1.948940e+000
<VARIANCE> 22
 2.436362e+002 4.063125e+000 1.026854e+001 2.164982e+000 4.879924e+003 7.360019e+002 9.696133e+002 1.754390e+002 1.994281e+002 5.459913e+001 3.168266e+003 3.220131e+002 2.181771e+002 1.351755e+002 3.219622e+000 1.793315e-002 7.840969e+000 1.283131e-001 1.449375e+000 5.618803e-002 6.258850e+000 5.676371e+000
<GCONST> 1.092102e+002
<MIXTURE> 2 1.946191e-001
<MEAN> 22
 8.610155e+000 9.194442e+000 2.833202e+000 2.327731e+000 5.548648e+001 5.627598e+001 7.910512e+001 5.823294e+001 6.251239e+001 5.719333e+001 8.920998e+001 1.144610e+002 9.883602e+001 1.003848e+002 3.399821e+000 3.628289e+000 5.212708e+000 5.526557e+000 4.080325e+000 4.097532e+000 2.910930e+000 2.835753e+000
<VARIANCE> 22
 1.908616e+002 1.465728e+002 2.943492e+001 1.270444e+001 3.006437e+003 2.939066e+003 1.451765e+003 9.144975e+002 1.319688e+002 9.413707e+001 4.193495e+003 2.308351e+003 2.621304e+002 1.450325e+002 5.778271e+000 2.078043e+000 4.281536e+000 6.016761e-001 1.952958e+000 7.688053e+000 5.922690e+000 5.168906e+000
<GCONST> 1.323107e+002
<STATE> 3
<NUMMIXES> 2
<MIXTURE> 1 4.331685e-001
<MEAN> 22
 2.143352e+000 1.883545e+001 7.015694e-001 3.381615e+000 7.665785e+000 1.378799e+002 1.025785e+002 9.138744e+001 6.230058e+001 6.956107e+001 2.046730e+002 7.297144e+001 1.213094e+002 1.072740e+002 6.998035e+000 2.909798e+000 6.153318e+000 4.869472e+000 5.998917e+000 2.616467e+000 2.036234e+000 3.231489e+000
<VARIANCE> 22
 2.236463e+001 3.703646e+002 3.300596e+000 1.477556e+001 9.908192e+001 5.763161e+003 3.932994e+002 1.684779e+003 8.813154e+001 1.779249e+002 7.864000e+002 3.263173e+003 2.720964e+002 1.808637e+002 6.504287e-002 1.472360e+000 1.298071e-001 1.526144e+000 2.082488e-002 5.822458e+000 6.279800e+000 5.634497e+000
<GCONST> 1.127151e+002
<MIXTURE> 2 5.668316e-001
<MEAN> 22
 9.759669e-001 3.759673e+000 5.252690e-001 1.286218e+000 7.636750e+000 1.626977e+002 8.247565e+001 1.033343e+002 5.246253e+001 5.790689e+001 1.745583e+002 2.030096e+001 1.043435e+002 8.944485e+001 6.933631e+000 2.034201e+000 6.015281e+000 4.150145e+000 5.961675e+000 1.305199e+000 1.382003e+000 2.629488e+000
<VARIANCE> 22
 4.801632e+000 3.198953e+001 3.300596e+000 2.442003e+000 4.401604e+002 7.644092e+002 8.810640e+001 2.251024e+002 3.534383e+001 9.515636e+001 3.106836e+002 3.276893e+002 6.011584e+001 7.091414e+001 3.573759e-001 9.161583e-002 6.461727e-002 2.211235e+000 1.104606e-001 4.187860e-001 4.876008e+000 6.680312e+000
<GCONST> 9.323032e+001
<STATE> 4
<NUMMIXES> 2
<MIXTURE> 1 6.882012e-001
<MEAN> 22
 4.560792e+000 1.120119e+001 2.006661e+000 3.291999e+000 1.523112e+001 2.408157e+001 9.818501e+001 9.043975e+001 6.073312e+001 5.801640e+001 1.963013e+002 1.881039e+002 1.168354e+002 1.136416e+002 6.992820e+000 5.001050e+000 6.119367e+000 5.832660e+000 5.998914e+000 6.003738e+000 2.880942e+000 3.657895e+000
<VARIANCE> 22
 2.291451e+002 3.222258e+002 1.603815e+002 1.057918e+002 1.686156e+002 4.763109e+002 2.547536e+002 3.032643e+002 7.669779e+001 8.446296e+001 4.115101e+002 4.890298e+002 1.400522e+002 1.224125e+002 6.504287e-002 1.793315e-002 1.051190e-001 1.393357e-001 2.082488e-002 5.618803e-002 6.683473e+000 5.500363e+000
<GCONST> 1.005448e+002
<MIXTURE> 2 3.117986e-001
<MEAN> 22
 6.097089e+000 7.580698e+000 1.410983e+000 3.013690e+000 2.224853e+002 1.879208e+002 6.442922e+001 6.392772e+001 5.146635e+001 5.232935e+001 1.175217e+002 9.105878e+001 8.330906e+001 7.440263e+001 3.791587e+000 2.977886e+000 4.482049e+000 3.913686e+000 4.004792e+000 3.396104e+000 2.221282e+000 2.219047e+000
<VARIANCE> 22
 1.499446e+002 2.188566e+002 7.620457e+000 5.890438e+001 4.453552e+004 2.338955e+004 2.258035e+003 2.530484e+003 9.584164e+002 1.118994e+003 7.662969e+003 6.135576e+003 2.549724e+003 2.315815e+003 9.350283e+000 4.677340e+000 6.979205e+000 5.903585e+000 5.818826e+000 8.264584e+000 6.767805e+000 6.346358e+000
<GCONST> 1.555337e+002
<TRANSP> 5
 0.000000e+000 1.000000e+000 0.000000e+000 0.000000e+000 0.000000e+000
 0.000000e+000 9.246716e-001 7.532836e-002 0.000000e+000 0.000000e+000
 0.000000e+000 0.000000e+000 9.467825e-001 5.321754e-002 0.000000e+000
 0.000000e+000 0.000000e+000 0.000000e+000 8.349654e-001 1.650346e-001
 0.000000e+000 0.000000e+000 0.000000e+000 0.000000e+000 0.000000e+000
<ENDHMM>
~h "MC"
<BEGINHMM>
<NUMSTATES> 5
<STATE> 2
<NUMMIXES> 2
<MIXTURE> 1 9.549625e-002
<MEAN> 22
 1.834443e+001 2.195163e+001 1.142128e+001 9.665565e+000 1.492528e+002 1.681039e+002 1.119699e+002 6.034364e+001 7.430584e+001 7.811786e+001 1.903015e+002 1.128801e+002 1.287552e+002 1.162417e+002 5.426661e+000 3.199527e+000 6.133029e+000 5.748411e+000 5.286592e+000 2.906136e+000 2.286258e+000 2.938498e+000
<VARIANCE> 22
 2.879835e+003 2.210469e+003 2.548597e+003 1.493192e+003 4.614113e+004 2.042651e+004 2.069186e+003 1.005770e+003 2.683749e+002 2.026994e+002 8.328225e+003 2.811224e+003 1.553235e+003 5.401803e+002 5.466407e+000 1.425883e+000 1.212904e+000 4.469776e-001 1.282323e+000 8.934607e+000 6.014740e+000 5.296382e+000
<GCONST> 1.553181e+002
<MIXTURE> 2 9.045046e-001
<MEAN> 22
 5.665786e+000 6.994114e+000 1.542329e+000 2.097046e+000 4.840465e+001 5.658147e+001 6.101025e+001 5.028016e+001 7.111085e+001 6.622562e+001 1.139546e+002 1.084779e+002 1.015318e+002 1.012621e+002 3.641674e+000 3.415644e+000 6.185486e+000 5.726618e+000 4.756448e+000 3.781773e+000 2.888027e+000 2.727916e+000
<VARIANCE> 22
 5.401744e+001 7.401233e+001 3.880041e+000 7.603086e+000 1.241799e+003 1.706799e+003 7.217275e+002 7.452660e+002 2.136275e+002 2.416703e+002 2.846405e+003 1.861140e+003 1.476872e+002 1.244611e+002 7.832951e+000 1.689789e+000 2.595031e-001 2.133927e-001 1.404119e+000 9.691383e+000 6.084593e+000 5.592814e+000
<GCONST> 1.218542e+002
<STATE> 3
<NUMMIXES> 2
<MIXTURE> 1 2.819156e-001
<MEAN> 22
 2.627430e+000 1.400020e+001 7.801582e-001 4.337202e+000 1.063585e+001 1.138176e+002 1.090627e+002 7.917802e+001 6.595082e+001 9.177560e+001 2.125509e+002 1.056264e+002 1.263261e+002 1.135482e+002 6.884111e+000 3.363727e+000 6.185740e+000 5.338018e+000 5.966954e+000 2.642183e+000 2.179868e+000 3.454463e+000
<VARIANCE> 22
 2.148872e+001 1.651500e+002 3.300596e+000 2.424432e+001 4.144065e+002 4.160957e+003 3.564545e+002 1.292672e+003 5.955730e+001 6.689318e+002 6.670562e+002 3.275029e+003 1.555491e+002 1.366788e+002 6.388615e-001 1.417663e+000 1.674232e-001 5.519112e-001 7.665794e-002 8.085246e+000 6.077951e+000 5.183589e+000
<GCONST> 1.160363e+002
<MIXTURE> 2 7.180842e-001
<MEAN> 22
 1.048352e+000 8.281041e+000 5.927943e-001 2.373446e+000 6.075888e+000 1.011084e+002 8.698959e+001 5.142755e+001 5.298146e+001 7.622379e+001 1.806797e+002 7.716387e+001 1.077751e+002 9.336668e+001 6.999998e+000 2.905909e+000 6.002148e+000 5.739415e+000 6.000000e+000 2.158084e+000 1.663939e+000 3.162683e+000
<VARIANCE> 22
 4.801632e+000 5.947315e+001 3.300596e+000 6.433098e+000 4.956259e+001 1.260094e+003 8.430522e+001 4.286899e+002 4.422375e+001 2.449552e+002 1.483836e+002 1.329132e+003 5.085437e+001 1.677981e+002 6.504287e-002 1.094013e+000 2.326111e-002 2.344927e-001 2.082488e-002 8.433321e+000 5.548669e+000 5.086809e+000
<GCONST> 9.496147e+001
<STATE> 4
<NUMMIXES> 2
<MIXTURE> 1 9.409044e-001
<MEAN> 22
 8.769533e+000 2.700016e+000 2.745254e+000 1.014154e+000 8.165791e+001 1.431270e+001 6.496786e+001 9.771679e+001 7.602946e+001 5.608984e+001 1.202476e+002 1.962552e+002 1.098351e+002 1.161659e+002 3.248508e+000 5.000000e+000 6.262701e+000 5.804392e+000 4.630755e+000 5.994590e+000 3.273274e+000 2.594369e+000
<VARIANCE> 22
 7.991959e+001 1.464645e+001 1.250620e+001 2.164982e+000 2.712260e+003 1.950685e+002 8.695397e+002 2.512586e+002 4.631150e+002 5.675978e+001 3.331107e+003 4.319377e+002 2.687557e+002 1.254971e+002 7.971500e+000 1.793315e-002 2.155115e-001 1.573476e-001 1.321332e+000 5.618803e-002 5.905660e+000 6.244027e+000
<GCONST> 1.067306e+002
<MIXTURE> 2 5.909558e-002
<MEAN> 22
 4.416074e+000 2.648656e+001 1.171369e+000 4.595470e+000 1.214864e+002 1.186999e+002 6.714905e+001 7.002821e+001 6.128616e+001 5.556453e+001 1.311154e+002 1.184203e+002 9.893464e+001 9.522395e+001 3.817688e+000 3.271783e+000 5.194837e+000 4.530236e+000 4.325778e+000 3.868703e+000 1.892409e+000 3.146695e+000
<VARIANCE> 22
 8.274145e+001 2.982641e+003 4.902224e+000 3.794195e+001 2.822741e+004 1.658673e+004 2.033441e+003 2.245671e+003 1.073329e+003 7.269399e+002 6.580743e+003 6.512576e+003 2.242316e+003 2.071312e+003 1.014611e+001 3.592208e+000 6.032719e+000 4.781935e+000 4.818305e+000 7.861085e+000 5.503084e+000 6.458827e+000
<GCONST> 1.540289e+002
<TRANSP> 5
 0.000000e+000 1.000000e+000 0.000000e+000 0.000000e+000 0.000000e+000
 0.000000e+000 8.745347e-001 1.254653e-001 0.000000e+000 0.000000e+000
 0.000000e+000 0.000000e+000 9.591509e-001 4.084913e-002 0.000000e+000
 0.000000e+000 0.000000e+000 0.000000e+000 9.009890e-001 9.901104e-002
 0.000000e+000 0.000000e+000 0.000000e+000 0.000000e+000 0.000000e+000
<ENDHMM>
~h "NU"
<BEGINHMM>
<NUMSTATES> 5
<STATE> 2
<NUMMIXES> 2
<MIXTURE> 1 8.053979e-001
<MEAN> 22
 8.168641e+000 1.181820e+001 2.996881e+000 2.927096e+000 9.660391e+001 8.855146e+001 9.535029e+001 8.257880e+001 7.164962e+001 6.362898e+001 1.652038e+002 1.460145e+002 1.135677e+002 1.156224e+002 5.082209e+000 4.085319e+000 5.905671e+000 5.570591e+000 5.143538e+000 4.224397e+000 2.677478e+000 2.525283e+000
<VARIANCE> 22
 6.169323e+002 1.120260e+003 4.394108e+002 2.790533e+002 2.101252e+004 1.301614e+004 1.428846e+003 9.457142e+002 2.247187e+002 1.246311e+002 4.330964e+003 3.697623e+003 9.182051e+002 2.534400e+002 7.433956e+000 1.297990e+000 2.503896e+000 3.828942e-001 2.219101e+000 6.025723e+000 6.117863e+000 5.068047e+000
<GCONST> 1.465784e+002
<MIXTURE> 2 1.946018e-001
<MEAN> 22
 0.000000e+000 0.000000e+000 0.000000e+000 0.000000e+000 5.315967e+002 4.080165e+002 0.000000e+000 0.000000e+000 0.000000e+000 0.000000e+000 0.000000e+000 0.000000e+000 0.000000e+000 0.000000e+000 0.000000e+000 0.000000e+000 0.000000e+000 0.000000e+000 0.000000e+000 0.000000e+000 0.000000e+000 0.000000e+000
<VARIANCE> 22
 4.801632e+000 4.063125e+000 3.300596e+000 2.164982e+000 3.309078e+003 2.711510e+003 9.838196e+000 1.115232e+001 2.936353e+000 3.516743e+000 3.745900e+001 4.440890e+001 4.184655e+000 3.870682e+000 6.504287e-002 1.793315e-002 2.326111e-002 1.170389e-002 2.082488e-002 5.618803e-002 6.153807e-002 6.060927e-002
<GCONST> 5.130989e+001
<STATE> 3
<NUMMIXES> 2
<MIXTURE> 1 5.680037e-001
<MEAN> 22
 1.388284e+000 1.337524e+001 5.062290e-001 3.302583e+000 6.997730e+000 8.751963e+001 9.840190e+001 7.287733e+001 6.025225e+001 6.659490e+001 1.985696e+002 1.147451e+002 1.180586e+002 1.095800e+002 6.999010e+000 3.748121e+000 6.081747e+000 5.397982e+000 6.000000e+000 3.790678e+000 1.687225e+000 3.480091e+000
<VARIANCE> 22
 8.134314e+000 1.663866e+002 3.300596e+000 1.368343e+001 5.304849e+001 3.315221e+003 2.759417e+002 9.307023e+002 6.593021e+001 1.575795e+002 5.488192e+002 2.563629e+003 1.996967e+002 1.722663e+002 6.504287e-002 1.098247e+000 7.506462e-002 4.233555e-001 2.082488e-002 6.774243e+000 5.566243e+000 5.025163e+000
<GCONST> 1.051237e+002
<MIXTURE> 2 4.319960e-001
<MEAN> 22
 7.951016e-001 2.307995e+000 4.000697e-001 1.084718e+000 1.147184e+001 1.124639e+002 8.553365e+001 6.739417e+001 5.522830e+001 6.127879e+001 1.778478e+002 6.645402e+001 1.070112e+002 9.777747e+001 6.892696e+000 2.758223e+000 6.071905e+000 5.174380e+000 5.938455e+000 1.273777e+000 1.209653e+000 2.804780e+000
<VARIANCE> 22
 4.801632e+000 6.210569e+000 3.300596e+000 2.164982e+000 7.825778e+002 9.195815e+002 1.627858e+002 4.308355e+002 4.536683e+001 6.930261e+001 4.127816e+002 6.105494e+002 6.446380e+001 9.831493e+001 6.089565e-001 2.718352e-001 1.083882e-001 3.199762e-001 1.682275e-001 9.529236e-001 4.416193e+000 6.180321e+000
<GCONST> 9.600039e+001
<STATE> 4
<NUMMIXES> 2
<MIXTURE> 1 5.478853e-001
<MEAN> 22
 8.226320e+000 3.661098e+000 2.445458e+000 1.265886e+000 7.417300e+001 1.369069e+001 8.274911e+001 9.783424e+001 6.980421e+001 5.620269e+001 1.367271e+002 1.971523e+002 1.137959e+002 1.170424e+002 3.951641e+000 5.000000e+000 6.513052e+000 5.907904e+000 4.641929e+000 5.996277e+000 3.297610e+000 2.563209e+000
<VARIANCE> 22
 9.905333e+001 2.851539e+001 9.615511e+000 3.132059e+000 3.053860e+003 2.089088e+002 7.098094e+002 2.543972e+002 2.316788e+002 6.239020e+001 3.819153e+003 4.186245e+002 2.324694e+002 1.237386e+002 9.206875e+000 1.793315e-002 2.536784e-001 8.361572e-002 2.694058e+000 5.618803e-002 6.223694e+000 6.358302e+000
<GCONST> 1.075206e+002
<MIXTURE> 2 4.521141e-001
<MEAN> 22
 4.788182e+000 6.009696e+000 1.368959e+000 2.064150e+000 6.070706e+001 6.600415e+001 6.169154e+001 5.793668e+001 6.737004e+001 5.679847e+001 9.626100e+001 9.957617e+001 1.021873e+002 9.989376e+001 2.331363e+000 3.166879e+000 5.925781e+000 5.426608e+000 3.984273e+000 2.833420e+000 2.653629e+000 2.787089e+000
<VARIANCE> 22
 5.564304e+001 9.399986e+001 4.086943e+000 1.204438e+001 2.694500e+003 2.704127e+003 1.208252e+003 9.960278e+002 1.431005e+002 5.618636e+001 2.322564e+003 1.631241e+003 1.208355e+002 1.439068e+002 5.159375e+000 1.448112e+000 3.209362e+000 3.929151e-001 1.877342e+000 7.156465e+000 6.209800e+000 6.303857e+000
<GCONST> 1.251056e+002
<TRANSP> 5
 0.000000e+000 1.000000e+000 0.000000e+000 0.000000e+000 0.000000e+000
 0.000000e+000 7.036927e-001 2.963074e-001 0.000000e+000 0.000000e+000
 0.000000e+000 0.000000e+000 9.479865e-001 5.201349e-002 0.000000e+000
 0.000000e+000 0.000000e+000 0.000000e+000 9.214897e-001 7.851029e-002
 0.000000e+000 0.000000e+000 0.000000e+000 0.000000e+000 0.000000e+000
<ENDHMM>
~h "OK"
<BEGINHMM>
<NUMSTATES> 5
<STATE> 2
<NUMMIXES> 2
<MIXTURE> 1 6.866274e-001
<MEAN> 22
 1.454968e+001 2.806437e+000 4.283639e+000 1.359741e+000 1.209944e+002 1.630699e+001 9.994466e+001 9.505846e+001 7.653059e+001 5.356117e+001 8.292941e+001 1.967581e+002 1.074021e+002 1.165404e+002 2.347720e+000 4.998117e+000 4.636338e+000 5.908244e+000 3.451257e+000 5.995553e+000 3.452342e+000 2.184921e+000
<VARIANCE> 22
 4.901042e+002 1.998497e+002 2.404786e+002 1.361618e+002 4.160679e+003 4.546954e+002 9.261473e+002 2.155760e+002 2.559520e+002 5.637964e+001 3.586767e+003 3.853376e+002 3.316927e+002 1.258868e+002 5.278915e+000 1.793315e-002 9.195831e+000 8.333518e-002 2.494786e+000 5.618803e-002 5.783615e+000 5.983624e+000
<GCONST> 1.222909e+002
<MIXTURE> 2 3.133724e-001
<MEAN> 22
 8.547289e+000 7.001144e+000 2.035397e+000 1.889743e+000 5.347382e+001 6.197053e+001 7.483535e+001 5.272125e+001 6.956796e+001 6.033276e+001 9.316718e+001 1.008797e+002 9.943844e+001 1.016315e+002 2.790507e+000 3.241477e+000 4.824879e+000 5.501560e+000 3.951642e+000 3.598490e+000 3.031995e+000 2.592869e+000
<VARIANCE> 22
 1.728691e+002 1.538116e+002 1.553299e+001 1.467313e+001 2.093527e+003 3.305418e+003 1.759255e+003 1.058895e+003 1.318756e+002 1.078835e+002 2.899035e+003 1.652729e+003 3.453841e+002 1.439672e+002 5.443776e+000 1.594963e+000 6.675959e+000 6.268011e-001 2.235209e+000 8.935425e+000 6.570761e+000 6.005092e+000
<GCONST> 1.322599e+002
<STATE> 3
<NUMMIXES> 2
<MIXTURE> 1 4.766442e-001
<MEAN> 22
 2.473376e+000 2.053536e+001 8.159974e-001 4.165658e+000 1.052645e+001 1.070160e+002 1.011537e+002 8.896068e+001 6.186487e+001 7.537341e+001 2.028930e+002 1.073683e+002 1.207232e+002 1.119327e+002 6.998099e+000 3.597861e+000 6.138799e+000 5.049369e+000 5.998783e+000 3.641214e+000 2.157968e+000 3.671077e+000
<VARIANCE> 22
 3.146438e+001 4.173434e+002 3.322521e+000 2.155366e+001 2.433592e+002 5.589956e+003 4.008798e+002 1.350670e+003 8.711494e+001 3.057902e+002 7.662285e+002 2.844156e+003 2.654659e+002 2.031774e+002 6.504287e-002 1.182796e+000 1.203425e-001 6.518394e-001 2.082488e-002 6.216362e+000 6.499419e+000 5.208090e+000
<GCONST> 1.135601e+002
<MIXTURE> 2 5.233558e-001
<MEAN> 22
 1.023400e+000 6.303253e+000 6.316091e-001 2.082475e+000 7.861641e+000 1.450119e+002 8.465917e+001 9.717470e+001 5.243311e+001 6.807614e+001 1.809923e+002 4.644525e+001 1.087762e+002 9.715588e+001 6.922587e+000 2.454752e+000 6.015306e+000 4.527844e+000 5.973861e+000 1.545451e+000 1.573662e+000 3.139551e+000
<VARIANCE> 22
 4.801632e+000 6.380003e+001 3.300596e+000 6.306547e+000 3.776975e+002 1.109955e+003 8.918727e+001 4.710131e+002 3.738198e+001 8.064052e+001 2.454823e+002 3.621267e+002 5.094369e+001 7.903206e+001 4.559158e-001 3.010724e-001 4.603778e-002 4.336742e-001 7.987745e-002 4.716714e-001 5.390559e+000 5.905644e+000
<GCONST> 9.477469e+001
<STATE> 4
<NUMMIXES> 2
<MIXTURE> 1 8.776394e-001
<MEAN> 22
 3.802527e+000 6.884080e+000 1.379751e+000 2.161328e+000 2.519685e+001 2.999712e+001 9.728082e+001 9.443488e+001 6.236104e+001 5.807277e+001 1.964898e+002 1.933610e+002 1.174826e+002 1.163192e+002 6.990041e+000 4.997298e+000 6.105798e+000 5.852976e+000 5.998255e+000 6.000261e+000 2.654621e+000 3.306628e+000
<VARIANCE> 22
 3.278718e+001 8.316753e+001 3.876442e+000 7.691501e+000 1.151259e+003 9.273911e+002 3.189575e+002 2.601825e+002 9.263435e+001 8.241354e+001 4.452044e+002 4.324885e+002 1.453771e+002 1.082367e+002 6.504287e-002 1.793315e-002 9.460539e-002 1.254077e-001 2.082488e-002 5.618803e-002 6.239642e+000 6.271229e+000
<GCONST> 9.344700e+001
<MIXTURE> 2 1.223603e-001
<MEAN> 22
 4.531242e+000 3.025005e+000 1.405806e+000 1.056617e+000 2.688877e+002 2.002120e+002 4.654441e+001 3.264682e+001 3.681950e+001 3.093203e+001 5.023310e+001 7.852551e+001 5.151641e+001 5.674361e+001 1.466038e+000 2.398739e+000 2.193960e+000 3.070243e+000 1.882690e+000 3.020534e+000 1.750057e+000 1.756876e+000
<VARIANCE> 22
 8.094261e+001 4.230874e+001 9.250645e+000 6.004213e+000 5.035005e+004 3.331851e+004 2.656529e+003 1.272277e+003 1.205818e+003 8.456439e+002 3.887704e+003 6.026085e+003 2.370773e+003 2.751338e+003 4.729072e+000 5.449183e+000 8.836859e+000 8.063766e+000 4.664892e+000 9.638102e+000 5.799811e+000 5.831107e+000
<GCONST> 1.502007e+002
<TRANSP> 5
 0.000000e+000 1.000000e+000 0.000000e+000 0.000000e+000 0.000000e+000
 0.000000e+000 9.052496e-001 9.475044e-002 0.000000e+000 0.000000e+000
 0.000000e+000 0.000000e+000 9.272615e-001 7.273849e-002 0.000000e+000
 0.000000e+000 0.000000e+000 0.000000e+000 8.430593e-001 1.569407e-001
 0.000000e+000 0.000000e+000 0.000000e+000 0.000000e+000 0.000000e+000
<ENDHMM>
~h "PF"
<BEGINHMM>
<NUMSTATES> 5
<STATE> 2
<NUMMIXES> 2
<MIXTURE> 1 3.174580e-001
<MEAN> 22
 1.066595e+001 1.329447e+001 7.300276e+000 7.385036e+000 1.741852e+002 1.428393e+002 1.007484e+002 9.209318e+001 6.319020e+001 6.307674e+001 1.986214e+002 1.867258e+002 1.154085e+002 1.163506e+002 6.986389e+000 4.948352e+000 6.116018e+000 5.788072e+000 5.981800e+000 6.016077e+000 2.462704e+000 2.468859e+000
<VARIANCE> 22
 3.036992e+003 2.466288e+003 2.634242e+003 1.750514e+003 5.009313e+004 3.096062e+004 2.934630e+002 5.959963e+002 4.506955e+001 1.125210e+002 5.236843e+002 9.919504e+002 1.133941e+002 1.400409e+002 6.786969e-002 1.543621e-001 1.025577e-001 1.996790e-001 5.353638e-002 3.182224e-001 6.367106e+000 5.771249e+000
<GCONST> 1.272899e+002
<MIXTURE> 2 6.825417e-001
<MEAN> 22
 7.066133e+000 1.061122e+001 2.151388e+000 2.872138e+000 1.107489e+002 1.622087e+002 8.265354e+001 1.177156e+002 7.169135e+001 7.747369e+001 1.331531e+002 7.908539e+001 9.972305e+001 9.325335e+001 3.440135e+000 2.641061e+000 5.353114e+000 4.115111e+000 4.748175e+000 2.202255e+000 2.463625e+000 2.889924e+000
<VARIANCE> 22
 1.858867e+002 2.598228e+002 3.178207e+001 1.606821e+001 2.055027e+004 9.756653e+003 1.961495e+003 3.198416e+003 5.809730e+002 8.083007e+002 5.203971e+003 3.787992e+003 1.159883e+003 7.062216e+002 9.357839e+000 1.541143e+000 5.002726e+000 2.400955e+000 2.905559e+000 3.843636e+000 6.209778e+000 5.072426e+000
<GCONST> 1.467124e+002
<STATE> 3
<NUMMIXES> 2
<MIXTURE> 1 3.306916e-001
<MEAN> 22
 2.358227e+000 2.048806e+001 9.290968e-001 4.466838e+000 1.176193e+001 4.607515e+001 9.417462e+001 8.650674e+001 5.913322e+001 6.477430e+001 1.934572e+002 1.670597e+002 1.156163e+002 1.114717e+002 6.993719e+000 4.590937e+000 6.046055e+000 5.544836e+000 5.998919e+000 5.495993e+000 2.353901e+000 3.753749e+000
<VARIANCE> 22
 1.226769e+001 4.232874e+002 3.300596e+000 2.062992e+001 1.631804e+002 1.242285e+003 2.094426e+002 6.181639e+002 4.221268e+001 1.698764e+002 3.866734e+002 1.566772e+003 1.207862e+002 1.356542e+002 6.504287e-002 4.335061e-001 4.393353e-002 2.506385e-001 2.082488e-002 2.212224e+000 6.125351e+000 5.860162e+000
<GCONST> 1.015218e+002
<MIXTURE> 2 6.693079e-001
<MEAN> 22
 1.356292e+000 1.084744e+001 6.253337e-001 3.647551e+000 9.979284e+000 1.864057e+002 9.241901e+001 1.341854e+002 5.800177e+001 8.515759e+001 1.879856e+002 5.632051e+001 1.129801e+002 9.209003e+001 6.926156e+000 2.433216e+000 6.057904e+000 3.624224e+000 5.958355e+000 1.692635e+000 1.699551e+000 3.338647e+000
<VARIANCE> 22
 8.459288e+000 1.730356e+002 3.300596e+000 2.076540e+001 6.034177e+002 1.758999e+003 2.680669e+002 8.708506e+002 6.976041e+001 2.639537e+002 6.685055e+002 9.354233e+002 1.313285e+002 2.140456e+002 3.798900e-001 3.150972e-001 2.697899e-001 6.885527e-001 1.200104e-001 5.122001e-001 5.867729e+000 4.384491e+000
<GCONST> 1.082483e+002
<STATE> 4
<NUMMIXES> 2
<MIXTURE> 1 7.465385e-001
<MEAN> 22
 1.217547e+001 1.509902e+000 3.611012e+000 7.469216e-001 1.368015e+002 1.916594e+001 1.316945e+002 9.924310e+001 8.422265e+001 5.644261e+001 1.080888e+002 1.988549e+002 1.038266e+002 1.180692e+002 2.702782e+000 5.000000e+000 3.074604e+000 5.817502e+000 3.329378e+000 5.999064e+000 3.424427e+000 2.298963e+000
<VARIANCE> 22
 2.269671e+002 4.580562e+000 2.319404e+001 2.164982e+000 6.448915e+003 6.899056e+002 1.716518e+003 2.121349e+002 4.303704e+002 6.886072e+001 4.409651e+003 4.027762e+002 4.088060e+002 1.310772e+002 6.270359e+000 1.793315e-002 8.496837e+000 1.491900e-001 3.614109e+000 5.618803e-002 6.854887e+000 6.091637e+000
<GCONST> 1.151750e+002
<MIXTURE> 2 2.534609e-001
<MEAN> 22
 6.869308e+000 7.353706e+000 2.622760e+000 2.359357e+000 5.734392e+001 2.741442e+001 8.508873e+001 4.790705e+001 7.736626e+001 5.795360e+001 9.342091e+001 1.185871e+002 9.871719e+001 1.035284e+002 2.834135e+000 3.501061e+000 4.246327e+000 5.631591e+000 3.749614e+000 3.527861e+000 2.745440e+000 2.805078e+000
<VARIANCE> 22
 1.364429e+002 1.318549e+002 2.307397e+001 1.230319e+001 2.260248e+003 7.285524e+002 3.264154e+003 8.372360e+002 3.712448e+002 6.670200e+001 2.612853e+003 1.273610e+003 2.707434e+002 8.868382e+001 4.960034e+000 2.062454e+000 6.487634e+000 2.916065e-001 1.807145e+000 9.463168e+000 6.538080e+000 6.325090e+000
<GCONST> 1.297599e+002
<TRANSP> 5
 0.000000e+000 1.000000e+000 0.000000e+000 0.000000e+000 0.000000e+000
 0.000000e+000 6.750801e-001 3.249199e-001 0.000000e+000 0.000000e+000
 0.000000e+000 0.000000e+000 9.552045e-001 4.479551e-002 0.000000e+000
 0.000000e+000 0.000000e+000 0.000000e+000 9.149340e-001 8.506599e-002
 0.000000e+000 0.000000e+000 0.000000e+000 0.000000e+000 0.000000e+000
<ENDHMM>
~h "PR"
<BEGINHMM>
<NUMSTATES> 5
<STATE> 2
<NUMMIXES> 2
<MIXTURE> 1 8.019466e-001
<MEAN> 22
 9.607842e+000 1.318931e+001 4.852120e+000 5.394154e+000 3.147789e+001 6.038023e+001 9.758952e+001 9.090195e+001 7.043484e+001 6.370002e+001 1.833666e+002 1.568068e+002 1.172941e+002 1.167195e+002 5.495336e+000 4.312833e+000 6.312350e+000 5.511658e+000 5.510403e+000 4.747127e+000 2.199790e+000 2.777150e+000
<VARIANCE> 22
 1.704119e+003 1.324111e+003 1.323592e+003 8.609516e+002 1.683917e+003 3.645661e+003 1.565056e+003 8.870032e+002 1.968215e+002 1.761446e+002 3.840457e+003 2.927209e+003 1.095536e+003 3.345084e+002 6.961329e+000 9.973114e-001 6.529131e-001 3.868386e-001 1.653747e+000 4.090103e+000 5.354762e+000 5.353944e+000
<GCONST> 1.441119e+002
<MIXTURE> 2 1.980530e-001
<MEAN> 22
 2.655372e-001 2.220346e+000 1.129948e-001 5.988719e-001 4.670567e+002 3.632091e+002 2.397156e+001 1.504014e+001 1.280268e+001 1.394913e+001 4.426219e+001 2.349575e+001 2.356821e+001 2.167841e+001 1.463281e+000 7.344653e-001 1.254241e+000 1.124296e+000 1.254240e+000 5.819222e-001 5.028262e-001 6.723176e-001
<VARIANCE> 22
 4.801632e+000 3.637508e+001 3.300596e+000 4.025545e+000 3.427070e+003 8.417017e+002 2.174905e+003 9.665820e+002 6.209578e+002 7.388098e+002 7.413781e+003 2.671211e+003 2.101998e+003 1.786541e+003 8.101776e+000 2.274122e+000 5.952334e+000 4.832020e+000 5.952331e+000 2.604871e+000 2.170907e+000 2.898271e+000
<GCONST> 1.334458e+002
<STATE> 3
<NUMMIXES> 2
<MIXTURE> 1 8.557802e-001
<MEAN> 22
 9.993969e-001 1.008383e+001 4.854833e-001 3.259850e+000 6.680595e+000 9.897752e+001 9.147723e+001 8.629541e+001 5.723442e+001 6.428372e+001 1.879826e+002 1.035305e+002 1.119802e+002 1.017626e+002 7.000000e+000 3.484988e+000 6.003278e+000 5.032549e+000 6.000000e+000 3.394010e+000 1.632845e+000 3.656612e+000
<VARIANCE> 22
 4.801632e+000 1.463026e+002 3.300596e+000 1.831274e+001 4.956259e+001 2.266049e+003 1.962964e+002 6.996431e+002 4.847282e+001 1.665239e+002 4.324049e+002 1.911687e+003 1.274576e+002 2.105109e+002 6.504287e-002 7.332579e-001 2.326111e-002 3.645030e-001 2.082488e-002 3.833438e+000 5.591527e+000 6.272694e+000
<GCONST> 1.005839e+002
<MIXTURE> 2 1.442221e-001
<MEAN> 22
 3.794869e+000 6.428670e+000 1.338164e+000 2.869858e+000 3.703037e+001 8.138445e+001 8.880934e+001 8.573970e+001 7.073480e+001 6.716727e+001 1.718773e+002 1.073746e+002 1.106703e+002 1.039644e+002 5.565696e+000 3.467856e+000 6.585414e+000 5.020944e+000 5.718677e+000 3.125934e+000 2.164406e+000 3.327266e+000
<VARIANCE> 22
 3.720092e+001 6.420864e+001 7.347455e+000 1.381246e+001 1.745881e+003 2.313131e+003 7.361368e+002 8.971341e+002 2.605947e+002 1.704466e+002 1.626787e+003 1.872913e+003 2.987811e+002 2.379766e+002 7.429704e+000 7.975390e-001 7.148486e-001 3.474441e-001 8.636239e-001 4.153130e+000 6.049753e+000 6.825591e+000
<GCONST> 1.236309e+002
<STATE> 4
<NUMMIXES> 2
<MIXTURE> 1 7.175198e-001
<MEAN> 22
 8.770624e+000 2.347427e+000 2.561992e+000 1.031849e+000 7.001357e+001 1.593504e+001 8.448294e+001 9.610838e+001 6.945235e+001 5.562075e+001 1.281898e+002 1.950526e+002 1.096618e+002 1.156620e+002 3.292597e+000 5.000289e+000 6.600191e+000 5.844546e+000 4.254202e+000 5.997997e+000 3.559596e+000 2.287618e+000
<VARIANCE> 22
 1.160402e+002 1.300494e+001 1.134300e+001 2.164982e+000 2.578073e+003 2.801533e+002 6.177292e+002 1.968619e+002 2.182341e+002 6.395256e+001 3.617691e+003 3.502355e+002 2.358085e+002 1.072290e+002 9.151963e+000 1.793315e-002 2.405777e-001 1.312893e-001 3.772454e+000 5.618803e-002 5.859419e+000 6.078712e+000
<GCONST> 1.066455e+002
<MIXTURE> 2 2.824797e-001
<MEAN> 22
 1.009119e+001 4.569752e+000 2.629823e+000 1.364110e+000 5.877486e+001 2.790712e+001 8.236722e+001 5.366557e+001 7.543320e+001 5.896704e+001 8.978278e+001 1.298852e+002 1.036688e+002 1.015290e+002 1.722983e+000 3.781634e+000 4.992124e+000 5.670558e+000 3.109839e+000 4.677157e+000 2.723789e+000 2.334960e+000
<VARIANCE> 22
 1.851609e+002 7.070760e+001 1.358552e+001 6.850564e+000 2.385738e+003 8.602215e+002 1.871536e+003 1.112456e+003 1.329446e+002 5.369828e+001 1.165413e+003 1.485606e+003 1.221672e+002 1.062888e+002 3.470451e+000 1.230211e+000 8.036590e+000 2.735173e-001 2.113203e+000 7.331807e+000 5.938343e+000 6.080068e+000
<GCONST> 1.248049e+002
<TRANSP> 5
 0.000000e+000 1.000000e+000 0.000000e+000 0.000000e+000 0.000000e+000
 0.000000e+000 5.781577e-001 4.218423e-001 0.000000e+000 0.000000e+000
 0.000000e+000 0.000000e+000 9.510094e-001 4.899056e-002 0.000000e+000
 0.000000e+000 0.000000e+000 0.000000e+000 9.176126e-001 8.238742e-002
 0.000000e+000 0.000000e+000 0.000000e+000 0.000000e+000 0.000000e+000
<ENDHMM>
~h "SP"
<BEGINHMM>
<NUMSTATES> 5
<STATE> 2
<NUMMIXES> 2
<MIXTURE> 1 8.350724e-001
<MEAN> 22
 1.053403e+001 1.442671e+001 6.230394e+000 7.066015e+000 4.440818e+001 1.153114e+002 9.499753e+001 1.171125e+002 7.635748e+001 8.638386e+001 1.647674e+002 1.109421e+002 1.149780e+002 1.079328e+002 4.441017e+000 3.398725e+000 6.043253e+000 4.444772e+000 5.492499e+000 3.157090e+000 2.342310e+000 2.609203e+000
<VARIANCE> 22
 2.682391e+003 1.826882e+003 2.177969e+003 1.314908e+003 3.162023e+003 8.956519e+003 1.634984e+003 1.846591e+003 3.558001e+002 1.081270e+003 4.479991e+003 3.852882e+003 6.163344e+002 3.131113e+002 9.896576e+000 1.665587e+000 2.360639e+000 1.660494e+000 1.236887e+000 5.695899e+000 5.842028e+000 4.868732e+000
<GCONST> 1.539486e+002
<MIXTURE> 2 1.649276e-001
<MEAN> 22
 0.000000e+000 0.000000e+000 0.000000e+000 0.000000e+000 5.310355e+002 3.993491e+002 0.000000e+000 0.000000e+000 0.000000e+000 0.000000e+000 0.000000e+000 0.000000e+000 0.000000e+000 0.000000e+000 0.000000e+000 0.000000e+000 0.000000e+000 0.000000e+000 0.000000e+000 0.000000e+000 0.000000e+000 0.000000e+000
<VARIANCE> 22
 4.801632e+000 4.063125e+000 3.300596e+000 2.164982e+000 3.435555e+003 2.506358e+003 9.838196e+000 1.115232e+001 2.936353e+000 3.516743e+000 3.745900e+001 4.440890e+001 4.184655e+000 3.870682e+000 6.504287e-002 1.793315e-002 2.326111e-002 1.170389e-002 2.082488e-002 5.618803e-002 6.153807e-002 6.060927e-002
<GCONST> 5.126872e+001
<STATE> 3
<NUMMIXES> 2
<MIXTURE> 1 4.154246e-001
<MEAN> 22
 1.792019e+000 2.266997e+001 6.527661e-001 6.508872e+000 8.937080e+000 9.888936e+001 9.396684e+001 9.834605e+001 5.959933e+001 7.099300e+001 1.914778e+002 1.144262e+002 1.143483e+002 1.035912e+002 6.998048e+000 3.664851e+000 6.059389e+000 4.848412e+000 5.998159e+000 3.824623e+000 2.037056e+000 3.818503e+000
<VARIANCE> 22
 9.984459e+000 3.758477e+002 3.300596e+000 4.242744e+001 1.115536e+002 5.043061e+003 2.543121e+002 1.019062e+003 5.154769e+001 2.983174e+002 5.062221e+002 3.759412e+003 1.551024e+002 2.682876e+002 6.504287e-002 1.317940e+000 5.586059e-002 9.086770e-001 2.082488e-002 4.911888e+000 6.102638e+000 5.069730e+000
<GCONST> 1.097614e+002
<MIXTURE> 2 5.845766e-001
<MEAN> 22
 1.108993e+000 3.788234e+000 4.779347e-001 1.791826e+000 1.081245e+001 1.965087e+002 9.453404e+001 1.409807e+002 6.053120e+001 9.294317e+001 1.866245e+002 5.029219e+001 1.119496e+002 9.004684e+001 6.901878e+000 2.116882e+000 6.081764e+000 3.173990e+000 5.952796e+000 1.466692e+000 1.463057e+000 2.564010e+000
<VARIANCE> 22
 6.964243e+000 2.920246e+001 3.300596e+000 5.572257e+000 6.487624e+002 1.791358e+003 3.700180e+002 5.429750e+002 1.035119e+002 4.077394e+002 7.718279e+002 5.063511e+002 1.754522e+002 1.963682e+002 5.255359e-001 1.752767e-001 4.063406e-001 2.649213e-001 1.924038e-001 5.164421e-001 5.148491e+000 6.076457e+000
<GCONST> 1.053309e+002
<STATE> 4
<NUMMIXES> 2
<MIXTURE> 1 7.032201e-001
<MEAN> 22
 1.268150e+001 1.127961e+000 4.174830e+000 5.692295e-001 1.541633e+002 1.407565e+001 1.285947e+002 9.720169e+001 9.328433e+001 5.700406e+001 8.565680e+001 1.948749e+002 9.434443e+001 1.157657e+002 2.488849e+000 5.000000e+000 2.845145e+000 5.833368e+000 3.458272e+000 5.992011e+000 3.402051e+000 1.872440e+000
<VARIANCE> 22
 3.303434e+002 4.063125e+000 5.342179e+001 2.164982e+000 6.263508e+003 6.614534e+002 1.402485e+003 1.895711e+002 4.777119e+002 5.207261e+001 3.197254e+003 3.356143e+002 4.197208e+002 1.100117e+002 4.460777e+000 1.793315e-002 7.648937e+000 1.388673e-001 2.650608e+000 5.618803e-002 6.267084e+000 5.689188e+000
<GCONST> 1.140657e+002
<MIXTURE> 2 2.967798e-001
<MEAN> 22
 7.479732e+000 6.712209e+000 2.659032e+000 2.279375e+000 6.719224e+001 2.837302e+001 1.006776e+002 5.058491e+001 8.476978e+001 5.946312e+001 9.596494e+001 1.189364e+002 9.763044e+001 1.034518e+002 3.072987e+000 3.595406e+000 3.984403e+000 5.642706e+000 3.929869e+000 3.339962e+000 2.983810e+000 2.700198e+000
<VARIANCE> 22
 1.169395e+002 1.328259e+002 1.826235e+001 1.187874e+001 2.595370e+003 9.342541e+002 2.669762e+003 8.373080e+002 6.870814e+002 7.360769e+001 3.069836e+003 1.677028e+003 2.658557e+002 1.183131e+002 5.537314e+000 1.580008e+000 6.912621e+000 3.308733e-001 1.805006e+000 9.563182e+000 6.642309e+000 6.769951e+000
<GCONST> 1.310771e+002
<TRANSP> 5
 0.000000e+000 1.000000e+000 0.000000e+000 0.000000e+000 0.000000e+000
 0.000000e+000 6.350124e-001 3.649876e-001 0.000000e+000 0.000000e+000
 0.000000e+000 0.000000e+000 9.582329e-001 4.176702e-002 0.000000e+000
 0.000000e+000 0.000000e+000 0.000000e+000 9.240744e-001 7.592558e-002
 0.000000e+000 0.000000e+000 0.000000e+000 0.000000e+000 0.000000e+000
<ENDHMM>
~h "ST"
<BEGINHMM>
<NUMSTATES> 5
<STATE> 2
<NUMMIXES> 2
<MIXTURE> 1 1.132769e-001
<MEAN> 22
 2.760942e+001 2.833913e+001 1.647398e+001 1.233046e+001 2.833131e+002 2.131780e+002 9.048237e+001 8.644024e+001 7.137376e+001 7.343752e+001 1.574463e+002 1.278345e+002 1.076275e+002 1.096502e+002 5.084779e+000 3.720988e+000 6.400996e+000 5.545823e+000 5.199748e+000 3.635439e+000 3.052293e+000 3.060583e+000
<VARIANCE> 22
 4.527945e+003 4.617078e+003 4.144008e+003 2.510111e+003 5.270984e+004 3.129366e+004 1.172232e+003 1.025864e+003 2.648815e+002 2.960511e+002 3.639860e+003 4.718532e+003 4.691681e+002 1.325414e+002 6.915894e+000 1.884674e+000 4.203839e-001 5.306696e-001 1.279476e+000 7.638531e+000 6.795322e+000 6.501141e+000
<GCONST> 1.547719e+002
<MIXTURE> 2 8.867227e-001
<MEAN> 22
 3.609797e+000 8.212930e+000 9.592704e-001 1.961523e+000 6.271157e+001 1.034587e+002 8.674576e+001 7.989445e+001 7.025650e+001 7.523970e+001 1.614609e+002 9.871263e+001 1.134301e+002 1.102057e+002 4.771456e+000 2.986367e+000 6.084165e+000 5.599560e+000 5.090665e+000 2.526967e+000 2.526974e+000 2.722871e+000
<VARIANCE> 22
 3.481549e+001 1.361776e+002 3.300596e+000 6.622807e+000 1.002374e+004 6.723909e+003 1.631206e+003 1.031789e+003 3.470490e+002 5.231148e+002 4.659116e+003 4.718489e+003 1.038370e+003 6.371531e+002 8.603485e+000 2.292517e+000 1.967767e+000 1.382676e+000 2.658278e+000 6.754451e+000 6.391269e+000 5.901077e+000
<GCONST> 1.372624e+002
<STATE> 3
<NUMMIXES> 2
<MIXTURE> 1 3.530883e-001
<MEAN> 22
 2.689924e+000 1.614305e+001 8.757379e-001 3.725240e+000 1.743068e+001 5.943110e+001 9.436417e+001 6.958813e+001 6.028829e+001 6.842767e+001 1.901775e+002 1.376630e+002 1.145512e+002 1.097048e+002 6.896328e+000 4.207325e+000 6.192030e+000 5.742079e+000 5.956586e+000 4.859582e+000 1.979477e+000 3.342814e+000
<VARIANCE> 22
 2.153353e+001 2.207871e+002 3.300596e+000 1.705169e+001 7.715828e+002 2.200641e+003 3.195210e+002 8.100782e+002 7.326839e+001 2.179748e+002 7.176801e+002 3.163716e+003 1.547585e+002 1.398143e+002 5.102901e-001 1.358608e+000 1.706751e-001 2.461596e-001 9.301735e-002 6.321472e+000 5.555243e+000 5.095495e+000
<GCONST> 1.133116e+002
<MIXTURE> 2 6.469126e-001
<MEAN> 22
 8.108578e-001 7.923629e+000 3.963779e-001 1.426432e+000 5.903779e+000 1.372661e+002 9.084924e+001 6.761167e+001 5.753424e+001 8.473637e+001 1.896354e+002 4.773967e+001 1.133467e+002 1.032520e+002 6.999706e+000 2.058566e+000 6.001863e+000 5.882346e+000 6.000000e+000 3.967800e-001 1.336525e+000 2.827633e+000
<VARIANCE> 22
 4.801632e+000 9.936309e+001 3.300596e+000 3.076216e+000 4.956259e+001 9.446071e+002 1.650662e+002 5.094647e+002 4.152397e+001 2.878914e+002 3.629434e+002 3.475775e+002 1.090351e+002 1.190943e+002 6.504287e-002 8.933762e-002 2.326111e-002 4.083421e-001 2.082488e-002 2.420621e-001 4.814635e+000 6.052287e+000
<GCONST> 8.989548e+001
<STATE> 4
<NUMMIXES> 2
<MIXTURE> 1 7.564359e-001
<MEAN> 22
 1.066954e+001 1.297174e+000 2.380826e+000 5.850607e-001 1.044753e+002 1.757177e+001 7.681476e+001 9.884546e+001 8.438695e+001 5.714188e+001 8.946891e+001 1.995234e+002 1.099240e+002 1.186878e+002 2.958235e+000 5.000000e+000 6.205896e+000 5.908595e+000 4.164310e+000 5.996082e+000 3.328469e+000 1.945171e+000
<VARIANCE> 22
 1.477865e+002 4.063125e+000 9.783231e+000 2.164982e+000 3.597120e+003 7.083062e+002 6.689949e+002 1.868132e+002 3.580930e+002 4.823628e+001 4.487604e+003 3.700734e+002 2.886059e+002 1.263036e+002 5.481676e+000 1.793315e-002 3.131602e-001 8.304965e-002 1.474204e+000 5.618803e-002 6.125128e+000 5.770686e+000
<GCONST> 1.060594e+002
<MIXTURE> 2 2.435643e-001
<MEAN> 22
 7.790889e+000 7.284400e+000 1.657159e+000 2.436467e+000 5.274831e+001 2.944116e+001 7.184578e+001 5.632276e+001 7.594452e+001 5.972444e+001 9.251772e+001 1.381579e+002 1.045415e+002 1.060170e+002 2.964021e+000 4.219659e+000 5.428666e+000 5.779188e+000 4.169149e+000 5.407924e+000 2.714425e+000 2.753196e+000
<VARIANCE> 22
 9.180701e+001 1.083734e+002 5.740833e+000 1.288262e+001 3.435301e+003 1.066552e+003 1.125443e+003 1.043026e+003 3.469979e+002 7.060894e+001 4.234482e+003 1.898305e+003 1.519997e+002 1.252416e+002 6.251499e+000 1.018737e+000 3.880035e+000 2.355459e-001 1.609035e+000 5.332933e+000 5.876914e+000 6.170097e+000
<GCONST> 1.263939e+002
<TRANSP> 5
 0.000000e+000 1.000000e+000 0.000000e+000 0.000000e+000 0.000000e+000
 0.000000e+000 7.315025e-001 2.684976e-001 0.000000e+000 0.000000e+000
 0.000000e+000 0.000000e+000 9.571713e-001 4.282878e-002 0.000000e+000
 0.000000e+000 0.000000e+000 0.000000e+000 9.171555e-001 8.284446e-002
 0.000000e+000 0.000000e+000 0.000000e+000 0.000000e+000 0.000000e+000
<ENDHMM>
~h "TT"
<BEGINHMM>
<NUMSTATES> 5
<STATE> 2
<NUMMIXES> 2
<MIXTURE> 1 4.673087e-001
<MEAN> 22
 1.997553e+001 5.449325e+000 8.459606e+000 3.314245e+000 2.253916e+002 8.455971e+000 1.727146e+002 1.041176e+002 1.226039e+002 6.044118e+001 9.630177e+001 2.014222e+002 1.039795e+002 1.189842e+002 1.377200e+000 4.997140e+000 1.217784e+000 5.917792e+000 2.311706e+000 5.991394e+000 3.684308e+000 2.315973e+000
<VARIANCE> 22
 1.931411e+003 1.199523e+003 1.383885e+003 8.874088e+002 2.516945e+003 1.344072e+002 1.300561e+003 2.691875e+002 5.369760e+002 1.116357e+002 8.659893e+002 3.928304e+002 3.198679e+002 1.381931e+002 4.519386e-001 1.793315e-002 2.674471e+000 7.544998e-002 5.874024e-001 5.618803e-002 5.678967e+000 6.453097e+000
<GCONST> 1.228170e+002
<MIXTURE> 2 5.326914e-001
<MEAN> 22
 9.225136e+000 1.231571e+001 2.825679e+000 3.886823e+000 4.566338e+001 1.157905e+002 9.211596e+001 1.216381e+002 7.464713e+001 8.981310e+001 1.779485e+002 1.379041e+002 1.160183e+002 1.118899e+002 5.176013e+000 3.700593e+000 6.366094e+000 4.681947e+000 5.706862e+000 3.820059e+000 3.029462e+000 2.777979e+000
<VARIANCE> 22
 2.003615e+002 3.385213e+002 2.350556e+001 3.361475e+001 2.600800e+003 1.120783e+004 1.987949e+003 2.978576e+003 3.141320e+002 1.310911e+003 3.174395e+003 2.916253e+003 5.657041e+002 2.588391e+002 8.557909e+000 1.633862e+000 4.716671e-001 1.806346e+000 6.035013e-001 5.554257e+000 6.890130e+000 5.109832e+000
<GCONST> 1.391241e+002
<STATE> 3
<NUMMIXES> 2
<MIXTURE> 1 3.460495e-001
<MEAN> 22
 2.579330e+000 2.252128e+001 9.625940e-001 5.564469e+000 1.192415e+001 5.490338e+001 9.459408e+001 9.582685e+001 5.977681e+001 6.882623e+001 1.925061e+002 1.627083e+002 1.157581e+002 1.101846e+002 6.991200e+000 4.396798e+000 6.085605e+000 5.342865e+000 5.997497e+000 5.227189e+000 2.283069e+000 3.845214e+000
<VARIANCE> 22
 1.795120e+001 4.594802e+002 3.300596e+000 3.562487e+001 1.866153e+002 1.948893e+003 2.688349e+002 5.693029e+002 7.350773e+001 3.126651e+002 5.022900e+002 1.985803e+003 1.572533e+002 2.068823e+002 6.504287e-002 6.265399e-001 7.827610e-002 2.748183e-001 2.082488e-002 1.994033e+000 5.817819e+000 5.322968e+000
<GCONST> 1.064184e+002
<MIXTURE> 2 6.539505e-001
<MEAN> 22
 1.558135e+000 1.352188e+001 6.930768e-001 5.534822e+000 9.713279e+000 2.226532e+002 9.446087e+001 1.729403e+002 5.851718e+001 1.232494e+002 1.904372e+002 8.822567e+001 1.139436e+002 9.442674e+001 6.969576e+000 2.456749e+000 6.085934e+000 3.176272e+000 5.991674e+000 1.661644e+000 1.845339e+000 3.577041e+000
<VARIANCE> 22
 1.033052e+001 2.400582e+002 3.300596e+000 5.577225e+001 2.914950e+002 1.397782e+003 2.840374e+002 7.878759e+002 9.479717e+001 4.888669e+002 4.858713e+002 6.031188e+002 1.493457e+002 3.212113e+002 1.614557e-001 2.647765e-001 1.178255e-001 2.067202e-001 3.282942e-002 3.498524e-001 5.820759e+000 5.511228e+000
<GCONST> 1.049452e+002
<STATE> 4
<NUMMIXES> 2
<MIXTURE> 1 7.368363e-001
<MEAN> 22
 1.519782e+001 2.121569e+000 5.230394e+000 1.011954e+000 1.413052e+002 2.691868e+001 1.391988e+002 9.706534e+001 9.785825e+001 5.602925e+001 1.199680e+002 1.943230e+002 1.021322e+002 1.158060e+002 2.702933e+000 5.000017e+000 3.252997e+000 5.826861e+000 3.537292e+000 5.987963e+000 3.356466e+000 2.346267e+000
<VARIANCE> 22
 3.685897e+002 1.047827e+001 6.155099e+001 2.164982e+000 8.181213e+003 9.260135e+002 2.291621e+003 2.453557e+002 1.032520e+003 5.206873e+001 2.949583e+003 4.262661e+002 3.863114e+002 1.341052e+002 6.560395e+000 1.793315e-002 8.522869e+000 1.431625e-001 3.710471e+000 5.618803e-002 5.499162e+000 6.229817e+000
<GCONST> 1.184818e+002
<MIXTURE> 2 2.631638e-001
<MEAN> 22
 1.025067e+001 6.295162e+000 4.126867e+000 2.508868e+000 1.303602e+002 6.687664e+001 9.017764e+001 3.792503e+001 8.704890e+001 5.308254e+001 9.125906e+001 1.026580e+002 8.730307e+001 9.230118e+001 2.071170e+000 3.046831e+000 3.676330e+000 5.176428e+000 3.390801e+000 2.667550e+000 2.741273e+000 2.222236e+000
<VARIANCE> 22
 2.510813e+002 1.199865e+002 4.574928e+001 2.305584e+001 1.881479e+004 1.413501e+004 5.185285e+003 1.113075e+003 2.149196e+003 4.414459e+002 2.349577e+003 2.450436e+003 1.148105e+003 1.121032e+003 4.275957e+000 3.023954e+000 7.384065e+000 3.480855e+000 2.899794e+000 1.013982e+001 6.334526e+000 6.076614e+000
<GCONST> 1.489093e+002
<TRANSP> 5
 0.000000e+000 1.000000e+000 0.000000e+000 0.000000e+000 0.000000e+000
 0.000000e+000 8.318616e-001 1.681384e-001 0.000000e+000 0.000000e+000
 0.000000e+000 0.000000e+000 9.536453e-001 4.635467e-002 0.000000e+000
 0.000000e+000 0.000000e+000 0.000000e+000 9.193184e-001 8.068161e-002
 0.000000e+000 0.000000e+000 0.000000e+000 0.000000e+000 0.000000e+000
<ENDHMM>
~h "VA"
<BEGINHMM>
<NUMSTATES> 5
<STATE> 2
<NUMMIXES> 2
<MIXTURE> 1 5.054116e-001
<MEAN> 22
 1.758746e+001 1.062867e+001 7.596944e+000 4.532108e+000 1.093109e+002 3.120019e+001 1.377276e+002 9.970250e+001 9.800459e+001 6.189844e+001 1.572785e+002 1.970654e+002 1.132540e+002 1.191719e+002 3.796428e+000 4.889843e+000 4.401115e+000 5.717780e+000 4.215289e+000 5.925756e+000 3.136795e+000 2.513886e+000
<VARIANCE> 22
 1.521645e+003 1.256800e+003 1.026353e+003 6.399502e+002 1.100779e+004 1.310880e+003 4.830944e+003 5.485413e+002 1.355555e+003 1.259554e+002 5.298076e+003 1.027268e+003 5.225579e+002 1.857867e+002 8.605540e+000 1.599879e-001 8.098888e+000 2.124874e-001 4.412833e+000 2.746021e-001 5.921829e+000 5.269091e+000
<GCONST> 1.431034e+002
<MIXTURE> 2 4.945885e-001
<MEAN> 22
 8.369926e+000 1.208900e+001 3.772236e+000 4.401739e+000 1.754979e+002 2.345464e+002 8.026869e+001 1.170953e+002 6.535458e+001 9.062574e+001 1.164320e+002 6.991209e+001 8.354740e+001 7.847902e+001 3.152978e+000 2.106891e+000 4.457087e+000 3.262099e+000 4.054552e+000 1.398158e+000 2.485723e+000 2.634864e+000
<VARIANCE> 22
 3.591784e+002 2.193422e+002 8.387187e+001 3.567245e+001 3.855357e+004 1.016709e+004 3.186865e+003 5.921162e+003 1.320843e+003 2.355262e+003 6.534484e+003 2.352117e+003 2.315269e+003 1.527990e+003 9.081846e+000 1.312218e+000 7.316905e+000 3.203282e+000 4.917934e+000 2.038935e+000 6.184276e+000 5.099197e+000
<GCONST> 1.542173e+002
<STATE> 3
<NUMMIXES> 2
<MIXTURE> 1 5.318053e-001
<MEAN> 22
 1.801615e+000 1.965027e+001 7.651719e-001 6.891518e+000 8.241257e+000 8.119865e+001 9.110804e+001 8.544272e+001 5.709718e+001 7.834765e+001 1.886198e+002 1.215336e+002 1.129978e+002 1.006976e+002 6.995812e+000 3.835724e+000 6.021168e+000 5.308671e+000 5.999987e+000 4.218336e+000 2.038302e+000 3.723596e+000
<VARIANCE> 22
 8.439099e+000 3.676540e+002 3.300596e+000 4.866706e+001 7.884000e+001 3.328363e+003 2.075186e+002 6.775229e+002 6.451441e+001 4.094211e+002 4.063059e+002 3.863589e+003 1.176334e+002 4.003563e+002 6.504287e-002 1.315120e+000 2.326111e-002 4.757406e-001 2.082488e-002 6.564294e+000 6.015953e+000 5.262093e+000
<GCONST> 1.075941e+002
<MIXTURE> 2 4.681949e-001
<MEAN> 22
 2.741768e+000 1.075561e+001 1.438565e+000 4.365839e+000 1.438445e+001 2.197105e+002 9.089186e+001 1.661125e+002 5.634617e+001 1.150611e+002 1.857545e+002 7.947802e+001 1.122359e+002 7.965410e+001 6.855929e+000 2.349768e+000 6.065416e+000 3.171075e+000 5.918432e+000 1.712028e+000 2.295122e+000 3.311474e+000
<VARIANCE> 22
 2.298024e+001 1.614546e+002 1.048594e+001 2.736371e+001 7.672517e+002 2.652770e+003 4.203062e+002 1.477429e+003 1.246754e+002 5.298953e+002 9.738464e+002 1.106974e+003 2.229060e+002 3.617036e+002 7.708274e-001 3.366220e-001 2.947721e-001 6.974130e-001 1.844124e-001 6.552741e-001 6.237005e+000 5.392084e+000
<GCONST> 1.169344e+002
<STATE> 4
<NUMMIXES> 2
<MIXTURE> 1 7.127951e-001
<MEAN> 22
 1.461899e+001 2.173367e+000 5.219701e+000 1.057661e+000 1.387652e+002 1.776054e+001 1.322229e+002 9.766695e+001 9.863055e+001 5.532334e+001 1.194816e+002 1.951876e+002 9.624325e+001 1.155198e+002 3.081257e+000 5.000031e+000 3.710866e+000 5.857409e+000 3.800038e+000 5.987321e+000 3.352418e+000 2.387519e+000
<VARIANCE> 22
 2.861484e+002 1.102472e+001 4.223939e+001 2.164982e+000 8.176629e+003 6.274061e+002 2.479348e+003 2.080692e+002 8.037289e+002 7.891820e+001 4.196786e+003 3.203311e+002 4.945920e+002 1.196272e+002 6.975382e+000 1.793315e-002 8.642454e+000 1.222583e-001 3.549505e+000 5.618803e-002 5.912879e+000 6.252638e+000
<GCONST> 1.177414e+002
<MIXTURE> 2 2.872050e-001
<MEAN> 22
 6.689713e+000 7.354817e+000 2.937011e+000 3.057409e+000 7.352881e+001 3.667097e+001 9.483781e+001 4.920593e+001 8.430350e+001 5.728665e+001 8.184769e+001 1.080994e+002 9.328352e+001 1.022345e+002 2.548849e+000 3.193854e+000 3.957423e+000 5.541059e+000 3.559885e+000 2.994460e+000 2.909400e+000 2.836030e+000
<VARIANCE> 22
 1.021570e+002 1.830708e+002 2.479864e+001 2.326474e+001 3.158912e+003 1.183298e+003 3.538406e+003 5.758951e+002 4.029999e+002 1.224988e+002 2.104253e+003 1.095390e+003 4.447478e+002 1.128483e+002 3.162832e+000 1.568021e+000 6.731618e+000 3.024366e-001 1.372961e+000 8.272770e+000 6.361124e+000 6.458559e+000
<GCONST> 1.310277e+002
<TRANSP> 5
 0.000000e+000 1.000000e+000 0.000000e+000 0.000000e+000 0.000000e+000
 0.000000e+000 7.644588e-001 2.355411e-001 0.000000e+000 0.000000e+000
 0.000000e+000 0.000000e+000 9.439632e-001 5.603682e-002 0.000000e+000
 0.000000e+000 0.000000e+000 0.000000e+000 9.179363e-001 8.206373e-002
 0.000000e+000 0.000000e+000 0.000000e+000 0.000000e+000 0.000000e+000
<ENDHMM>
~h "VQ"
<BEGINHMM>
<NUMSTATES> 5
<STATE> 2
<NUMMIXES> 2
<MIXTURE> 1 1.872874e-001
<MEAN> 22
 2.114909e+001 2.937283e+001 1.367192e+001 1.487231e+001 5.182884e+001 1.184434e+002 7.483900e+001 9.302743e+001 6.720899e+001 6.480309e+001 1.349765e+002 7.526239e+001 9.828085e+001 9.412321e+001 4.130461e+000 2.926132e+000 5.698375e+000 4.636590e+000 5.024534e+000 2.580744e+000 2.864592e+000 3.257100e+000
<VARIANCE> 22
 5.525008e+003 4.103410e+003 4.350708e+003 2.797800e+003 5.957565e+003 4.900008e+003 1.233697e+003 1.286952e+003 2.797741e+002 2.475162e+002 3.068744e+003 1.959471e+003 7.033187e+002 3.448933e+002 8.939871e+000 1.031609e+000 3.230490e+000 9.922770e-001 2.228294e+000 3.558998e+000 6.545700e+000 4.820745e+000
<GCONST> 1.532147e+002
<MIXTURE> 2 8.127120e-001
<MEAN> 22
 1.167519e+001 2.853209e+000 4.096000e+000 1.302212e+000 1.071974e+002 2.153049e+001 1.016264e+002 7.235075e+001 7.864326e+001 5.481035e+001 8.218525e+001 1.602778e+002 9.687488e+001 1.099053e+002 2.358352e+000 4.246985e+000 3.447746e+000 5.715193e+000 3.256881e+000 4.927972e+000 3.533859e+000 2.481011e+000
<VARIANCE> 22
 2.036029e+002 1.769711e+001 3.030498e+001 4.609950e+000 5.701101e+003 4.114329e+002 2.465238e+003 1.016587e+003 3.442022e+002 6.290379e+001 2.961226e+003 2.040574e+003 3.676841e+002 1.294146e+002 3.940675e+000 1.646035e+000 8.912267e+000 2.037276e-001 2.327691e+000 5.255124e+000 5.922135e+000 5.928508e+000
<GCONST> 1.278609e+002
<STATE> 3
<NUMMIXES> 2
<MIXTURE> 1 5.119101e-001
<MEAN> 22
 2.622617e+000 1.979845e+001 8.501673e-001 5.792922e+000 9.079262e+000 1.027794e+002 9.881346e+001 9.551757e+001 6.012606e+001 7.203370e+001 2.001064e+002 1.191353e+002 1.196884e+002 1.053268e+002 6.997588e+000 3.742464e+000 6.122542e+000 5.038929e+000 5.998557e+000 4.013796e+000 2.168672e+000 3.843001e+000
<VARIANCE> 22
 2.255453e+001 3.274295e+002 3.300596e+000 5.401600e+001 1.279142e+002 7.158702e+003 4.299231e+002 1.994136e+003 8.836604e+001 3.617061e+002 7.897615e+002 3.172725e+003 2.594495e+002 2.592534e+002 6.504287e-002 1.310443e+000 1.075250e-001 1.057073e+000 2.082488e-002 5.498854e+000 6.169701e+000 4.876865e+000
<GCONST> 1.147359e+002
<MIXTURE> 2 4.880891e-001
<MEAN> 22
 1.135870e+000 6.063910e+000 7.125326e-001 3.014790e+000 1.003629e+001 1.642054e+002 8.413875e+001 1.148895e+002 5.274107e+001 7.435645e+001 1.791627e+002 4.563666e+001 1.073450e+002 8.147850e+001 6.943598e+000 2.387501e+000 6.050678e+000 4.091199e+000 5.961800e+000 1.754784e+000 1.684646e+000 3.481975e+000
<VARIANCE> 22
 4.801632e+000 3.767156e+001 3.300596e+000 1.375321e+001 6.356432e+002 1.479972e+003 1.825487e+002 7.185421e+002 5.983805e+001 2.013091e+002 4.157168e+002 4.140404e+002 8.770961e+001 2.410512e+002 2.966110e-001 2.822018e-001 1.497546e-001 6.671329e-001 1.172003e-001 3.433668e-001 5.429884e+000 6.171378e+000
<GCONST> 1.019117e+002
<STATE> 4
<NUMMIXES> 2
<MIXTURE> 1 9.017245e-001
<MEAN> 22
 1.040824e+001 2.924635e+000 3.884833e+000 1.193390e+000 9.584906e+001 2.348294e+001 1.054031e+002 9.444517e+001 7.504966e+001 5.369144e+001 1.079403e+002 1.928947e+002 1.003502e+002 1.143244e+002 3.263087e+000 4.999910e+000 4.282249e+000 5.861418e+000 3.897461e+000 5.995610e+000 3.498767e+000 2.448707e+000
<VARIANCE> 22
 1.649921e+002 2.401444e+001 3.042219e+001 3.870986e+000 5.252105e+003 9.930732e+002 9.791758e+002 2.018358e+002 4.321727e+002 6.415992e+001 4.811815e+003 3.094326e+002 3.989254e+002 1.141504e+002 7.743309e+000 1.793315e-002 8.728497e+000 1.193783e-001 3.561829e+000 5.618803e-002 5.865898e+000 6.128101e+000
<GCONST> 1.163581e+002
<MIXTURE> 2 9.827541e-002
<MEAN> 22
 2.874294e+000 5.074210e+000 1.395948e+000 1.951391e+000 4.006558e+002 3.118051e+002 4.110445e+001 3.937332e+001 2.710833e+001 2.851327e+001 5.692908e+001 3.714620e+001 4.234783e+001 4.194537e+001 1.926302e+000 1.328890e+000 2.206101e+000 2.027492e+000 1.852780e+000 1.083986e+000 1.077143e+000 1.747284e+000
<VARIANCE> 22
 6.918700e+001 1.338800e+002 1.284416e+001 1.990047e+001 4.967248e+004 2.170781e+004 2.919425e+003 2.712160e+003 1.037423e+003 1.160646e+003 6.386634e+003 2.914124e+003 2.581957e+003 2.498731e+003 8.167148e+000 2.838709e+000 8.797776e+000 5.925082e+000 6.199814e+000 3.267988e+000 4.020647e+000 6.231258e+000
<GCONST> 1.515412e+002
<TRANSP> 5
 0.000000e+000 1.000000e+000 0.000000e+000 0.000000e+000 0.000000e+000
 0.000000e+000 8.546574e-001 1.453426e-001 0.000000e+000 0.000000e+000
 0.000000e+000 0.000000e+000 9.443268e-001 5.567328e-002 0.000000e+000
 0.000000e+000 0.000000e+000 0.000000e+000 8.854968e-001 1.145032e-001
 0.000000e+000 0.000000e+000 0.000000e+000 0.000000e+000 0.000000e+000
<ENDHMM>
~h "SIL"
<BEGINHMM>
<NUMSTATES> 5
<STATE> 2
<NUMMIXES> 2
<MIXTURE> 1 1.631152e-001
<MEAN> 22
 4.890615e+002 4.128471e+002 4.448602e+002 3.565258e+002 8.876403e-001 1.258370e+000 3.971266e+001 3.900994e+001 2.808723e+001 2.656713e+001 7.772389e+001 7.470954e+001 4.935550e+001 4.862754e+001 2.756559e+000 1.994785e+000 2.642276e+000 2.529709e+000 2.483794e+000 2.335681e+000 4.665491e+000 4.662526e+000
<VARIANCE> 22
 6.687181e+003 4.153954e+003 4.687631e+003 3.369039e+003 6.629585e+001 1.566485e+002 2.348402e+003 2.294724e+003 1.092077e+003 1.015193e+003 8.566044e+003 8.148471e+003 3.231754e+003 3.133168e+003 1.120850e+001 5.745916e+000 9.252696e+000 8.407066e+000 8.298056e+000 8.446085e+000 4.025339e+000 4.058881e+000
<GCONST> 1.625689e+002
<MIXTURE> 2 8.368849e-001
<MEAN> 22
 0.000000e+000 0.000000e+000 0.000000e+000 0.000000e+000 3.661406e+001 2.963425e+001 0.000000e+000 0.000000e+000 0.000000e+000 0.000000e+000 0.000000e+000 0.000000e+000 0.000000e+000 0.000000e+000 0.000000e+000 0.000000e+000 0.000000e+000 0.000000e+000 0.000000e+000 0.000000e+000 0.000000e+000 0.000000e+000
<VARIANCE> 22
 4.801632e+000 4.063125e+000 3.300596e+000 2.164982e+000 1.817521e+004 1.195244e+004 9.838196e+000 1.115232e+001 2.936353e+000 3.516743e+000 3.745900e+001 4.440890e+001 4.184655e+000 3.870682e+000 6.504287e-002 1.793315e-002 2.326111e-002 1.170389e-002 2.082488e-002 5.618803e-002 6.153807e-002 6.060927e-002
<GCONST> 5.449670e+001
<STATE> 3
<NUMMIXES> 2
<MIXTURE> 1 7.673513e-001
<MEAN> 22
 1.424740e+000 1.837580e+000 6.037232e-001 7.603843e-001 7.940256e+000 9.851636e+000 1.003963e+002 9.739602e+001 6.326101e+001 5.917262e+001 1.974428e+002 1.954833e+002 1.180301e+002 1.168934e+002 6.999709e+000 5.000000e+000 6.114086e+000 5.905648e+000 6.001800e+000 6.000288e+000 2.000474e+000 2.020436e+000
<VARIANCE> 22
 4.930571e+000 7.065184e+000 3.300596e+000 2.164982e+000 6.879110e+001 1.198045e+002 2.958759e+002 2.141021e+002 9.457668e+001 7.708173e+001 4.796728e+002 3.809408e+002 1.676518e+002 1.267980e+002 6.504287e-002 1.793315e-002 1.009573e-001 8.543523e-002 2.082488e-002 5.618803e-002 5.634781e+000 5.625461e+000
<GCONST> 8.219702e+001
<MIXTURE> 2 2.326501e-001
<MEAN> 22
 8.523353e+000 1.086622e+001 2.172535e+000 2.745170e+000 5.196482e+001 5.902336e+001 8.569266e+001 8.171803e+001 7.058701e+001 6.471526e+001 1.518928e+002 1.469542e+002 1.115835e+002 1.110641e+002 4.703824e+000 4.124738e+000 5.957212e+000 5.547420e+000 5.103643e+000 4.619236e+000 2.411485e+000 2.441356e+000
<VARIANCE> 22
 1.738721e+002 2.098576e+002 1.418373e+001 1.559672e+001 2.789754e+003 2.809418e+003 1.643440e+003 1.327027e+003 2.799882e+002 2.044874e+002 4.300159e+003 4.050392e+003 5.492104e+002 2.978012e+002 8.312273e+000 1.631464e+000 2.094732e+000 4.829682e-001 1.967278e+000 5.879329e+000 5.250374e+000 4.780858e+000
<GCONST> 1.347299e+002
<STATE> 4
<NUMMIXES> 2
<MIXTURE> 1 2.377056e-001
<MEAN> 22
 5.724661e-001 1.107109e+000 2.795309e-001 6.311733e-001 3.992661e+000 4.113482e+000 1.063574e+002 1.138346e+002 6.400899e+001 6.617676e+001 2.298498e+002 2.341253e+002 1.356280e+002 1.380078e+002 7.000000e+000 5.000000e+000 6.000166e+000 5.997341e+000 6.000000e+000 6.000000e+000 9.866981e-001 1.469252e+000
<VARIANCE> 22
 4.801632e+000 5.132658e+000 3.300596e+000 2.201238e+000 4.956259e+001 5.429972e+001 1.160370e+001 1.302263e+001 3.899267e+000 7.077568e+000 3.745900e+001 4.440890e+001 6.536284e+000 7.651622e+000 6.504287e-002 1.793315e-002 2.326111e-002 1.170389e-002 2.082488e-002 5.618803e-002 3.579463e+000 4.662213e+000
<GCONST> 5.428488e+001
<MIXTURE> 2 7.622958e-001
<MEAN> 22
 1.024131e+000 1.610232e+000 4.004493e-001 6.265674e-001 4.854953e+000 6.053240e+000 8.670511e+001 8.620924e+001 5.627010e+001 5.497288e+001 1.822825e+002 1.818963e+002 1.105338e+002 1.100582e+002 6.990129e+000 4.994067e+000 6.006924e+000 5.976615e+000 5.996580e+000 5.992642e+000 1.769523e+000 1.902868e+000
<VARIANCE> 22
 4.801632e+000 1.131932e+001 3.300596e+000 2.164982e+000 7.085012e+001 8.417500e+001 5.059551e+001 5.361179e+001 2.206061e+001 4.100857e+001 1.103798e+002 1.287393e+002 3.356213e+001 3.757272e+001 6.504287e-002 1.793315e-002 2.326111e-002 2.465555e-002 2.082488e-002 5.618803e-002 5.366765e+000 5.871512e+000
<GCONST> 6.898548e+001
<TRANSP> 5
 0.000000e+000 1.000000e+000 0.000000e+000 0.000000e+000 0.000000e+000
 0.000000e+000 9.079523e-001 9.204768e-002 0.000000e+000 0.000000e+000
 0.000000e+000 0.000000e+000 9.973086e-001 2.691373e-003 0.000000e+000
 0.000000e+000 0.000000e+000 0.000000e+000 9.924747e-001 7.525255e-003
 0.000000e+000 0.000000e+000 0.000000e+000 0.000000e+000 0.000000e+000
<ENDHMM>
