~o
<STREAMINFO> 1 22
<VECSIZE> 22<NULLD><MFCC_0><DIAGC>
~h "SIL"
<BEGINHMM>
<NUMSTATES> 5
<STATE> 2
<NUMMIXES> 4
<MIXTURE> 1 2.500000e-01
<MEAN> 22
 1.439130e+01 1.545981e+01 9.364216e+00 8.358487e+00 7.056805e+01 8.973984e+01 1.034535e+02 1.028538e+02 7.162930e+01 7.198872e+01 1.856943e+02 1.723158e+02 1.188886e+02 1.163185e+02 6.501611e+00 4.606002e+00 6.366353e+00 5.856893e+00 5.852156e+00 5.450307e+00 3.319161e+00 3.571899e+00
<VARIANCE> 22
 4.801635e+02 4.063120e+02 3.300595e+02 2.164982e+02 4.956268e+03 5.429985e+03 9.837579e+02 1.115179e+03 2.936362e+02 3.515820e+02 3.745738e+03 4.440754e+03 4.183320e+02 3.870127e+02 6.504288e+00 1.793316e+00 2.326111e+00 1.170389e+00 2.082489e+00 5.618803e+00 6.153808e+00 6.060927e+00
<GCONST> 1.445108e+02
<MIXTURE> 2 2.500000e-01
<MEAN> 22
 5.626247e+00 7.396933e+00 2.097200e+00 2.472937e+00 4.240775e+01 6.026447e+01 9.090754e+01 8.949603e+01 6.477496e+01 6.448850e+01 1.612133e+02 1.456602e+02 1.107074e+02 1.084495e+02 5.481472e+00 4.070344e+00 5.756289e+00 5.424155e+00 5.274922e+00 4.502147e+00 2.326887e+00 2.587141e+00
<VARIANCE> 22
 4.801635e+02 4.063120e+02 3.300595e+02 2.164982e+02 4.956268e+03 5.429985e+03 9.837579e+02 1.115179e+03 2.936362e+02 3.515820e+02 3.745738e+03 4.440754e+03 4.183320e+02 3.870127e+02 6.504288e+00 1.793316e+00 2.326111e+00 1.170389e+00 2.082489e+00 5.618803e+00 6.153808e+00 6.060927e+00
<GCONST> 1.445108e+02
<MIXTURE> 3 2.500000e-01
<MEAN> 22
 5.626243e+00 7.396934e+00 2.097200e+00 2.472936e+00 4.240775e+01 6.026447e+01 9.090754e+01 8.949604e+01 6.477497e+01 6.448850e+01 1.612133e+02 1.456602e+02 1.107074e+02 1.084495e+02 5.481471e+00 4.070343e+00 5.756289e+00 5.424155e+00 5.274922e+00 4.502147e+00 2.326887e+00 2.587141e+00
<VARIANCE> 22
 4.801635e+02 4.063120e+02 3.300595e+02 2.164982e+02 4.956268e+03 5.429985e+03 9.837579e+02 1.115179e+03 2.936362e+02 3.515820e+02 3.745738e+03 4.440754e+03 4.183320e+02 3.870127e+02 6.504288e+00 1.793316e+00 2.326111e+00 1.170389e+00 2.082489e+00 5.618803e+00 6.153808e+00 6.060927e+00
<GCONST> 1.445108e+02
<MIXTURE> 4 2.500000e-01
<MEAN> 22
 -3.138807e+00 -6.659405e-01 -5.169816e+00 -3.412614e+00 1.424744e+01 3.078909e+01 7.836158e+01 7.613832e+01 5.792064e+01 5.698830e+01 1.367323e+02 1.190046e+02 1.025262e+02 1.005805e+02 4.461331e+00 3.534686e+00 5.146225e+00 4.991417e+00 4.697689e+00 3.553987e+00 1.334613e+00 1.602383e+00
<VARIANCE> 22
 4.801635e+02 4.063120e+02 3.300595e+02 2.164982e+02 4.956268e+03 5.429985e+03 9.837579e+02 1.115179e+03 2.936362e+02 3.515820e+02 3.745738e+03 4.440754e+03 4.183320e+02 3.870127e+02 6.504288e+00 1.793316e+00 2.326111e+00 1.170389e+00 2.082489e+00 5.618803e+00 6.153808e+00 6.060927e+00
<GCONST> 1.445108e+02
<STATE> 3
<NUMMIXES> 4
<MIXTURE> 1 2.500000e-01
<MEAN> 22
 1.439130e+01 1.545981e+01 9.364216e+00 8.358487e+00 7.056805e+01 8.973984e+01 1.034535e+02 1.028538e+02 7.162930e+01 7.198872e+01 1.856943e+02 1.723158e+02 1.188886e+02 1.163185e+02 6.501611e+00 4.606002e+00 6.366353e+00 5.856893e+00 5.852156e+00 5.450307e+00 3.319161e+00 3.571899e+00
<VARIANCE> 22
 4.801635e+02 4.063120e+02 3.300595e+02 2.164982e+02 4.956268e+03 5.429985e+03 9.837579e+02 1.115179e+03 2.936362e+02 3.515820e+02 3.745738e+03 4.440754e+03 4.183320e+02 3.870127e+02 6.504288e+00 1.793316e+00 2.326111e+00 1.170389e+00 2.082489e+00 5.618803e+00 6.153808e+00 6.060927e+00
<GCONST> 1.445108e+02
<MIXTURE> 2 2.500000e-01
<MEAN> 22
 5.626247e+00 7.396933e+00 2.097200e+00 2.472937e+00 4.240775e+01 6.026447e+01 9.090754e+01 8.949603e+01 6.477496e+01 6.448850e+01 1.612133e+02 1.456602e+02 1.107074e+02 1.084495e+02 5.481472e+00 4.070344e+00 5.756289e+00 5.424155e+00 5.274922e+00 4.502147e+00 2.326887e+00 2.587141e+00
<VARIANCE> 22
 4.801635e+02 4.063120e+02 3.300595e+02 2.164982e+02 4.956268e+03 5.429985e+03 9.837579e+02 1.115179e+03 2.936362e+02 3.515820e+02 3.745738e+03 4.440754e+03 4.183320e+02 3.870127e+02 6.504288e+00 1.793316e+00 2.326111e+00 1.170389e+00 2.082489e+00 5.618803e+00 6.153808e+00 6.060927e+00
<GCONST> 1.445108e+02
<MIXTURE> 3 2.500000e-01
<MEAN> 22
 5.626243e+00 7.396934e+00 2.097200e+00 2.472936e+00 4.240775e+01 6.026447e+01 9.090754e+01 8.949604e+01 6.477497e+01 6.448850e+01 1.612133e+02 1.456602e+02 1.107074e+02 1.084495e+02 5.481471e+00 4.070343e+00 5.756289e+00 5.424155e+00 5.274922e+00 4.502147e+00 2.326887e+00 2.587141e+00
<VARIANCE> 22
 4.801635e+02 4.063120e+02 3.300595e+02 2.164982e+02 4.956268e+03 5.429985e+03 9.837579e+02 1.115179e+03 2.936362e+02 3.515820e+02 3.745738e+03 4.440754e+03 4.183320e+02 3.870127e+02 6.504288e+00 1.793316e+00 2.326111e+00 1.170389e+00 2.082489e+00 5.618803e+00 6.153808e+00 6.060927e+00
<GCONST> 1.445108e+02
<MIXTURE> 4 2.500000e-01
<MEAN> 22
 -3.138807e+00 -6.659405e-01 -5.169816e+00 -3.412614e+00 1.424744e+01 3.078909e+01 7.836158e+01 7.613832e+01 5.792064e+01 5.698830e+01 1.367323e+02 1.190046e+02 1.025262e+02 1.005805e+02 4.461331e+00 3.534686e+00 5.146225e+00 4.991417e+00 4.697689e+00 3.553987e+00 1.334613e+00 1.602383e+00
<VARIANCE> 22
 4.801635e+02 4.063120e+02 3.300595e+02 2.164982e+02 4.956268e+03 5.429985e+03 9.837579e+02 1.115179e+03 2.936362e+02 3.515820e+02 3.745738e+03 4.440754e+03 4.183320e+02 3.870127e+02 6.504288e+00 1.793316e+00 2.326111e+00 1.170389e+00 2.082489e+00 5.618803e+00 6.153808e+00 6.060927e+00
<GCONST> 1.445108e+02
<STATE> 4
<NUMMIXES> 4
<MIXTURE> 1 2.500000e-01
<MEAN> 22
 1.439130e+01 1.545981e+01 9.364216e+00 8.358487e+00 7.056805e+01 8.973984e+01 1.034535e+02 1.028538e+02 7.162930e+01 7.198872e+01 1.856943e+02 1.723158e+02 1.188886e+02 1.163185e+02 6.501611e+00 4.606002e+00 6.366353e+00 5.856893e+00 5.852156e+00 5.450307e+00 3.319161e+00 3.571899e+00
<VARIANCE> 22
 4.801635e+02 4.063120e+02 3.300595e+02 2.164982e+02 4.956268e+03 5.429985e+03 9.837579e+02 1.115179e+03 2.936362e+02 3.515820e+02 3.745738e+03 4.440754e+03 4.183320e+02 3.870127e+02 6.504288e+00 1.793316e+00 2.326111e+00 1.170389e+00 2.082489e+00 5.618803e+00 6.153808e+00 6.060927e+00
<GCONST> 1.445108e+02
<MIXTURE> 2 2.500000e-01
<MEAN> 22
 5.626247e+00 7.396933e+00 2.097200e+00 2.472937e+00 4.240775e+01 6.026447e+01 9.090754e+01 8.949603e+01 6.477496e+01 6.448850e+01 1.612133e+02 1.456602e+02 1.107074e+02 1.084495e+02 5.481472e+00 4.070344e+00 5.756289e+00 5.424155e+00 5.274922e+00 4.502147e+00 2.326887e+00 2.587141e+00
<VARIANCE> 22
 4.801635e+02 4.063120e+02 3.300595e+02 2.164982e+02 4.956268e+03 5.429985e+03 9.837579e+02 1.115179e+03 2.936362e+02 3.515820e+02 3.745738e+03 4.440754e+03 4.183320e+02 3.870127e+02 6.504288e+00 1.793316e+00 2.326111e+00 1.170389e+00 2.082489e+00 5.618803e+00 6.153808e+00 6.060927e+00
<GCONST> 1.445108e+02
<MIXTURE> 3 2.500000e-01
<MEAN> 22
 5.626243e+00 7.396934e+00 2.097200e+00 2.472936e+00 4.240775e+01 6.026447e+01 9.090754e+01 8.949604e+01 6.477497e+01 6.448850e+01 1.612133e+02 1.456602e+02 1.107074e+02 1.084495e+02 5.481471e+00 4.070343e+00 5.756289e+00 5.424155e+00 5.274922e+00 4.502147e+00 2.326887e+00 2.587141e+00
<VARIANCE> 22
 4.801635e+02 4.063120e+02 3.300595e+02 2.164982e+02 4.956268e+03 5.429985e+03 9.837579e+02 1.115179e+03 2.936362e+02 3.515820e+02 3.745738e+03 4.440754e+03 4.183320e+02 3.870127e+02 6.504288e+00 1.793316e+00 2.326111e+00 1.170389e+00 2.082489e+00 5.618803e+00 6.153808e+00 6.060927e+00
<GCONST> 1.445108e+02
<MIXTURE> 4 2.500000e-01
<MEAN> 22
 -3.138807e+00 -6.659405e-01 -5.169816e+00 -3.412614e+00 1.424744e+01 3.078909e+01 7.836158e+01 7.613832e+01 5.792064e+01 5.698830e+01 1.367323e+02 1.190046e+02 1.025262e+02 1.005805e+02 4.461331e+00 3.534686e+00 5.146225e+00 4.991417e+00 4.697689e+00 3.553987e+00 1.334613e+00 1.602383e+00
<VARIANCE> 22
 4.801635e+02 4.063120e+02 3.300595e+02 2.164982e+02 4.956268e+03 5.429985e+03 9.837579e+02 1.115179e+03 2.936362e+02 3.515820e+02 3.745738e+03 4.440754e+03 4.183320e+02 3.870127e+02 6.504288e+00 1.793316e+00 2.326111e+00 1.170389e+00 2.082489e+00 5.618803e+00 6.153808e+00 6.060927e+00
<GCONST> 1.445108e+02
<TRANSP> 5
 0.000000e+00 1.000000e+00 0.000000e+00 0.000000e+00 0.000000e+00
 0.000000e+00 4.800000e-01 3.200000e-01 2.000000e-01 0.000000e+00
 0.000000e+00 0.000000e+00 6.000000e-01 4.000000e-01 0.000000e+00
 0.000000e+00 2.000000e-01 0.000000e+00 5.600000e-01 2.400000e-01
 0.000000e+00 0.000000e+00 0.000000e+00 0.000000e+00 0.000000e+00
<ENDHMM>
~h "oov"
<BEGINHMM>
<NUMSTATES> 5
<STATE> 2
<NUMMIXES> 4
<MIXTURE> 1 3.813627e-01
<MEAN> 22
 3.996439e+01 3.599300e+01 3.193179e+01 2.599385e+01 1.023986e+02 1.117092e+02 1.055188e+02 1.004636e+02 7.535148e+01 7.312498e+01 1.617087e+02 1.417356e+02 1.120405e+02 1.100748e+02 5.346992e+00 4.022958e+00 5.748241e+00 5.386130e+00 5.236359e+00 4.470914e+00 3.136899e+00 3.353703e+00
<VARIANCE> 22
 7.331381e+03 5.264749e+03 6.029964e+03 3.862824e+03 1.386146e+04 9.397324e+03 1.637032e+03 1.401089e+03 6.371885e+02 4.941400e+02 4.220123e+03 4.842658e+03 5.170963e+02 4.507480e+02 8.132504e+00 1.881141e+00 4.408401e+00 1.471888e+00 3.030092e+00 6.144968e+00 6.342108e+00 5.933001e+00
<GCONST> 1.611980e+02
<MIXTURE> 2 1.186403e-01
<MEAN> 22
 2.580693e+00 2.625649e+00 7.836840e-01 7.056628e-01 2.249969e+02 1.866032e+02 2.686035e+01 2.855527e+01 2.628293e+01 2.580985e+01 3.125658e+01 2.299466e+01 3.784007e+01 3.812996e+01 1.059433e+00 8.206178e-01 2.274071e+00 2.076639e+00 1.511718e+00 3.301487e-01 9.573098e-01 9.390826e-01
<VARIANCE> 22
 2.366476e+01 2.305043e+01 3.300595e+00 2.164982e+00 4.869003e+04 2.863458e+04 1.229606e+03 1.415492e+03 9.901308e+02 9.619036e+02 1.803680e+03 8.774299e+02 2.083219e+03 2.035793e+03 2.308676e+00 1.029610e+00 7.570070e+00 6.351434e+00 3.403925e+00 2.688950e-01 2.371284e+00 2.340979e+00
<GCONST> 1.337926e+02
<MIXTURE> 3 3.813627e-01
<MEAN> 22
 5.714993e+00 6.969562e+00 8.706512e-01 1.133205e+00 5.530469e+01 7.293323e+01 8.933472e+01 8.549114e+01 6.525445e+01 6.423327e+01 1.357237e+02 1.139000e+02 1.029445e+02 1.015824e+02 4.206290e+00 3.474339e+00 4.908393e+00 4.900844e+00 4.540073e+00 3.479352e+00 2.129557e+00 2.379393e+00
<VARIANCE> 22
 7.331381e+03 5.264749e+03 6.029964e+03 3.862824e+03 1.386146e+04 9.397324e+03 1.637032e+03 1.401089e+03 6.371885e+02 4.941400e+02 4.220123e+03 4.842658e+03 5.170963e+02 4.507480e+02 8.132504e+00 1.881141e+00 4.408401e+00 1.471888e+00 3.030092e+00 6.144968e+00 6.342108e+00 5.933001e+00
<GCONST> 1.611980e+02
<MIXTURE> 4 1.186403e-01
<MEAN> 22
 6.348352e-01 7.052147e-01 5.698240e-02 1.171077e-01 1.367337e+02 1.189162e+02 1.283405e+01 1.350606e+01 1.369639e+01 1.340403e+01 1.426868e+01 1.114608e+01 1.958315e+01 2.008206e+01 4.516601e-01 4.147390e-01 1.173521e+00 1.068557e+00 7.737284e-01 1.227283e-01 3.413509e-01 3.270722e-01
<VARIANCE> 22
 2.366476e+01 2.305043e+01 3.300595e+00 2.164982e+00 4.869003e+04 2.863458e+04 1.229606e+03 1.415492e+03 9.901308e+02 9.619036e+02 1.803680e+03 8.774299e+02 2.083219e+03 2.035793e+03 2.308676e+00 1.029610e+00 7.570070e+00 6.351434e+00 3.403925e+00 2.688950e-01 2.371284e+00 2.340979e+00
<GCONST> 1.337926e+02
<STATE> 3
<NUMMIXES> 4
<MIXTURE> 1 2.227213e-01
<MEAN> 22
 1.496434e+01 1.714873e+01 4.036933e+00 5.041731e+00 1.016123e+02 9.420872e+01 1.113551e+02 1.064814e+02 8.317050e+01 7.636367e+01 1.467683e+02 1.588860e+02 1.154672e+02 1.160280e+02 4.275261e+00 4.233153e+00 5.460905e+00 5.472472e+00 4.755891e+00 4.821858e+00 3.550999e+00 3.470739e+00
<VARIANCE> 22
 2.517030e+02 3.426959e+02 2.059297e+01 3.077104e+01 6.096651e+03 6.276166e+03 1.735164e+03 1.653868e+03 4.730337e+02 5.774250e+02 5.636968e+03 3.997996e+03 5.484570e+02 2.842035e+02 8.283826e+00 1.495285e+00 6.142857e+00 9.928449e-01 3.135020e+00 5.507938e+00 6.399698e+00 5.929820e+00
<GCONST> 1.427946e+02
<MIXTURE> 2 2.772632e-01
<MEAN> 22
 4.183144e+00 7.320524e+00 1.174489e+00 1.775882e+00 6.298822e+01 1.304458e+02 8.163203e+01 9.096924e+01 6.390106e+01 7.410627e+01 1.439622e+02 8.565984e+01 1.074486e+02 1.004269e+02 5.092466e+00 2.981834e+00 6.196211e+00 5.257801e+00 5.159188e+00 2.614814e+00 2.728706e+00 3.318110e+00
<VARIANCE> 22
 2.658706e+01 5.661722e+01 3.300595e+00 2.949345e+00 3.355068e+03 4.279609e+03 7.873324e+02 1.625906e+03 1.252527e+02 3.790393e+02 3.839833e+03 2.425068e+03 1.425045e+02 1.839519e+02 7.692725e+00 1.416107e+00 1.172266e+00 1.493372e+00 2.169050e+00 5.236295e+00 6.114153e+00 6.036399e+00
<GCONST> 1.265433e+02
<MIXTURE> 3 2.772632e-01
<MEAN> 22
 2.120638e+00 4.310748e+00 4.477872e-01 1.088936e+00 3.981904e+01 1.042784e+02 7.040825e+01 7.484023e+01 5.942440e+01 6.631870e+01 1.191756e+02 6.596184e+01 1.026736e+02 9.500179e+01 3.983036e+00 2.505832e+00 5.763127e+00 4.768987e+00 4.570080e+00 1.699496e+00 1.739634e+00 2.335346e+00
<VARIANCE> 22
 2.658706e+01 5.661722e+01 3.300595e+00 2.949345e+00 3.355068e+03 4.279609e+03 7.873324e+02 1.625906e+03 1.252527e+02 3.790393e+02 3.839833e+03 2.425068e+03 1.425045e+02 1.839519e+02 7.692725e+00 1.416107e+00 1.172266e+00 1.493372e+00 2.169050e+00 5.236295e+00 6.114153e+00 6.036399e+00
<GCONST> 1.265433e+02
<MIXTURE> 4 2.227213e-01
<MEAN> 22
 8.618280e+00 9.743910e+00 2.221755e+00 2.822865e+00 7.037983e+01 6.251982e+01 9.469294e+01 9.021425e+01 7.447076e+01 6.675181e+01 1.167365e+02 1.335942e+02 1.060996e+02 1.092846e+02 3.123995e+00 3.744025e+00 4.469513e+00 5.073906e+00 4.047651e+00 3.883098e+00 2.539093e+00 2.496690e+00
<VARIANCE> 22
 2.517030e+02 3.426959e+02 2.059297e+01 3.077104e+01 6.096651e+03 6.276166e+03 1.735164e+03 1.653868e+03 4.730337e+02 5.774250e+02 5.636968e+03 3.997996e+03 5.484570e+02 2.842035e+02 8.283826e+00 1.495285e+00 6.142857e+00 9.928449e-01 3.135020e+00 5.507938e+00 6.399698e+00 5.929820e+00
<GCONST> 1.427946e+02
<STATE> 4
<NUMMIXES> 4
<MIXTURE> 1 3.753333e-01
<MEAN> 22
 3.332039e+00 4.308229e+00 1.233550e+00 1.572006e+00 1.203570e+01 1.427951e+01 1.020052e+02 9.945580e+01 6.445438e+01 6.123638e+01 2.019993e+02 1.999698e+02 1.209642e+02 1.197419e+02 7.048914e+00 5.026925e+00 6.174610e+00 5.955766e+00 6.030044e+00 6.044307e+00 2.633533e+00 2.739189e+00
<VARIANCE> 22
 2.240405e+01 3.304318e+01 3.300595e+00 4.222828e+00 1.493691e+02 1.951351e+02 2.923267e+02 2.231079e+02 8.867997e+01 7.598787e+01 5.112335e+02 4.479384e+02 1.688852e+02 1.351931e+02 6.504288e-02 1.793316e-02 9.912719e-02 9.440257e-02 2.082489e-02 5.618803e-02 5.958903e+00 6.049385e+00
<GCONST> 8.764246e+01
<MIXTURE> 2 1.246915e-01
<MEAN> 22
 7.638075e+00 1.309939e+01 1.818535e+00 2.925191e+00 5.583775e+01 8.640586e+01 8.701797e+01 8.097923e+01 6.489426e+01 6.910585e+01 1.642802e+02 1.334907e+02 1.095460e+02 1.054993e+02 5.912044e+00 4.169904e+00 6.194500e+00 5.546951e+00 5.669857e+00 4.980140e+00 2.691250e+00 3.347910e+00
<VARIANCE> 22
 1.068473e+02 1.705857e+02 6.716983e+00 1.035248e+01 3.599832e+03 3.571223e+03 7.715516e+02 1.118097e+03 2.098541e+02 3.080739e+02 2.365948e+03 2.779208e+03 1.721888e+02 1.681874e+02 7.216868e+00 1.433827e+00 1.489146e+00 6.975524e-01 1.543603e+00 6.236953e+00 5.731279e+00 5.569171e+00
<GCONST> 1.296748e+02
<MIXTURE> 3 3.753333e-01
<MEAN> 22
 1.438723e+00 2.008901e+00 5.068483e-01 7.500246e-01 7.147038e+00 8.691875e+00 9.516614e+01 9.348108e+01 6.068758e+01 5.774954e+01 1.929551e+02 1.915040e+02 1.157660e+02 1.150909e+02 6.946900e+00 4.973359e+00 6.048672e+00 5.832866e+00 5.972321e+00 5.949491e+00 1.657099e+00 1.755369e+00
<VARIANCE> 22
 2.240405e+01 3.304318e+01 3.300595e+00 4.222828e+00 1.493691e+02 1.951351e+02 2.923267e+02 2.231079e+02 8.867997e+01 7.598787e+01 5.112335e+02 4.479384e+02 1.688852e+02 1.351931e+02 6.504288e-02 1.793316e-02 9.912719e-02 9.440257e-02 2.082489e-02 5.618803e-02 5.958903e+00 6.049385e+00
<GCONST> 8.764246e+01
<MIXTURE> 4 1.246915e-01
<MEAN> 22
 3.503397e+00 7.875051e+00 7.818491e-01 1.638181e+00 3.183831e+01 6.250198e+01 7.590724e+01 6.760405e+01 5.909972e+01 6.208504e+01 1.448238e+02 1.124035e+02 1.042972e+02 1.003119e+02 4.837475e+00 3.690934e+00 5.706378e+00 5.212873e+00 5.172889e+00 3.981184e+00 1.733646e+00 2.403946e+00
<VARIANCE> 22
 1.068473e+02 1.705857e+02 6.716983e+00 1.035248e+01 3.599832e+03 3.571223e+03 7.715516e+02 1.118097e+03 2.098541e+02 3.080739e+02 2.365948e+03 2.779208e+03 1.721888e+02 1.681874e+02 7.216868e+00 1.433827e+00 1.489146e+00 6.975524e-01 1.543603e+00 6.236953e+00 5.731279e+00 5.569171e+00
<GCONST> 1.296748e+02
<TRANSP> 5
 0.000000e+00 1.000000e+00 0.000000e+00 0.000000e+00 0.000000e+00
 0.000000e+00 2.990945e-01 7.009054e-01 0.000000e+00 0.000000e+00
 0.000000e+00 0.000000e+00 8.752639e-01 1.247361e-01 0.000000e+00
 0.000000e+00 0.000000e+00 0.000000e+00 9.139725e-01 8.602745e-02
 0.000000e+00 0.000000e+00 0.000000e+00 0.000000e+00 0.000000e+00
<ENDHMM>
