~o
<STREAMINFO> 1 39
<VECSIZE> 39<NULLD><MFCC_D_A_C_K_0><DIAGC>
~h "oov"
<BEGINHMM>
<NUMSTATES> 3
<STATE> 2
<MEAN> 39
 -1.143563e+01 -9.072279e+00 -1.010387e+01 -1.513769e+01 -9.927410e+00 -1.708649e+01 -9.575307e+00 -7.504109e+00 -3.305023e+00 -2.921365e+00 -3.064724e+00 -9.690009e-01 6.884255e+01 2.111754e-02 -5.097557e-03 -8.059639e-03 -1.902242e-02 -1.141487e-02 2.414108e-03 1.237190e-02 1.953949e-02 9.626674e-03 7.304633e-03 1.415301e-02 9.860982e-03 2.662479e-02 -2.554247e-03 -7.787759e-04 -2.546301e-03 4.932722e-03 -7.955146e-04 6.221188e-04 -3.634647e-03 -6.011412e-03 -5.722635e-03 -2.583289e-03 -6.501904e-03 -1.967981e-03 -1.160704e-02
<VARIANCE> 39
 6.126751e+01 5.594903e+01 7.185224e+01 6.147618e+01 9.225922e+01 8.843787e+01 8.110954e+01 8.507436e+01 7.630584e+01 6.822652e+01 7.133890e+01 5.755880e+01 6.197553e+01 2.219613e+00 2.067968e+00 2.644515e+00 3.016385e+00 3.858096e+00 3.957288e+00 4.197970e+00 4.712849e+00 4.286121e+00 3.976504e+00 3.817440e+00 3.213855e+00 1.955769e+00 3.131934e-01 3.073153e-01 4.048893e-01 4.912870e-01 6.297076e-01 6.768538e-01 7.259527e-01 8.232530e-01 7.642146e-01 7.189143e-01 6.825940e-01 5.895295e-01 2.422378e-01
<GCONST> 1.341354e+02
<TRANSP> 3
 0.000000e+00 1.000000e+00 0.000000e+00
 0.000000e+00 9.895969e-01 1.040315e-02
 0.000000e+00 0.000000e+00 0.000000e+00
<ENDHMM>
~h "sil"
<BEGINHMM>
<NUMSTATES> 3
<STATE> 2
<MEAN> 39
 -1.314674e+01 -8.823600e+00 -1.132437e+01 -1.174693e+01 -1.062361e+01 -1.772533e+01 -1.268820e+01 -1.127608e+01 -6.660315e+00 -4.439065e+00 -7.014185e+00 -2.603624e+00 5.975756e+01 -6.578363e-03 -1.272304e-02 -1.063758e-02 -1.804887e-02 1.969299e-03 -3.096284e-03 -2.836093e-03 2.112325e-03 3.136075e-03 -3.566012e-03 -3.254732e-03 -3.946040e-03 4.992856e-02 1.592356e-03 2.405729e-03 2.878569e-03 2.497370e-03 2.362983e-03 3.275506e-03 2.829028e-03 3.773176e-03 2.578795e-03 3.054175e-03 3.506133e-03 2.298067e-03 -9.682897e-03
<VARIANCE> 39
 1.456015e+01 1.192283e+01 1.717227e+01 2.037523e+01 2.570561e+01 2.476479e+01 2.855949e+01 3.637510e+01 3.430769e+01 2.653283e+01 3.269680e+01 2.296048e+01 2.959173e+01 6.913577e-01 7.191483e-01 1.045116e+00 1.358977e+00 1.732185e+00 1.843973e+00 2.147643e+00 2.523204e+00 2.515453e+00 2.326077e+00 2.267875e+00 1.952767e+00 9.829311e-01 1.137933e-01 1.276393e-01 1.872403e-01 2.533184e-01 3.209124e-01 3.504720e-01 4.113558e-01 4.849720e-01 4.922575e-01 4.626493e-01 4.399311e-01 3.891555e-01 1.270709e-01
<GCONST> 1.022718e+02
<TRANSP> 3
 0.000000e+00 1.000000e+00 0.000000e+00
 0.000000e+00 9.961536e-01 3.846388e-03
 0.000000e+00 0.000000e+00 0.000000e+00
<ENDHMM>
~h "noise"
<BEGINHMM>
<NUMSTATES> 3
<STATE> 2
<MEAN> 39
 -1.410335e+01 -9.052236e+00 -1.154986e+01 -1.113952e+01 -1.032649e+01 -1.696622e+01 -1.237022e+01 -1.191007e+01 -7.347312e+00 -4.638012e+00 -7.594703e+00 -2.482958e+00 5.804016e+01 -1.062316e-02 2.969553e-03 3.885922e-03 1.033306e-02 5.075084e-03 -1.071205e-03 -6.490201e-03 -1.074390e-02 -5.762795e-03 -3.899446e-03 -8.307878e-03 -5.229046e-03 -1.599322e-02 1.281487e-03 4.261709e-04 1.261403e-03 -2.397070e-03 3.093558e-04 -3.203792e-04 1.755007e-03 2.952417e-03 2.859111e-03 1.321210e-03 3.187881e-03 1.005273e-03 5.642867e-03
<VARIANCE> 39
 1.036481e+01 7.748363e+00 1.108065e+01 1.435125e+01 1.707550e+01 1.845839e+01 2.260771e+01 2.527178e+01 2.787669e+01 2.273975e+01 2.420818e+01 1.962756e+01 8.696166e+00 3.401912e-01 4.448548e-01 6.847226e-01 9.322271e-01 1.200516e+00 1.444299e+00 1.728549e+00 1.968185e+00 2.082480e+00 2.013161e+00 1.898499e+00 1.705701e+00 1.892837e-01 5.831339e-02 8.481110e-02 1.322868e-01 1.842462e-01 2.369962e-01 2.893499e-01 3.468020e-01 3.985688e-01 4.233520e-01 4.113483e-01 3.856491e-01 3.500194e-01 2.842369e-02
<GCONST> 8.739989e+01
<TRANSP> 3
 0.000000e+00 1.000000e+00 0.000000e+00
 0.000000e+00 9.893885e-01 1.061142e-02
 0.000000e+00 0.000000e+00 0.000000e+00
<ENDHMM>
