~o
<STREAMINFO> 1 22
<VECSIZE> 22<NULLD><MFCC_0><DIAGC>
~h "BN"
<BEGINHMM>
<NUMSTATES> 5
<STATE> 2
<MEAN> 22
 6.391121e+000 1.335113e+001 2.691825e+000 4.205030e+000 9.604349e+001 1.165680e+002 8.180206e+001 8.315981e+001 6.453686e+001 6.644786e+001 1.492587e+002 1.108899e+002 1.025654e+002 9.914909e+001 4.812529e+000 3.443808e+000 5.362850e+000 4.650257e+000 4.920063e+000 3.813740e+000 2.131186e+000 2.234261e+000
<VARIANCE> 22
 8.674643e+002 7.889930e+002 6.434105e+002 4.151292e+002 2.744251e+004 1.569951e+004 1.615323e+003 1.767875e+003 6.703025e+002 8.033437e+002 5.385093e+003 4.992191e+003 1.425196e+003 1.089145e+003 8.719672e+000 2.705037e+000 4.514068e+000 2.937103e+000 3.250127e+000 6.905977e+000 5.705642e+000 4.337494e+000
<GCONST> 1.577350e+002
<STATE> 3
<MEAN> 22
 1.126311e+000 8.691857e+000 4.629844e-001 2.685006e+000 9.505725e+000 1.720388e+002 9.123172e+001 1.172933e+002 5.844410e+001 9.000459e+001 1.886700e+002 3.962383e+001 1.140398e+002 1.010798e+002 6.953443e+000 2.184687e+000 6.041316e+000 3.868886e+000 5.968700e+000 1.126466e+000 1.479398e+000 2.870587e+000
<VARIANCE> 22
 6.818016e+000 1.494889e+002 3.300596e+000 1.452221e+001 4.583593e+002 1.801753e+003 2.644700e+002 6.389959e+002 7.075346e+001 3.665947e+002 6.463514e+002 6.248876e+002 1.564714e+002 1.590935e+002 2.464253e-001 2.376515e-001 1.925198e-001 6.572260e-001 8.076528e-002 4.615276e-001 5.108287e+000 5.878248e+000
<GCONST> 1.052942e+002
<STATE> 4
<MEAN> 22
 8.441288e+000 6.361249e+000 2.482565e+000 1.686343e+000 1.018185e+002 2.427981e+001 1.060747e+002 8.612576e+001 8.025045e+001 5.951755e+001 9.723775e+001 1.785654e+002 1.064603e+002 1.143653e+002 3.614587e+000 4.737900e+000 3.556855e+000 5.783178e+000 4.098821e+000 5.713494e+000 3.120239e+000 2.633265e+000
<VARIANCE> 22
 1.742416e+002 1.688006e+002 1.698074e+001 9.127225e+000 6.709536e+003 8.802186e+002 9.653140e+002 7.458546e+002 4.189650e+002 9.121865e+001 5.774829e+003 1.586095e+003 2.894095e+002 1.603819e+002 6.605849e+000 4.984634e-001 8.596565e+000 1.933526e-001 2.378550e+000 2.140685e+000 6.325181e+000 6.764498e+000
<GCONST> 1.292547e+002
<TRANSP> 5
 0.000000e+000 1.000000e+000 0.000000e+000 0.000000e+000 0.000000e+000
 0.000000e+000 8.070327e-001 1.929673e-001 0.000000e+000 0.000000e+000
 0.000000e+000 0.000000e+000 9.503456e-001 4.965432e-002 0.000000e+000
 0.000000e+000 0.000000e+000 0.000000e+000 9.382201e-001 6.177993e-002
 0.000000e+000 0.000000e+000 0.000000e+000 0.000000e+000 0.000000e+000
<ENDHMM>
~h "BS"
<BEGINHMM>
<NUMSTATES> 5
<STATE> 2
<MEAN> 22
 1.602808e+001 1.582651e+001 4.034083e+000 3.908593e+000 8.064008e+001 7.131139e+001 6.507649e+001 6.275243e+001 6.358062e+001 6.003139e+001 1.524657e+002 1.481397e+002 1.083074e+002 1.080718e+002 5.562358e+000 4.551277e+000 6.031672e+000 5.811216e+000 5.202540e+000 5.377407e+000 2.701187e+000 1.990829e+000
<VARIANCE> 22
 8.902166e+002 7.110754e+002 6.259171e+002 4.182708e+002 1.600152e+004 8.583330e+003 1.203443e+003 1.086417e+003 1.343479e+002 1.332430e+002 1.929199e+003 1.955422e+003 3.129845e+002 2.772642e+002 5.963614e+000 1.738485e+000 5.884891e-001 4.978801e-001 1.764519e+000 4.772162e+000 3.340553e+000 3.916464e+000
<GCONST> 1.412085e+002
<STATE> 3
<MEAN> 22
 2.015961e+001 2.054649e+001 3.761167e+000 3.636448e+000 1.074164e+002 1.062392e+002 8.161510e+001 8.066502e+001 7.313428e+001 6.659124e+001 1.102989e+002 1.136923e+002 1.051656e+002 1.052162e+002 1.440723e+000 3.071202e+000 5.207426e+000 5.359284e+000 3.197440e+000 2.805033e+000 2.642349e+000 3.206911e+000
<VARIANCE> 22
 4.090747e+002 4.267248e+002 2.121176e+001 1.851773e+001 1.987436e+003 1.578525e+003 2.741511e+003 2.426940e+003 2.727704e+002 2.437157e+002 1.681356e+003 1.702375e+003 1.657461e+002 1.408165e+002 2.711446e+000 1.523063e+000 6.189407e+000 5.960345e-001 4.339954e+000 5.584860e+000 5.812290e+000 4.660677e+000
<GCONST> 1.343864e+002
<STATE> 4
<MEAN> 22
 7.448352e+000 7.247645e+000 2.062914e+000 1.867108e+000 6.970039e+001 6.881216e+001 1.136695e+002 1.127403e+002 6.893799e+001 6.376486e+001 1.743887e+002 1.729162e+002 1.108596e+002 1.101915e+002 2.823704e+000 4.393327e+000 6.763355e+000 5.208194e+000 4.503085e+000 4.970831e+000 3.460746e+000 3.767593e+000
<VARIANCE> 22
 7.181289e+001 6.671120e+001 6.498523e+000 5.146353e+000 1.847551e+003 1.684986e+003 8.306435e+002 7.338585e+002 1.432048e+002 1.464137e+002 9.531444e+002 8.607876e+002 1.656078e+002 1.392045e+002 1.164103e+001 2.891115e-001 1.962290e-001 1.920738e-001 8.687572e+000 8.704441e-001 5.705926e+000 7.866306e+000
<GCONST> 1.180656e+002
<TRANSP> 5
 0.000000e+000 1.000000e+000 0.000000e+000 0.000000e+000 0.000000e+000
 0.000000e+000 7.804362e-001 2.195638e-001 0.000000e+000 0.000000e+000
 0.000000e+000 0.000000e+000 9.123029e-001 8.769708e-002 0.000000e+000
 0.000000e+000 0.000000e+000 0.000000e+000 9.519859e-001 4.801409e-002
 0.000000e+000 0.000000e+000 0.000000e+000 0.000000e+000 0.000000e+000
<ENDHMM>
~h "CF"
<BEGINHMM>
<NUMSTATES> 5
<STATE> 2
<MEAN> 22
 7.530714e+000 1.167193e+001 3.323709e+000 3.886483e+000 5.866019e+001 7.435897e+001 8.151833e+001 7.039691e+001 6.776501e+001 6.392968e+001 1.304937e+002 1.170424e+002 1.014523e+002 1.041917e+002 4.497474e+000 3.580221e+000 5.235696e+000 5.230659e+000 4.734614e+000 3.945401e+000 2.569434e+000 2.434912e+000
<VARIANCE> 22
 6.441626e+002 5.956234e+002 4.906135e+002 3.005493e+002 7.498301e+003 6.769066e+003 1.440708e+003 1.431083e+003 4.098448e+002 4.553572e+002 4.864898e+003 3.653822e+003 6.154606e+002 4.761183e+002 7.284486e+000 2.530671e+000 3.755165e+000 1.800208e+000 2.570619e+000 7.562986e+000 6.223165e+000 4.480471e+000
<GCONST> 1.500127e+002
<STATE> 3
<MEAN> 22
 1.409953e+000 1.009235e+001 6.217516e-001 3.710959e+000 9.291991e+000 1.850541e+002 9.312167e+001 1.228814e+002 5.936568e+001 9.965775e+001 1.878569e+002 4.056382e+001 1.130137e+002 8.818121e+001 6.938344e+000 2.170204e+000 6.069887e+000 3.288888e+000 5.959709e+000 1.091605e+000 1.586580e+000 2.824997e+000
<VARIANCE> 22
 1.016268e+001 2.304179e+002 3.300596e+000 2.708448e+001 3.979201e+002 2.135023e+003 3.547175e+002 9.191429e+002 9.033138e+001 4.330579e+002 7.915296e+002 8.266212e+002 1.840378e+002 3.226311e+002 3.040550e-001 2.627901e-001 2.303713e-001 1.748852e+000 1.037530e-001 6.966364e-001 5.479309e+000 5.870487e+000
<GCONST> 1.113972e+002
<STATE> 4
<MEAN> 22
 9.091293e+000 6.345736e+000 3.114259e+000 1.994364e+000 9.918405e+001 2.956646e+001 1.070246e+002 9.140442e+001 8.225505e+001 6.103419e+001 1.083251e+002 1.848716e+002 1.006600e+002 1.137344e+002 3.983747e+000 4.874559e+000 4.277375e+000 5.670709e+000 4.355534e+000 5.972461e+000 3.121528e+000 2.777135e+000
<VARIANCE> 22
 1.897691e+002 1.499458e+002 2.150536e+001 1.091470e+001 7.283250e+003 1.034160e+003 1.181232e+003 6.078238e+002 5.820897e+002 1.423446e+002 6.145667e+003 9.910227e+002 5.474295e+002 1.378578e+002 6.878436e+000 2.089530e-001 6.021909e+000 2.321607e-001 2.238634e+000 4.863160e-001 6.284133e+000 6.484153e+000
<GCONST> 1.281354e+002
<TRANSP> 5
 0.000000e+000 1.000000e+000 0.000000e+000 0.000000e+000 0.000000e+000
 0.000000e+000 8.122990e-001 1.877010e-001 0.000000e+000 0.000000e+000
 0.000000e+000 0.000000e+000 9.437456e-001 5.625439e-002 0.000000e+000
 0.000000e+000 0.000000e+000 0.000000e+000 9.428929e-001 5.710704e-002
 0.000000e+000 0.000000e+000 0.000000e+000 0.000000e+000 0.000000e+000
<ENDHMM>
~h "CN"
<BEGINHMM>
<NUMSTATES> 5
<STATE> 2
<MEAN> 22
 1.546763e+001 1.497109e+001 2.826063e+000 2.956149e+000 5.552216e+001 5.365303e+001 6.776373e+001 6.641701e+001 6.515847e+001 6.107191e+001 1.482852e+002 1.473257e+002 1.124120e+002 1.110386e+002 5.069065e+000 4.319113e+000 6.097800e+000 5.883461e+000 5.199705e+000 4.926188e+000 2.733902e+000 1.960580e+000
<VARIANCE> 22
 4.710171e+002 4.032731e+002 1.842756e+002 1.383166e+002 2.953242e+003 2.481865e+003 1.163498e+003 9.855030e+002 1.088775e+002 8.832528e+001 2.979025e+003 2.712884e+003 2.471708e+002 1.952628e+002 7.364706e+000 1.446979e+000 1.454515e-001 2.563897e-001 1.034418e+000 6.170485e+000 2.639653e+000 3.403125e+000
<GCONST> 1.314805e+002
<STATE> 3
<MEAN> 22
 7.817179e+000 8.371999e+000 1.220455e+000 1.066096e+000 1.443909e+002 1.390477e+002 7.119946e+001 6.896254e+001 6.629038e+001 6.404202e+001 4.395838e+001 4.626438e+001 1.028652e+002 1.043361e+002 2.041994e+000 1.929133e+000 5.782746e+000 5.938510e+000 3.209872e+000 7.643991e-001 3.175871e+000 3.098444e+000
<VARIANCE> 22
 1.147557e+002 1.430480e+002 3.300596e+000 2.164982e+000 1.766566e+003 1.487941e+003 5.384592e+002 5.997639e+002 9.522915e+001 1.175494e+002 3.704802e+002 4.409140e+002 1.391241e+002 1.238018e+002 8.365420e-002 1.313970e-001 7.590621e-001 5.519747e-001 1.830818e-001 2.175825e-001 6.016261e+000 6.020257e+000
<GCONST> 1.056399e+002
<STATE> 4
<MEAN> 22
 1.457871e+001 1.354821e+001 2.638227e+000 2.599580e+000 7.224509e+001 6.717233e+001 7.332198e+001 7.051173e+001 6.707984e+001 6.371803e+001 1.513842e+002 1.472299e+002 1.119094e+002 1.112432e+002 5.089395e+000 4.088228e+000 6.166445e+000 5.857247e+000 5.123661e+000 4.450384e+000 4.051057e+000 3.953681e+000
<VARIANCE> 22
 3.079523e+002 2.593490e+002 1.037727e+001 1.278257e+001 5.902898e+003 4.642123e+003 1.436615e+003 1.365528e+003 1.990216e+002 1.329649e+002 2.689384e+003 2.816522e+003 2.819261e+002 1.790929e+002 6.217101e+000 2.825454e+000 3.464475e-001 2.742170e-001 1.507923e+000 7.234755e+000 7.305051e+000 4.897816e+000
<GCONST> 1.315571e+002
<TRANSP> 5
 0.000000e+000 1.000000e+000 0.000000e+000 0.000000e+000 0.000000e+000
 0.000000e+000 8.161331e-001 1.838669e-001 0.000000e+000 0.000000e+000
 0.000000e+000 0.000000e+000 9.654902e-001 3.450977e-002 0.000000e+000
 0.000000e+000 0.000000e+000 0.000000e+000 9.147727e-001 8.522736e-002
 0.000000e+000 0.000000e+000 0.000000e+000 0.000000e+000 0.000000e+000
<ENDHMM>
~h "CP"
<BEGINHMM>
<NUMSTATES> 5
<STATE> 2
<MEAN> 22
 1.268274e+001 1.063095e+001 3.546364e+000 3.116720e+000 1.127510e+002 9.393863e+001 9.094853e+001 9.033399e+001 6.561841e+001 6.138889e+001 1.457750e+002 1.520271e+002 1.055494e+002 1.035247e+002 2.940287e+000 3.841299e+000 5.524317e+000 4.824655e+000 4.305299e+000 4.455213e+000 2.844090e+000 2.797892e+000
<VARIANCE> 22
 6.473597e+002 3.888103e+002 3.692474e+002 2.132384e+002 1.934829e+004 1.086939e+004 2.289157e+003 2.398224e+003 7.152299e+002 6.565237e+002 5.270870e+003 4.750125e+003 1.701494e+003 1.499018e+003 1.062315e+001 2.449906e+000 6.180578e+000 3.112557e+000 6.775821e+000 4.969716e+000 5.672787e+000 5.748580e+000
<GCONST> 1.568902e+002
<STATE> 3
<MEAN> 22
 8.886824e+000 9.266097e+000 2.114590e+000 2.144253e+000 5.122581e+001 4.726556e+001 6.476849e+001 6.702100e+001 6.581679e+001 6.258425e+001 1.377822e+002 1.396213e+002 1.034894e+002 1.030739e+002 2.962242e+000 4.315308e+000 6.588600e+000 5.364009e+000 5.712961e+000 5.556356e+000 3.480137e+000 3.307450e+000
<VARIANCE> 22
 7.745961e+001 7.930113e+001 8.086853e+000 7.732728e+000 6.457726e+002 6.195062e+002 3.578716e+002 4.327487e+002 1.361378e+002 1.421355e+002 6.901021e+002 7.318278e+002 9.680968e+001 1.001270e+002 1.139042e+001 5.226289e-001 2.578481e-001 2.405870e-001 9.293340e-001 2.322384e+000 5.280667e+000 5.189156e+000
<GCONST> 1.134075e+002
<STATE> 4
<MEAN> 22
 8.337642e+000 7.772893e+000 2.224195e+000 2.286633e+000 3.846342e+001 3.338815e+001 9.242010e+001 9.387421e+001 6.785697e+001 6.399774e+001 1.865583e+002 1.878215e+002 1.185700e+002 1.180908e+002 6.627839e+000 4.913605e+000 6.328921e+000 5.577477e+000 5.990483e+000 5.897541e+000 3.777450e+000 3.562611e+000
<VARIANCE> 22
 7.367809e+001 6.660916e+001 6.551141e+000 6.820356e+000 1.199979e+003 6.821219e+002 4.862094e+002 3.700778e+002 1.090457e+002 1.091547e+002 6.519635e+002 5.375294e+002 1.744272e+002 1.297025e+002 2.385348e+000 1.029308e-001 2.566405e-001 2.554459e-001 1.079138e-001 2.155180e-001 5.625550e+000 5.734287e+000
<GCONST> 1.062087e+002
<TRANSP> 5
 0.000000e+000 1.000000e+000 0.000000e+000 0.000000e+000 0.000000e+000
 0.000000e+000 7.116222e-001 2.883779e-001 0.000000e+000 0.000000e+000
 0.000000e+000 0.000000e+000 9.435079e-001 5.649218e-002 0.000000e+000
 0.000000e+000 0.000000e+000 0.000000e+000 9.285673e-001 7.143259e-002
 0.000000e+000 0.000000e+000 0.000000e+000 0.000000e+000 0.000000e+000
<ENDHMM>
~h "CV"
<BEGINHMM>
<NUMSTATES> 5
<STATE> 2
<MEAN> 22
 1.488762e+001 1.494166e+001 3.507083e+000 3.374179e+000 6.864098e+001 6.274456e+001 7.769944e+001 7.497315e+001 6.456004e+001 5.906450e+001 1.437942e+002 1.437833e+002 1.107337e+002 1.100745e+002 4.588589e+000 4.264121e+000 5.999243e+000 5.597588e+000 5.027153e+000 4.903874e+000 2.763360e+000 2.446479e+000
<VARIANCE> 22
 5.436091e+002 4.477305e+002 2.487837e+002 1.597062e+002 7.392490e+003 5.230166e+003 9.684553e+002 8.291143e+002 1.576137e+002 1.087799e+002 3.463490e+003 2.892737e+003 3.212623e+002 2.878174e+002 9.023718e+000 1.219579e+000 2.002469e+000 5.748179e-001 2.102194e+000 4.764713e+000 3.585655e+000 3.872390e+000
<GCONST> 1.392702e+002
<STATE> 3
<MEAN> 22
 8.152684e+000 8.243795e+000 1.828679e+000 1.984366e+000 1.319281e+002 1.308929e+002 7.577939e+001 7.556129e+001 6.510151e+001 6.177578e+001 5.463323e+001 5.651119e+001 1.041411e+002 1.046335e+002 1.474837e+000 2.495704e+000 5.989653e+000 5.130297e+000 2.933469e+000 1.198329e+000 3.477249e+000 3.379985e+000
<VARIANCE> 22
 1.213136e+002 1.129908e+002 7.696453e+000 9.259951e+000 2.253694e+003 1.785371e+003 6.986859e+002 7.534850e+002 1.044913e+002 9.638135e+001 3.990850e+002 3.951672e+002 1.882296e+002 1.508072e+002 3.759419e-001 3.769499e-001 4.648742e+000 5.273742e-001 4.291427e-001 5.050853e-001 5.670338e+000 5.945602e+000
<GCONST> 1.149783e+002
<STATE> 4
<MEAN> 22
 1.319028e+001 1.285485e+001 3.016750e+000 2.871934e+000 4.137028e+001 3.635316e+001 7.684387e+001 7.935816e+001 6.585674e+001 5.924222e+001 1.630730e+002 1.702669e+002 1.125757e+002 1.116958e+002 5.442695e+000 4.714818e+000 6.201607e+000 5.787447e+000 5.515706e+000 5.767720e+000 4.340722e+000 4.189543e+000
<VARIANCE> 22
 1.952480e+002 2.093537e+002 1.308104e+001 1.169973e+001 1.301217e+003 9.862619e+002 1.085638e+003 8.812955e+002 1.150872e+002 7.586893e+001 2.257887e+003 1.571912e+003 2.016320e+002 1.551561e+002 7.135986e+000 6.327256e-001 1.814596e-001 1.718927e-001 8.417358e-001 2.032282e+000 6.279755e+000 5.051199e+000
<GCONST> 1.204601e+002
<TRANSP> 5
 0.000000e+000 1.000000e+000 0.000000e+000 0.000000e+000 0.000000e+000
 0.000000e+000 8.254998e-001 1.745002e-001 0.000000e+000 0.000000e+000
 0.000000e+000 0.000000e+000 9.545029e-001 4.549710e-002 0.000000e+000
 0.000000e+000 0.000000e+000 0.000000e+000 8.997251e-001 1.002748e-001
 0.000000e+000 0.000000e+000 0.000000e+000 0.000000e+000 0.000000e+000
<ENDHMM>
~h "DC"
<BEGINHMM>
<NUMSTATES> 5
<STATE> 2
<MEAN> 22
 1.294798e+001 1.262149e+001 3.619318e+000 3.729741e+000 8.492690e+001 7.944242e+001 6.670359e+001 6.619164e+001 6.577785e+001 6.155624e+001 1.382143e+002 1.395070e+002 1.099699e+002 1.082912e+002 4.113354e+000 4.043789e+000 6.023112e+000 5.623673e+000 5.014443e+000 4.889067e+000 2.570966e+000 2.093587e+000
<VARIANCE> 22
 4.898955e+002 3.955531e+002 3.543360e+002 2.337000e+002 1.161759e+004 7.970809e+003 1.235472e+003 1.084298e+003 2.141115e+002 1.674807e+002 3.041440e+003 2.755524e+003 5.294201e+002 4.499265e+002 9.567747e+000 1.887936e+000 1.183947e+000 8.955067e-001 1.843338e+000 6.203694e+000 3.165596e+000 3.428498e+000
<GCONST> 1.429670e+002
<STATE> 3
<MEAN> 22
 1.120410e+001 1.192202e+001 1.839599e+000 1.947311e+000 1.213116e+002 1.183657e+002 4.656201e+001 4.855350e+001 6.532144e+001 6.274916e+001 7.233939e+001 7.292625e+001 9.929691e+001 9.999763e+001 1.933235e+000 2.137974e+000 5.972179e+000 5.887677e+000 3.762092e+000 5.228847e-001 2.767107e+000 2.595519e+000
<VARIANCE> 22
 2.072081e+002 2.315601e+002 1.210353e+001 1.040958e+001 1.527502e+003 1.265728e+003 6.150676e+002 6.149153e+002 9.320865e+001 1.228291e+002 4.589233e+002 4.936043e+002 1.402785e+002 1.420821e+002 7.263294e-001 8.396063e-001 2.876442e-001 3.588690e-001 2.996085e-001 1.459323e+000 5.537471e+000 5.759162e+000
<GCONST> 1.148120e+002
<STATE> 4
<MEAN> 22
 1.357789e+001 1.313509e+001 3.035771e+000 2.779607e+000 4.044844e+001 3.651970e+001 7.557909e+001 7.538204e+001 6.491041e+001 6.027063e+001 1.665040e+002 1.682228e+002 1.103132e+002 1.103171e+002 5.808657e+000 4.857448e+000 6.233788e+000 5.755620e+000 5.625088e+000 6.097933e+000 4.249403e+000 4.109384e+000
<VARIANCE> 22
 2.119769e+002 2.197736e+002 1.238600e+001 1.088961e+001 1.274094e+003 9.655629e+002 1.093765e+003 9.195346e+002 1.052584e+002 9.887542e+001 1.556384e+003 1.371031e+003 1.742417e+002 1.514268e+002 5.824592e+000 4.631171e-001 2.093153e-001 2.047805e-001 5.092990e-001 9.250394e-001 7.161521e+000 4.327701e+000
<GCONST> 1.184587e+002
<TRANSP> 5
 0.000000e+000 1.000000e+000 0.000000e+000 0.000000e+000 0.000000e+000
 0.000000e+000 8.753693e-001 1.246307e-001 0.000000e+000 0.000000e+000
 0.000000e+000 0.000000e+000 9.565297e-001 4.347032e-002 0.000000e+000
 0.000000e+000 0.000000e+000 0.000000e+000 8.982629e-001 1.017372e-001
 0.000000e+000 0.000000e+000 0.000000e+000 0.000000e+000 0.000000e+000
<ENDHMM>
~h "FM"
<BEGINHMM>
<NUMSTATES> 5
<STATE> 2
<MEAN> 22
 9.001924e+000 1.005908e+001 4.238573e+000 3.830441e+000 3.802060e+001 3.638363e+001 7.942510e+001 8.309866e+001 7.737196e+001 7.070776e+001 1.631862e+002 1.656236e+002 1.137422e+002 1.132163e+002 4.245310e+000 4.513296e+000 6.408418e+000 5.630343e+000 5.545325e+000 5.677027e+000 2.625234e+000 2.626171e+000
<VARIANCE> 22
 1.001114e+003 1.049436e+003 7.849263e+002 5.120007e+002 1.735928e+003 1.740484e+003 1.307593e+003 8.871558e+002 4.971684e+002 4.784162e+002 2.650980e+003 2.038440e+003 5.837515e+002 3.202069e+002 1.083577e+001 6.695539e-001 5.075382e-001 3.252695e-001 6.654044e-001 2.589728e+000 6.628081e+000 5.308045e+000
<GCONST> 1.403929e+002
<STATE> 3
<MEAN> 22
 1.430467e+000 7.285866e+000 5.831813e-001 2.058772e+000 1.051397e+001 5.634850e+001 9.514337e+001 6.510524e+001 5.819688e+001 8.631880e+001 1.923478e+002 1.397435e+002 1.147575e+002 1.066580e+002 6.952615e+000 4.283783e+000 6.058610e+000 5.333808e+000 5.991238e+000 6.460221e+000 1.723578e+000 3.203710e+000
<VARIANCE> 22
 8.207212e+000 5.573889e+001 3.300596e+000 9.407953e+000 3.648420e+002 6.175157e+002 2.595597e+002 5.737209e+002 8.341737e+001 3.543748e+002 5.054809e+002 9.632728e+002 1.681385e+002 1.591578e+002 3.128375e-001 2.729124e-001 7.057559e-002 2.333966e-001 2.213101e-002 4.675252e-001 5.635328e+000 5.747074e+000
<GCONST> 1.001556e+002
<STATE> 4
<MEAN> 22
 6.302679e+000 3.090064e+000 1.681945e+000 1.097950e+000 7.576908e+001 4.135230e+001 6.035915e+001 7.611763e+001 8.387632e+001 5.922051e+001 1.349897e+002 1.606703e+002 1.066935e+002 1.077390e+002 2.619849e+000 4.291268e+000 6.217543e+000 5.568260e+000 5.100363e+000 5.236201e+000 2.815824e+000 2.139843e+000
<VARIANCE> 22
 7.109700e+001 3.541489e+001 7.226597e+000 5.254487e+000 9.684301e+003 6.350928e+003 9.491520e+002 1.269681e+003 8.026318e+002 2.584948e+002 1.842020e+003 3.180410e+003 5.843175e+002 6.167351e+002 1.054469e+001 1.694713e+000 1.703373e+000 1.292188e+000 1.369776e+000 4.841379e+000 6.399929e+000 6.171281e+000
<GCONST> 1.336992e+002
<TRANSP> 5
 0.000000e+000 1.000000e+000 0.000000e+000 0.000000e+000 0.000000e+000
 0.000000e+000 6.590038e-001 3.409962e-001 0.000000e+000 0.000000e+000
 0.000000e+000 0.000000e+000 9.539241e-001 4.607593e-002 0.000000e+000
 0.000000e+000 0.000000e+000 0.000000e+000 9.233470e-001 7.665297e-002
 0.000000e+000 0.000000e+000 0.000000e+000 0.000000e+000 0.000000e+000
<ENDHMM>
~h "FN"
<BEGINHMM>
<NUMSTATES> 5
<STATE> 2
<MEAN> 22
 8.665511e+000 1.244734e+001 3.734766e+000 4.120577e+000 9.384296e+001 1.064432e+002 8.848151e+001 8.651427e+001 6.555346e+001 6.203963e+001 1.526954e+002 1.230811e+002 1.054672e+002 1.045182e+002 4.987877e+000 3.624014e+000 5.448275e+000 5.042211e+000 5.049430e+000 3.836488e+000 2.528813e+000 2.439703e+000
<VARIANCE> 22
 1.132454e+003 8.260019e+002 8.714116e+002 5.148623e+002 2.378621e+004 1.411735e+004 1.574631e+003 1.301758e+003 4.529461e+002 3.274395e+002 5.010486e+003 6.254332e+003 1.129831e+003 7.886820e+002 7.421907e+000 2.714134e+000 3.885741e+000 2.534101e+000 2.591546e+000 6.924256e+000 6.277294e+000 5.046451e+000
<GCONST> 1.558619e+002
<STATE> 3
<MEAN> 22
 1.246460e+000 1.315391e+001 5.302058e-001 3.113320e+000 9.035001e+000 1.521154e+002 9.148360e+001 9.747589e+001 5.797203e+001 6.827341e+001 1.883522e+002 4.710246e+001 1.125286e+002 9.796964e+001 6.932981e+000 2.404358e+000 6.044628e+000 4.530283e+000 5.960870e+000 1.717659e+000 1.524796e+000 3.460932e+000
<VARIANCE> 22
 7.812946e+000 2.303998e+002 3.300596e+000 1.724693e+001 4.672950e+002 2.734720e+003 2.512911e+002 1.083611e+003 5.724274e+001 1.565884e+002 6.772415e+002 1.728904e+003 1.420734e+002 2.289864e+002 3.136128e-001 6.103362e-001 1.561741e-001 1.434796e+000 1.006636e-001 2.741566e+000 5.187205e+000 5.388956e+000
<GCONST> 1.109042e+002
<STATE> 4
<MEAN> 22
 8.456039e+000 5.269670e+000 2.293116e+000 1.469627e+000 8.226294e+001 2.554725e+001 9.345438e+001 8.344215e+001 6.980077e+001 5.847266e+001 1.124234e+002 1.753498e+002 1.060962e+002 1.136036e+002 3.942488e+000 4.642597e+000 4.938332e+000 5.800075e+000 4.357403e+000 5.452086e+000 3.184485e+000 2.600418e+000
<VARIANCE> 22
 1.470273e+002 1.033592e+002 1.159287e+001 5.002414e+000 5.735666e+003 8.483463e+002 1.374849e+003 9.256182e+002 1.946719e+002 8.338644e+001 6.003806e+003 1.909934e+003 3.350420e+002 1.647383e+002 7.072728e+000 9.993130e-001 5.784532e+000 1.786295e-001 2.491265e+000 3.409483e+000 6.507150e+000 6.604180e+000
<GCONST> 1.283334e+002
<TRANSP> 5
 0.000000e+000 1.000000e+000 0.000000e+000 0.000000e+000 0.000000e+000
 0.000000e+000 7.666527e-001 2.333473e-001 0.000000e+000 0.000000e+000
 0.000000e+000 0.000000e+000 9.437788e-001 5.622121e-002 0.000000e+000
 0.000000e+000 0.000000e+000 0.000000e+000 9.387583e-001 6.124169e-002
 0.000000e+000 0.000000e+000 0.000000e+000 0.000000e+000 0.000000e+000
<ENDHMM>
~h "FU"
<BEGINHMM>
<NUMSTATES> 5
<STATE> 2
<MEAN> 22
 9.116967e+000 3.527649e+000 2.349621e+000 1.085402e+000 1.118330e+002 2.562154e+001 1.001106e+002 8.828760e+001 6.446453e+001 5.557772e+001 7.550073e+001 1.803489e+002 1.012058e+002 1.112108e+002 3.241022e+000 4.821736e+000 3.890152e+000 5.796928e+000 3.710994e+000 5.825475e+000 3.103945e+000 2.084445e+000
<VARIANCE> 22
 2.156325e+002 5.228419e+001 1.323829e+001 3.242374e+000 6.227687e+003 1.286392e+003 9.708673e+002 4.595904e+002 1.788503e+002 6.432993e+001 5.391859e+003 1.307656e+003 2.668605e+002 1.568878e+002 5.368781e+000 4.037826e-001 7.594592e+000 2.159619e-001 2.227964e+000 1.085677e+000 6.305687e+000 5.438541e+000
<GCONST> 1.238761e+002
<STATE> 3
<MEAN> 22
 1.373619e+000 8.614377e+000 5.937817e-001 2.025233e+000 7.805255e+000 1.636221e+002 8.984436e+001 1.026533e+002 5.611971e+001 6.266689e+001 1.857628e+002 3.086473e+001 1.105162e+002 9.543851e+001 6.953930e+000 2.155514e+000 6.060782e+000 4.289354e+000 5.971901e+000 1.366629e+000 1.613801e+000 2.808091e+000
<VARIANCE> 22
 9.732951e+000 1.853825e+002 3.300596e+000 8.160482e+000 3.265953e+002 1.859636e+003 2.599814e+002 7.008718e+002 7.037578e+001 1.670307e+002 6.370280e+002 9.779174e+002 1.777486e+002 1.663677e+002 2.349318e-001 2.824222e-001 8.991119e-002 2.042528e+000 7.601925e-002 9.041532e-001 5.451643e+000 6.424632e+000
<GCONST> 1.061342e+002
<STATE> 4
<MEAN> 22
 4.527446e+000 1.388489e+001 1.596979e+000 3.508809e+000 7.239765e+001 7.871641e+001 8.617387e+001 7.310648e+001 5.815535e+001 5.823480e+001 1.645947e+002 1.428517e+002 1.072320e+002 1.009309e+002 5.728503e+000 4.172274e+000 5.632129e+000 5.309571e+000 5.251570e+000 4.949801e+000 2.549292e+000 3.560500e+000
<VARIANCE> 22
 1.940150e+002 4.014583e+002 9.835722e+001 8.288311e+001 2.066719e+004 1.199478e+004 1.304745e+003 1.331098e+003 3.520981e+002 4.073291e+002 4.917842e+003 4.099450e+003 1.118526e+003 1.009266e+003 5.754618e+000 2.544488e+000 2.695340e+000 2.350152e+000 2.641436e+000 5.618382e+000 6.775089e+000 6.009945e+000
<GCONST> 1.479619e+002
<TRANSP> 5
 0.000000e+000 1.000000e+000 0.000000e+000 0.000000e+000 0.000000e+000
 0.000000e+000 9.304877e-001 6.951227e-002 0.000000e+000 0.000000e+000
 0.000000e+000 0.000000e+000 9.402415e-001 5.975856e-002 0.000000e+000
 0.000000e+000 0.000000e+000 0.000000e+000 8.572528e-001 1.427471e-001
 0.000000e+000 0.000000e+000 0.000000e+000 0.000000e+000 0.000000e+000
<ENDHMM>
~h "MC"
<BEGINHMM>
<NUMSTATES> 5
<STATE> 2
<MEAN> 22
 9.820729e+000 1.094158e+001 4.096354e+000 3.141724e+000 6.713255e+001 5.204542e+001 7.998405e+001 8.004122e+001 7.676541e+001 6.617669e+001 1.436823e+002 1.544913e+002 1.154665e+002 1.153214e+002 4.154051e+000 4.128416e+000 6.344899e+000 5.827618e+000 4.925282e+000 4.541857e+000 2.950772e+000 2.461375e+000
<VARIANCE> 22
 6.015117e+002 9.274552e+002 4.927047e+002 2.892026e+002 3.554625e+003 3.318295e+003 1.534214e+003 1.156875e+003 4.019561e+002 1.941394e+002 4.950705e+003 3.656615e+003 6.002051e+002 2.774765e+002 8.441352e+000 1.787115e+000 4.251780e-001 2.281186e-001 1.413934e+000 6.807453e+000 6.186979e+000 5.339136e+000
<GCONST> 1.423467e+002
<STATE> 3
<MEAN> 22
 1.565274e+000 9.650791e+000 6.554469e-001 2.863684e+000 7.943868e+000 1.014958e+002 9.228564e+001 6.021553e+001 5.657285e+001 7.949548e+001 1.886465e+002 8.780933e+001 1.124697e+002 9.924843e+001 6.984254e+000 3.092328e+000 6.048176e+000 5.630016e+000 5.994058e+000 2.397636e+000 1.856791e+000 3.232941e+000
<VARIANCE> 22
 8.496064e+000 9.202841e+001 3.300596e+000 1.180799e+001 1.464784e+002 2.283540e+003 2.371746e+002 8.342683e+002 7.527271e+001 4.253662e+002 4.718216e+002 2.286670e+003 1.390175e+002 2.384610e+002 7.708320e-002 1.272363e+000 5.023090e-002 3.536127e-001 2.082488e-002 8.487282e+000 5.805356e+000 5.148909e+000
<GCONST> 1.056598e+002
<STATE> 4
<MEAN> 22
 7.505272e+000 4.610566e+000 2.230782e+000 1.588783e+000 7.832211e+001 3.886115e+001 6.043222e+001 7.456907e+001 7.394336e+001 6.004876e+001 1.103917e+002 1.557647e+002 1.048285e+002 1.081453e+002 3.004665e+000 4.251318e+000 6.164511e+000 5.698293e+000 4.516727e+000 5.034081e+000 3.062233e+000 2.728737e+000
<VARIANCE> 22
 7.875488e+001 6.051417e+001 9.290399e+000 7.367967e+000 6.170952e+003 3.803795e+003 8.778325e+002 1.081138e+003 3.891674e+002 1.989292e+002 3.209268e+003 2.956422e+003 3.289515e+002 2.566796e+002 7.236533e+000 1.494602e+000 5.608159e-001 4.538192e-001 1.450046e+000 5.558682e+000 6.059497e+000 6.180966e+000
<GCONST> 1.292521e+002
<TRANSP> 5
 0.000000e+000 1.000000e+000 0.000000e+000 0.000000e+000 0.000000e+000
 0.000000e+000 7.567789e-001 2.432211e-001 0.000000e+000 0.000000e+000
 0.000000e+000 0.000000e+000 9.607999e-001 3.920005e-002 0.000000e+000
 0.000000e+000 0.000000e+000 0.000000e+000 9.226537e-001 7.734626e-002
 0.000000e+000 0.000000e+000 0.000000e+000 0.000000e+000 0.000000e+000
<ENDHMM>
~h "NU"
<BEGINHMM>
<NUMSTATES> 5
<STATE> 2
<MEAN> 22
 5.637430e+000 1.008982e+001 2.333988e+000 2.261857e+000 2.076882e+002 1.811141e+002 6.683504e+001 5.890788e+001 5.093655e+001 4.763908e+001 1.288837e+002 1.050970e+002 8.776771e+001 8.631145e+001 4.015455e+000 3.015671e+000 4.646724e+000 4.175276e+000 4.019471e+000 3.080211e+000 1.769356e+000 1.857750e+000
<VARIANCE> 22
 6.251301e+002 1.166901e+003 4.665091e+002 2.953582e+002 5.814133e+004 3.092457e+004 2.596202e+003 1.841621e+003 1.032689e+003 8.942050e+002 8.861875e+003 6.466214e+003 3.181376e+003 2.810899e+003 1.068036e+001 4.161159e+000 7.731076e+000 6.326539e+000 6.463445e+000 8.143029e+000 5.432213e+000 4.843193e+000
<GCONST> 1.649805e+002
<STATE> 3
<MEAN> 22
 1.392564e+000 8.551399e+000 5.417282e-001 2.396146e+000 1.117953e+001 9.365068e+001 9.158741e+001 7.159142e+001 5.816871e+001 6.365464e+001 1.884314e+002 9.840392e+001 1.129248e+002 1.047077e+002 6.948066e+000 3.396223e+000 6.075705e+000 5.318679e+000 5.960461e+000 2.881454e+000 1.580942e+000 3.170264e+000
<VARIANCE> 22
 8.882382e+000 1.289936e+002 3.300596e+000 1.043559e+001 4.697881e+002 2.618909e+003 2.922852e+002 7.065458e+002 5.947758e+001 1.252921e+002 6.104813e+002 2.616519e+003 1.610922e+002 1.738219e+002 2.627477e-001 1.065623e+000 9.229361e-002 3.953743e-001 8.355555e-002 6.030089e+000 5.323895e+000 5.683688e+000
<GCONST> 1.088581e+002
<STATE> 4
<MEAN> 22
 7.150438e+000 4.491261e+000 2.065153e+000 1.512164e+000 7.423368e+001 3.866010e+001 7.516750e+001 7.985046e+001 7.064938e+001 5.695701e+001 1.129141e+002 1.532665e+002 1.081538e+002 1.098698e+002 2.807516e+000 4.150431e+000 6.193721e+000 5.695196e+000 4.162501e+000 4.492868e+000 3.059353e+000 2.620097e+000
<VARIANCE> 22
 9.231064e+001 5.430170e+001 8.020267e+000 5.924721e+000 3.253781e+003 2.200933e+003 1.229861e+003 1.080387e+003 2.128872e+002 6.488178e+001 3.596043e+003 3.367539e+003 3.179978e+002 2.082151e+002 7.188198e+000 1.503868e+000 2.303253e+000 2.728699e-001 2.533328e+000 5.898009e+000 6.325254e+000 6.288403e+000
<GCONST> 1.279450e+002
<TRANSP> 5
 0.000000e+000 1.000000e+000 0.000000e+000 0.000000e+000 0.000000e+000
 0.000000e+000 6.076280e-001 3.923720e-001 0.000000e+000 0.000000e+000
 0.000000e+000 0.000000e+000 9.519684e-001 4.803159e-002 0.000000e+000
 0.000000e+000 0.000000e+000 0.000000e+000 9.164552e-001 8.354476e-002
 0.000000e+000 0.000000e+000 0.000000e+000 0.000000e+000 0.000000e+000
<ENDHMM>
~h "OK"
<BEGINHMM>
<NUMSTATES> 5
<STATE> 2
<MEAN> 22
 1.281634e+001 6.601379e+000 3.977713e+000 2.347384e+000 9.424266e+001 4.757940e+001 1.002126e+002 8.480368e+001 7.834436e+001 5.794552e+001 1.035874e+002 1.588970e+002 1.083740e+002 1.126555e+002 3.070037e+000 4.288722e+000 4.570045e+000 5.644509e+000 3.987272e+000 4.934804e+000 3.434588e+000 2.566794e+000
<VARIANCE> 22
 5.511435e+002 4.142830e+002 3.286427e+002 1.961853e+002 5.409333e+003 3.333824e+003 1.511760e+003 7.472771e+002 2.701395e+002 1.256936e+002 5.285633e+003 3.827902e+003 5.859462e+002 2.188014e+002 6.780175e+000 1.357197e+000 8.163923e+000 4.671401e-001 2.616858e+000 4.677526e+000 6.348553e+000 6.048162e+000
<GCONST> 1.432188e+002
<STATE> 3
<MEAN> 22
 1.796862e+000 1.169433e+001 7.599485e-001 2.922478e+000 1.079175e+001 1.060435e+002 9.226866e+001 9.335383e+001 5.732954e+001 6.864256e+001 1.911882e+002 9.993346e+001 1.141819e+002 1.061473e+002 6.973338e+000 3.422684e+000 6.054285e+000 4.992845e+000 5.986350e+000 3.275319e+000 1.964089e+000 3.402698e+000
<VARIANCE> 22
 1.100623e+001 2.286342e+002 3.300596e+000 1.344534e+001 3.031122e+002 4.461719e+003 2.386110e+002 7.788759e+002 7.055719e+001 2.046154e+002 4.689941e+002 4.300613e+003 1.428465e+002 1.872745e+002 1.351806e-001 1.477819e+000 6.452633e-002 6.923122e-001 3.009291e-002 5.369300e+000 6.000387e+000 5.743680e+000
<GCONST> 1.095939e+002
<STATE> 4
<MEAN> 22
 1.031104e+001 3.391578e+000 2.769203e+000 1.046541e+000 1.042451e+002 3.796427e+001 8.647528e+001 7.867500e+001 6.674525e+001 5.280524e+001 1.019687e+002 1.693162e+002 1.026841e+002 1.083648e+002 3.128664e+000 4.461884e+000 4.945405e+000 5.636033e+000 3.805551e+000 5.369982e+000 3.042992e+000 2.289414e+000
<VARIANCE> 22
 2.071545e+002 4.875319e+001 1.502167e+001 3.663357e+000 1.138680e+004 6.692118e+003 1.368853e+003 1.080835e+003 3.529082e+002 1.880308e+002 5.041360e+003 2.802992e+003 7.580433e+002 6.761175e+002 7.591392e+000 1.694799e+000 7.752658e+000 1.537473e+000 3.584371e+000 3.897438e+000 6.204725e+000 6.227990e+000
<GCONST> 1.380553e+002
<TRANSP> 5
 0.000000e+000 1.000000e+000 0.000000e+000 0.000000e+000 0.000000e+000
 0.000000e+000 8.074707e-001 1.925292e-001 0.000000e+000 0.000000e+000
 0.000000e+000 0.000000e+000 9.421656e-001 5.783441e-002 0.000000e+000
 0.000000e+000 0.000000e+000 0.000000e+000 8.778846e-001 1.221154e-001
 0.000000e+000 0.000000e+000 0.000000e+000 0.000000e+000 0.000000e+000
<ENDHMM>
~h "PF"
<BEGINHMM>
<NUMSTATES> 5
<STATE> 2
<MEAN> 22
 7.224279e+000 1.268007e+001 3.231149e+000 4.042464e+000 9.565533e+001 1.175615e+002 8.831328e+001 9.795026e+001 6.647236e+001 6.879536e+001 1.608975e+002 1.292912e+002 1.071354e+002 1.036162e+002 5.070931e+000 3.786261e+000 5.706768e+000 5.013350e+000 5.322926e+000 4.145464e+000 2.397944e+000 2.597526e+000
<VARIANCE> 22
 8.455623e+002 7.901970e+002 6.635615e+002 4.373376e+002 2.627484e+004 1.634832e+004 1.197111e+003 2.336964e+003 3.647746e+002 5.311166e+002 3.998219e+003 4.686125e+003 7.348891e+002 5.440284e+002 8.080469e+000 2.193539e+000 2.767869e+000 2.051301e+000 1.888635e+000 5.954456e+000 5.910753e+000 4.547066e+000
<GCONST> 1.532881e+002
<STATE> 3
<MEAN> 22
 1.384218e+000 1.493537e+001 6.399822e-001 4.093303e+000 1.013191e+001 1.674025e+002 9.233891e+001 1.255200e+002 5.806662e+001 8.307491e+001 1.883812e+002 6.922502e+001 1.131726e+002 9.443981e+001 6.937589e+000 2.682820e+000 6.055148e+000 3.885701e+000 5.963066e+000 2.167038e+000 1.750883e+000 3.573236e+000
<VARIANCE> 22
 8.388844e+000 3.122615e+002 3.300596e+000 2.310772e+001 5.637868e+002 3.482822e+003 2.702172e+002 1.243147e+003 6.553316e+001 2.756639e+002 6.392910e+002 1.925087e+003 1.325356e+002 2.298786e+002 3.195189e-001 6.716215e-001 2.278264e-001 9.564226e-001 1.019715e-001 2.333905e+000 5.907654e+000 4.614275e+000
<GCONST> 1.128096e+002
<STATE> 4
<MEAN> 22
 8.979201e+000 4.250860e+000 2.822098e+000 1.615733e+000 9.503433e+001 2.479792e+001 1.149307e+002 8.873701e+001 7.742159e+001 5.762012e+001 1.256931e+002 1.817427e+002 1.058166e+002 1.146711e+002 3.713960e+000 4.712919e+000 3.973258e+000 5.749880e+000 4.020937e+000 5.529577e+000 3.129456e+000 2.636251e+000
<VARIANCE> 22
 1.753913e+002 5.403759e+001 1.816615e+001 6.775888e+000 6.948135e+003 8.728246e+002 2.062923e+003 7.556653e+002 4.232474e+002 7.647998e+001 4.655245e+003 1.532586e+003 3.491213e+002 1.451898e+002 7.805557e+000 7.268016e-001 7.653844e+000 2.019273e-001 3.645754e+000 2.723586e+000 6.801435e+000 6.478106e+000
<GCONST> 1.295314e+002
<TRANSP> 5
 0.000000e+000 1.000000e+000 0.000000e+000 0.000000e+000 0.000000e+000
 0.000000e+000 7.527489e-001 2.472511e-001 0.000000e+000 0.000000e+000
 0.000000e+000 0.000000e+000 9.442711e-001 5.572889e-002 0.000000e+000
 0.000000e+000 0.000000e+000 0.000000e+000 9.340736e-001 6.592638e-002
 0.000000e+000 0.000000e+000 0.000000e+000 0.000000e+000 0.000000e+000
<ENDHMM>
~h "PR"
<BEGINHMM>
<NUMSTATES> 5
<STATE> 2
<MEAN> 22
 8.635329e+000 9.050685e+000 3.687349e+000 3.648482e+000 1.007043e+002 9.907491e+001 7.686387e+001 7.567093e+001 6.548480e+001 5.769326e+001 1.330421e+002 1.219323e+002 9.903413e+001 9.631580e+001 3.416709e+000 3.360951e+000 5.274189e+000 4.805482e+000 4.336795e+000 3.334530e+000 2.274524e+000 2.423547e+000
<VARIANCE> 22
 9.836776e+002 7.836757e+002 7.150246e+002 4.711154e+002 2.275370e+004 1.408912e+004 2.039113e+003 2.146337e+003 7.588078e+002 5.580938e+002 5.649520e+003 4.272647e+003 1.630080e+003 1.449787e+003 9.890614e+000 2.771817e+000 6.302360e+000 3.309713e+000 4.667047e+000 6.988042e+000 5.997611e+000 6.066723e+000
<GCONST> 1.596524e+002
<STATE> 3
<MEAN> 22
 1.311345e+000 9.404881e+000 5.690951e-001 3.146696e+000 1.032116e+001 9.390379e+001 9.245956e+001 8.594746e+001 5.857647e+001 6.416796e+001 1.879590e+002 1.074634e+002 1.126557e+002 1.031939e+002 6.932493e+000 3.543779e+000 6.084770e+000 5.080186e+000 5.972089e+000 3.448741e+000 1.724372e+000 3.576957e+000
<VARIANCE> 22
 6.556583e+000 1.306098e+002 3.300596e+000 1.674937e+001 3.564202e+002 2.361963e+003 2.693753e+002 6.605571e+002 6.738830e+001 1.617609e+002 5.906674e+002 2.206639e+003 1.580214e+002 2.085663e+002 3.889454e-001 7.899626e-001 8.848789e-002 3.465470e-001 8.839713e-002 4.013457e+000 5.705544e+000 6.347483e+000
<GCONST> 1.085996e+002
<STATE> 4
<MEAN> 22
 9.197270e+000 3.009607e+000 2.588184e+000 1.125637e+000 6.836217e+001 1.982403e+001 8.340792e+001 8.557893e+001 7.151431e+001 5.658424e+001 1.161130e+002 1.782827e+002 1.072486e+002 1.116214e+002 2.795294e+000 4.737816e+000 6.253405e+000 5.777287e+000 3.930114e+000 5.832114e+000 3.324426e+000 2.331029e+000
<VARIANCE> 22
 1.324382e+002 3.009071e+001 1.195647e+001 3.604549e+000 2.517894e+003 5.151776e+002 9.225779e+002 7.229351e+002 2.089085e+002 6.444852e+001 3.111060e+003 1.353129e+003 2.544433e+002 1.513202e+002 8.090929e+000 3.857656e-001 2.496894e+000 1.896286e-001 3.656865e+000 1.239917e+000 6.012903e+000 6.153861e+000
<GCONST> 1.208056e+002
<TRANSP> 5
 0.000000e+000 1.000000e+000 0.000000e+000 0.000000e+000 0.000000e+000
 0.000000e+000 7.190000e-001 2.810000e-001 0.000000e+000 0.000000e+000
 0.000000e+000 0.000000e+000 9.510710e-001 4.892907e-002 0.000000e+000
 0.000000e+000 0.000000e+000 0.000000e+000 9.084582e-001 9.154176e-002
 0.000000e+000 0.000000e+000 0.000000e+000 0.000000e+000 0.000000e+000
<ENDHMM>
~h "SP"
<BEGINHMM>
<NUMSTATES> 5
<STATE> 2
<MEAN> 22
 8.080765e+000 1.458543e+001 4.587270e+000 5.690396e+000 1.005345e+002 1.046426e+002 7.865439e+001 7.549228e+001 5.680466e+001 5.666123e+001 1.436475e+002 1.242483e+002 9.615514e+001 9.244779e+001 4.974070e+000 3.615738e+000 4.985847e+000 4.572991e+000 4.757610e+000 4.247335e+000 2.001726e+000 1.977264e+000
<VARIANCE> 22
 1.876442e+003 1.354132e+003 1.515069e+003 9.204760e+002 3.230349e+004 1.756776e+004 1.877648e+003 1.780841e+003 7.148215e+002 7.183041e+002 5.927501e+003 5.625919e+003 1.760465e+003 1.696834e+003 8.942607e+000 3.248950e+000 5.830832e+000 4.175684e+000 4.629805e+000 6.643890e+000 5.669168e+000 3.836892e+000
<GCONST> 1.629576e+002
<STATE> 3
<MEAN> 22
 1.184191e+000 1.090712e+001 5.041187e-001 3.730595e+000 1.095917e+001 1.805784e+002 9.454290e+001 1.315902e+002 6.120760e+001 8.952093e+001 1.876968e+002 5.844221e+001 1.127840e+002 9.340390e+001 6.800181e+000 2.364684e+000 6.100836e+000 3.521001e+000 5.969325e+000 1.745442e+000 1.590678e+000 3.009584e+000
<VARIANCE> 22
 7.227658e+000 2.632489e+002 3.300596e+000 2.757226e+001 5.821335e+002 2.932105e+003 3.850901e+002 9.906274e+002 1.241239e+002 4.771852e+002 8.238357e+002 9.311496e+002 1.997963e+002 2.345579e+002 1.249899e+000 4.259378e-001 3.073599e-001 6.662092e-001 1.305196e-001 1.440627e+000 5.437934e+000 6.028916e+000
<GCONST> 1.145943e+002
<STATE> 4
<MEAN> 22
 9.718147e+000 4.628291e+000 3.233135e+000 1.503456e+000 1.088874e+002 1.986025e+001 1.164614e+002 8.442483e+001 8.572691e+001 5.809401e+001 1.067237e+002 1.741718e+002 9.897404e+001 1.121716e+002 3.393642e+000 4.645163e+000 3.663495e+000 5.754278e+000 3.999857e+000 5.340759e+000 3.150725e+000 2.450251e+000
<VARIANCE> 22
 2.397948e+002 8.704771e+001 3.720078e+001 7.191623e+000 7.502022e+003 7.004023e+002 1.729616e+003 7.772213e+002 5.963716e+002 6.692091e+001 4.331136e+003 1.704245e+003 3.990919e+002 1.408754e+002 6.653571e+000 7.572370e-001 7.563380e+000 2.077990e-001 2.836693e+000 3.671189e+000 6.485346e+000 6.691031e+000
<GCONST> 1.310833e+002
<TRANSP> 5
 0.000000e+000 1.000000e+000 0.000000e+000 0.000000e+000 0.000000e+000
 0.000000e+000 6.980074e-001 3.019926e-001 0.000000e+000 0.000000e+000
 0.000000e+000 0.000000e+000 9.519852e-001 4.801482e-002 0.000000e+000
 0.000000e+000 0.000000e+000 0.000000e+000 9.363654e-001 6.363461e-002
 0.000000e+000 0.000000e+000 0.000000e+000 0.000000e+000 0.000000e+000
<ENDHMM>
~h "ST"
<BEGINHMM>
<NUMSTATES> 5
<STATE> 2
<MEAN> 22
 8.507915e+000 8.914225e+000 2.891628e+000 2.719631e+000 8.309982e+001 7.369260e+001 8.597116e+001 8.415855e+001 7.660310e+001 7.020171e+001 1.377160e+002 1.325917e+002 1.116852e+002 1.130477e+002 4.196773e+000 3.666943e+000 6.025180e+000 5.671675e+000 4.766271e+000 3.707527e+000 2.956450e+000 2.533704e+000
<VARIANCE> 22
 5.049166e+002 5.343118e+002 3.704572e+002 2.261332e+002 1.142479e+004 7.250791e+003 1.366984e+003 9.763238e+002 5.180609e+002 3.865691e+002 5.735794e+003 5.350534e+003 7.708674e+002 4.795702e+002 8.209316e+000 2.394987e+000 2.245094e+000 9.427090e-001 2.474079e+000 7.530768e+000 6.598182e+000 5.925561e+000
<GCONST> 1.491977e+002
<STATE> 3
<MEAN> 22
 1.336525e+000 1.073689e+001 5.215832e-001 2.186939e+000 9.447229e+000 1.119251e+002 9.181614e+001 6.789693e+001 5.844006e+001 7.943339e+001 1.900218e+002 7.669726e+001 1.138614e+002 1.053166e+002 6.977044e+000 2.751054e+000 6.059829e+000 5.843801e+000 5.990508e+000 1.864069e+000 1.552529e+000 3.002503e+000
<VARIANCE> 22
 8.180339e+000 1.579683e+002 3.300596e+000 8.835526e+000 2.975292e+002 2.703522e+003 2.179271e+002 6.063051e+002 5.258429e+001 3.241356e+002 4.621393e+002 2.942650e+003 1.258574e+002 1.326552e+002 1.186828e-001 1.500493e+000 6.134595e-002 3.600815e-001 2.082488e-002 6.637060e+000 5.165012e+000 5.820626e+000
<GCONST> 1.058353e+002
<STATE> 4
<MEAN> 22
 9.488424e+000 2.937662e+000 2.116201e+000 1.112610e+000 9.359046e+001 2.606438e+001 7.574928e+001 8.818806e+001 8.047275e+001 5.748539e+001 9.443341e+001 1.837321e+002 1.085527e+002 1.151275e+002 3.086679e+000 4.834452e+000 6.068104e+000 5.851042e+000 4.239653e+000 5.884716e+000 3.064277e+000 2.207948e+000
<VARIANCE> 22
 1.260299e+002 3.706678e+001 8.128860e+000 4.743297e+000 5.913419e+003 2.550673e+003 8.047881e+002 7.244274e+002 3.230754e+002 5.919784e+001 4.632582e+003 1.433738e+003 2.659023e+002 1.575768e+002 6.034060e+000 2.685354e-001 1.021184e+000 1.470876e-001 1.556667e+000 1.144992e+000 6.093604e+000 6.012606e+000
<GCONST> 1.213164e+002
<TRANSP> 5
 0.000000e+000 1.000000e+000 0.000000e+000 0.000000e+000 0.000000e+000
 0.000000e+000 8.014515e-001 1.985485e-001 0.000000e+000 0.000000e+000
 0.000000e+000 0.000000e+000 9.566750e-001 4.332505e-002 0.000000e+000
 0.000000e+000 0.000000e+000 0.000000e+000 9.093064e-001 9.069359e-002
 0.000000e+000 0.000000e+000 0.000000e+000 0.000000e+000 0.000000e+000
<ENDHMM>
~h "TT"
<BEGINHMM>
<NUMSTATES> 5
<STATE> 2
<MEAN> 22
 1.006529e+001 1.414583e+001 4.410094e+000 5.432285e+000 3.779166e+001 5.342308e+001 8.992885e+001 9.438119e+001 6.724082e+001 6.794526e+001 1.719254e+002 1.628951e+002 1.131651e+002 1.115575e+002 5.587960e+000 4.464596e+000 5.934368e+000 5.413095e+000 5.581963e+000 5.199470e+000 2.587543e+000 2.776650e+000
<VARIANCE> 22
 1.427521e+003 1.112703e+003 1.049998e+003 6.937015e+002 3.094863e+003 4.183196e+003 1.194755e+003 1.381791e+003 2.795309e+002 4.991575e+002 2.171364e+003 2.164772e+003 2.487598e+002 2.043424e+002 6.861571e+000 1.033273e+000 1.720466e+000 8.232999e-001 1.130357e+000 3.366000e+000 6.463853e+000 4.234339e+000
<GCONST> 1.439013e+002
<STATE> 3
<MEAN> 22
 1.751642e+000 1.785056e+001 7.896242e-001 5.962025e+000 1.233335e+001 1.910540e+002 9.570476e+001 1.568526e+002 6.005038e+001 1.132617e+002 1.910872e+002 1.013901e+002 1.146134e+002 9.818446e+001 6.937745e+000 2.797554e+000 6.081070e+000 3.604407e+000 5.967003e+000 2.327876e+000 1.909700e+000 3.759907e+000
<VARIANCE> 22
 1.240481e+001 3.648412e+002 3.300596e+000 5.273595e+001 6.440427e+002 5.323773e+003 4.316575e+002 1.734222e+003 1.421952e+002 8.500163e+002 6.983898e+002 1.514159e+003 1.984916e+002 3.364399e+002 3.321128e-001 7.450091e-001 2.539625e-001 8.386007e-001 1.026867e-001 2.442439e+000 5.816734e+000 5.512540e+000
<GCONST> 1.184084e+002
<STATE> 4
<MEAN> 22
 1.336627e+001 3.413846e+000 4.657370e+000 1.416014e+000 1.371899e+002 3.157142e+001 1.295741e+002 8.687862e+001 9.546738e+001 5.661452e+001 1.201514e+002 1.773181e+002 1.014806e+002 1.117213e+002 2.841251e+000 4.613268e+000 3.402240e+000 5.693350e+000 3.643432e+000 5.332204e+000 3.306833e+000 2.386709e+000
<VARIANCE> 22
 3.199977e+002 3.967061e+001 5.143645e+001 6.827307e+000 1.128321e+004 3.749104e+003 3.249301e+003 1.011224e+003 1.321149e+003 1.545816e+002 3.137478e+003 2.224312e+003 5.725676e+002 4.221003e+002 6.887371e+000 1.191941e+000 8.067488e+000 8.796771e-001 3.618756e+000 3.730310e+000 5.802763e+000 6.254550e+000
<GCONST> 1.389489e+002
<TRANSP> 5
 0.000000e+000 1.000000e+000 0.000000e+000 0.000000e+000 0.000000e+000
 0.000000e+000 7.264114e-001 2.735886e-001 0.000000e+000 0.000000e+000
 0.000000e+000 0.000000e+000 9.479704e-001 5.202957e-002 0.000000e+000
 0.000000e+000 0.000000e+000 0.000000e+000 9.413135e-001 5.868651e-002
 0.000000e+000 0.000000e+000 0.000000e+000 0.000000e+000 0.000000e+000
<ENDHMM>
~h "VA"
<BEGINHMM>
<NUMSTATES> 5
<STATE> 2
<MEAN> 22
 1.127360e+001 1.246787e+001 5.286476e+000 4.611765e+000 1.328732e+002 1.511818e+002 9.082289e+001 1.062400e+002 7.231593e+001 7.840634e+001 1.289546e+002 1.139456e+002 9.487280e+001 9.318471e+001 3.552596e+000 3.142972e+000 4.790227e+000 4.294234e+000 4.334629e+000 3.121170e+000 2.601264e+000 2.578176e+000
<VARIANCE> 22
 1.030707e+003 8.491998e+002 6.440126e+002 3.879890e+002 2.787213e+004 1.590026e+004 3.537981e+003 3.907410e+003 1.235626e+003 1.588257e+003 6.121690e+003 5.155801e+003 1.723094e+003 1.345946e+003 9.123875e+000 2.647822e+000 6.581324e+000 3.452136e+000 4.148112e+000 6.329093e+000 6.053195e+000 5.215375e+000
<GCONST> 1.623375e+002
<STATE> 3
<MEAN> 22
 2.234940e+000 1.675080e+001 1.107939e+000 6.101114e+000 1.149817e+001 1.613250e+002 9.083479e+001 1.271291e+002 5.662727e+001 1.004062e+002 1.866903e+002 9.062455e+001 1.126274e+002 8.817179e+001 6.914241e+000 2.897740e+000 6.049915e+000 4.123709e+000 5.949740e+000 2.648798e+000 2.098402e+000 3.587962e+000
<VARIANCE> 22
 1.696524e+001 3.130954e+002 6.296268e+000 4.308110e+001 5.156016e+002 6.695342e+003 3.327757e+002 2.838426e+003 1.059521e+002 6.870082e+002 7.343264e+002 2.249803e+003 1.733097e+002 4.638851e+002 4.523900e-001 1.065058e+000 1.878432e-001 1.596871e+000 1.105726e-001 4.758188e+000 6.141377e+000 5.273896e+000
<GCONST> 1.211359e+002
<STATE> 4
<MEAN> 22
 1.140852e+001 3.966923e+000 4.198044e+000 1.851290e+000 1.076025e+002 2.322846e+001 1.215803e+002 8.649451e+001 9.129259e+001 5.639216e+001 1.233186e+002 1.763302e+002 9.884328e+001 1.126402e+002 3.503853e+000 4.609120e+000 4.021560e+000 5.764714e+000 4.019672e+000 5.347363e+000 3.178836e+000 2.597214e+000
<VARIANCE> 22
 2.370968e+002 5.618732e+001 3.509127e+001 9.985762e+000 8.323463e+003 7.386361e+002 2.976576e+003 7.257303e+002 8.544686e+002 9.716813e+001 4.389584e+003 1.741178e+003 4.844140e+002 1.462460e+002 7.164145e+000 8.859791e-001 7.706715e+000 1.889088e-001 3.333207e+000 3.304093e+000 6.078767e+000 6.271372e+000
<GCONST> 1.326149e+002
<TRANSP> 5
 0.000000e+000 1.000000e+000 0.000000e+000 0.000000e+000 0.000000e+000
 0.000000e+000 7.288206e-001 2.711794e-001 0.000000e+000 0.000000e+000
 0.000000e+000 0.000000e+000 9.366629e-001 6.333718e-002 0.000000e+000
 0.000000e+000 0.000000e+000 0.000000e+000 9.324347e-001 6.756531e-002
 0.000000e+000 0.000000e+000 0.000000e+000 0.000000e+000 0.000000e+000
<ENDHMM>
~h "VQ"
<BEGINHMM>
<NUMSTATES> 5
<STATE> 2
<MEAN> 22
 1.787668e+001 1.565846e+001 8.381310e+000 7.411776e+000 8.927090e+001 6.928299e+001 1.049363e+002 9.552712e+001 7.463142e+001 6.106458e+001 1.435284e+002 1.456857e+002 1.102625e+002 1.104099e+002 4.359923e+000 4.108597e+000 4.862051e+000 5.373035e+000 4.587021e+000 4.619210e+000 3.094601e+000 2.683119e+000
<VARIANCE> 22
 2.880574e+003 2.248850e+003 2.175938e+003 1.433835e+003 1.131123e+004 8.643644e+003 1.749639e+003 1.054046e+003 3.677355e+002 1.731153e+002 6.037366e+003 4.568289e+003 7.535116e+002 3.147861e+002 8.331986e+000 1.754835e+000 6.951576e+000 9.925331e-001 3.254178e+000 4.666450e+000 6.617675e+000 5.465353e+000
<GCONST> 1.553893e+002
<STATE> 3
<MEAN> 22
 2.010334e+000 1.269771e+001 8.103531e-001 4.311064e+000 1.049529e+001 1.276440e+002 9.079381e+001 1.041236e+002 5.628564e+001 7.249232e+001 1.882915e+002 8.707537e+001 1.129335e+002 9.395542e+001 6.944036e+000 3.153801e+000 6.069713e+000 4.626529e+000 5.969943e+000 3.022580e+000 1.969107e+000 3.621049e+000
<VARIANCE> 22
 1.414960e+001 2.227341e+002 3.300596e+000 3.456995e+001 4.690268e+002 5.456934e+003 3.031994e+002 1.404601e+003 7.722894e+001 2.894490e+002 6.282867e+002 3.435686e+003 1.693063e+002 3.852210e+002 2.973590e-001 1.342853e+000 1.824777e-001 1.113181e+000 9.596182e-002 4.443940e+000 5.851094e+000 5.564319e+000
<GCONST> 1.167473e+002
<STATE> 4
<MEAN> 22
 1.018293e+001 3.273290e+000 3.963151e+000 1.456726e+000 1.208494e+002 4.572545e+001 9.806734e+001 8.121767e+001 7.375034e+001 5.226492e+001 8.723466e+001 1.641814e+002 9.305206e+001 1.065537e+002 2.514107e+000 4.354188e+000 3.742849e+000 5.486728e+000 3.372358e+000 5.077402e+000 3.377150e+000 2.467049e+000
<VARIANCE> 22
 1.707995e+002 3.643773e+001 3.272405e+001 7.278693e+000 1.331769e+004 7.429885e+003 2.046016e+003 9.836719e+002 6.035870e+002 1.852408e+002 3.918052e+003 3.043958e+003 7.493588e+002 6.122064e+002 5.646488e+000 1.801977e+000 9.308762e+000 1.494942e+000 3.321007e+000 4.262417e+000 6.164008e+000 6.230620e+000
<GCONST> 1.397739e+002
<TRANSP> 5
 0.000000e+000 1.000000e+000 0.000000e+000 0.000000e+000 0.000000e+000
 0.000000e+000 6.176467e-001 3.823533e-001 0.000000e+000 0.000000e+000
 0.000000e+000 0.000000e+000 9.458687e-001 5.413129e-002 0.000000e+000
 0.000000e+000 0.000000e+000 0.000000e+000 9.199142e-001 8.008571e-002
 0.000000e+000 0.000000e+000 0.000000e+000 0.000000e+000 0.000000e+000
<ENDHMM>
~h "SIL"
<BEGINHMM>
<NUMSTATES> 5
<STATE> 2
<MEAN> 22
 7.957600e+001 6.738404e+001 7.226672e+001 5.796141e+001 3.092225e+001 2.531076e+001 6.833341e+000 6.767577e+000 4.858669e+000 4.649398e+000 1.328442e+001 1.262027e+001 8.538132e+000 8.407567e+000 4.726011e-001 3.403811e-001 4.581709e-001 4.362998e-001 4.276500e-001 3.939834e-001 7.730776e-001 7.721102e-001
<VARIANCE> 22
 3.359076e+004 2.384367e+004 2.765899e+004 1.782024e+004 1.534206e+004 1.012852e+004 6.244689e+002 6.147619e+002 3.001368e+002 2.817673e+002 2.307111e+003 2.143037e+003 9.039921e+002 8.763599e+002 2.982325e+000 1.526449e+000 2.598284e+000 2.348358e+000 2.291865e+000 2.176310e+000 3.656033e+000 3.656756e+000
<GCONST> 1.605358e+002
<STATE> 3
<MEAN> 22
 4.895316e+000 4.582435e+000 1.488256e+000 1.422023e+000 3.214750e+001 3.023820e+001 9.798424e+001 9.595596e+001 7.020439e+001 6.221886e+001 1.789038e+002 1.816957e+002 1.173400e+002 1.167941e+002 5.845376e+000 4.654153e+000 6.097240e+000 5.768650e+000 5.538339e+000 5.425997e+000 2.375367e+000 2.284392e+000
<VARIANCE> 22
 9.347025e+001 8.791357e+001 8.317929e+000 6.991061e+000 1.866927e+003 1.747613e+003 1.129511e+003 7.743015e+002 1.870265e+002 1.302963e+002 3.231811e+003 2.493044e+003 4.561269e+002 2.183959e+002 5.450240e+000 8.831714e-001 1.263369e+000 2.760969e-001 1.231225e+000 2.805739e+000 5.636379e+000 5.572837e+000
<GCONST> 1.249071e+002
<STATE> 4
<MEAN> 22
 1.465993e+000 2.723256e+000 5.161660e-001 9.081812e-001 7.012456e+000 1.147187e+001 9.442638e+001 9.242518e+001 6.010516e+001 5.863198e+001 1.928442e+002 1.891105e+002 1.161689e+002 1.154341e+002 6.933774e+000 4.933442e+000 6.041772e+000 5.905827e+000 5.980546e+000 5.908268e+000 1.781136e+000 1.926075e+000
<VARIANCE> 22
 1.419406e+001 3.751347e+001 3.300596e+000 3.172695e+000 1.779063e+002 4.719645e+002 2.413254e+002 2.753897e+002 6.746365e+001 8.131391e+001 5.761459e+002 9.028481e+002 1.337343e+002 1.523365e+002 4.069569e-001 1.540841e-001 5.630189e-002 1.011467e-001 5.758799e-002 5.579950e-001 5.318963e+000 5.455906e+000
<GCONST> 9.518838e+001
<TRANSP> 5
 0.000000e+000 1.000000e+000 0.000000e+000 0.000000e+000 0.000000e+000
 0.000000e+000 9.084135e-001 9.158657e-002 0.000000e+000 0.000000e+000
 0.000000e+000 0.000000e+000 9.934447e-001 6.555283e-003 0.000000e+000
 0.000000e+000 0.000000e+000 0.000000e+000 9.971578e-001 2.842223e-003
 0.000000e+000 0.000000e+000 0.000000e+000 0.000000e+000 0.000000e+000
<ENDHMM>
