~o
<STREAMINFO> 1 22
<VECSIZE> 22<NULLD><MFCC_0><DIAGC>
~h "BN"
<BEGINHMM>
<NUMSTATES> 5
<STATE> 2
<NUMMIXES> 2
<MIXTURE> 1 3.338495e-001
<MEAN> 22
 8.582526e+000 1.370858e+001 4.969289e+000 5.357085e+000 1.756792e+001 2.202357e+001 8.225022e+001 7.446910e+001 5.922746e+001 5.622004e+001 1.792058e+002 1.693875e+002 1.110752e+002 1.089430e+002 6.893874e+000 5.021913e+000 6.064859e+000 5.895952e+000 5.824942e+000 6.118944e+000 2.348388e+000 2.191604e+000
<VARIANCE> 22
 2.234091e+003 1.514282e+003 1.797268e+003 1.136106e+003 4.000187e+002 4.036184e+002 5.948495e+002 5.716130e+002 6.461588e+001 6.061755e+001 9.259219e+002 1.050665e+003 1.749402e+002 1.772397e+002 1.556145e-001 1.481127e-001 6.065251e-002 9.322159e-002 1.501746e-001 2.286109e-001 5.684144e+000 3.814008e+000
<GCONST> 1.178878e+002
<MIXTURE> 2 6.661505e-001
<MEAN> 22
 5.964612e+000 8.079509e+000 1.632837e+000 2.697889e+000 1.437174e+002 1.583467e+002 7.130052e+001 8.526470e+001 6.986648e+001 7.229713e+001 1.080897e+002 7.225838e+001 9.313885e+001 9.208464e+001 3.097561e+000 2.474161e+000 4.687054e+000 4.054037e+000 4.070437e+000 2.056976e+000 2.300946e+000 2.397453e+000
<VARIANCE> 22
 1.243965e+002 2.285215e+002 1.011460e+001 1.623470e+001 3.263400e+004 1.683642e+004 2.321754e+003 2.676305e+003 9.614751e+002 1.155138e+003 5.778803e+003 3.288245e+003 1.714632e+003 1.320153e+003 8.261134e+000 2.099316e+000 7.410355e+000 3.291554e+000 3.639956e+000 5.260282e+000 6.115753e+000 5.781122e+000
<GCONST> 1.494342e+002
<STATE> 3
<NUMMIXES> 2
<MIXTURE> 1 4.056416e-001
<MEAN> 22
 1.476587e+000 2.048187e+001 5.047796e-001 5.243427e+000 7.547167e+000 1.417992e+002 1.006714e+002 1.033196e+002 6.245581e+001 8.666504e+001 2.037849e+002 7.889672e+001 1.218825e+002 1.104876e+002 6.998825e+000 2.937048e+000 6.113943e+000 4.558873e+000 5.998486e+000 2.406456e+000 1.747681e+000 3.603143e+000
<VARIANCE> 22
 9.688526e+000 3.754125e+002 3.300596e+000 2.858165e+001 9.883039e+001 5.504830e+003 3.252465e+002 1.639896e+003 7.012440e+001 5.622214e+002 6.568524e+002 2.629511e+003 2.242658e+002 1.720447e+002 6.504287e-002 1.148873e+000 1.015480e-001 8.693588e-001 2.082488e-002 5.360391e+000 5.535013e+000 5.377846e+000
<GCONST> 1.112573e+002
<MIXTURE> 2 5.943598e-001
<MEAN> 22
 8.855792e-001 4.802077e+000 4.252756e-001 1.521076e+000 9.775885e+000 1.722207e+002 8.659416e+001 1.185377e+002 5.597413e+001 8.823821e+001 1.803424e+002 3.166541e+001 1.096152e+002 9.618779e+001 6.929624e+000 2.058346e+000 5.997945e+000 3.671840e+000 5.962782e+000 1.104048e+000 1.346363e+000 2.631068e+000
<VARIANCE> 22
 4.801632e+000 4.219315e+001 3.300596e+000 3.260999e+000 5.925749e+002 9.576987e+002 1.209171e+002 1.988808e+002 5.229542e+001 2.618535e+002 4.006699e+002 3.406607e+002 5.755394e+001 7.865223e+001 3.831773e-001 1.156678e-001 2.303222e-001 4.784446e-001 1.158292e-001 3.100159e-001 4.811204e+000 5.964448e+000
<GCONST> 9.593216e+001
<STATE> 4
<NUMMIXES> 2
<MIXTURE> 1 4.194181e-001
<MEAN> 22
 1.373438e+001 5.426822e+000 3.056763e+000 1.754952e+000 4.797355e+001 2.426025e+001 8.744799e+001 9.490662e+001 7.092174e+001 5.815244e+001 1.593462e+002 1.939809e+002 1.147505e+002 1.168020e+002 5.023500e+000 4.995327e+000 6.380588e+000 5.846932e+000 5.293703e+000 6.008841e+000 3.603294e+000 2.871237e+000
<VARIANCE> 22
 3.077596e+002 7.229723e+001 2.009751e+001 6.759174e+000 2.423180e+003 8.752689e+002 6.171248e+002 3.184645e+002 2.731430e+002 6.471136e+001 3.421270e+003 5.025076e+002 2.686541e+002 1.197302e+002 8.276888e+000 1.930484e-002 2.378663e-001 1.296360e-001 1.604358e+000 5.618803e-002 5.971689e+000 6.611183e+000
<GCONST> 1.125833e+002
<MIXTURE> 2 5.805818e-001
<MEAN> 22
 6.326097e+000 1.608349e+000 2.572181e+000 7.404695e-001 1.633213e+002 1.815959e+001 1.260633e+002 8.638636e+001 9.168258e+001 5.853900e+001 3.489115e+001 1.797919e+002 9.942992e+001 1.151407e+002 1.963403e+000 4.716884e+000 9.300151e-001 5.819963e+000 2.867227e+000 5.651217e+000 3.032276e+000 1.917783e+000
<VARIANCE> 22
 8.493850e+001 1.228690e+001 1.777213e+001 2.164982e+000 3.826392e+003 7.525446e+002 4.022151e+002 7.955449e+002 3.254209e+002 6.889328e+001 3.844362e+002 1.707743e+003 2.230685e+002 1.701071e+002 3.747722e-001 4.252807e-001 2.485676e+000 1.826938e-001 2.671552e-001 2.565285e+000 6.216046e+000 5.642994e+000
<GCONST> 1.130931e+002
<TRANSP> 5
 0.000000e+000 1.000000e+000 0.000000e+000 0.000000e+000 0.000000e+000
 0.000000e+000 8.174657e-001 1.825343e-001 0.000000e+000 0.000000e+000
 0.000000e+000 0.000000e+000 9.550682e-001 4.493177e-002 0.000000e+000
 0.000000e+000 0.000000e+000 0.000000e+000 9.273971e-001 7.260290e-002
 0.000000e+000 0.000000e+000 0.000000e+000 0.000000e+000 0.000000e+000
<ENDHMM>
~h "BS"
<BEGINHMM>
<NUMSTATES> 5
<STATE> 2
<NUMMIXES> 2
<MIXTURE> 1 7.207020e-002
<MEAN> 22
 3.433935e+001 3.302054e+001 2.026349e+001 1.793837e+001 3.996945e+002 2.922335e+002 1.068720e+002 9.705525e+001 6.928160e+001 6.628392e+001 1.683477e+002 1.553067e+002 1.164281e+002 1.152300e+002 2.000000e+000 4.023876e+000 6.670935e+000 5.364117e+000 3.591583e+000 4.401947e+000 1.781202e+000 2.465243e+000
<VARIANCE> 22
 8.882269e+003 6.648096e+003 7.736781e+003 5.081811e+003 4.652504e+004 1.992749e+004 1.734049e+003 1.294684e+003 4.365500e+001 2.508067e+001 1.874397e+003 1.332379e+003 2.298773e+002 1.295790e+002 8.664689e+000 1.229510e+000 2.207846e-001 2.472329e-001 8.509411e+000 3.135851e+000 5.579048e+000 5.989202e+000
<GCONST> 1.493681e+002
<MIXTURE> 2 9.279294e-001
<MEAN> 22
 1.414116e+001 1.380387e+001 2.369492e+000 2.363004e+000 5.448869e+001 5.263286e+001 6.083527e+001 5.911025e+001 6.336291e+001 6.010368e+001 1.503513e+002 1.474154e+002 1.078648e+002 1.076846e+002 5.510889e+000 4.615602e+000 6.009279e+000 5.827565e+000 5.352540e+000 5.570590e+000 2.753645e+000 2.008235e+000
<VARIANCE> 22
 1.760257e+002 1.591152e+002 6.612697e+000 6.729472e+000 4.037610e+003 2.998575e+003 1.007568e+003 9.412639e+002 1.408876e+002 1.452168e+002 1.785252e+003 1.821394e+003 3.064764e+002 2.725773e+002 6.143229e+000 1.495997e+000 5.486516e-001 4.840214e-001 9.773000e-001 4.411073e+000 3.108379e+000 3.844505e+000
<GCONST> 1.256289e+002
<STATE> 3
<NUMMIXES> 2
<MIXTURE> 1 4.376898e-001
<MEAN> 22
 1.422144e+001 1.449687e+001 3.502859e+000 3.386160e+000 1.316490e+002 1.236512e+002 1.469498e+002 1.420332e+002 8.911146e+001 7.889388e+001 1.545598e+002 1.619102e+002 1.165809e+002 1.150476e+002 4.371693e-001 3.727196e+000 4.438936e+000 4.727935e+000 1.802423e+000 3.855836e+000 2.972264e+000 3.920227e+000
<VARIANCE> 22
 4.045927e+002 4.119138e+002 1.841690e+001 1.983208e+001 1.484331e+003 1.691573e+003 9.695020e+002 8.677267e+002 1.767289e+002 2.599955e+002 2.119952e+003 1.278583e+003 1.735075e+002 1.349567e+002 3.182143e-001 3.369231e-001 1.123494e+001 2.548840e-001 6.136568e+000 9.062976e-001 6.478303e+000 5.651470e+000
<GCONST> 1.264809e+002
<MIXTURE> 2 5.623108e-001
<MEAN> 22
 2.192538e+001 2.277429e+001 3.763650e+000 3.716567e+000 9.423266e+001 9.740418e+001 4.878130e+001 5.009111e+001 6.517609e+001 6.090384e+001 9.309470e+001 9.167311e+001 1.004562e+002 1.011160e+002 2.033827e+000 2.710040e+000 6.151521e+000 5.742692e+000 4.066510e+000 2.175864e+000 2.699186e+000 2.872529e+000
<VARIANCE> 22
 3.620742e+002 3.816356e+002 2.415968e+001 1.895572e+001 1.615425e+003 1.263519e+003 6.584938e+002 6.706642e+002 1.211066e+002 1.261659e+002 9.106728e+002 8.006600e+002 1.163555e+002 9.957225e+001 3.626024e+000 1.935418e+000 3.879043e-001 3.878749e-001 1.983332e+000 7.126919e+000 5.504763e+000 4.365124e+000
<GCONST> 1.242974e+002
<STATE> 4
<NUMMIXES> 2
<MIXTURE> 1 4.491799e-001
<MEAN> 22
 9.208433e+000 8.849169e+000 2.483574e+000 2.141257e+000 3.439980e+001 3.515095e+001 1.023355e+002 9.962280e+001 6.541884e+001 6.010027e+001 1.934089e+002 1.912953e+002 1.152744e+002 1.146325e+002 6.732013e+000 4.942223e+000 6.439763e+000 5.519585e+000 6.057778e+000 5.834639e+000 3.867128e+000 3.681612e+000
<VARIANCE> 22
 8.330444e+001 7.909143e+001 7.268498e+000 5.475224e+000 1.080183e+003 8.340567e+002 5.921882e+002 4.323303e+002 1.049604e+002 8.686574e+001 7.766384e+002 6.645679e+002 1.879367e+002 1.460980e+002 1.576715e+000 1.315560e-001 2.840055e-001 2.502265e-001 1.949429e-001 3.229663e-001 4.481993e+000 8.360243e+000
<GCONST> 1.082080e+002
<MIXTURE> 2 5.508199e-001
<MEAN> 22
 6.294658e+000 5.988037e+000 1.756553e+000 1.634370e+000 9.010413e+001 8.885472e+001 1.164991e+002 1.176181e+002 6.828028e+001 6.361633e+001 1.563291e+002 1.557072e+002 1.051426e+002 1.047812e+002 7.448174e-003 3.999270e+000 6.999403e+000 5.000000e+000 3.520108e+000 4.354657e+000 3.049482e+000 3.783770e+000
<VARIANCE> 22
 6.436611e+001 5.777684e+001 5.980097e+000 5.037852e+000 6.996971e+002 6.482640e+002 5.705746e+002 5.009363e+002 9.501154e+001 1.238518e+002 4.109375e+002 4.450723e+002 7.203939e+001 7.908695e+001 6.504287e-002 1.793315e-002 2.326111e-002 1.170389e-002 1.191281e+001 2.650733e-001 6.477123e+000 7.384140e+000
<GCONST> 9.784033e+001
<TRANSP> 5
 0.000000e+000 1.000000e+000 0.000000e+000 0.000000e+000 0.000000e+000
 0.000000e+000 7.931915e-001 2.068085e-001 0.000000e+000 0.000000e+000
 0.000000e+000 0.000000e+000 9.215977e-001 7.840236e-002 0.000000e+000
 0.000000e+000 0.000000e+000 0.000000e+000 9.479017e-001 5.209831e-002
 0.000000e+000 0.000000e+000 0.000000e+000 0.000000e+000 0.000000e+000
<ENDHMM>
~h "CF"
<BEGINHMM>
<NUMSTATES> 5
<STATE> 2
<NUMMIXES> 2
<MIXTURE> 1 1.535839e-001
<MEAN> 22
 2.720452e+001 1.390658e+001 1.353992e+001 8.413498e+000 5.629528e+001 2.804067e+001 1.011519e+002 8.717766e+001 7.729659e+001 6.100595e+001 1.430640e+002 1.807359e+002 1.122190e+002 1.173438e+002 4.833390e+000 4.726301e+000 5.275033e+000 5.768396e+000 4.926882e+000 5.845051e+000 3.119147e+000 2.622346e+000
<VARIANCE> 22
 3.709168e+003 2.500995e+003 3.057370e+003 1.830688e+003 4.104442e+003 1.176277e+003 9.890741e+002 8.528923e+002 4.747430e+002 1.397127e+002 5.706349e+003 1.713415e+003 3.564827e+002 1.731623e+002 7.342523e+000 4.567038e-001 4.411668e+000 2.043121e-001 2.194041e+000 1.241379e+000 5.747232e+000 5.358565e+000
<GCONST> 1.448133e+002
<MIXTURE> 2 8.464162e-001
<MEAN> 22
 5.900545e+000 6.947655e+000 2.260423e+000 2.312893e+000 8.064700e+001 8.748901e+001 8.252502e+001 6.795264e+001 7.781097e+001 6.539526e+001 9.063486e+001 1.015833e+002 9.498341e+001 1.019093e+002 2.925611e+000 3.184909e+000 4.626850e+000 5.015131e+000 3.882529e+000 3.364686e+000 2.806918e+000 2.609250e+000
<VARIANCE> 22
 8.258002e+001 1.186601e+002 1.084241e+001 1.326693e+001 8.389277e+003 7.079354e+003 2.275109e+003 1.723279e+003 6.685969e+002 5.598929e+002 3.494440e+003 3.245348e+003 6.373527e+002 5.333859e+002 5.529681e+000 2.316783e+000 5.817612e+000 2.059754e+000 2.383107e+000 7.813538e+000 6.074028e+000 5.487062e+000
<GCONST> 1.409513e+002
<STATE> 3
<NUMMIXES> 2
<MIXTURE> 1 3.804731e-001
<MEAN> 22
 2.630768e+000 2.266169e+001 9.726905e-001 5.763470e+000 1.636083e+001 1.135326e+002 9.903003e+001 8.987871e+001 6.293583e+001 8.346996e+001 1.931010e+002 1.017015e+002 1.173480e+002 1.042603e+002 6.854623e+000 3.437038e+000 6.184459e+000 4.854720e+000 5.911542e+000 3.347407e+000 2.068258e+000 3.721011e+000
<VARIANCE> 22
 2.358059e+001 4.710013e+002 3.300596e+000 4.097334e+001 9.217379e+002 6.183031e+003 5.243901e+002 1.902732e+003 1.224308e+002 5.124788e+002 1.382859e+003 3.391542e+003 2.804779e+002 2.643519e+002 7.057180e-001 1.543580e+000 5.388831e-001 1.629583e+000 2.337811e-001 7.524217e+000 5.971099e+000 5.092060e+000
<GCONST> 1.255812e+002
<MIXTURE> 2 6.195278e-001
<MEAN> 22
 9.392052e-001 6.312086e+000 4.599394e-001 2.986644e+000 5.899036e+000 1.946187e+002 9.016608e+001 1.290666e+002 5.716077e+001 1.020606e+002 1.859095e+002 3.120204e+001 1.110002e+002 8.350659e+001 7.000000e+000 2.000000e+000 6.007569e+000 2.930522e+000 5.999990e+000 9.942963e-001 1.415731e+000 2.534362e+000
<VARIANCE> 22
 4.801632e+000 8.936575e+001 3.300596e+000 1.762324e+001 4.956259e+001 9.152882e+002 1.844474e+002 4.254747e+002 4.997145e+001 3.947285e+002 3.625862e+002 1.485811e+002 1.036275e+002 2.372185e+002 6.504287e-002 1.793315e-002 2.326111e-002 1.236094e+000 2.082488e-002 5.618803e-002 5.132770e+000 5.752663e+000
<GCONST> 8.977700e+001
<STATE> 4
<NUMMIXES> 2
<MIXTURE> 1 4.238708e-001
<MEAN> 22
 9.052344e+000 5.650364e+000 2.706048e+000 2.097919e+000 2.909925e+001 2.391146e+001 9.048142e+001 9.728747e+001 6.573981e+001 6.073665e+001 1.868334e+002 1.946077e+002 1.164480e+002 1.164310e+002 6.338892e+000 5.000441e+000 6.197664e+000 5.714797e+000 5.886052e+000 5.989563e+000 3.378072e+000 3.033148e+000
<VARIANCE> 22
 1.784854e+002 5.918488e+001 1.415467e+001 7.578357e+000 7.936357e+002 5.777452e+002 6.390388e+002 3.213202e+002 1.542876e+002 9.113343e+001 1.040897e+003 5.062155e+002 2.002941e+002 1.278002e+002 3.982482e+000 1.793315e-002 1.585942e-001 2.047438e-001 1.222085e-001 5.618803e-002 6.407993e+000 6.406692e+000
<GCONST> 1.051854e+002
<MIXTURE> 2 5.761290e-001
<MEAN> 22
 1.060620e+001 1.552450e+000 3.867287e+000 8.171585e-001 1.724055e+002 2.487899e+001 1.210313e+002 9.670295e+001 9.688293e+001 5.761055e+001 3.817952e+001 1.914834e+002 8.568633e+001 1.134265e+002 1.911988e+000 4.976982e+000 2.484150e+000 5.677518e+000 3.035640e+000 5.954925e+000 3.148031e+000 2.046728e+000
<VARIANCE> 22
 2.120110e+002 8.430849e+000 2.863421e+001 2.164982e+000 3.421628e+003 1.098788e+003 1.192740e+003 2.484099e+002 4.558357e+002 8.330390e+001 5.123043e+002 4.512036e+002 4.440386e+002 1.194195e+002 2.209737e-001 6.660027e-002 4.632394e+000 2.398927e-001 2.166957e-001 2.221090e-001 6.216405e+000 5.606616e+000
<GCONST> 1.099658e+002
<TRANSP> 5
 0.000000e+000 1.000000e+000 0.000000e+000 0.000000e+000 0.000000e+000
 0.000000e+000 8.121562e-001 1.878438e-001 0.000000e+000 0.000000e+000
 0.000000e+000 0.000000e+000 9.523406e-001 4.765933e-002 0.000000e+000
 0.000000e+000 0.000000e+000 0.000000e+000 9.301147e-001 6.988532e-002
 0.000000e+000 0.000000e+000 0.000000e+000 0.000000e+000 0.000000e+000
<ENDHMM>
~h "CN"
<BEGINHMM>
<NUMSTATES> 5
<STATE> 2
<NUMMIXES> 2
<MIXTURE> 1 4.199372e-001
<MEAN> 22
 8.695188e+000 8.176335e+000 2.877612e+000 2.754925e+000 2.115590e+001 2.357885e+001 9.290548e+001 8.880470e+001 6.387852e+001 5.943215e+001 1.921278e+002 1.886537e+002 1.189603e+002 1.170733e+002 6.999034e+000 5.000000e+000 6.132112e+000 5.934888e+000 5.999266e+000 6.015198e+000 2.757118e+000 1.963819e+000
<VARIANCE> 22
 5.294266e+002 4.145357e+002 3.711417e+002 2.729177e+002 3.529441e+002 5.069940e+002 5.971512e+002 3.987848e+002 9.217036e+001 6.777313e+001 8.156057e+002 6.531722e+002 2.509904e+002 1.907128e+002 6.504287e-002 1.793315e-002 1.146581e-001 6.087166e-002 2.082488e-002 5.618803e-002 3.249079e+000 3.994847e+000
<GCONST> 1.055293e+002
<MIXTURE> 2 5.800629e-001
<MEAN> 22
 2.083015e+001 2.062198e+001 2.550752e+000 2.859443e+000 9.105662e+001 8.695203e+001 4.294860e+001 4.509682e+001 6.532175e+001 6.177275e+001 9.998569e+001 9.933262e+001 1.051881e+002 1.043245e+002 3.026339e+000 3.335718e+000 6.026323e+000 5.869586e+000 4.302630e+000 3.097633e+000 2.632563e+000 2.021692e+000
<VARIANCE> 22
 3.198256e+002 3.008378e+002 9.276509e+000 1.143426e+001 2.049038e+003 2.021305e+003 4.569335e+002 6.165411e+002 1.133182e+002 1.052567e+002 1.440091e+003 1.647268e+003 1.544860e+002 1.326278e+002 6.151126e+000 2.045195e+000 1.802285e-001 4.264548e-001 7.584326e-001 9.880740e+000 2.188130e+000 3.015819e+000
<GCONST> 1.222180e+002
<STATE> 3
<NUMMIXES> 2
<MIXTURE> 1 4.457526e-001
<MEAN> 22
 9.595384e+000 8.829662e+000 1.226873e+000 1.146736e+000 1.688846e+002 1.613963e+002 8.664606e+001 8.258283e+001 6.939431e+001 6.774394e+001 4.107233e+001 4.479593e+001 1.075622e+002 1.094117e+002 2.079643e+000 1.820190e+000 5.496462e+000 5.886624e+000 3.128734e+000 8.123457e-001 2.967395e+000 2.902529e+000
<VARIANCE> 22
 1.793705e+002 1.923558e+002 3.300596e+000 2.545426e+000 1.421612e+003 1.277096e+003 4.387346e+002 5.602576e+002 1.823469e+002 1.839103e+002 4.749366e+002 5.945912e+002 2.809414e+002 1.930484e+002 1.476131e-001 2.231669e-001 1.680986e+000 1.184058e+000 1.592811e-001 2.492430e-001 5.958273e+000 6.044587e+000
<GCONST> 1.113400e+002
<MIXTURE> 2 5.542471e-001
<MEAN> 22
 6.015286e+000 7.250883e+000 1.191081e+000 9.419020e-001 1.315698e+002 1.263823e+002 6.236707e+001 6.094893e+001 6.464719e+001 6.167312e+001 4.361746e+001 4.552699e+001 1.000781e+002 1.009003e+002 2.005971e+000 1.997652e+000 5.999991e+000 5.980926e+000 3.211177e+000 7.714871e-001 3.349121e+000 3.275097e+000
<VARIANCE> 22
 5.231931e+001 8.682014e+001 3.300596e+000 2.164982e+000 1.187958e+003 9.345482e+002 2.873833e+002 3.442424e+002 4.836615e+001 5.336681e+001 2.209937e+002 2.907571e+002 4.834713e+001 4.743170e+001 6.504287e-002 1.793315e-002 2.326111e-002 6.404805e-002 1.665761e-001 1.763881e-001 6.042447e+000 5.975808e+000
<GCONST> 8.970379e+001
<STATE> 4
<NUMMIXES> 2
<MIXTURE> 1 4.099145e-001
<MEAN> 22
 1.054241e+001 9.638597e+000 3.154922e+000 2.740654e+000 3.951016e+001 3.162920e+001 9.970693e+001 9.605558e+001 6.525706e+001 6.082236e+001 1.958163e+002 1.934149e+002 1.165834e+002 1.156494e+002 6.985856e+000 4.999875e+000 6.289287e+000 5.769560e+000 6.018368e+000 5.966632e+000 3.786894e+000 3.703236e+000
<VARIANCE> 22
 1.178111e+002 9.696529e+001 8.602347e+000 7.182620e+000 7.003004e+003 4.360712e+003 4.685668e+002 3.829822e+002 9.563467e+001 6.733750e+001 5.314324e+002 4.841344e+002 1.536024e+002 1.199634e+002 6.504287e-002 1.793315e-002 2.055957e-001 1.773346e-001 3.468571e-002 5.618803e-002 7.913050e+000 4.597533e+000
<GCONST> 1.015705e+002
<MIXTURE> 2 5.900856e-001
<MEAN> 22
 1.654754e+001 1.633907e+001 2.157537e+000 2.415208e+000 9.082063e+001 9.015917e+001 5.094277e+001 4.928438e+001 6.699308e+001 6.504607e+001 1.142158e+002 1.089131e+002 1.060348e+002 1.066960e+002 3.526464e+000 3.302013e+000 6.066063e+000 5.917676e+000 4.421688e+000 3.063378e+000 4.243524e+000 4.112999e+000
<VARIANCE> 22
 4.008528e+002 3.493852e+002 1.077701e+001 1.598992e+001 3.411354e+003 2.985302e+003 1.127005e+003 1.180669e+003 1.921773e+002 1.556074e+002 1.722219e+003 1.737942e+003 2.531659e+002 1.733986e+002 5.856272e+000 3.701439e+000 3.175815e-001 3.212848e-001 1.431974e+000 9.557779e+000 6.837884e+000 5.209435e+000
<GCONST> 1.305603e+002
<TRANSP> 5
 0.000000e+000 1.000000e+000 0.000000e+000 0.000000e+000 0.000000e+000
 0.000000e+000 8.397957e-001 1.602043e-001 0.000000e+000 0.000000e+000
 0.000000e+000 0.000000e+000 9.637558e-001 3.624414e-002 0.000000e+000
 0.000000e+000 0.000000e+000 0.000000e+000 9.188091e-001 8.119085e-002
 0.000000e+000 0.000000e+000 0.000000e+000 0.000000e+000 0.000000e+000
<ENDHMM>
~h "CP"
<BEGINHMM>
<NUMSTATES> 5
<STATE> 2
<NUMMIXES> 2
<MIXTURE> 1 8.335149e-001
<MEAN> 22
 1.364884e+001 1.130604e+001 3.870788e+000 3.237004e+000 5.348811e+001 5.236174e+001 1.082270e+002 1.081507e+002 7.634653e+001 7.089641e+001 1.887283e+002 1.917488e+002 1.266881e+002 1.224736e+002 4.237181e+000 4.640427e+000 6.698125e+000 5.454843e+000 5.530971e+000 5.545529e+000 3.274287e+000 3.146271e+000
<VARIANCE> 22
 5.662118e+002 3.735776e+002 3.634666e+002 2.085386e+002 1.527494e+003 1.400823e+003 1.161763e+003 1.173600e+003 1.709660e+002 1.686335e+002 2.023214e+003 1.156969e+003 3.800082e+002 2.202316e+002 1.125747e+001 3.070805e-001 2.137905e-001 2.479884e-001 3.412536e+000 7.824627e-001 5.422264e+000 5.465507e+000
<GCONST> 1.315774e+002
<MIXTURE> 2 1.664842e-001
<MEAN> 22
 7.020330e+000 4.176593e+000 9.810339e-001 9.839926e-001 3.286014e+002 2.400422e+002 5.887530e+001 4.817223e+001 3.339827e+001 3.091021e+001 4.683270e+001 6.149683e+001 4.888988e+001 5.056351e+001 8.706374e-001 1.567441e+000 1.077087e+000 2.445862e+000 1.084707e+000 1.547975e+000 1.367366e+000 1.517993e+000
<VARIANCE> 22
 4.230244e+002 7.934260e+001 4.357409e+000 4.522062e+000 3.021397e+004 2.032460e+004 5.024543e+003 3.847952e+003 1.506855e+003 1.239399e+003 4.212622e+003 5.805395e+003 3.024459e+003 3.071886e+003 2.244608e+000 3.634476e+000 4.820038e+000 7.327909e+000 2.530312e+000 5.082083e+000 4.985480e+000 5.507293e+000
<GCONST> 1.498756e+002
<STATE> 3
<NUMMIXES> 2
<MIXTURE> 1 4.641263e-001
<MEAN> 22
 1.106201e+001 1.126372e+001 2.630163e+000 2.950977e+000 5.491800e+001 4.616744e+001 8.120630e+001 8.676355e+001 7.197557e+001 6.737522e+001 1.682810e+002 1.719199e+002 1.153375e+002 1.153402e+002 4.876532e+000 4.596761e+000 6.494028e+000 5.339585e+000 5.949021e+000 5.764667e+000 3.663073e+000 3.522421e+000
<VARIANCE> 22
 9.779592e+001 1.035077e+002 8.639741e+000 1.057755e+001 1.336255e+003 7.648080e+002 4.475029e+002 5.132527e+002 1.545529e+002 1.454375e+002 6.117791e+002 6.372366e+002 1.287538e+002 1.292293e+002 1.023705e+001 2.720795e-001 3.153309e-001 2.511312e-001 2.912028e-001 4.153517e-001 5.194321e+000 4.970476e+000
<GCONST> 1.125931e+002
<MIXTURE> 2 5.358747e-001
<MEAN> 22
 1.022477e+001 1.073065e+001 2.850975e+000 2.726760e+000 6.541238e+001 5.804879e+001 5.677217e+001 6.019421e+001 6.990089e+001 6.648758e+001 1.145970e+002 1.163048e+002 1.014511e+002 1.012846e+002 3.056635e-001 3.757302e+000 6.779847e+000 5.220800e+000 5.244095e+000 4.829277e+000 3.352038e+000 3.127081e+000
<VARIANCE> 22
 1.096478e+002 1.034123e+002 1.404617e+001 1.206273e+001 5.481249e+002 7.652517e+002 2.488654e+002 3.525856e+002 1.048303e+002 1.626957e+002 3.174872e+002 3.707447e+002 7.938122e+001 8.419232e+001 6.607302e-001 4.680664e-001 1.747850e-001 1.720438e-001 1.981664e+000 5.379777e+000 5.201390e+000 5.114583e+000
<GCONST> 1.104281e+002
<STATE> 4
<NUMMIXES> 2
<MIXTURE> 1 5.803192e-001
<MEAN> 22
 7.606688e+000 7.187425e+000 2.140120e+000 2.250922e+000 3.151210e+001 2.961082e+001 9.250858e+001 9.317146e+001 6.589281e+001 6.217801e+001 1.877950e+002 1.886714e+002 1.169769e+002 1.168329e+002 6.995524e+000 4.999124e+000 6.253747e+000 5.658679e+000 5.999487e+000 5.975441e+000 3.877215e+000 3.677974e+000
<VARIANCE> 22
 5.657355e+001 5.379273e+001 5.172227e+000 5.814234e+000 8.303845e+002 5.858389e+002 3.404116e+002 2.538268e+002 8.792306e+001 8.497607e+001 4.453896e+002 3.972519e+002 1.240369e+002 9.682580e+001 6.504287e-002 1.793315e-002 1.893574e-001 2.248186e-001 2.082488e-002 5.618803e-002 5.711709e+000 5.793035e+000
<GCONST> 9.355330e+001
<MIXTURE> 2 4.196796e-001
<MEAN> 22
 6.420966e+000 6.634779e+000 1.153244e+000 1.141428e+000 4.058582e+001 3.830405e+001 6.413447e+001 6.441535e+001 5.895267e+001 5.697327e+001 1.441295e+002 1.452254e+002 1.004347e+002 9.980051e+001 4.645679e+000 4.645523e+000 6.445875e+000 5.480778e+000 5.937583e+000 5.975006e+000 3.451723e+000 3.267536e+000
<VARIANCE> 22
 3.904715e+001 3.811531e+001 3.300596e+000 2.164982e+000 4.348528e+002 3.210333e+002 2.373747e+002 2.748588e+002 5.572147e+001 7.645927e+001 2.409908e+002 2.695616e+002 4.629641e+001 5.295822e+001 1.073897e+001 3.238176e-001 2.984938e-001 2.707649e-001 2.519648e-001 3.356659e-001 5.257110e+000 5.370334e+000
<GCONST> 9.948206e+001
<TRANSP> 5
 0.000000e+000 1.000000e+000 0.000000e+000 0.000000e+000 0.000000e+000
 0.000000e+000 7.626606e-001 2.373394e-001 0.000000e+000 0.000000e+000
 0.000000e+000 0.000000e+000 9.222840e-001 7.771593e-002 0.000000e+000
 0.000000e+000 0.000000e+000 0.000000e+000 9.447140e-001 5.528609e-002
 0.000000e+000 0.000000e+000 0.000000e+000 0.000000e+000 0.000000e+000
<ENDHMM>
~h "CV"
<BEGINHMM>
<NUMSTATES> 5
<STATE> 2
<NUMMIXES> 2
<MIXTURE> 1 4.106480e-001
<MEAN> 22
 8.921026e+000 9.624051e+000 3.134946e+000 2.972192e+000 2.046780e+001 2.144315e+001 9.075664e+001 8.611671e+001 6.259576e+001 5.822431e+001 1.874362e+002 1.836783e+002 1.158649e+002 1.153575e+002 6.987832e+000 4.993916e+000 6.151892e+000 5.907794e+000 5.993910e+000 6.011520e+000 2.735829e+000 2.269015e+000
<VARIANCE> 22
 5.349439e+002 4.706734e+002 5.176203e+002 3.215062e+002 3.767629e+002 3.684609e+002 5.272085e+002 4.468685e+002 7.959661e+001 5.787494e+001 7.309134e+002 7.024279e+002 1.833535e+002 1.482996e+002 6.504287e-002 2.024441e-002 1.288210e-001 8.573253e-002 2.082488e-002 8.844930e-002 3.260370e+000 4.052352e+000
<GCONST> 1.060432e+002
<MIXTURE> 2 5.893517e-001
<MEAN> 22
 1.970145e+001 1.936939e+001 3.390074e+000 3.212392e+000 1.026544e+002 9.618447e+001 6.496331e+001 6.581885e+001 6.868790e+001 6.021673e+001 1.010678e+002 1.115384e+002 1.087694e+002 1.074975e+002 2.349031e+000 3.528926e+000 6.003861e+000 5.398268e+000 4.110483e+000 3.513244e+000 2.678902e+000 2.585204e+000
<VARIANCE> 22
 4.575374e+002 4.156539e+002 1.525418e+001 1.346660e+001 8.634785e+003 5.945608e+003 9.458890e+002 9.754670e+002 2.290415e+002 1.273336e+002 2.807170e+003 2.532983e+003 3.639234e+002 3.246116e+002 6.509211e+000 1.405894e+000 2.773205e+000 7.272592e-001 2.042536e+000 7.075313e+000 3.824648e+000 3.792715e+000
<GCONST> 1.354012e+002
<STATE> 3
<NUMMIXES> 2
<MIXTURE> 1 3.844726e-001
<MEAN> 22
 8.784775e+000 8.812516e+000 2.715906e+000 2.969626e+000 1.682686e+002 1.635329e+002 1.004702e+002 9.930530e+001 7.258303e+001 6.942044e+001 4.792474e+001 5.274927e+001 1.135781e+002 1.136293e+002 1.664032e+000 2.425099e+000 4.499162e+000 4.754765e+000 2.631156e+000 1.507247e+000 3.409249e+000 3.294774e+000
<VARIANCE> 22
 1.418721e+002 1.380720e+002 1.586744e+001 2.073476e+001 1.834870e+003 1.430978e+003 5.093623e+002 6.455662e+002 1.347404e+002 9.959229e+001 5.085665e+002 4.897046e+002 2.931086e+002 1.914094e+002 3.557805e-001 3.026942e-001 1.029611e+001 7.023453e-001 3.548164e-001 4.498132e-001 5.537723e+000 5.701030e+000
<GCONST> 1.178281e+002
<MIXTURE> 2 6.155279e-001
<MEAN> 22
 6.085455e+000 6.473338e+000 1.249018e+000 1.321697e+000 1.205241e+002 1.212439e+002 6.920210e+001 6.944199e+001 6.071208e+001 5.749298e+001 5.256554e+001 5.291683e+001 9.876896e+001 9.945020e+001 1.352482e+000 2.556495e+000 6.864439e+000 5.192977e+000 2.881846e+000 1.205145e+000 3.497586e+000 3.365276e+000
<VARIANCE> 22
 6.139729e+001 5.946023e+001 3.300596e+000 2.597898e+000 1.220077e+003 8.574739e+002 2.351164e+002 2.772422e+002 3.262619e+001 4.368943e+001 1.995084e+002 2.192365e+002 6.123313e+001 6.353957e+001 2.490044e-001 3.026164e-001 1.339762e-001 2.754134e-001 2.380134e-001 2.902464e-001 5.621512e+000 5.974659e+000
<GCONST> 9.690151e+001
<STATE> 4
<NUMMIXES> 2
<MIXTURE> 1 4.869552e-001
<MEAN> 22
 1.063400e+001 9.573732e+000 3.053556e+000 2.605372e+000 2.314553e+001 2.305826e+001 9.483672e+001 9.251476e+001 6.404733e+001 5.840025e+001 1.911963e+002 1.904535e+002 1.155157e+002 1.146800e+002 6.993740e+000 5.000476e+000 6.223796e+000 5.832117e+000 6.022161e+000 5.989315e+000 4.227048e+000 4.050785e+000
<VARIANCE> 22
 1.075829e+002 9.892924e+001 9.436007e+000 7.305208e+000 4.972955e+002 4.522625e+002 4.504313e+002 3.436615e+002 8.933865e+001 6.615478e+001 6.579920e+002 5.786331e+002 1.769187e+002 1.414142e+002 6.504287e-002 1.793315e-002 1.737121e-001 1.397006e-001 2.200188e-002 5.618803e-002 6.771937e+000 5.027267e+000
<GCONST> 9.623363e+001
<MIXTURE> 2 5.130455e-001
<MEAN> 22
 1.579562e+001 1.578739e+001 2.645542e+000 3.008319e+000 7.689312e+001 6.766664e+001 4.486809e+001 5.015076e+001 6.517238e+001 5.999053e+001 1.066485e+002 1.143409e+002 1.040842e+002 1.042487e+002 2.549747e+000 3.556148e+000 6.140932e+000 5.767537e+000 4.470470e+000 3.505876e+000 4.316169e+000 4.245934e+000
<VARIANCE> 22
 2.781335e+002 2.583786e+002 1.556223e+001 1.638066e+001 1.377288e+003 1.397048e+003 5.527864e+002 6.976018e+002 1.071571e+002 8.974186e+001 1.329348e+003 1.657787e+003 1.545455e+002 1.164766e+002 6.573060e+000 1.988152e+000 2.221666e-001 2.483949e-001 9.429568e-001 9.490464e+000 5.845355e+000 5.576764e+000
<GCONST> 1.234134e+002
<TRANSP> 5
 0.000000e+000 1.000000e+000 0.000000e+000 0.000000e+000 0.000000e+000
 0.000000e+000 8.438477e-001 1.561523e-001 0.000000e+000 0.000000e+000
 0.000000e+000 0.000000e+000 9.474578e-001 5.254213e-002 0.000000e+000
 0.000000e+000 0.000000e+000 0.000000e+000 9.183429e-001 8.165709e-002
 0.000000e+000 0.000000e+000 0.000000e+000 0.000000e+000 0.000000e+000
<ENDHMM>
~h "DC"
<BEGINHMM>
<NUMSTATES> 5
<STATE> 2
<NUMMIXES> 2
<MIXTURE> 1 4.250593e-001
<MEAN> 22
 9.769109e+000 9.276207e+000 3.798201e+000 3.332458e+000 4.237188e+001 4.003363e+001 8.997012e+001 8.656288e+001 6.348601e+001 5.940554e+001 1.879572e+002 1.851698e+002 1.177505e+002 1.168119e+002 6.975584e+000 4.993292e+000 6.178899e+000 5.862916e+000 5.962254e+000 6.008606e+000 2.484394e+000 2.113238e+000
<VARIANCE> 22
 8.955164e+002 6.476880e+002 8.327523e+002 5.129601e+002 1.054145e+004 6.609185e+003 6.841926e+002 4.727942e+002 9.909007e+001 6.136467e+001 8.738321e+002 7.514318e+002 2.312120e+002 1.799559e+002 1.307822e-001 1.793315e-002 1.468934e-001 1.182929e-001 8.370871e-002 1.102480e-001 3.090980e+000 3.478116e+000
<GCONST> 1.177406e+002
<MIXTURE> 2 5.749413e-001
<MEAN> 22
 1.401922e+001 1.343078e+001 2.736009e+000 2.845376e+000 1.082393e+002 9.966440e+001 4.544460e+001 4.608878e+001 6.519235e+001 6.144421e+001 1.108581e+002 1.140308e+002 1.050274e+002 1.029739e+002 2.042656e+000 3.483737e+000 6.060102e+000 5.560992e+000 4.502779e+000 4.317459e+000 2.525492e+000 2.004002e+000
<VARIANCE> 22
 1.628742e+002 1.398468e+002 1.285138e+001 1.343593e+001 1.083590e+004 7.407731e+003 6.790126e+002 7.338607e+002 2.868276e+002 2.213786e+002 1.271193e+003 1.377479e+003 6.519371e+002 5.366376e+002 7.008992e+000 2.186564e+000 1.487989e+000 1.246845e+000 2.025215e+000 9.228751e+000 2.872926e+000 3.221611e+000
<GCONST> 1.336386e+002
<STATE> 3
<NUMMIXES> 2
<MIXTURE> 1 4.696302e-001
<MEAN> 22
 1.403381e+001 1.567982e+001 2.949412e+000 3.324037e+000 1.372061e+002 1.351479e+002 6.804517e+001 6.921967e+001 6.894759e+001 6.591644e+001 5.955350e+001 6.016622e+001 9.883661e+001 9.945045e+001 1.933600e+000 2.240162e+000 5.871055e+000 5.697690e+000 3.404756e+000 8.957875e-001 2.732521e+000 2.685740e+000
<VARIANCE> 22
 2.746201e+002 3.541670e+002 2.770619e+001 3.192506e+001 2.420242e+003 1.720801e+003 5.884778e+002 6.244415e+002 1.058477e+002 1.542826e+002 5.317946e+002 5.890926e+002 2.024194e+002 2.113949e+002 5.030733e-001 5.010971e-001 8.277060e-001 7.235588e-001 3.382941e-001 1.155276e+000 5.420745e+000 5.443240e+000
<GCONST> 1.203342e+002
<MIXTURE> 2 5.303695e-001
<MEAN> 22
 8.871035e+000 8.985240e+000 1.082829e+000 1.167400e+000 1.105745e+002 1.073194e+002 3.103638e+001 3.377435e+001 6.280000e+001 6.042739e+001 8.010240e+001 8.094831e+001 9.932298e+001 9.997702e+001 1.957377e+000 1.994447e+000 6.000124e+000 6.011182e+000 4.002151e+000 2.740454e-002 2.771276e+000 2.464134e+000
<VARIANCE> 22
 1.367338e+002 1.244947e+002 3.300596e+000 2.295361e+000 4.760288e+002 5.181683e+002 1.194112e+002 1.356250e+002 7.073843e+001 8.983655e+001 1.821308e+002 1.833754e+002 9.645553e+001 9.508389e+001 6.658880e-001 9.065030e-001 2.326111e-002 1.051109e-001 4.824333e-002 5.618803e-002 5.493726e+000 5.879187e+000
<GCONST> 9.365189e+001
<STATE> 4
<NUMMIXES> 2
<MIXTURE> 1 5.627272e-001
<MEAN> 22
 9.939658e+000 9.165266e+000 3.174466e+000 2.824004e+000 2.249649e+001 2.217055e+001 9.609042e+001 9.364111e+001 6.418381e+001 5.973400e+001 1.910450e+002 1.903460e+002 1.146386e+002 1.146370e+002 6.996797e+000 5.001404e+000 6.305724e+000 5.722033e+000 6.012578e+000 5.997018e+000 4.097340e+000 3.909871e+000
<VARIANCE> 22
 8.388864e+001 8.007915e+001 8.422239e+000 7.114213e+000 3.603720e+002 3.718076e+002 3.863975e+002 3.424875e+002 9.087180e+001 7.874340e+001 5.138732e+002 4.717662e+002 1.530183e+002 1.264066e+002 6.504287e-002 1.793315e-002 2.122540e-001 2.007064e-001 2.082488e-002 5.618803e-002 7.142077e+000 4.411999e+000
<GCONST> 9.487153e+001
<MIXTURE> 2 4.372730e-001
<MEAN> 22
 1.873242e+001 1.864088e+001 2.918396e+000 2.705059e+000 7.432753e+001 6.521616e+001 4.046136e+001 4.420855e+001 6.633192e+001 6.167107e+001 1.236624e+002 1.286890e+002 1.038745e+002 1.039598e+002 3.652744e+000 4.341886e+000 6.112691e+000 5.807499e+000 4.911881e+000 5.768291e+000 4.325408e+000 4.245676e+000
<VARIANCE> 22
 3.711808e+002 3.651377e+002 2.175302e+001 1.759869e+001 1.434460e+003 1.153081e+003 5.064313e+002 4.837163e+002 1.221726e+002 1.258941e+002 7.830062e+002 8.367810e+002 1.523973e+002 1.236273e+002 8.917681e+000 1.796259e+000 1.672177e-001 2.108730e-001 6.981628e-001 5.098556e+000 7.251029e+000 4.602057e+000
<GCONST> 1.220089e+002
<TRANSP> 5
 0.000000e+000 1.000000e+000 0.000000e+000 0.000000e+000 0.000000e+000
 0.000000e+000 8.686569e-001 1.313431e-001 0.000000e+000 0.000000e+000
 0.000000e+000 0.000000e+000 9.556626e-001 4.433743e-002 0.000000e+000
 0.000000e+000 0.000000e+000 0.000000e+000 9.064477e-001 9.355233e-002
 0.000000e+000 0.000000e+000 0.000000e+000 0.000000e+000 0.000000e+000
<ENDHMM>
~h "FM"
<BEGINHMM>
<NUMSTATES> 5
<STATE> 2
<NUMMIXES> 2
<MIXTURE> 1 1.319675e-001
<MEAN> 22
 1.299641e+001 1.750194e+001 7.795223e+000 7.770267e+000 4.829951e+001 6.797495e+001 6.991043e+001 7.331929e+001 7.152255e+001 7.545466e+001 1.521874e+002 1.311150e+002 1.078362e+002 1.097255e+002 4.630868e+000 3.968449e+000 5.998959e+000 5.352780e+000 5.214247e+000 5.288095e+000 2.706404e+000 3.097083e+000
<VARIANCE> 22
 2.383048e+003 2.389333e+003 1.909431e+003 1.234428e+003 3.655004e+003 3.722490e+003 1.132359e+003 1.223067e+003 4.736367e+002 3.762987e+002 2.172143e+003 2.274678e+003 7.199761e+002 3.397013e+002 9.194803e+000 1.142298e+000 1.499305e+000 5.498301e-001 1.517613e+000 4.861012e+000 7.085256e+000 5.352331e+000
<GCONST> 1.489319e+002
<MIXTURE> 2 8.680326e-001
<MEAN> 22
 7.129983e+000 1.294474e+000 1.998636e+000 6.279165e-001 6.419184e+001 8.921121e+000 6.335838e+001 1.009221e+002 9.518182e+001 5.728370e+001 1.406594e+002 2.010844e+002 1.144118e+002 1.192357e+002 2.250892e+000 5.000000e+000 6.523195e+000 5.904331e+000 5.280772e+000 5.999044e+000 3.142242e+000 1.832245e+000
<VARIANCE> 22
 6.419520e+001 4.083183e+000 7.691781e+000 2.164982e+000 7.967379e+002 7.075336e+001 7.937668e+002 2.058299e+002 4.991967e+002 7.216395e+001 1.159096e+003 3.741785e+002 1.760024e+002 1.305925e+002 1.021078e+001 1.793315e-002 2.494615e-001 8.651289e-002 3.491419e-001 5.618803e-002 6.397131e+000 5.543138e+000
<GCONST> 9.937639e+001
<STATE> 3
<NUMMIXES> 2
<MIXTURE> 1 4.366680e-001
<MEAN> 22
 2.345331e+000 9.186510e+000 8.720035e-001 3.181392e+000 1.569676e+001 5.260901e+001 1.049482e+002 8.161044e+001 6.424097e+001 9.158878e+001 2.059737e+002 1.620303e+002 1.214539e+002 1.166276e+002 6.991055e+000 4.482826e+000 6.141112e+000 5.270447e+000 5.992485e+000 6.296776e+000 2.214589e+000 3.323119e+000
<VARIANCE> 22
 1.761501e+001 8.200789e+001 3.300596e+000 1.695986e+001 6.640409e+002 1.028244e+003 4.525949e+002 4.995569e+002 8.315540e+001 5.897003e+002 8.125533e+002 9.780795e+002 3.303698e+002 1.640806e+002 6.504287e-002 2.821006e-001 1.551590e-001 2.215634e-001 3.765541e-002 3.254359e-001 6.284232e+000 5.628755e+000
<GCONST> 1.045787e+002
<MIXTURE> 2 5.633312e-001
<MEAN> 22
 8.133650e-001 5.934029e+000 3.610989e-001 1.209983e+000 5.715780e+000 6.195046e+001 8.842166e+001 5.098294e+001 5.315926e+001 8.199146e+001 1.830328e+002 1.203152e+002 1.100921e+002 9.873172e+001 6.963030e+000 4.057328e+000 6.002510e+000 5.408075e+000 5.994496e+000 6.293094e+000 1.360973e+000 3.128426e+000
<VARIANCE> 22
 4.801632e+000 3.716057e+001 3.300596e+000 2.164982e+000 4.956259e+001 2.713682e+002 7.080817e+001 2.905984e+002 3.654009e+001 1.435620e+002 1.511144e+002 3.820677e+002 4.143699e+001 5.051147e+001 2.449967e-001 2.797250e-001 2.326111e-002 2.420166e-001 2.082488e-002 2.371882e+000 4.942474e+000 5.829553e+000
<GCONST> 8.669054e+001
<STATE> 4
<NUMMIXES> 2
<MIXTURE> 1 9.019926e-001
<MEAN> 22
 6.311986e+000 5.439685e+000 1.615076e+000 1.649149e+000 4.382578e+001 3.396126e+001 6.035710e+001 5.587291e+001 7.923254e+001 6.526286e+001 1.358139e+002 1.335509e+002 1.055019e+002 1.033399e+002 2.920146e+000 3.988728e+000 6.440639e+000 5.610954e+000 5.304056e+000 5.280535e+000 2.679567e+000 2.561286e+000
<VARIANCE> 22
 7.578352e+001 6.123920e+001 6.323042e+000 8.711599e+000 7.505275e+002 7.062844e+002 8.011940e+002 8.317293e+002 3.809452e+002 1.852132e+002 1.171468e+003 1.363089e+003 1.143061e+002 1.235863e+002 1.031624e+001 1.533465e+000 2.570063e-001 2.394780e-001 5.016662e-001 5.887285e+000 5.827755e+000 6.271456e+000
<GCONST> 1.191336e+002
<MIXTURE> 2 9.800718e-002
<MEAN> 22
 2.114540e-001 1.916300e+000 5.726873e-002 4.889875e-001 4.969779e+002 3.758194e+002 2.887145e+001 2.326000e+001 1.550594e+001 2.032273e+001 5.165451e+001 4.249541e+001 2.734259e+001 2.745011e+001 1.757709e+000 1.127754e+000 1.612335e+000 1.334800e+000 1.506607e+000 1.475771e+000 2.511011e-001 8.986766e-001
<VARIANCE> 22
 4.801632e+000 2.215612e+001 3.300596e+000 2.164982e+000 3.248382e+003 8.365374e+002 2.487264e+003 1.708869e+003 7.176963e+002 1.294392e+003 7.958706e+003 5.511316e+003 2.230314e+003 2.248534e+003 9.214462e+000 3.855947e+000 7.814460e+000 5.368095e+000 6.769806e+000 6.522512e+000 1.007431e+000 3.844354e+000
<GCONST> 1.363595e+002
<TRANSP> 5
 0.000000e+000 1.000000e+000 0.000000e+000 0.000000e+000 0.000000e+000
 0.000000e+000 8.889213e-001 1.110787e-001 0.000000e+000 0.000000e+000
 0.000000e+000 0.000000e+000 9.556255e-001 4.437456e-002 0.000000e+000
 0.000000e+000 0.000000e+000 0.000000e+000 8.372303e-001 1.627696e-001
 0.000000e+000 0.000000e+000 0.000000e+000 0.000000e+000 0.000000e+000
<ENDHMM>
~h "FN"
<BEGINHMM>
<NUMSTATES> 5
<STATE> 2
<NUMMIXES> 2
<MIXTURE> 1 3.761767e-001
<MEAN> 22
 2.350161e+001 7.656230e+000 9.912643e+000 5.305400e+000 1.690314e+002 1.703756e+001 1.171041e+002 1.012640e+002 8.362873e+001 6.050996e+001 6.227617e+001 1.996404e+002 1.037118e+002 1.204190e+002 2.113322e+000 4.928658e+000 2.704753e+000 5.811397e+000 3.194549e+000 5.874696e+000 3.845540e+000 2.242352e+000
<VARIANCE> 22
 2.936784e+003 1.810564e+003 2.365725e+003 1.387876e+003 3.961949e+003 7.272279e+002 1.311021e+003 3.369950e+002 2.786926e+002 7.716267e+001 3.483915e+003 1.014311e+003 4.326556e+002 1.357566e+002 2.372533e+000 1.560963e-001 8.006824e+000 1.876653e-001 1.569111e+000 5.403059e-001 5.918499e+000 6.431282e+000
<GCONST> 1.377192e+002
<MIXTURE> 2 6.238217e-001
<MEAN> 22
 4.318911e+000 1.059887e+001 1.181918e+000 2.565880e+000 1.198920e+002 1.552315e+002 8.340773e+001 9.068300e+001 6.490581e+001 6.402981e+001 1.517769e+002 8.717149e+001 1.001956e+002 9.792909e+001 4.659042e+000 2.970577e+000 5.523961e+000 4.504129e+000 5.055540e+000 2.756703e+000 2.304287e+000 2.555468e+000
<VARIANCE> 22
 6.833568e+001 2.139024e+002 3.670017e+000 1.242037e+001 3.444380e+004 1.713168e+004 1.718396e+003 1.528838e+003 5.803767e+002 4.948987e+002 5.275205e+003 5.850794e+003 1.626432e+003 1.024960e+003 8.675912e+000 2.470968e+000 3.848089e+000 3.231219e+000 2.957407e+000 6.077964e+000 6.130696e+000 5.345064e+000
<GCONST> 1.449237e+002
<STATE> 3
<NUMMIXES> 2
<MIXTURE> 1 5.317893e-001
<MEAN> 22
 1.995601e+000 1.697362e+001 7.293855e-001 3.680344e+000 9.718516e+000 9.715440e+001 9.886275e+001 8.595235e+001 6.103047e+001 6.913393e+001 1.992069e+002 1.134382e+002 1.181189e+002 1.095829e+002 6.995716e+000 3.658612e+000 6.133889e+000 5.227861e+000 5.999285e+000 3.773872e+000 2.077511e+000 3.777743e+000
<VARIANCE> 22
 1.304248e+001 3.019626e+002 3.300596e+000 2.233639e+001 1.684341e+002 5.321033e+003 2.774821e+002 1.374419e+003 6.475064e+001 2.078227e+002 4.856847e+002 4.141021e+003 1.546307e+002 1.576572e+002 6.504287e-002 1.675857e+000 1.159672e-001 9.745398e-001 2.082488e-002 6.766365e+000 6.202440e+000 5.284089e+000
<GCONST> 1.108260e+002
<MIXTURE> 2 4.682090e-001
<MEAN> 22
 9.472940e-001 8.664104e+000 4.728599e-001 2.397532e+000 8.466569e+000 1.640943e+002 8.528838e+001 1.041111e+002 5.540423e+001 6.455108e+001 1.794168e+002 2.803526e+001 1.075148e+002 9.126004e+001 6.912326e+000 2.091245e+000 6.001849e+000 4.283242e+000 5.950793e+000 1.281916e+000 1.293127e+000 3.142914e+000
<VARIANCE> 22
 5.011291e+000 9.756129e+001 3.300596e+000 9.212839e+000 5.152410e+002 1.211969e+003 1.169366e+002 4.979671e+002 3.473903e+001 7.939378e+001 4.528472e+002 5.472509e+002 6.767587e+001 1.678456e+002 4.230705e-001 1.503650e-001 3.161626e-002 1.511700e+000 1.330948e-001 4.438823e-001 4.524624e+000 5.525738e+000
<GCONST> 9.863180e+001
<STATE> 4
<NUMMIXES> 2
<MIXTURE> 1 7.135952e-001
<MEAN> 22
 1.079475e+001 2.153026e+000 2.862261e+000 9.004748e-001 1.123509e+002 1.892206e+001 1.031454e+002 9.810445e+001 7.364964e+001 5.717366e+001 9.814385e+001 1.982858e+002 1.057889e+002 1.179999e+002 3.376427e+000 4.998448e+000 4.496705e+000 5.818920e+000 4.006272e+000 5.990195e+000 3.525959e+000 2.080201e+000
<VARIANCE> 22
 1.664035e+002 1.238183e+001 1.323802e+001 2.164982e+000 5.543178e+003 7.565119e+002 1.233296e+003 2.533127e+002 2.013600e+002 7.445728e+001 6.406495e+003 4.518370e+002 4.307654e+002 1.451730e+002 6.542810e+000 1.793315e-002 7.300352e+000 1.482893e-001 2.705873e+000 5.618803e-002 6.137747e+000 5.963039e+000
<GCONST> 1.145108e+002
<MIXTURE> 2 2.864032e-001
<MEAN> 22
 6.889135e+000 7.181396e+000 1.851525e+000 1.739833e+000 4.905051e+001 3.864614e+001 5.595131e+001 3.870137e+001 6.495030e+001 5.670990e+001 8.275682e+001 1.038638e+002 9.916968e+001 1.006079e+002 2.915448e+000 3.143584e+000 5.628566e+000 5.765116e+000 3.917929e+000 3.011629e+000 2.828231e+000 2.650699e+000
<VARIANCE> 22
 1.277588e+002 2.011824e+002 1.075317e+001 7.857928e+000 1.357304e+003 1.184769e+003 1.302457e+003 4.473080e+002 8.524393e+001 4.630336e+001 2.352168e+003 9.977451e+002 1.482543e+002 8.860939e+001 4.340667e+000 2.603704e+000 2.753971e+000 3.378302e-001 9.535517e-001 1.036696e+001 6.452145e+000 6.268309e+000
<GCONST> 1.233665e+002
<TRANSP> 5
 0.000000e+000 1.000000e+000 0.000000e+000 0.000000e+000 0.000000e+000
 0.000000e+000 7.563880e-001 2.436120e-001 0.000000e+000 0.000000e+000
 0.000000e+000 0.000000e+000 9.550586e-001 4.494142e-002 0.000000e+000
 0.000000e+000 0.000000e+000 0.000000e+000 9.169779e-001 8.302207e-002
 0.000000e+000 0.000000e+000 0.000000e+000 0.000000e+000 0.000000e+000
<ENDHMM>
~h "FU"
<BEGINHMM>
<NUMSTATES> 5
<STATE> 2
<NUMMIXES> 2
<MIXTURE> 1 8.065518e-001
<MEAN> 22
 9.873647e+000 1.317091e+000 2.385627e+000 6.948120e-001 1.378039e+002 1.888794e+001 1.027261e+002 9.421589e+001 6.510490e+001 5.468116e+001 5.185966e+001 1.916983e+002 9.896336e+001 1.126549e+002 2.553020e+000 5.000000e+000 3.300025e+000 5.848941e+000 3.246665e+000 5.996534e+000 3.227836e+000 1.949530e+000
<VARIANCE> 22
 2.444008e+002 4.063125e+000 1.075010e+001 2.164982e+000 4.895938e+003 7.354639e+002 9.694103e+002 1.757493e+002 1.993525e+002 5.469596e+001 3.204346e+003 3.230221e+002 2.195504e+002 1.355588e+002 3.251298e+000 1.793315e-002 7.842516e+000 1.282446e-001 1.461278e+000 5.618803e-002 6.261222e+000 5.677570e+000
<GCONST> 1.093065e+002
<MIXTURE> 2 1.934486e-001
<MEAN> 22
 8.470617e+000 9.238482e+000 2.740750e+000 2.335836e+000 5.517158e+001 5.646004e+001 7.890441e+001 5.795087e+001 6.244424e+001 5.719353e+001 8.913932e+001 1.139042e+002 9.879439e+001 1.002511e+002 3.400102e+000 3.621931e+000 5.223081e+000 5.524403e+000 4.083023e+000 4.088559e+000 2.906132e+000 2.838674e+000
<VARIANCE> 22
 1.861115e+002 1.472329e+002 2.757992e+001 1.274806e+001 2.971507e+003 2.940363e+003 1.444930e+003 9.057680e+002 1.310896e+002 9.379022e+001 4.158588e+003 2.264251e+003 2.569016e+002 1.413150e+002 5.782468e+000 2.080531e+000 4.241207e+000 6.035877e-001 1.947442e+000 7.710869e+000 5.919849e+000 5.155530e+000
<GCONST> 1.321114e+002
<STATE> 3
<NUMMIXES> 2
<MIXTURE> 1 4.342683e-001
<MEAN> 22
 2.133801e+000 1.881483e+001 7.019083e-001 3.386832e+000 7.623576e+000 1.382872e+002 1.025798e+002 9.148402e+001 6.228943e+001 6.957315e+001 2.046811e+002 7.256481e+001 1.212986e+002 1.072283e+002 6.998037e+000 2.901038e+000 6.152638e+000 4.864412e+000 5.999057e+000 2.601793e+000 2.032846e+000 3.231499e+000
<VARIANCE> 22
 2.224480e+001 3.696075e+002 3.300596e+000 1.477377e+001 9.776447e+001 5.730750e+003 3.921240e+002 1.682075e+003 8.793856e+001 1.776067e+002 7.837454e+002 3.245172e+003 2.715610e+002 1.812472e+002 6.504287e-002 1.462045e+000 1.293415e-001 1.530883e+000 2.082488e-002 5.788967e+000 6.272964e+000 5.636090e+000
<GCONST> 1.126571e+002
<MIXTURE> 2 5.657319e-001
<MEAN> 22
 9.753001e-001 3.736687e+000 5.243177e-001 1.278454e+000 7.644682e+000 1.626763e+002 8.244260e+001 1.033321e+002 5.244777e+001 5.788530e+001 1.745124e+002 2.028264e+001 1.043231e+002 8.942715e+001 6.933432e+000 2.034238e+000 6.015270e+000 4.150049e+000 5.961561e+000 1.305583e+000 1.380443e+000 2.627090e+000
<VARIANCE> 22
 4.801632e+000 3.159617e+001 3.300596e+000 2.397465e+000 4.413716e+002 7.634798e+002 8.753570e+001 2.245039e+002 3.525639e+001 9.489308e+001 3.102949e+002 3.282533e+002 5.996320e+001 7.066850e+001 3.584491e-001 9.182912e-002 6.475825e-002 2.212092e+000 1.107915e-001 4.195724e-001 4.870803e+000 6.679371e+000
<GCONST> 9.319266e+001
<STATE> 4
<NUMMIXES> 2
<MIXTURE> 1 6.883361e-001
<MEAN> 22
 4.538490e+000 1.125037e+001 1.999219e+000 3.300649e+000 1.520267e+001 2.412889e+001 9.817011e+001 9.036658e+001 6.071355e+001 5.803218e+001 1.962815e+002 1.880123e+002 1.168276e+002 1.136189e+002 6.992883e+000 5.000782e+000 6.119271e+000 5.832448e+000 5.998919e+000 6.004488e+000 2.877871e+000 3.664013e+000
<VARIANCE> 22
 2.285885e+002 3.233098e+002 1.602501e+002 1.058960e+002 1.681027e+002 4.764149e+002 2.545480e+002 3.055484e+002 7.661365e+001 8.468810e+001 4.113028e+002 4.919483e+002 1.399505e+002 1.224507e+002 6.504287e-002 1.793315e-002 1.050461e-001 1.394802e-001 2.082488e-002 5.618803e-002 6.681579e+000 5.495360e+000
<GCONST> 1.005555e+002
<MIXTURE> 2 3.116642e-001
<MEAN> 22
 6.099038e+000 7.574135e+000 1.412042e+000 3.004103e+000 2.225498e+002 1.879461e+002 6.445650e+001 6.394402e+001 5.148044e+001 5.233644e+001 1.175260e+002 9.107713e+001 8.331361e+001 7.441148e+001 3.790836e+000 2.977981e+000 4.481784e+000 3.913595e+000 4.004158e+000 3.395796e+000 2.222219e+000 2.219131e+000
<VARIANCE> 22
 1.499787e+002 2.187647e+002 7.628870e+000 5.857197e+001 4.452445e+004 2.338862e+004 2.261689e+003 2.531109e+003 9.591310e+002 1.119425e+003 7.667799e+003 6.139544e+003 2.551235e+003 2.317063e+003 9.349708e+000 4.678423e+000 6.981877e+000 5.904204e+000 5.819201e+000 8.265708e+000 6.769061e+000 6.345945e+000
<GCONST> 1.555351e+002
<TRANSP> 5
 0.000000e+000 1.000000e+000 0.000000e+000 0.000000e+000 0.000000e+000
 0.000000e+000 9.247783e-001 7.522160e-002 0.000000e+000 0.000000e+000
 0.000000e+000 0.000000e+000 9.467239e-001 5.327605e-002 0.000000e+000
 0.000000e+000 0.000000e+000 0.000000e+000 8.350143e-001 1.649857e-001
 0.000000e+000 0.000000e+000 0.000000e+000 0.000000e+000 0.000000e+000
<ENDHMM>
~h "MC"
<BEGINHMM>
<NUMSTATES> 5
<STATE> 2
<NUMMIXES> 2
<MIXTURE> 1 9.444960e-002
<MEAN> 22
 1.837081e+001 2.229875e+001 1.149197e+001 9.658937e+000 1.494397e+002 1.724857e+002 1.137327e+002 6.016398e+001 7.474085e+001 7.836031e+001 1.939206e+002 1.116218e+002 1.307882e+002 1.170019e+002 5.471988e+000 3.161194e+000 6.166807e+000 5.749192e+000 5.312482e+000 2.769194e+000 2.300497e+000 2.990152e+000
<VARIANCE> 22
 2.903087e+003 2.224889e+003 2.570766e+003 1.505729e+003 4.676731e+004 2.007558e+004 2.112724e+003 9.710855e+002 2.693643e+002 2.034027e+002 8.377836e+003 2.696331e+003 1.497798e+003 5.320522e+002 5.415601e+000 1.408526e+000 1.208596e+000 4.498023e-001 1.262907e+000 8.770339e+000 6.094734e+000 5.285452e+000
<GCONST> 1.552099e+002
<MIXTURE> 2 9.055503e-001
<MEAN> 22
 5.724473e+000 7.013822e+000 1.556936e+000 2.117022e+000 4.844588e+001 5.653980e+001 6.129713e+001 5.062405e+001 7.109863e+001 6.626771e+001 1.143606e+002 1.090167e+002 1.016938e+002 1.014135e+002 3.655069e+000 3.423200e+000 6.180589e+000 5.727579e+000 4.758286e+000 3.796402e+000 2.893771e+000 2.721409e+000
<VARIANCE> 22
 5.485222e+001 7.473775e+001 3.932083e+000 7.773080e+000 1.245568e+003 1.721654e+003 7.337158e+002 7.590890e+002 2.134730e+002 2.440090e+002 2.888541e+003 1.918759e+003 1.554704e+002 1.281093e+002 7.823425e+000 1.700465e+000 2.599811e-001 2.128252e-001 1.403321e+000 9.674537e+000 6.083133e+000 5.567275e+000
<GCONST> 1.220927e+002
<STATE> 3
<NUMMIXES> 2
<MIXTURE> 1 3.063308e-001
<MEAN> 22
 2.507617e+000 1.408552e+001 7.884558e-001 4.364541e+000 1.036427e+001 1.096257e+002 1.078874e+002 7.733562e+001 6.534045e+001 9.033334e+001 2.107292e+002 1.067405e+002 1.250345e+002 1.127895e+002 6.897171e+000 3.413030e+000 6.174886e+000 5.366129e+000 5.971877e+000 2.776038e+000 2.193816e+000 3.470548e+000
<VARIANCE> 22
 1.934432e+001 1.628852e+002 3.300596e+000 2.379571e+001 3.771764e+002 4.163638e+003 3.440046e+002 1.271284e+003 6.194778e+001 6.573829e+002 6.529652e+002 3.181589e+003 1.653516e+002 1.374311e+002 5.765836e-001 1.432450e+000 1.592377e-001 5.370439e-001 6.787287e-002 8.324147e+000 6.102421e+000 5.208997e+000
<GCONST> 1.155379e+002
<MIXTURE> 2 6.936704e-001
<MEAN> 22
 1.011694e+000 8.048137e+000 5.754000e-001 2.291457e+000 5.959032e+000 1.026866e+002 8.668784e+001 5.110707e+001 5.278745e+001 7.638654e+001 1.802761e+002 7.525643e+001 1.075957e+002 9.289465e+001 7.000000e+000 2.860770e+000 6.001335e+000 5.739952e+000 6.000000e+000 2.068981e+000 1.634706e+000 3.144565e+000
<VARIANCE> 22
 4.801632e+000 5.544431e+001 3.300596e+000 5.836709e+000 4.956259e+001 1.166534e+003 7.898196e+001 4.207710e+002 4.300811e+001 2.446959e+002 1.403242e+002 1.196019e+003 4.921320e+001 1.648577e+002 6.504287e-002 1.030992e+000 2.326111e-002 2.348854e-001 2.082488e-002 8.237278e+000 5.497919e+000 5.071374e+000
<GCONST> 9.429882e+001
<STATE> 4
<NUMMIXES> 2
<MIXTURE> 1 9.447777e-001
<MEAN> 22
 8.735374e+000 2.768716e+000 2.733983e+000 1.037648e+000 8.125481e+001 1.441786e+001 6.523193e+001 9.766649e+001 7.595102e+001 5.613807e+001 1.207838e+002 1.961953e+002 1.099091e+002 1.161549e+002 3.272570e+000 5.000000e+000 6.262320e+000 5.803449e+000 4.640398e+000 5.994658e+000 3.261989e+000 2.607399e+000
<VARIANCE> 22
 7.992630e+001 1.560356e+001 1.244018e+001 2.201313e+000 2.724826e+003 1.981328e+002 8.853771e+002 2.551779e+002 4.640446e+002 5.785627e+001 3.369815e+003 4.392029e+002 2.721141e+002 1.271047e+002 8.010378e+000 1.793315e-002 2.151358e-001 1.579175e-001 1.325999e+000 5.618803e-002 5.908944e+000 6.249201e+000
<GCONST> 1.069452e+002
<MIXTURE> 2 5.522214e-002
<MEAN> 22
 4.325859e+000 2.686047e+001 1.097597e+000 4.488490e+000 1.257983e+002 1.239379e+002 6.214213e+001 6.660085e+001 5.932032e+001 5.439938e+001 1.245770e+002 1.110363e+002 9.602276e+001 9.258263e+001 3.613826e+000 3.142845e+000 5.100658e+000 4.467089e+000 4.217551e+000 3.729378e+000 1.879987e+000 3.073088e+000
<VARIANCE> 22
 8.045389e+001 3.159767e+003 4.695074e+000 3.942926e+001 2.926059e+004 1.699735e+004 1.739504e+003 2.244608e+003 1.061668e+003 7.374420e+002 5.975814e+003 6.100666e+003 2.202458e+003 2.085982e+003 1.014588e+001 3.574633e+000 6.263415e+000 5.009874e+000 4.897481e+000 8.063153e+000 5.412514e+000 6.547126e+000
<GCONST> 1.539063e+002
<TRANSP> 5
 0.000000e+000 1.000000e+000 0.000000e+000 0.000000e+000 0.000000e+000
 0.000000e+000 8.748022e-001 1.251978e-001 0.000000e+000 0.000000e+000
 0.000000e+000 0.000000e+000 9.590384e-001 4.096163e-002 0.000000e+000
 0.000000e+000 0.000000e+000 0.000000e+000 9.014786e-001 9.852143e-002
 0.000000e+000 0.000000e+000 0.000000e+000 0.000000e+000 0.000000e+000
<ENDHMM>
~h "NU"
<BEGINHMM>
<NUMSTATES> 5
<STATE> 2
<NUMMIXES> 2
<MIXTURE> 1 7.997960e-001
<MEAN> 22
 8.124376e+000 1.173708e+001 3.017901e+000 2.892085e+000 9.879126e+001 8.902076e+001 9.524626e+001 8.253653e+001 7.183952e+001 6.362542e+001 1.642789e+002 1.478740e+002 1.135540e+002 1.159973e+002 5.009407e+000 4.117858e+000 5.888468e+000 5.594329e+000 5.112984e+000 4.275834e+000 2.631273e+000 2.530069e+000
<VARIANCE> 22
 6.367640e+002 1.155114e+003 4.550339e+002 2.884072e+002 2.166055e+004 1.337995e+004 1.450331e+003 9.589941e+002 2.285282e+002 1.236850e+002 4.431114e+003 3.614990e+003 9.476526e+002 2.530167e+002 7.591789e+000 1.278928e+000 2.576999e+000 3.699369e-001 2.262518e+000 6.017000e+000 6.026140e+000 5.144261e+000
<GCONST> 1.468530e+002
<MIXTURE> 2 2.002037e-001
<MEAN> 22
 0.000000e+000 0.000000e+000 0.000000e+000 0.000000e+000 5.315967e+002 4.080164e+002 -3.769493e-043 1.099739e-041 0.000000e+000 -7.819245e-043 3.608344e-042 -1.961818e-043 9.080414e-043 -5.626213e-042 1.457350e-043 1.121039e-043 -2.382207e-044 0.000000e+000 2.662467e-044 -7.426882e-044 0.000000e+000 0.000000e+000
<VARIANCE> 22
 4.801632e+000 4.063125e+000 3.300596e+000 2.164982e+000 3.309075e+003 2.711513e+003 9.838196e+000 1.115232e+001 2.936353e+000 3.516743e+000 3.745900e+001 4.440890e+001 4.184655e+000 3.870682e+000 6.504287e-002 1.793315e-002 2.326111e-002 1.170389e-002 2.082488e-002 5.618803e-002 6.153807e-002 6.060927e-002
<GCONST> 5.130989e+001
<STATE> 3
<NUMMIXES> 2
<MIXTURE> 1 5.475653e-001
<MEAN> 22
 1.558126e+000 1.345341e+001 5.500834e-001 3.371119e+000 7.783124e+000 8.656460e+001 9.888888e+001 7.379719e+001 6.062038e+001 6.680402e+001 1.992141e+002 1.165122e+002 1.184290e+002 1.100224e+002 6.998989e+000 3.783995e+000 6.097331e+000 5.394885e+000 5.999504e+000 3.912726e+000 1.744885e+000 3.480190e+000
<VARIANCE> 22
 1.045064e+001 1.712348e+002 3.300596e+000 1.450248e+001 8.012597e+001 3.417445e+003 2.814743e+002 9.345628e+002 6.677752e+001 1.601137e+002 5.493643e+002 2.605242e+003 2.000271e+002 1.697612e+002 6.504287e-002 1.104230e+000 8.785682e-002 4.263340e-001 2.082488e-002 6.616700e+000 5.685832e+000 5.057020e+000
<GCONST> 1.061345e+002
<MIXTURE> 2 4.524345e-001
<MEAN> 22
 7.871832e-001 2.752000e+000 3.999194e-001 1.165970e+000 1.128570e+001 1.113896e+002 8.519942e+001 6.695488e+001 5.522783e+001 6.116764e+001 1.777140e+002 6.713165e+001 1.070064e+002 9.782732e+001 6.897741e+000 2.765416e+000 6.061156e+000 5.181280e+000 5.936473e+000 1.267033e+000 1.218821e+000 2.856294e+000
<VARIANCE> 22
 4.801632e+000 1.039044e+001 3.300596e+000 2.164982e+000 7.521763e+002 9.146921e+002 1.681376e+002 4.364458e+002 4.352353e+001 6.701630e+001 4.061887e+002 6.035195e+002 6.350857e+001 9.707258e+001 5.736081e-001 2.647057e-001 9.656332e-002 3.195974e-001 1.658820e-001 9.682143e-001 4.433242e+000 6.119291e+000
<GCONST> 9.617773e+001
<STATE> 4
<NUMMIXES> 2
<MIXTURE> 1 5.594795e-001
<MEAN> 22
 8.255979e+000 3.907870e+000 2.448949e+000 1.317987e+000 7.390635e+001 1.364577e+001 8.262930e+001 9.761594e+001 6.974140e+001 5.623655e+001 1.367474e+002 1.968909e+002 1.137161e+002 1.169284e+002 3.961288e+000 5.000000e+000 6.510944e+000 5.909775e+000 4.646297e+000 5.996416e+000 3.289342e+000 2.582565e+000
<VARIANCE> 22
 9.968901e+001 3.692828e+001 9.678741e+000 3.556459e+000 3.064093e+003 2.052642e+002 7.090557e+002 2.591560e+002 2.324881e+002 6.290951e+001 3.801689e+003 4.265622e+002 2.321846e+002 1.249192e+002 9.204370e+000 1.793315e-002 2.537301e-001 8.208328e-002 2.688623e+000 5.618803e-002 6.233031e+000 6.389899e+000
<GCONST> 1.079425e+002
<MIXTURE> 2 4.405201e-001
<MEAN> 22
 4.741338e+000 5.640721e+000 1.350266e+000 1.915436e+000 6.188299e+001 6.646701e+001 6.114852e+001 5.706565e+001 6.758756e+001 5.661712e+001 9.291346e+001 9.861080e+001 1.019008e+002 9.970146e+001 2.134823e+000 3.139596e+000 5.912523e+000 5.431001e+000 3.907578e+000 2.779670e+000 2.656513e+000 2.700744e+000
<VARIANCE> 22
 5.482951e+001 8.581332e+001 3.881022e+000 1.067821e+001 2.726485e+003 2.756667e+003 1.231052e+003 1.004963e+003 1.463432e+002 5.509314e+001 2.128152e+003 1.601240e+003 1.187595e+002 1.456558e+002 4.424674e+000 1.452031e+000 3.337800e+000 3.979143e-001 1.810765e+000 7.235682e+000 6.227471e+000 6.219058e+000
<GCONST> 1.246431e+002
<TRANSP> 5
 0.000000e+000 1.000000e+000 0.000000e+000 0.000000e+000 0.000000e+000
 0.000000e+000 6.951630e-001 3.048370e-001 0.000000e+000 0.000000e+000
 0.000000e+000 0.000000e+000 9.488041e-001 5.119590e-002 0.000000e+000
 0.000000e+000 0.000000e+000 0.000000e+000 9.201571e-001 7.984295e-002
 0.000000e+000 0.000000e+000 0.000000e+000 0.000000e+000 0.000000e+000
<ENDHMM>
~h "OK"
<BEGINHMM>
<NUMSTATES> 5
<STATE> 2
<NUMMIXES> 2
<MIXTURE> 1 6.300737e-001
<MEAN> 22
 1.514250e+001 3.118739e+000 4.589633e+000 1.553215e+000 1.236108e+002 1.672721e+001 1.055083e+002 9.887794e+001 8.034052e+001 5.491582e+001 8.660168e+001 2.026274e+002 1.111926e+002 1.195727e+002 2.523889e+000 4.997706e+000 4.370977e+000 5.904011e+000 3.516892e+000 5.994572e+000 3.538974e+000 2.266138e+000
<VARIANCE> 22
 5.644475e+002 2.469453e+002 2.970855e+002 1.702097e+002 4.664125e+003 3.997377e+002 9.171676e+002 1.931498e+002 2.255303e+002 5.617788e+001 4.282196e+003 3.128405e+002 3.405453e+002 1.055980e+002 5.635334e+000 1.793315e-002 9.716776e+000 8.677550e-002 2.416614e+000 5.618803e-002 5.940464e+000 6.020667e+000
<GCONST> 1.227953e+002
<MIXTURE> 2 3.699253e-001
<MEAN> 22
 8.787076e+000 7.214709e+000 2.099163e+000 1.910142e+000 5.406464e+001 6.001841e+001 7.545758e+001 5.319327e+001 6.992780e+001 5.993920e+001 9.239274e+001 1.019501e+002 9.825443e+001 1.014080e+002 2.812876e+000 3.288346e+000 4.753123e+000 5.505964e+000 3.954941e+000 3.675466e+000 3.020664e+000 2.604138e+000
<VARIANCE> 22
 1.803075e+002 1.545639e+002 1.634242e+001 1.438853e+001 2.009105e+003 3.166296e+003 1.802705e+003 1.042112e+003 1.480159e+002 1.130432e+002 2.894030e+003 1.670016e+003 3.974959e+002 1.363148e+002 5.348011e+000 1.656338e+000 6.746194e+000 6.232262e-001 2.185251e+000 8.847570e+000 6.529466e+000 5.945853e+000
<GCONST> 1.324952e+002
<STATE> 3
<NUMMIXES> 2
<MIXTURE> 1 5.082014e-001
<MEAN> 22
 2.138429e+000 1.833114e+001 7.482905e-001 3.938620e+000 1.105805e+001 8.895811e+001 1.013944e+002 9.071001e+001 6.180807e+001 7.313147e+001 2.035258e+002 1.289479e+002 1.209772e+002 1.139692e+002 6.998286e+000 3.941937e+000 6.105258e+000 5.217482e+000 5.999105e+000 4.240650e+000 2.153375e+000 3.699350e+000
<VARIANCE> 22
 1.746804e+001 3.772872e+002 3.300596e+000 1.966466e+001 2.114166e+002 5.418645e+003 3.109299e+002 1.184184e+003 7.678768e+001 2.819946e+002 5.971599e+002 3.641170e+003 2.152079e+002 1.822224e+002 6.504287e-002 1.206831e+000 9.486040e-002 6.113830e-001 2.082488e-002 5.738936e+000 6.350783e+000 5.406122e+000
<GCONST> 1.113391e+002
<MIXTURE> 2 4.917980e-001
<MEAN> 22
 1.021216e+000 6.973855e+000 6.413316e-001 2.209600e+000 8.048433e+000 1.449874e+002 8.481085e+001 9.704155e+001 5.261038e+001 6.837730e+001 1.813044e+002 4.662708e+001 1.088091e+002 9.710451e+001 6.939255e+000 2.456302e+000 6.016189e+000 4.522497e+000 5.978703e+000 1.525940e+000 1.601156e+000 3.162801e+000
<VARIANCE> 22
 4.801632e+000 8.150713e+001 3.300596e+000 7.412756e+000 3.745069e+002 1.135518e+003 9.442248e+001 5.078220e+002 3.843232e+001 8.536544e+001 2.249712e+002 3.298762e+002 5.183165e+001 8.368231e+001 3.522671e-001 2.847709e-001 4.556246e-002 4.410482e-001 6.235315e-002 4.303409e-001 5.460020e+000 5.868403e+000
<GCONST> 9.466638e+001
<STATE> 4
<NUMMIXES> 2
<MIXTURE> 1 8.615588e-001
<MEAN> 22
 7.081704e+000 4.576592e+000 2.084897e+000 1.476494e+000 4.864518e+001 2.670605e+001 8.931670e+001 8.949913e+001 6.209124e+001 5.386676e+001 1.638425e+002 1.873666e+002 1.107541e+002 1.126879e+002 5.626925e+000 5.000637e+000 6.298595e+000 5.895700e+000 5.320162e+000 6.002930e+000 2.978464e+000 2.808583e+000
<VARIANCE> 22
 1.029233e+002 5.785124e+001 7.969645e+000 4.580109e+000 2.707907e+003 1.161728e+003 4.172054e+002 1.677515e+002 9.106206e+001 6.275466e+001 3.001353e+003 2.757798e+002 1.594973e+002 8.568691e+001 6.467567e+000 1.793315e-002 2.094361e-001 9.342147e-002 2.170990e+000 5.618803e-002 6.038858e+000 6.455469e+000
<GCONST> 1.061111e+002
<MIXTURE> 2 1.384411e-001
<MEAN> 22
 2.897085e+000 2.799473e+000 1.184972e+000 8.339345e-001 2.614567e+002 1.944145e+002 6.350107e+001 3.893258e+001 4.056648e+001 3.352308e+001 5.095587e+001 7.833849e+001 5.946413e+001 6.267254e+001 1.583600e+000 2.431607e+000 1.340113e+000 3.366248e+000 1.867499e+000 2.988219e+000 1.509677e+000 1.660591e+000
<VARIANCE> 22
 3.680664e+001 6.371173e+001 6.950952e+000 5.190399e+000 4.638284e+004 3.222600e+004 3.736364e+003 1.557498e+003 1.240195e+003 8.969143e+002 6.618501e+003 5.537765e+003 3.049881e+003 2.948509e+003 4.564184e+000 5.020601e+000 6.542967e+000 8.163659e+000 4.005517e+000 9.140234e+000 4.659798e+000 5.357601e+000
<GCONST> 1.497595e+002
<TRANSP> 5
 0.000000e+000 1.000000e+000 0.000000e+000 0.000000e+000 0.000000e+000
 0.000000e+000 8.910704e-001 1.089296e-001 0.000000e+000 0.000000e+000
 0.000000e+000 0.000000e+000 9.345871e-001 6.541292e-002 0.000000e+000
 0.000000e+000 0.000000e+000 0.000000e+000 8.388661e-001 1.611340e-001
 0.000000e+000 0.000000e+000 0.000000e+000 0.000000e+000 0.000000e+000
<ENDHMM>
~h "PF"
<BEGINHMM>
<NUMSTATES> 5
<STATE> 2
<NUMMIXES> 2
<MIXTURE> 1 3.145201e-001
<MEAN> 22
 1.181796e+001 1.376831e+001 7.573262e+000 7.476294e+000 1.726547e+002 1.410351e+002 9.938479e+001 9.003683e+001 6.300951e+001 6.256477e+001 1.963321e+002 1.844889e+002 1.146229e+002 1.157094e+002 6.966702e+000 4.947699e+000 6.150874e+000 5.809777e+000 5.963950e+000 6.032730e+000 2.570086e+000 2.487094e+000
<VARIANCE> 22
 3.175359e+003 2.508658e+003 2.684059e+003 1.783010e+003 5.256584e+004 3.228480e+004 3.421407e+002 6.669953e+002 4.895674e+001 1.128955e+002 6.459413e+002 1.069611e+003 1.215426e+002 1.504251e+002 1.431754e-001 1.740361e-001 1.281111e-001 1.873354e-001 9.544018e-002 3.531467e-001 6.513785e+000 5.747132e+000
<GCONST> 1.299828e+002
<MIXTURE> 2 6.854801e-001
<MEAN> 22
 7.174563e+000 1.047635e+001 2.187686e+000 2.881508e+000 1.098516e+002 1.626285e+002 8.285382e+001 1.176569e+002 7.220951e+001 7.704565e+001 1.301840e+002 8.070639e+001 9.962392e+001 9.321165e+001 3.339930e+000 2.653476e+000 5.303509e+000 4.126009e+000 4.698611e+000 2.228591e+000 2.453739e+000 2.844449e+000
<VARIANCE> 22
 1.522989e+002 2.631806e+002 3.194391e+001 1.636783e+001 2.046404e+004 9.792659e+003 2.011911e+003 3.215866e+003 5.913683e+002 8.132390e+002 5.269115e+003 3.948195e+003 1.170609e+003 7.179009e+002 9.169502e+000 1.554252e+000 5.244894e+000 2.460881e+000 2.926222e+000 3.895017e+000 6.103001e+000 5.021943e+000
<GCONST> 1.467361e+002
<STATE> 3
<NUMMIXES> 2
<MIXTURE> 1 4.132945e-001
<MEAN> 22
 2.328499e+000 2.247964e+001 9.306618e-001 4.969200e+000 1.072491e+001 6.783408e+001 9.372343e+001 8.973593e+001 5.887070e+001 6.762785e+001 1.929489e+002 1.441456e+002 1.150758e+002 1.093643e+002 6.995164e+000 4.159912e+000 6.035355e+000 5.352015e+000 5.999131e+000 4.643034e+000 2.303195e+000 3.810118e+000
<VARIANCE> 22
 1.382581e+001 4.243925e+002 3.300596e+000 2.774391e+001 1.414303e+002 2.991875e+003 2.047749e+002 7.345143e+002 4.363343e+001 2.151225e+002 3.832806e+002 3.285410e+003 1.204774e+002 1.579068e+002 6.504287e-002 1.061395e+000 3.410430e-002 4.432770e-001 2.082488e-002 4.512393e+000 6.217796e+000 5.479421e+000
<GCONST> 1.058493e+002
<MIXTURE> 2 5.867067e-001
<MEAN> 22
 1.154123e+000 8.166586e+000 5.690557e-001 3.193662e+000 1.061399e+001 1.918715e+002 9.241576e+001 1.389886e+002 5.795760e+001 8.627673e+001 1.874841e+002 5.558327e+001 1.129063e+002 9.067255e+001 6.915354e+000 2.408358e+000 6.061050e+000 3.470471e+000 5.952185e+000 1.715980e+000 1.634382e+000 3.262817e+000
<VARIANCE> 22
 5.136512e+000 8.935818e+001 3.300596e+000 1.482905e+001 7.200250e+002 1.587067e+003 2.739588e+002 6.756097e+002 7.215060e+001 2.574092e+002 7.024288e+002 9.452855e+002 1.305507e+002 2.038847e+002 4.370342e-001 3.202759e-001 3.072910e-001 5.214755e-001 1.385862e-001 5.009380e-001 5.732417e+000 4.359220e+000
<GCONST> 1.067088e+002
<STATE> 4
<NUMMIXES> 2
<MIXTURE> 1 7.579215e-001
<MEAN> 22
 1.190985e+001 1.693883e+000 3.554865e+000 7.915145e-001 1.342469e+002 1.995493e+001 1.308285e+002 9.918053e+001 8.360188e+001 5.658625e+001 1.107554e+002 1.987156e+002 1.042248e+002 1.180448e+002 2.820373e+000 5.000000e+000 3.162038e+000 5.813700e+000 3.402963e+000 5.999032e+000 3.390069e+000 2.308018e+000
<VARIANCE> 22
 2.230341e+002 6.576547e+000 2.289612e+001 2.164982e+000 6.529500e+003 7.366280e+002 1.703816e+003 2.130986e+002 4.309037e+002 6.985809e+001 4.551331e+003 3.998432e+002 4.129225e+002 1.301808e+002 6.589659e+000 1.793315e-002 8.518179e+000 1.515901e-001 3.709368e+000 5.618803e-002 6.876080e+000 6.097751e+000
<GCONST> 1.157226e+002
<MIXTURE> 2 2.420780e-001
<MEAN> 22
 6.916754e+000 7.248211e+000 2.588365e+000 2.365456e+000 5.745013e+001 2.785588e+001 8.471958e+001 4.643685e+001 7.769247e+001 5.801751e+001 9.241048e+001 1.162771e+002 9.853955e+001 1.031301e+002 2.779539e+000 3.458447e+000 4.230408e+000 5.628940e+000 3.722425e+000 3.454813e+000 2.761339e+000 2.777857e+000
<VARIANCE> 22
 1.388603e+002 1.338312e+002 2.277432e+001 1.283225e+001 2.136445e+003 7.514285e+002 3.331721e+003 7.790098e+002 3.722979e+002 6.710262e+001 2.478797e+003 1.129391e+003 2.621036e+002 8.246136e+001 4.797435e+000 2.049089e+000 6.526196e+000 2.942000e-001 1.751090e+000 9.553626e+000 6.573954e+000 6.316585e+000
<GCONST> 1.294323e+002
<TRANSP> 5
 0.000000e+000 1.000000e+000 0.000000e+000 0.000000e+000 0.000000e+000
 0.000000e+000 6.718568e-001 3.281432e-001 0.000000e+000 0.000000e+000
 0.000000e+000 0.000000e+000 9.549322e-001 4.506785e-002 0.000000e+000
 0.000000e+000 0.000000e+000 0.000000e+000 9.161125e-001 8.388751e-002
 0.000000e+000 0.000000e+000 0.000000e+000 0.000000e+000 0.000000e+000
<ENDHMM>
~h "PR"
<BEGINHMM>
<NUMSTATES> 5
<STATE> 2
<NUMMIXES> 2
<MIXTURE> 1 7.634099e-001
<MEAN> 22
 1.001503e+001 1.181505e+001 4.686982e+000 5.038794e+000 3.407254e+001 6.586449e+001 8.561789e+001 9.355705e+001 7.362357e+001 6.595948e+001 1.690688e+002 1.437298e+002 1.106295e+002 1.109394e+002 4.808053e+000 4.091315e+000 6.396204e+000 5.306436e+000 5.666163e+000 4.484179e+000 2.501223e+000 3.042109e+000
<VARIANCE> 22
 1.428236e+003 1.085637e+003 1.091030e+003 7.084962e+002 1.276443e+003 3.483679e+003 1.316875e+003 1.083421e+003 3.155904e+002 2.217770e+002 3.160037e+003 2.326105e+003 8.805579e+002 2.947445e+002 9.488679e+000 1.001973e+000 3.010896e-001 4.973639e-001 9.459608e-001 3.763049e+000 6.186038e+000 5.889680e+000
<GCONST> 1.423755e+002
<MIXTURE> 2 2.365896e-001
<MEAN> 22
 3.467190e+000 2.036253e+000 1.246062e+000 7.473915e-001 3.506983e+002 2.438267e+002 5.565690e+001 4.167384e+001 3.530093e+001 2.901026e+001 5.562068e+001 7.830928e+001 5.002580e+001 5.380748e+001 1.319862e+000 2.084471e+000 1.633246e+000 2.684368e+000 1.488352e+000 2.287886e+000 1.203178e+000 1.145869e+000
<VARIANCE> 22
 5.983810e+001 2.552205e+001 7.763124e+000 3.831865e+000 2.873841e+004 2.775836e+004 3.703226e+003 2.284070e+003 1.408898e+003 9.578188e+002 5.333139e+003 7.913956e+003 2.769325e+003 3.159692e+003 5.451124e+000 5.247634e+000 7.623629e+000 7.865708e+000 4.283099e+000 8.266961e+000 3.768270e+000 4.068550e+000
<GCONST> 1.490073e+002
<STATE> 3
<NUMMIXES> 2
<MIXTURE> 1 6.735473e-001
<MEAN> 22
 1.420221e+000 1.233852e+001 6.287330e-001 3.889122e+000 8.311423e+000 8.711541e+001 9.766260e+001 8.582671e+001 6.024762e+001 6.718533e+001 1.956895e+002 1.212232e+002 1.161126e+002 1.069172e+002 6.999412e+000 3.780013e+000 6.087328e+000 5.133666e+000 5.999797e+000 3.993207e+000 1.932006e+000 3.761320e+000
<VARIANCE> 22
 6.835969e+000 1.731007e+002 3.300596e+000 2.270657e+001 8.281609e+001 2.667273e+003 2.669829e+002 8.349412e+002 6.354519e+001 1.768360e+002 5.114366e+002 1.905896e+003 1.729591e+002 2.304624e+002 6.504287e-002 7.755818e-001 7.970352e-002 3.932630e-001 2.082488e-002 4.203317e+000 6.137941e+000 5.910526e+000
<GCONST> 1.048621e+002
<MIXTURE> 2 3.264522e-001
<MEAN> 22
 8.743291e-001 4.041503e+000 3.906758e-001 1.764663e+000 1.320001e+001 1.143631e+002 8.202371e+001 8.631090e+001 5.472054e+001 5.865731e+001 1.719526e+002 7.267342e+001 1.054338e+002 9.374920e+001 6.790670e+000 2.946295e+000 6.081833e+000 4.888988e+000 5.901193e+000 2.148875e+000 1.199973e+000 3.248523e+000
<VARIANCE> 22
 4.801632e+000 2.352992e+001 3.300596e+000 4.748349e+000 8.818769e+002 1.208312e+003 1.058122e+002 4.103971e+002 5.179486e+001 8.265135e+001 4.017426e+002 9.663211e+002 5.701272e+001 1.152572e+002 1.195547e+000 3.070734e-001 1.091464e-001 2.761416e-001 3.361489e-001 1.222444e+000 4.311692e+000 7.090545e+000
<GCONST> 1.005187e+002
<STATE> 4
<NUMMIXES> 2
<MIXTURE> 1 7.179916e-001
<MEAN> 22
 8.759955e+000 2.426988e+000 2.566860e+000 1.079744e+000 7.081566e+001 1.582976e+001 8.410343e+001 9.596745e+001 6.946149e+001 5.552592e+001 1.269737e+002 1.949223e+002 1.094580e+002 1.155486e+002 3.233978e+000 5.000312e+000 6.605077e+000 5.846765e+000 4.223400e+000 5.997787e+000 3.548693e+000 2.280621e+000
<VARIANCE> 22
 1.144255e+002 1.567823e+001 1.110034e+001 2.666317e+000 2.569353e+003 2.801266e+002 6.121500e+002 1.953793e+002 2.216425e+002 6.253798e+001 3.559552e+003 3.488949e+002 2.323332e+002 1.062971e+002 9.080400e+000 1.793315e-002 2.399023e-001 1.297506e-001 3.800985e+000 5.618803e-002 5.854074e+000 6.056652e+000
<GCONST> 1.069150e+002
<MIXTURE> 2 2.820083e-001
<MEAN> 22
 9.918797e+000 4.390184e+000 2.531858e+000 1.229060e+000 5.573747e+001 2.993936e+001 7.950563e+001 5.227757e+001 7.600043e+001 5.932277e+001 9.085624e+001 1.260015e+002 1.035994e+002 1.007306e+002 1.727770e+000 3.703636e+000 5.184692e+000 5.637321e+000 3.190860e+000 4.525548e+000 2.672129e+000 2.355449e+000
<VARIANCE> 22
 1.841012e+002 6.632596e+001 1.295945e+001 5.718386e+000 2.063367e+003 9.220598e+002 1.825912e+003 1.038321e+003 1.415220e+002 5.459985e+001 1.054768e+003 1.289760e+003 1.180127e+002 9.627907e+001 3.628265e+000 1.179202e+000 7.417604e+000 2.852605e-001 2.183765e+000 7.656291e+000 5.863611e+000 6.188846e+000
<GCONST> 1.240878e+002
<TRANSP> 5
 0.000000e+000 1.000000e+000 0.000000e+000 0.000000e+000 0.000000e+000
 0.000000e+000 6.702836e-001 3.297164e-001 0.000000e+000 0.000000e+000
 0.000000e+000 0.000000e+000 9.501692e-001 4.983078e-002 0.000000e+000
 0.000000e+000 0.000000e+000 0.000000e+000 9.153947e-001 8.460522e-002
 0.000000e+000 0.000000e+000 0.000000e+000 0.000000e+000 0.000000e+000
<ENDHMM>
~h "SP"
<BEGINHMM>
<NUMSTATES> 5
<STATE> 2
<NUMMIXES> 2
<MIXTURE> 1 7.151771e-001
<MEAN> 22
 1.214067e+001 1.648895e+001 7.115591e+000 7.990993e+000 4.697989e+001 1.130179e+002 9.923540e+001 1.131018e+002 7.342435e+001 8.403737e+001 1.712237e+002 1.165349e+002 1.166699e+002 1.097829e+002 5.145758e+000 3.518246e+000 5.927846e+000 4.642133e+000 5.463157e+000 3.468932e+000 2.469518e+000 2.601891e+000
<VARIANCE> 22
 3.087474e+003 2.091701e+003 2.514243e+003 1.514830e+003 3.557707e+003 1.018454e+004 1.662759e+003 2.047053e+003 3.416740e+002 1.144470e+003 4.698592e+003 3.931297e+003 6.685587e+002 3.116481e+002 7.925448e+000 1.705815e+000 2.598042e+000 1.604763e+000 1.350529e+000 5.831854e+000 5.878956e+000 4.602275e+000
<GCONST> 1.549617e+002
<MIXTURE> 2 2.848229e-001
<MEAN> 22
 4.114740e-001 6.490084e-001 3.221000e-001 5.792108e-001 3.181808e+002 2.891068e+002 2.738734e+001 5.848320e+001 3.926093e+001 4.341005e+001 5.060946e+001 2.661873e+001 4.143501e+001 3.866401e+001 3.490453e-002 1.065806e+000 2.906897e+000 1.364848e+000 2.441130e+000 4.930326e-001 7.423379e-001 1.256191e+000
<VARIANCE> 22
 4.801632e+000 4.063125e+000 3.300596e+000 2.164982e+000 6.307524e+004 1.835888e+004 1.203887e+003 4.800191e+003 2.160229e+003 2.665960e+003 3.664157e+003 1.003065e+003 2.345825e+003 2.050996e+003 6.504287e-002 1.648331e+000 1.144067e+001 2.634797e+000 8.187974e+000 3.963653e-001 3.043904e+000 4.987474e+000
<GCONST> 1.329507e+002
<STATE> 3
<NUMMIXES> 2
<MIXTURE> 1 5.074987e-001
<MEAN> 22
 1.559527e+000 1.902796e+001 6.174264e-001 5.286849e+000 9.227714e+000 1.297154e+002 1.010631e+002 1.127364e+002 6.299386e+001 8.090041e+001 2.004242e+002 1.053649e+002 1.193612e+002 1.053549e+002 6.999099e+000 3.373454e+000 6.139648e+000 4.497819e+000 5.998787e+000 3.351309e+000 2.019065e+000 3.645827e+000
<VARIANCE> 22
 7.812994e+000 3.726736e+002 3.300596e+000 3.775274e+001 1.220007e+002 7.877509e+003 3.480301e+002 1.792150e+003 7.871338e+001 5.833176e+002 5.884915e+002 3.353721e+003 1.919549e+002 2.067856e+002 6.504287e-002 1.449250e+000 1.201459e-001 1.246366e+000 2.082488e-002 5.015499e+000 6.174685e+000 5.482090e+000
<GCONST> 1.131755e+002
<MIXTURE> 2 4.925008e-001
<MEAN> 22
 1.123095e+000 4.156766e+000 4.635354e-001 2.204493e+000 1.087471e+001 1.836328e+002 8.746262e+001 1.340757e+002 5.727745e+001 8.706654e+001 1.764022e+002 4.671856e+001 1.063156e+002 8.554549e+001 6.883096e+000 2.115374e+000 6.010852e+000 3.210180e+000 5.942116e+000 1.495599e+000 1.356967e+000 2.512174e+000
<VARIANCE> 22
 7.575274e+000 3.334510e+001 3.300596e+000 9.986753e+000 7.446295e+002 1.370712e+003 2.033359e+002 3.454009e+002 6.884698e+001 3.486856e+002 4.645359e+002 4.978150e+002 6.254016e+001 1.361116e+002 6.236409e-001 1.879877e-001 4.051464e-001 3.110358e-001 2.366460e-001 5.664365e-001 4.831323e+000 5.958521e+000
<GCONST> 1.030781e+002
<STATE> 4
<NUMMIXES> 2
<MIXTURE> 1 7.417790e-001
<MEAN> 22
 1.244566e+001 1.609737e+000 4.074619e+000 6.725987e-001 1.476093e+002 1.440778e+001 1.267296e+002 9.705364e+001 9.167236e+001 5.695279e+001 9.071272e+001 1.946785e+002 9.532314e+001 1.156866e+002 2.695356e+000 5.000000e+000 3.008389e+000 5.827305e+000 3.579095e+000 5.988392e+000 3.370991e+000 1.974875e+000
<VARIANCE> 22
 3.184929e+002 8.967319e+000 5.131042e+001 2.164982e+000 6.802214e+003 6.407847e+002 1.415971e+003 1.921852e+002 5.086311e+002 5.258831e+001 3.559442e+003 3.393345e+002 4.237117e+002 1.093592e+002 5.145982e+000 1.793315e-002 7.775764e+000 1.428744e-001 2.811340e+000 5.618803e-002 6.269135e+000 5.886398e+000
<GCONST> 1.153300e+002
<MIXTURE> 2 2.582211e-001
<MEAN> 22
 7.519442e+000 5.842363e+000 2.721081e+000 2.156008e+000 7.080453e+001 2.847917e+001 1.015871e+002 4.517886e+001 8.747559e+001 5.938607e+001 8.571456e+001 1.112298e+002 9.638351e+001 1.026556e+002 2.666508e+000 3.416272e+000 3.691774e+000 5.649113e+000 3.690218e+000 2.987219e+000 3.028077e+000 2.501569e+000
<VARIANCE> 22
 1.175926e+002 1.328637e+002 1.891116e+001 1.200879e+001 2.444611e+003 9.789004e+002 2.943579e+003 6.418535e+002 6.904426e+002 6.318696e+001 2.372625e+003 1.163163e+003 2.425340e+002 9.962148e+001 4.247137e+000 1.495807e+000 6.919834e+000 3.358600e-001 1.425798e+000 9.754844e+000 6.613495e+000 6.656379e+000
<GCONST> 1.293711e+002
<TRANSP> 5
 0.000000e+000 1.000000e+000 0.000000e+000 0.000000e+000 0.000000e+000
 0.000000e+000 6.383018e-001 3.616982e-001 0.000000e+000 0.000000e+000
 0.000000e+000 0.000000e+000 9.581029e-001 4.189704e-002 0.000000e+000
 0.000000e+000 0.000000e+000 0.000000e+000 9.243580e-001 7.564200e-002
 0.000000e+000 0.000000e+000 0.000000e+000 0.000000e+000 0.000000e+000
<ENDHMM>
~h "ST"
<BEGINHMM>
<NUMSTATES> 5
<STATE> 2
<NUMMIXES> 2
<MIXTURE> 1 1.761092e-001
<MEAN> 22
 1.610364e+001 2.662943e+001 1.135652e+001 9.033475e+000 1.901387e+002 2.111492e+002 1.264665e+002 9.005446e+001 7.823087e+001 8.112853e+001 2.201574e+002 1.211081e+002 1.337556e+002 1.225533e+002 6.264605e+000 3.284086e+000 6.646842e+000 5.810731e+000 5.695883e+000 3.042620e+000 2.408786e+000 2.974463e+000
<VARIANCE> 22
 3.309364e+003 3.376719e+003 2.972201e+003 1.788061e+003 5.644563e+004 2.254178e+004 1.762939e+003 8.329893e+002 2.479443e+002 2.697546e+002 5.450966e+003 5.388691e+003 1.296711e+003 3.643342e+002 3.432255e+000 2.501081e+000 3.156867e-001 5.684907e-001 5.613320e-001 7.539000e+000 6.931431e+000 6.136000e+000
<GCONST> 1.543094e+002
<MIXTURE> 2 8.238901e-001
<MEAN> 22
 4.994317e+000 7.404135e+000 1.215871e+000 2.066046e+000 7.000554e+001 8.721498e+001 7.577861e+001 7.744650e+001 6.766729e+001 7.175666e+001 1.417628e+002 1.076204e+002 1.052643e+002 1.067808e+002 4.314291e+000 3.272064e+000 5.910588e+000 5.479558e+000 4.863270e+000 2.938961e+000 2.722978e+000 2.697004e+000
<VARIANCE> 22
 6.899718e+001 1.041507e+002 3.726188e+000 7.405979e+000 1.114089e+004 6.460351e+003 1.103164e+003 1.072078e+003 3.707980e+002 5.606608e+002 3.280635e+003 4.815398e+003 7.910833e+002 6.334358e+002 8.993886e+000 2.375551e+000 2.134594e+000 1.431952e+000 2.961715e+000 7.505072e+000 6.368213e+000 5.731596e+000
<GCONST> 1.375284e+002
<STATE> 3
<NUMMIXES> 2
<MIXTURE> 1 4.742422e-001
<MEAN> 22
 2.125765e+000 1.516619e+001 7.634105e-001 3.372424e+000 1.547769e+001 9.402270e+001 9.894984e+001 7.330186e+001 6.247785e+001 7.943816e+001 1.988380e+002 1.059386e+002 1.190704e+002 1.121410e+002 6.926169e+000 3.491360e+000 6.164225e+000 5.695345e+000 5.970656e+000 3.448032e+000 1.880942e+000 3.303920e+000
<VARIANCE> 22
 1.558397e+001 2.147079e+002 3.300596e+000 1.480920e+001 7.167965e+002 4.087998e+003 3.193706e+002 8.064954e+002 7.214545e+001 4.675293e+002 7.538635e+002 3.959261e+003 1.875119e+002 1.417809e+002 3.694448e-001 1.921404e+000 1.489225e-001 4.538740e-001 6.816475e-002 8.534022e+000 5.616045e+000 5.409304e+000
<GCONST> 1.151461e+002
<MIXTURE> 2 5.257576e-001
<MEAN> 22
 7.127383e-001 7.121868e+000 3.286638e-001 1.220320e+000 5.563618e+000 1.303619e+002 8.654684e+001 6.322439e+001 5.543716e+001 8.019566e+001 1.826333e+002 4.843163e+001 1.096750e+002 9.948611e+001 6.999993e+000 2.051288e+000 6.000029e+000 5.961101e+000 6.000000e+000 3.724512e-001 1.227179e+000 2.763808e+000
<VARIANCE> 22
 4.801632e+000 8.029551e+001 3.300596e+000 2.164982e+000 4.956259e+001 6.991477e+002 8.095984e+001 4.064453e+002 2.400662e+001 1.698563e+002 1.585482e+002 3.393316e+002 4.535648e+001 5.792628e+001 6.504287e-002 8.644820e-002 2.326111e-002 2.631221e-001 2.082488e-002 2.355492e-001 4.502105e+000 6.002316e+000
<GCONST> 8.399124e+001
<STATE> 4
<NUMMIXES> 2
<MIXTURE> 1 7.889007e-001
<MEAN> 22
 1.017933e+001 1.919415e+000 2.308829e+000 7.209213e-001 9.699400e+001 1.840617e+001 7.825581e+001 9.835280e+001 8.237717e+001 5.708630e+001 9.841411e+001 1.987433e+002 1.104087e+002 1.182754e+002 3.307007e+000 5.000000e+000 6.205327e+000 5.908296e+000 4.326507e+000 5.995360e+000 3.241016e+000 2.064864e+000
<VARIANCE> 22
 1.420832e+002 1.065229e+001 9.501595e+000 2.164982e+000 3.914032e+003 7.017156e+002 6.608213e+002 1.908564e+002 3.826888e+002 5.003403e+001 4.934230e+003 3.633190e+002 2.713756e+002 1.230383e+002 6.315829e+000 1.793315e-002 2.957291e-001 8.329159e-002 1.616505e+000 5.618803e-002 6.129763e+000 5.894326e+000
<GCONST> 1.073320e+002
<MIXTURE> 2 2.110996e-001
<MEAN> 22
 7.692205e+000 6.460829e+000 1.573576e+000 2.385592e+000 5.519730e+001 3.045695e+001 6.932679e+001 5.205057e+001 7.657296e+001 5.969727e+001 8.292496e+001 1.312206e+002 1.031186e+002 1.048270e+002 2.549605e+000 4.100009e+000 5.355056e+000 5.772949e+000 4.005771e+000 5.289092e+000 2.799310e+000 2.540636e+000
<VARIANCE> 22
 8.670701e+001 1.142884e+002 4.814268e+000 1.413834e+001 3.442223e+003 1.144263e+003 1.123061e+003 9.339512e+002 3.341642e+002 7.204492e+001 3.506864e+003 1.746720e+003 1.309773e+002 1.140257e+002 5.085545e+000 1.143880e+000 4.183655e+000 2.450215e-001 1.423571e+000 6.072975e+000 5.921840e+000 6.188480e+000
<GCONST> 1.257770e+002
<TRANSP> 5
 0.000000e+000 1.000000e+000 0.000000e+000 0.000000e+000 0.000000e+000
 0.000000e+000 7.066954e-001 2.933046e-001 0.000000e+000 0.000000e+000
 0.000000e+000 0.000000e+000 9.565508e-001 4.344924e-002 0.000000e+000
 0.000000e+000 0.000000e+000 0.000000e+000 9.213789e-001 7.862110e-002
 0.000000e+000 0.000000e+000 0.000000e+000 0.000000e+000 0.000000e+000
<ENDHMM>
~h "TT"
<BEGINHMM>
<NUMSTATES> 5
<STATE> 2
<NUMMIXES> 2
<MIXTURE> 1 4.830952e-001
<MEAN> 22
 2.089397e+001 5.243558e+000 8.391534e+000 3.175606e+000 2.222955e+002 8.808361e+000 1.716115e+002 1.047000e+002 1.225931e+002 6.059183e+001 9.829907e+001 2.021413e+002 1.049274e+002 1.193141e+002 1.337573e+000 4.997290e+000 1.364964e+000 5.914265e+000 2.421028e+000 5.987519e+000 3.711154e+000 2.290512e+000
<VARIANCE> 22
 1.900175e+003 1.131497e+003 1.309454e+003 8.364041e+002 2.868140e+003 1.360235e+002 1.385733e+003 2.650988e+002 5.297448e+002 1.080512e+002 9.700680e+002 3.833221e+002 3.189011e+002 1.337883e+002 4.847454e-001 1.793315e-002 3.415608e+000 7.838414e-002 1.005782e+000 5.618803e-002 5.678777e+000 6.416285e+000
<GCONST> 1.237108e+002
<MIXTURE> 2 5.169048e-001
<MEAN> 22
 8.457569e+000 1.171552e+001 2.710961e+000 3.736961e+000 4.620808e+001 1.135326e+002 8.957484e+001 1.196832e+002 7.356808e+001 8.788503e+001 1.760935e+002 1.373813e+002 1.152412e+002 1.112751e+002 5.265158e+000 3.707156e+000 6.337672e+000 4.694989e+000 5.676373e+000 3.785856e+000 2.978477e+000 2.795506e+000
<VARIANCE> 22
 1.526481e+002 2.900659e+002 2.158533e+001 3.115255e+001 2.555135e+003 1.088247e+004 1.893995e+003 2.933058e+003 2.952191e+002 1.248292e+003 3.084383e+003 2.918158e+003 5.428164e+002 2.480044e+002 8.130005e+000 1.639355e+000 4.757729e-001 1.791745e+000 6.093515e-001 5.581429e+000 6.821598e+000 5.108143e+000
<GCONST> 1.381590e+002
<STATE> 3
<NUMMIXES> 2
<MIXTURE> 1 4.814218e-001
<MEAN> 22
 2.052477e+000 2.520199e+001 8.255497e-001 7.547101e+000 1.001761e+001 1.072181e+002 9.880151e+001 1.194731e+002 6.142290e+001 8.513186e+001 1.976522e+002 1.430142e+002 1.184618e+002 1.096453e+002 6.995590e+000 3.888767e+000 6.109874e+000 4.779875e+000 5.998434e+000 4.213799e+000 2.196265e+000 3.855576e+000
<VARIANCE> 22
 1.262751e+001 4.979643e+002 3.300596e+000 7.075677e+001 1.364658e+002 8.132764e+003 3.668281e+002 2.231464e+003 9.281416e+001 1.046101e+003 6.119978e+002 2.439725e+003 1.923181e+002 2.397062e+002 6.504287e-002 1.019516e+000 9.780145e-002 9.440321e-001 2.082488e-002 3.765699e+000 5.963977e+000 5.020759e+000
<GCONST> 1.143643e+002
<MIXTURE> 2 5.185782e-001
<MEAN> 22
 1.592148e+000 9.240737e+000 6.983193e-001 3.847723e+000 1.021829e+001 2.225921e+002 9.099367e+001 1.727625e+002 5.673114e+001 1.241048e+002 1.855153e+002 8.458722e+001 1.111571e+002 9.049731e+001 6.959929e+000 2.363201e+000 6.065493e+000 3.073849e+000 5.989172e+000 1.582663e+000 1.780609e+000 3.531403e+000
<VARIANCE> 22
 1.155921e+001 7.447407e+001 3.300596e+000 2.308296e+001 3.431333e+002 1.005822e+003 1.949874e+002 5.260902e+002 7.683408e+001 3.884980e+002 3.448223e+002 4.397134e+002 9.959299e+001 2.569153e+002 2.195162e-001 2.525299e-001 1.109367e-001 1.332510e-001 4.161413e-002 3.243376e-001 5.657482e+000 5.773897e+000
<GCONST> 1.002716e+002
<STATE> 4
<NUMMIXES> 2
<MIXTURE> 1 7.451770e-001
<MEAN> 22
 1.482519e+001 2.179816e+000 5.129957e+000 1.037257e+000 1.369127e+002 2.698776e+001 1.373970e+002 9.695071e+001 9.637379e+001 5.602680e+001 1.223022e+002 1.942384e+002 1.023277e+002 1.157839e+002 2.844098e+000 5.000012e+000 3.358286e+000 5.827929e+000 3.622329e+000 5.989041e+000 3.340336e+000 2.364777e+000
<VARIANCE> 22
 3.484158e+002 1.117377e+001 5.940035e+001 2.164982e+000 8.323768e+003 9.245594e+002 2.275162e+003 2.402436e+002 1.035881e+003 5.212736e+001 3.045775e+003 4.207615e+002 3.829757e+002 1.329796e+002 6.914615e+000 1.793315e-002 8.524905e+000 1.424590e-001 3.793209e+000 5.618803e-002 5.517893e+000 6.242153e+000
<GCONST> 1.185234e+002
<MIXTURE> 2 2.548231e-001
<MEAN> 22
 1.038054e+001 6.168286e+000 4.190646e+000 2.459542e+000 1.316890e+002 6.618546e+001 9.042397e+001 3.644835e+001 8.725090e+001 5.259169e+001 8.989536e+001 1.017812e+002 8.659605e+001 9.167410e+001 2.034616e+000 3.034305e+000 3.624299e+000 5.184153e+000 3.350199e+000 2.661509e+000 2.772906e+000 2.169173e+000
<VARIANCE> 22
 2.552482e+002 1.207365e+002 4.662402e+001 2.301449e+001 1.909660e+004 1.433737e+004 5.261042e+003 1.000692e+003 2.187154e+003 4.168976e+002 2.266193e+003 2.377315e+003 1.149056e+003 1.126336e+003 4.153854e+000 3.054063e+000 7.401745e+000 3.534459e+000 2.869551e+000 1.024991e+001 6.343944e+000 5.959381e+000
<GCONST> 1.487667e+002
<TRANSP> 5
 0.000000e+000 1.000000e+000 0.000000e+000 0.000000e+000 0.000000e+000
 0.000000e+000 8.362738e-001 1.637262e-001 0.000000e+000 0.000000e+000
 0.000000e+000 0.000000e+000 9.530560e-001 4.694395e-002 0.000000e+000
 0.000000e+000 0.000000e+000 0.000000e+000 9.200314e-001 7.996854e-002
 0.000000e+000 0.000000e+000 0.000000e+000 0.000000e+000 0.000000e+000
<ENDHMM>
~h "VA"
<BEGINHMM>
<NUMSTATES> 5
<STATE> 2
<NUMMIXES> 2
<MIXTURE> 1 4.325898e-001
<MEAN> 22
 1.871300e+001 1.282470e+001 8.435392e+000 5.191818e+000 8.562505e+001 4.014187e+001 1.172279e+002 9.540907e+001 8.729669e+001 6.380150e+001 1.498573e+002 1.839012e+002 1.119453e+002 1.155996e+002 4.126473e+000 4.735383e+000 4.882829e+000 5.640377e+000 4.561328e+000 5.794170e+000 2.958797e+000 2.478842e+000
<VARIANCE> 22
 2.085191e+003 1.636369e+003 1.383585e+003 8.358235e+002 8.796845e+003 2.155564e+003 3.360961e+003 7.835257e+002 9.859955e+002 2.252325e+002 5.168522e+003 1.476259e+003 4.920906e+002 2.273093e+002 8.618970e+000 3.729689e-001 6.716900e+000 3.684951e-001 3.450217e+000 8.790730e-001 5.619484e+000 5.329431e+000
<GCONST> 1.473451e+002
<MIXTURE> 2 5.674094e-001
<MEAN> 22
 6.352832e+000 1.201358e+001 3.057067e+000 4.403200e+000 1.727600e+002 2.333442e+002 7.973432e+001 1.164162e+002 6.558801e+001 8.950591e+001 1.185735e+002 6.797624e+001 8.452451e+001 7.920186e+001 3.265569e+000 2.099756e+000 4.534464e+000 3.306191e+000 4.115804e+000 1.303711e+000 2.506060e+000 2.662738e+000
<VARIANCE> 22
 1.378495e+002 2.197902e+002 4.081216e+001 3.567413e+001 3.816582e+004 9.993283e+003 3.187885e+003 5.728078e+003 1.291941e+003 2.316055e+003 6.624812e+003 2.267489e+003 2.326212e+003 1.516078e+003 9.237799e+000 1.258941e+000 7.179844e+000 3.224054e+000 4.828055e+000 1.528787e+000 6.249711e+000 5.099185e+000
<GCONST> 1.520836e+002
<STATE> 3
<NUMMIXES> 2
<MIXTURE> 1 5.818033e-001
<MEAN> 22
 1.849532e+000 2.033744e+001 7.808384e-001 7.298526e+000 8.268553e+000 9.030173e+001 9.154576e+001 8.961581e+001 5.716406e+001 8.092200e+001 1.892695e+002 1.167374e+002 1.132937e+002 9.989629e+001 6.996151e+000 3.732448e+000 6.031871e+000 5.183321e+000 5.999220e+000 3.996746e+000 2.037066e+000 3.723072e+000
<VARIANCE> 22
 9.074468e+000 3.725202e+002 3.300596e+000 5.173641e+001 8.011003e+001 4.141871e+003 2.233533e+002 9.252567e+002 6.622086e+001 4.870543e+002 4.344471e+002 3.857771e+003 1.265689e+002 4.064219e+002 6.504287e-002 1.369318e+000 3.085618e-002 6.656858e-001 2.082488e-002 6.670671e+000 5.982034e+000 5.176003e+000
<GCONST> 1.093671e+002
<MIXTURE> 2 4.181965e-001
<MEAN> 22
 2.854004e+000 8.727746e+000 1.528850e+000 3.474624e+000 1.567535e+001 2.218915e+002 9.004819e+001 1.693204e+002 5.627624e+001 1.154517e+002 1.837630e+002 8.215002e+001 1.114607e+002 7.841112e+001 6.826747e+000 2.344522e+000 6.055419e+000 3.103083e+000 5.903888e+000 1.771778e+000 2.323228e+000 3.279816e+000
<VARIANCE> 22
 2.473113e+001 9.793796e+001 1.173916e+001 1.599423e+001 9.199787e+002 2.876467e+003 4.157384e+002 1.429838e+003 1.387417e+002 5.541064e+002 1.027639e+003 1.154329e+003 2.157228e+002 3.438409e+002 9.282585e-001 3.656263e-001 3.525438e-001 6.600038e-001 2.156200e-001 7.389292e-001 6.285257e+000 5.512120e+000
<GCONST> 1.171650e+002
<STATE> 4
<NUMMIXES> 2
<MIXTURE> 1 7.569925e-001
<MEAN> 22
 1.460867e+001 2.902158e+000 5.225080e+000 1.370935e+000 1.378906e+002 1.807706e+001 1.347230e+002 9.821854e+001 9.929865e+001 5.602872e+001 1.242742e+002 1.961849e+002 9.769264e+001 1.159496e+002 3.145529e+000 5.002447e+000 3.726143e+000 5.846463e+000 3.816444e+000 5.987277e+000 3.335065e+000 2.490843e+000
<VARIANCE> 22
 2.943534e+002 2.500543e+001 4.258126e+001 5.158913e+000 8.662406e+003 6.474354e+002 2.819963e+003 2.249586e+002 8.937112e+002 8.937838e+001 4.442190e+003 3.638348e+002 5.288315e+002 1.275036e+002 7.171307e+000 1.793315e-002 8.617271e+000 1.299640e-001 3.717486e+000 5.618803e-002 6.017686e+000 6.329284e+000
<GCONST> 1.204683e+002
<MIXTURE> 2 2.430077e-001
<MEAN> 22
 7.025792e+000 5.799925e+000 3.058578e+000 2.534179e+000 7.674601e+001 3.601555e+001 9.580011e+001 4.457710e+001 8.645820e+001 5.614629e+001 7.111781e+001 1.019268e+002 9.177744e+001 1.015132e+002 2.103703e+000 2.995941e+000 3.703468e+000 5.543658e+000 3.292892e+000 2.677428e+000 2.986144e+000 2.534985e+000
<VARIANCE> 22
 1.059337e+002 1.686654e+002 2.422564e+001 1.981259e+001 2.733629e+003 1.030487e+003 3.855922e+003 4.163545e+002 3.652026e+002 1.033245e+002 1.061867e+003 5.873745e+002 4.273611e+002 1.029648e+002 1.171778e+000 1.374615e+000 6.835796e+000 2.986470e-001 8.518649e-001 8.182269e+000 6.254508e+000 6.140017e+000
<GCONST> 1.268918e+002
<TRANSP> 5
 0.000000e+000 1.000000e+000 0.000000e+000 0.000000e+000 0.000000e+000
 0.000000e+000 7.347050e-001 2.652950e-001 0.000000e+000 0.000000e+000
 0.000000e+000 0.000000e+000 9.441221e-001 5.587794e-002 0.000000e+000
 0.000000e+000 0.000000e+000 0.000000e+000 9.207045e-001 7.929546e-002
 0.000000e+000 0.000000e+000 0.000000e+000 0.000000e+000 0.000000e+000
<ENDHMM>
~h "VQ"
<BEGINHMM>
<NUMSTATES> 5
<STATE> 2
<NUMMIXES> 2
<MIXTURE> 1 1.619537e-001
<MEAN> 22
 2.289161e+001 3.205628e+001 1.533620e+001 1.672550e+001 5.811649e+001 1.303277e+002 7.617514e+001 9.806635e+001 6.629240e+001 6.597582e+001 1.397523e+002 7.044222e+001 9.868140e+001 9.294791e+001 4.397847e+000 2.840618e+000 5.676979e+000 4.486234e+000 5.147148e+000 2.466748e+000 2.839180e+000 3.217539e+000
<VARIANCE> 22
 6.328046e+003 4.674951e+003 5.002054e+003 3.205095e+003 1.012757e+004 5.735937e+003 1.282211e+003 1.307816e+003 2.767738e+002 2.687591e+002 3.041993e+003 1.761804e+003 7.113128e+002 3.685205e+002 8.919765e+000 9.313046e-001 3.140477e+000 1.042213e+000 2.053392e+000 3.140766e+000 6.599088e+000 4.643353e+000
<GCONST> 1.542132e+002
<MIXTURE> 2 8.380454e-001
<MEAN> 22
 1.159009e+001 3.172000e+000 4.049937e+000 1.363453e+000 1.053666e+002 2.325654e+001 1.005946e+002 7.218325e+001 7.840875e+001 5.498416e+001 8.319870e+001 1.582610e+002 9.687524e+001 1.095818e+002 2.371414e+000 4.214702e+000 3.527810e+000 5.702540e+000 3.292377e+000 4.866281e+000 3.520253e+000 2.516152e+000
<VARIANCE> 22
 2.033187e+002 2.424738e+001 3.006047e+001 5.051519e+000 5.637393e+003 5.241500e+002 2.451428e+003 1.005715e+003 3.430814e+002 6.529321e+001 2.980944e+003 2.161137e+003 3.756703e+002 1.331308e+002 4.038883e+000 1.667722e+000 8.921699e+000 2.107632e-001 2.380549e+000 5.370553e+000 5.937283e+000 5.951504e+000
<GCONST> 1.287435e+002
<STATE> 3
<NUMMIXES> 2
<MIXTURE> 1 5.097782e-001
<MEAN> 22
 2.651329e+000 1.977542e+001 8.526503e-001 5.736169e+000 9.081369e+000 1.025464e+002 9.891540e+001 9.559409e+001 6.018085e+001 7.205546e+001 2.002513e+002 1.196343e+002 1.197758e+002 1.054624e+002 6.997556e+000 3.749999e+000 6.122704e+000 5.040998e+000 5.998551e+000 4.029544e+000 2.175538e+000 3.839454e+000
<VARIANCE> 22
 2.325406e+001 3.287029e+002 3.300596e+000 5.361609e+001 1.277934e+002 7.198585e+003 4.298291e+002 2.002114e+003 8.820715e+001 3.631000e+002 7.886486e+002 3.165793e+003 2.589737e+002 2.568996e+002 6.504287e-002 1.310718e+000 1.076475e-001 1.060196e+000 2.082488e-002 5.491473e+000 6.178188e+000 4.883927e+000
<GCONST> 1.147645e+002
<MIXTURE> 2 4.902213e-001
<MEAN> 22
 1.132141e+000 6.132246e+000 7.132455e-001 3.083214e+000 1.003455e+001 1.639260e+002 8.407761e+001 1.146732e+002 5.272183e+001 7.427447e+001 1.790923e+002 4.563380e+001 1.073147e+002 8.149519e+001 6.943776e+000 2.389352e+000 6.050447e+000 4.096517e+000 5.961868e+000 1.753745e+000 1.683959e+000 3.486317e+000
<VARIANCE> 22
 4.801632e+000 3.892973e+001 3.300596e+000 1.464938e+001 6.336982e+002 1.478927e+003 1.808107e+002 7.177343e+002 5.924494e+001 2.006649e+002 4.146974e+002 4.128491e+002 8.694839e+001 2.411514e+002 2.951190e-001 2.823922e-001 1.509881e-001 6.694635e-001 1.167355e-001 3.440427e-001 5.431240e+000 6.165671e+000
<GCONST> 1.019711e+002
<STATE> 4
<NUMMIXES> 2
<MIXTURE> 1 9.074461e-001
<MEAN> 22
 1.038180e+001 3.074964e+000 3.880318e+000 1.236827e+000 9.579174e+001 2.342237e+001 1.054171e+002 9.444033e+001 7.503873e+001 5.373682e+001 1.080820e+002 1.928752e+002 1.004011e+002 1.143085e+002 3.267700e+000 4.999570e+000 4.284239e+000 5.860974e+000 3.901101e+000 5.995517e+000 3.499864e+000 2.460189e+000
<VARIANCE> 22
 1.648682e+002 3.006964e+001 3.035023e+001 4.428900e+000 5.273200e+003 9.863239e+002 9.800607e+002 2.034333e+002 4.313675e+002 6.503223e+001 4.829806e+003 3.145109e+002 4.006407e+002 1.150132e+002 7.748651e+000 1.793315e-002 8.716077e+000 1.196989e-001 3.558545e+000 5.618803e-002 5.864974e+000 6.158268e+000
<GCONST> 1.167697e+002
<MIXTURE> 2 9.255362e-002
<MEAN> 22
 2.806763e+000 3.421382e+000 1.387172e+000 1.454690e+000 4.148125e+002 3.238276e+002 3.709687e+001 3.512352e+001 2.485509e+001 2.589746e+001 4.859361e+001 3.028711e+001 3.756617e+001 3.780969e+001 1.654101e+000 1.161609e+000 1.971500e+000 1.839560e+000 1.610231e+000 8.689870e-001 8.795316e-001 1.546904e+000
<VARIANCE> 22
 6.770887e+001 6.600645e+001 1.315377e+001 1.394430e+001 4.556542e+004 1.921474e+004 2.776010e+003 2.518180e+003 1.017376e+003 1.115091e+003 5.444160e+003 1.956449e+003 2.353444e+003 2.353396e+003 7.188968e+000 2.428633e+000 8.371561e+000 5.603715e+000 5.558203e+000 2.407946e+000 3.275329e+000 5.656435e+000
<GCONST> 1.482720e+002
<TRANSP> 5
 0.000000e+000 1.000000e+000 0.000000e+000 0.000000e+000 0.000000e+000
 0.000000e+000 8.548163e-001 1.451837e-001 0.000000e+000 0.000000e+000
 0.000000e+000 0.000000e+000 9.443719e-001 5.562814e-002 0.000000e+000
 0.000000e+000 0.000000e+000 0.000000e+000 8.852060e-001 1.147939e-001
 0.000000e+000 0.000000e+000 0.000000e+000 0.000000e+000 0.000000e+000
<ENDHMM>
~h "SIL"
<BEGINHMM>
<NUMSTATES> 5
<STATE> 2
<NUMMIXES> 2
<MIXTURE> 1 1.630518e-001
<MEAN> 22
 4.892722e+002 4.130164e+002 4.450489e+002 3.566732e+002 8.789637e-001 1.248510e+000 3.968707e+001 3.898571e+001 2.807372e+001 2.655288e+001 7.767284e+001 7.465838e+001 4.932903e+001 4.859779e+001 2.754590e+000 1.993390e+000 2.640718e+000 2.528099e+000 2.482163e+000 2.333981e+000 4.666736e+000 4.663766e+000
<VARIANCE> 22
 6.594613e+003 4.093973e+003 4.613077e+003 3.323760e+003 6.614547e+001 1.564983e+002 2.348078e+003 2.294512e+003 1.092186e+003 1.015226e+003 8.564406e+003 8.146628e+003 3.231707e+003 3.132700e+003 1.120535e+001 5.744399e+000 9.251770e+000 8.405379e+000 8.296168e+000 8.443803e+000 4.021996e+000 4.055552e+000
<GCONST> 1.625040e+002
<MIXTURE> 2 8.369482e-001
<MEAN> 22
 2.802597e-045 -7.847271e-044 -9.584881e-043 -1.256965e-042 3.661411e+001 2.963482e+001 0.000000e+000 0.000000e+000 0.000000e+000 0.000000e+000 0.000000e+000 0.000000e+000 0.000000e+000 0.000000e+000 0.000000e+000 0.000000e+000 0.000000e+000 0.000000e+000 0.000000e+000 0.000000e+000 -9.809089e-045 0.000000e+000
<VARIANCE> 22
 4.801632e+000 4.063125e+000 3.300596e+000 2.164982e+000 1.817521e+004 1.195245e+004 9.838196e+000 1.115232e+001 2.936353e+000 3.516743e+000 3.745900e+001 4.440890e+001 4.184655e+000 3.870682e+000 6.504287e-002 1.793315e-002 2.326111e-002 1.170389e-002 2.082488e-002 5.618803e-002 6.153807e-002 6.060927e-002
<GCONST> 5.449670e+001
<STATE> 3
<NUMMIXES> 2
<MIXTURE> 1 7.783514e-001
<MEAN> 22
 1.432422e+000 1.853738e+000 6.079336e-001 7.626666e-001 7.999454e+000 9.924141e+000 1.017662e+002 9.821522e+001 6.390433e+001 5.962752e+001 1.993560e+002 1.969749e+002 1.191314e+002 1.177800e+002 6.999685e+000 5.000005e+000 6.129657e+000 5.906553e+000 6.001861e+000 6.000381e+000 1.989131e+000 2.014161e+000
<VARIANCE> 22
 5.131718e+000 7.342916e+000 3.300596e+000 2.164982e+000 7.214452e+001 1.231134e+002 3.611830e+002 2.287934e+002 1.039501e+002 7.928872e+001 6.000047e+002 4.420562e+002 2.095536e+002 1.432798e+002 6.504287e-002 1.793315e-002 1.127379e-001 8.471905e-002 2.082488e-002 5.618803e-002 5.636999e+000 5.617484e+000
<GCONST> 8.355779e+001
<MIXTURE> 2 2.216540e-001
<MEAN> 22
 8.960679e+000 1.141688e+001 2.269530e+000 2.870518e+000 5.449749e+001 6.193843e+001 8.109040e+001 7.886012e+001 6.945874e+001 6.413285e+001 1.440164e+002 1.402229e+002 1.082140e+002 1.086447e+002 4.558254e+000 4.069042e+000 5.899111e+000 5.522038e+000 5.046707e+000 4.531558e+000 2.483674e+000 2.485669e+000
<VARIANCE> 22
 1.808307e+002 2.172224e+002 1.483514e+001 1.627008e+001 2.845646e+003 2.835405e+003 1.336608e+003 1.254469e+003 2.692182e+002 2.073337e+002 3.420486e+003 3.483436e+003 3.596861e+002 2.017387e+002 8.484595e+000 1.682852e+000 2.164114e+000 4.995585e-001 2.036943e+000 6.122944e+000 5.204460e+000 4.705461e+000
<GCONST> 1.336078e+002
<STATE> 4
<NUMMIXES> 2
<MIXTURE> 1 2.926939e-001
<MEAN> 22
 7.503982e-001 1.162505e+000 3.541807e-001 6.606241e-001 4.772501e+000 4.957747e+000 1.046402e+002 1.101258e+002 6.383049e+001 6.455943e+001 2.228324e+002 2.261787e+002 1.320004e+002 1.337632e+002 6.999935e+000 4.999935e+000 6.004321e+000 5.995148e+000 6.000000e+000 5.999932e+000 1.252845e+000 1.633424e+000
<VARIANCE> 22
 4.801632e+000 4.244654e+000 3.300596e+000 2.164982e+000 4.956259e+001 5.429972e+001 2.915222e+001 6.072513e+001 6.024072e+000 1.828062e+001 1.911852e+002 2.345831e+002 5.462914e+001 6.880653e+001 6.504287e-002 1.793315e-002 2.326111e-002 1.170389e-002 2.082488e-002 5.618803e-002 4.212015e+000 5.048296e+000
<GCONST> 6.577931e+001
<MIXTURE> 2 7.073110e-001
<MEAN> 22
 1.001216e+000 1.616941e+000 3.809678e-001 6.152497e-001 4.813182e+000 6.039201e+000 8.538873e+001 8.498114e+001 5.544742e+001 5.429645e+001 1.802301e+002 1.798511e+002 1.094040e+002 1.087633e+002 6.989281e+000 4.993833e+000 6.005672e+000 5.971593e+000 5.996176e+000 5.991868e+000 1.736060e+000 1.884243e+000
<VARIANCE> 22
 4.801632e+000 1.163723e+001 3.300596e+000 2.164982e+000 7.355600e+001 8.449261e+001 4.446571e+001 4.819244e+001 2.198899e+001 4.372460e+001 1.155190e+002 1.303699e+002 3.498971e+001 4.066505e+001 6.504287e-002 1.793315e-002 2.326111e-002 2.953276e-002 2.082488e-002 5.618803e-002 5.339201e+000 5.861823e+000
<GCONST> 6.923213e+001
<TRANSP> 5
 0.000000e+000 1.000000e+000 0.000000e+000 0.000000e+000 0.000000e+000
 0.000000e+000 9.079453e-001 9.205464e-002 0.000000e+000 0.000000e+000
 0.000000e+000 0.000000e+000 9.972726e-001 2.727428e-003 0.000000e+000
 0.000000e+000 0.000000e+000 0.000000e+000 9.927431e-001 7.256954e-003
 0.000000e+000 0.000000e+000 0.000000e+000 0.000000e+000 0.000000e+000
<ENDHMM>
