~o
<STREAMINFO> 1 39
<VECSIZE> 39<NULLD><MFCC_D_A_C_K_0><DIAGC>
~s "silst"
<NUMMIXES> 8
<MIXTURE> 1 3.210539e-02
<MEAN> 39
 -1.427225e+01 -8.590830e+00 -9.686806e+00 -1.471227e+01 -8.526837e+00 -1.615991e+01 -8.465425e+00 -7.565747e+00 -3.002581e+00 -3.127043e+00 -3.134154e+00 -5.090427e-01 6.816315e+01 -1.589847e-01 1.419092e-01 2.200918e-01 -1.452730e-01 4.745498e-01 2.858570e-01 6.838586e-01 6.724768e-01 7.434381e-01 4.651389e-01 7.778916e-01 4.595958e-01 7.658021e-01 3.546935e-02 1.117984e-02 -9.621844e-03 4.725416e-02 2.900244e-02 5.346851e-02 3.960574e-02 2.920684e-02 4.250679e-02 5.798461e-02 2.925277e-02 3.805558e-02 -2.698492e-02
<VARIANCE> 39
 6.443314e+01 5.622217e+01 6.554163e+01 6.205416e+01 9.166886e+01 7.575385e+01 7.638825e+01 7.384664e+01 6.474498e+01 6.244692e+01 6.186209e+01 4.835467e+01 6.358155e+01 3.386985e+00 2.568220e+00 3.246648e+00 3.617062e+00 4.648485e+00 4.197580e+00 4.710633e+00 4.816370e+00 4.333124e+00 4.102365e+00 3.973780e+00 3.244673e+00 2.845652e+00 4.574137e-01 3.799846e-01 5.123160e-01 6.031351e-01 7.388582e-01 7.358530e-01 8.337423e-01 8.783336e-01 8.039464e-01 7.577538e-01 7.490855e-01 6.167045e-01 4.553769e-01
<GCONST> 1.374270e+02
<MIXTURE> 2 1.412090e-01
<MEAN> 39
 -1.455809e+01 -9.505651e+00 -1.216850e+01 -1.172126e+01 -1.061964e+01 -1.662933e+01 -1.163836e+01 -1.085512e+01 -6.229054e+00 -3.797595e+00 -6.881632e+00 -1.924348e+00 5.752963e+01 3.942899e-02 7.828650e-02 1.288981e-01 2.090905e-01 3.139001e-01 4.319152e-01 5.208348e-01 6.080691e-01 6.607365e-01 6.724956e-01 6.011485e-01 4.294659e-01 9.890571e-04 4.493981e-02 7.970341e-02 9.017799e-02 7.227626e-02 6.111944e-02 4.630722e-03 -2.067742e-02 -3.679448e-02 -3.143489e-02 -2.518919e-02 6.480239e-03 1.126397e-02 4.556978e-02
<VARIANCE> 39
 6.499696e+00 6.069642e+00 8.285490e+00 1.121241e+01 1.424842e+01 1.614759e+01 1.874531e+01 2.096869e+01 2.288705e+01 2.029696e+01 1.977758e+01 1.843255e+01 4.182186e+00 2.309503e-01 3.655992e-01 5.755711e-01 8.156332e-01 1.050727e+00 1.289086e+00 1.503507e+00 1.714359e+00 1.817894e+00 1.771247e+00 1.685579e+00 1.600287e+00 8.509956e-02 4.412295e-02 7.370954e-02 1.163014e-01 1.678021e-01 2.228071e-01 2.758966e-01 3.260901e-01 3.757338e-01 4.010950e-01 3.932013e-01 3.730098e-01 3.458560e-01 1.650715e-02
<GCONST> 7.993434e+01
<MIXTURE> 3 2.341539e-01
<MEAN> 39
 -1.278249e+01 -8.611659e+00 -1.076574e+01 -9.434637e+00 -1.024100e+01 -1.710600e+01 -1.373751e+01 -1.344002e+01 -9.104496e+00 -5.227404e+00 -9.204501e+00 -3.280074e+00 5.716131e+01 8.358487e-02 1.154385e-01 1.358692e-01 1.302907e-01 6.890276e-02 3.568974e-02 -2.354473e-02 -4.705984e-02 -5.532607e-02 -2.850174e-02 -1.891726e-02 3.690051e-02 1.572907e-02 -3.222927e-02 -2.554153e-02 -4.238945e-02 -5.841810e-02 1.423184e-02 5.284208e-02 1.207404e-01 1.500099e-01 1.587474e-01 1.247130e-01 1.336062e-01 7.930035e-02 1.629857e-02
<VARIANCE> 39
 2.536975e+00 3.825507e+00 5.558834e+00 7.627418e+00 1.050797e+01 1.305944e+01 1.436929e+01 1.624269e+01 1.794884e+01 1.761072e+01 1.574898e+01 1.477274e+01 1.198181e+00 1.848049e-01 3.355981e-01 5.370311e-01 7.597675e-01 9.775891e-01 1.198155e+00 1.431743e+00 1.667602e+00 1.772580e+00 1.713668e+00 1.604656e+00 1.534422e+00 5.732720e-02 3.361766e-02 6.358717e-02 1.033421e-01 1.500171e-01 1.993256e-01 2.485145e-01 2.934355e-01 3.416115e-01 3.696508e-01 3.641220e-01 3.389378e-01 3.175278e-01 1.050731e-02
<GCONST> 7.155231e+01
<MIXTURE> 4 9.851386e-02
<MEAN> 39
 -1.574262e+01 -8.080709e+00 -1.138942e+01 -1.313378e+01 -9.528324e+00 -1.703791e+01 -1.042019e+01 -9.873640e+00 -4.517467e+00 -3.978557e+00 -4.133254e+00 -7.807221e-01 6.189343e+01 -8.245558e-04 1.163440e-01 1.486177e-01 1.906024e-01 1.734902e-01 1.322342e-01 1.074636e-01 1.111252e-01 1.220776e-01 1.369139e-01 1.585103e-01 1.384255e-01 -4.286069e-02 4.794048e-02 7.501330e-03 4.513767e-02 3.192052e-02 2.805709e-02 3.672938e-02 3.579561e-02 5.383460e-02 4.255053e-02 4.885530e-02 2.808025e-02 2.381358e-02 4.400215e-02
<VARIANCE> 39
 3.103899e+01 1.874719e+01 2.366753e+01 2.258211e+01 3.421540e+01 3.223967e+01 3.574792e+01 3.890773e+01 4.036568e+01 3.548085e+01 3.287157e+01 2.774336e+01 1.211129e+01 7.639335e-01 7.138782e-01 1.039206e+00 1.315306e+00 1.682300e+00 1.903704e+00 2.176954e+00 2.365347e+00 2.426181e+00 2.346693e+00 2.227139e+00 1.960672e+00 4.325757e-01 1.187065e-01 1.270483e-01 1.915005e-01 2.505273e-01 3.205094e-01 3.745553e-01 4.367573e-01 4.908810e-01 5.022870e-01 4.929639e-01 4.584874e-01 4.050516e-01 6.728891e-02
<GCONST> 1.033600e+02
<MIXTURE> 5 1.717279e-01
<MEAN> 39
 -1.293215e+01 -8.883689e+00 -1.114480e+01 -9.860379e+00 -1.062239e+01 -1.750903e+01 -1.404101e+01 -1.374162e+01 -9.492964e+00 -5.540156e+00 -9.643233e+00 -3.633329e+00 5.702705e+01 -3.571085e-02 -7.805911e-02 -1.164444e-01 -1.699979e-01 -2.896706e-01 -3.509228e-01 -4.388829e-01 -4.873955e-01 -5.262770e-01 -5.117640e-01 -5.037313e-01 -3.571490e-01 -4.932159e-02 -5.418764e-02 -5.363374e-02 -6.980675e-02 -8.609891e-02 -3.224742e-02 -2.451837e-03 4.783972e-02 6.607782e-02 6.701398e-02 3.788477e-02 4.517861e-02 1.461962e-02 -2.659794e-03
<VARIANCE> 39
 2.581148e+00 3.868663e+00 5.666869e+00 7.864723e+00 1.055584e+01 1.320213e+01 1.481032e+01 1.675696e+01 1.846294e+01 1.788893e+01 1.613929e+01 1.492960e+01 1.183300e+00 1.809100e-01 3.322696e-01 5.299159e-01 7.489463e-01 9.701272e-01 1.191353e+00 1.435743e+00 1.659996e+00 1.775249e+00 1.716419e+00 1.602451e+00 1.520481e+00 5.587184e-02 3.341264e-02 6.452696e-02 1.040103e-01 1.511383e-01 2.011050e-01 2.511658e-01 2.968750e-01 3.466335e-01 3.735241e-01 3.686321e-01 3.419505e-01 3.200399e-01 1.000419e-02
<GCONST> 7.172534e+01
<MIXTURE> 6 1.887107e-01
<MEAN> 39
 -1.462951e+01 -9.703357e+00 -1.255350e+01 -1.200391e+01 -1.099270e+01 -1.687307e+01 -1.183185e+01 -1.106912e+01 -6.575815e+00 -4.097665e+00 -7.299344e+00 -2.245363e+00 5.717196e+01 -8.210368e-02 -1.310029e-01 -1.393473e-01 -9.571662e-02 -6.450979e-02 3.041865e-02 7.739981e-02 1.268760e-01 1.506724e-01 1.636903e-01 8.701693e-02 1.240624e-02 -7.981236e-02 2.216979e-02 4.864385e-02 6.075620e-02 4.428582e-02 7.184327e-03 -6.145344e-02 -1.170930e-01 -1.494366e-01 -1.552919e-01 -1.363039e-01 -1.104209e-01 -7.268795e-02 1.904234e-02
<VARIANCE> 39
 5.845910e+00 5.839106e+00 8.042414e+00 1.081563e+01 1.385644e+01 1.595804e+01 1.865589e+01 2.080513e+01 2.233338e+01 2.014605e+01 1.934039e+01 1.817176e+01 3.935038e+00 2.174079e-01 3.532660e-01 5.556607e-01 7.899515e-01 1.018961e+00 1.252609e+00 1.473136e+00 1.688405e+00 1.788092e+00 1.743635e+00 1.654039e+00 1.569164e+00 7.811548e-02 4.158093e-02 7.285857e-02 1.144260e-01 1.658184e-01 2.208985e-01 2.739799e-01 3.238438e-01 3.711043e-01 3.978033e-01 3.903160e-01 3.686371e-01 3.438199e-01 1.432371e-02
<GCONST> 7.881944e+01
<MIXTURE> 7 9.422982e-02
<MEAN> 39
 -1.535544e+01 -8.213621e+00 -1.150269e+01 -1.293376e+01 -9.544842e+00 -1.715023e+01 -1.090042e+01 -1.042670e+01 -5.390278e+00 -4.612217e+00 -5.110794e+00 -1.436571e+00 6.093219e+01 -7.496995e-02 -9.015235e-02 -1.155815e-01 -5.622510e-02 -2.405309e-01 -3.067090e-01 -4.630223e-01 -5.391824e-01 -5.769816e-01 -5.346633e-01 -5.447176e-01 -3.896374e-01 -2.097549e-01 2.573764e-02 -4.707223e-02 -1.703819e-02 -9.168237e-03 -7.193438e-02 -5.381165e-02 -8.736379e-02 -8.330911e-02 -1.017040e-01 -7.513477e-02 -1.212052e-01 -7.855380e-02 -8.349327e-03
<VARIANCE> 39
 2.328992e+01 1.602851e+01 2.167365e+01 2.067112e+01 3.034822e+01 3.021989e+01 3.277217e+01 3.668099e+01 3.870166e+01 3.446846e+01 3.090378e+01 2.652002e+01 9.446688e+00 7.297863e-01 6.905157e-01 1.026459e+00 1.312614e+00 1.655122e+00 1.863056e+00 2.142754e+00 2.334913e+00 2.430169e+00 2.322855e+00 2.183632e+00 1.930030e+00 4.153955e-01 1.091813e-01 1.236880e-01 1.861578e-01 2.484561e-01 3.146246e-01 3.698755e-01 4.337007e-01 4.883187e-01 5.069413e-01 4.969024e-01 4.571819e-01 4.054520e-01 5.479464e-02
<GCONST> 1.013577e+02
<MIXTURE> 8 3.749723e-02
<MEAN> 39
 -1.431955e+01 -8.234604e+00 -9.876513e+00 -1.456437e+01 -8.546881e+00 -1.693910e+01 -9.245132e+00 -8.562391e+00 -4.039108e+00 -4.195910e+00 -3.927235e+00 -1.280793e+00 6.701999e+01 -2.422595e-02 -7.456179e-02 -2.677120e-01 -3.780923e-01 -9.433405e-02 -2.832606e-01 -8.881791e-02 -1.852105e-01 -1.021765e-01 -2.888607e-01 -1.009326e-01 -1.780244e-01 3.557457e-01 7.245692e-02 -3.233410e-02 -7.609162e-02 6.967813e-02 -1.125117e-01 -2.876984e-02 -1.272987e-01 -1.376731e-01 -1.419523e-01 -5.833342e-02 -1.511323e-01 -7.550021e-02 -2.162370e-01
<VARIANCE> 39
 6.102854e+01 4.578218e+01 6.348545e+01 5.728655e+01 8.485590e+01 7.278773e+01 7.240263e+01 7.214024e+01 6.402145e+01 6.020207e+01 5.860239e+01 4.503091e+01 5.132740e+01 2.758819e+00 2.089957e+00 2.867172e+00 3.412918e+00 4.101223e+00 3.949473e+00 4.375036e+00 4.544999e+00 4.144100e+00 3.901512e+00 3.746856e+00 3.036986e+00 2.845510e+00 4.522830e-01 3.521956e-01 5.036285e-01 6.125053e-01 7.348595e-01 7.468999e-01 8.333559e-01 8.816561e-01 8.142477e-01 7.682178e-01 7.401155e-01 6.096843e-01 3.863589e-01
<GCONST> 1.351050e+02
~h "sp"
<BEGINHMM>
<NUMSTATES> 3
<STATE> 2
~s "silst"
<TRANSP> 3
 0.000000e+00 5.037982e-01 4.962018e-01
 0.000000e+00 9.904538e-01 9.546222e-03
 0.000000e+00 0.000000e+00 0.000000e+00
<ENDHMM>
~h "oov"
<BEGINHMM>
<NUMSTATES> 3
<STATE> 2
<NUMMIXES> 8
<MIXTURE> 1 7.710648e-02
<MEAN> 39
 -1.371088e+01 -6.361744e+00 -1.012795e+01 -1.272484e+01 -8.204079e+00 -1.799222e+01 -1.007298e+01 -8.869022e+00 -3.127628e+00 -3.204439e+00 -3.228568e+00 -1.028769e+00 6.664689e+01 -2.299633e-01 3.833202e-02 5.010493e-01 -6.267954e-01 4.845340e-01 1.681392e-01 9.619747e-01 1.652712e+00 1.568484e+00 7.820978e-01 1.464861e+00 7.635968e-01 1.712888e+00 2.075368e-01 -2.489061e-01 4.467313e-02 -3.131701e-01 -1.228709e-01 8.460163e-02 1.595026e-01 3.386700e-01 2.165388e-01 1.505447e-01 1.858939e-01 1.036158e-01 4.671620e-01
<VARIANCE> 39
 5.549782e+01 4.230400e+01 4.489492e+01 3.680307e+01 6.001967e+01 5.660852e+01 5.647852e+01 5.373710e+01 5.529569e+01 5.127243e+01 4.987964e+01 3.683369e+01 4.036598e+01 7.164098e+00 4.819786e+00 5.501814e+00 5.196290e+00 7.912525e+00 6.539733e+00 6.380167e+00 6.508782e+00 5.830933e+00 5.862545e+00 5.280766e+00 4.515588e+00 3.168773e+00 6.662967e-01 5.089030e-01 6.161727e-01 6.561085e-01 9.079263e-01 8.890401e-01 9.094809e-01 9.969131e-01 9.607955e-01 8.937147e-01 8.940569e-01 7.235294e-01 4.432612e-01
<GCONST> 1.408844e+02
<MIXTURE> 2 1.403652e-01
<MEAN> 39
 -1.157560e+01 -1.107026e+01 -9.637831e+00 -1.776362e+01 -8.608416e+00 -1.425329e+01 -6.795090e+00 -4.578393e+00 -1.394598e+00 -2.792017e+00 -5.989738e-01 -8.705475e-01 7.445527e+01 7.469886e-02 1.451846e-01 1.002310e-01 2.728404e-01 2.731344e-01 3.392683e-01 3.612906e-01 3.819782e-01 3.871646e-01 4.113201e-01 3.362074e-01 3.076994e-01 -1.635050e-01 5.890397e-02 1.096626e-01 2.271107e-02 1.426074e-01 7.672094e-03 -4.195914e-02 -1.707350e-02 -2.702729e-02 8.023578e-02 1.235891e-01 4.138932e-02 7.538100e-02 -1.172892e-01
<VARIANCE> 39
 9.787450e+01 9.942801e+01 1.002735e+02 9.038506e+01 1.470328e+02 1.233551e+02 1.134328e+02 1.067558e+02 9.164139e+01 8.372198e+01 8.701771e+01 8.119530e+01 4.255114e+01 5.269231e-01 1.057006e+00 1.401726e+00 1.724940e+00 2.278499e+00 2.596721e+00 2.942604e+00 2.944752e+00 2.929809e+00 2.759326e+00 2.630617e+00 2.407449e+00 5.043525e-01 1.190711e-01 2.034329e-01 2.498402e-01 3.372741e-01 4.307947e-01 4.927770e-01 5.693247e-01 5.939220e-01 5.764931e-01 5.448992e-01 5.201672e-01 4.789021e-01 8.277699e-02
<GCONST> 1.243570e+02
<MIXTURE> 3 1.546244e-01
<MEAN> 39
 -6.944858e+00 -9.958900e+00 -1.223261e+01 -1.534347e+01 -1.182271e+01 -1.788918e+01 -1.014579e+01 -8.063776e+00 -3.241879e+00 -1.301692e+00 -3.589016e+00 -4.285420e-01 6.882295e+01 -1.999014e-01 5.359603e-01 6.011269e-02 6.709486e-01 2.463723e-01 2.062807e-01 -1.613152e-01 -6.012592e-01 -2.985254e-01 7.440811e-02 -2.154552e-01 8.939445e-02 -9.056693e-01 -1.260039e-01 -1.925667e-02 1.761137e-01 -3.415374e-02 9.552539e-02 6.848630e-02 7.748543e-02 2.214195e-01 1.196563e-01 7.738180e-03 1.543643e-01 5.719484e-02 1.136216e-01
<VARIANCE> 39
 2.863341e+01 3.577748e+01 6.892779e+01 4.563859e+01 7.723592e+01 8.634783e+01 7.000936e+01 8.493472e+01 8.027963e+01 7.100618e+01 7.367387e+01 6.359650e+01 3.627531e+01 9.241740e-01 1.240173e+00 2.042272e+00 2.106673e+00 2.727600e+00 3.282530e+00 3.450372e+00 3.896492e+00 3.683297e+00 3.587840e+00 3.310480e+00 2.994396e+00 8.874149e-01 1.296607e-01 1.694639e-01 2.770561e-01 3.323894e-01 4.179800e-01 5.060643e-01 5.651470e-01 6.875976e-01 6.825617e-01 6.450666e-01 6.109506e-01 5.411268e-01 1.129044e-01
<GCONST> 1.231823e+02
<MIXTURE> 4 1.221059e-01
<MEAN> 39
 -1.004071e+01 -1.041047e+01 -7.236684e+00 -1.830096e+01 -1.189509e+01 -1.942307e+01 -9.121273e+00 -3.695872e+00 2.819896e-01 -7.912434e-01 6.133268e-01 5.453677e-01 7.562054e+01 4.788439e-01 -5.186841e-01 4.335639e-02 -3.067819e-01 -1.136345e-01 2.861236e-01 4.773834e-01 6.046848e-01 2.935013e-01 2.371090e-01 2.670822e-01 1.991430e-01 8.104666e-01 -9.534535e-02 1.816756e-01 -1.290170e-01 3.017560e-01 2.125564e-01 1.908869e-01 5.581112e-02 -2.640560e-01 -1.850596e-01 -3.807102e-02 -1.379769e-01 -1.865694e-02 -3.732067e-01
<VARIANCE> 39
 6.487495e+01 7.654688e+01 1.040712e+02 7.675247e+01 1.309643e+02 1.373189e+02 1.199515e+02 1.079549e+02 9.507693e+01 9.755765e+01 8.767816e+01 8.317080e+01 3.580990e+01 3.452327e+00 3.658861e+00 4.455710e+00 4.989434e+00 6.640010e+00 6.875138e+00 6.622370e+00 6.820334e+00 5.878781e+00 5.702985e+00 5.163813e+00 4.592248e+00 2.448057e+00 6.186574e-01 5.844785e-01 7.603014e-01 8.344582e-01 1.209528e+00 1.253949e+00 1.255265e+00 1.308859e+00 1.165566e+00 1.121695e+00 1.000325e+00 8.945660e-01 3.378830e-01
<GCONST> 1.494026e+02
<MIXTURE> 5 1.739419e-01
<MEAN> 39
 -1.071622e+01 -1.059078e+01 -9.433652e+00 -1.725655e+01 -8.667688e+00 -1.449702e+01 -7.823390e+00 -5.177616e+00 -2.511574e+00 -3.476770e+00 -1.520817e+00 -1.607040e+00 7.338306e+01 -4.977904e-02 -5.488238e-02 -2.367587e-01 -3.399790e-02 -1.793252e-01 -1.542214e-01 -1.716532e-01 -2.131050e-01 -2.238458e-01 -1.378514e-01 -2.250372e-01 -1.254327e-01 -3.789452e-01 6.982539e-03 4.847232e-02 -9.190887e-02 4.879520e-02 -1.275722e-01 -2.022742e-01 -1.733861e-01 -2.038116e-01 -7.694343e-02 -2.165834e-02 -1.158685e-01 -4.167099e-02 -1.630851e-01
<VARIANCE> 39
 8.279372e+01 8.664106e+01 1.022395e+02 8.304266e+01 1.393899e+02 1.187009e+02 1.139790e+02 1.089464e+02 9.293412e+01 7.998241e+01 8.366246e+01 7.576273e+01 4.416552e+01 5.229719e-01 1.014964e+00 1.382590e+00 1.678300e+00 2.235724e+00 2.567110e+00 2.885050e+00 2.918232e+00 2.912132e+00 2.723901e+00 2.561175e+00 2.341277e+00 5.469999e-01 1.187814e-01 2.014520e-01 2.554028e-01 3.453254e-01 4.410853e-01 4.922955e-01 5.808383e-01 6.082277e-01 5.856876e-01 5.504264e-01 5.229326e-01 4.867155e-01 8.181210e-02
<GCONST> 1.238115e+02
<MIXTURE> 6 1.236965e-01
<MEAN> 39
 -7.551097e+00 -9.816242e+00 -1.206371e+01 -1.476608e+01 -1.131098e+01 -1.738702e+01 -1.003511e+01 -7.662798e+00 -3.690480e+00 -2.180985e+00 -4.367852e+00 -9.612355e-01 6.753145e+01 -4.862875e-01 3.272389e-01 -2.490280e-01 4.982016e-01 -2.408734e-02 -1.244826e-01 -6.495934e-01 -1.242395e+00 -1.024965e+00 -6.527103e-01 -9.406331e-01 -4.727753e-01 -1.210161e+00 -1.611727e-01 -8.710189e-02 9.258857e-02 -1.076753e-01 -3.012738e-02 -8.075999e-02 -8.008918e-02 2.944705e-02 -5.689030e-02 -1.429405e-01 -1.990416e-02 -8.218903e-02 8.061472e-02
<VARIANCE> 39
 2.674402e+01 3.205270e+01 6.827454e+01 4.330494e+01 7.471788e+01 8.158970e+01 6.790955e+01 8.091558e+01 7.688035e+01 6.663782e+01 7.107700e+01 5.781238e+01 3.200580e+01 9.457880e-01 1.215829e+00 2.121457e+00 2.114101e+00 2.790173e+00 3.308560e+00 3.461246e+00 3.847934e+00 3.708022e+00 3.607876e+00 3.296146e+00 2.996155e+00 8.476908e-01 1.263520e-01 1.618572e-01 2.626582e-01 3.194860e-01 3.998427e-01 4.919925e-01 5.516020e-01 6.641396e-01 6.660508e-01 6.259536e-01 5.876437e-01 5.219676e-01 9.963584e-02
<GCONST> 1.218881e+02
<MIXTURE> 7 1.065343e-01
<MEAN> 39
 -1.076610e+01 -9.469459e+00 -7.231670e+00 -1.778941e+01 -1.144139e+01 -1.987544e+01 -9.761543e+00 -4.618894e+00 -9.535888e-01 -1.803022e+00 -2.079741e-01 -3.376160e-01 7.424071e+01 6.434982e-01 -6.114123e-01 -2.753938e-01 -5.302368e-01 -6.269927e-01 -3.469801e-01 -2.808502e-01 -2.130938e-01 -4.719339e-01 -4.712681e-01 -4.590775e-01 -4.637374e-01 5.206746e-01 -6.035724e-02 1.186632e-01 -1.934146e-01 2.473460e-01 9.826957e-02 1.074219e-01 -5.826144e-02 -3.796166e-01 -3.034106e-01 -1.645492e-01 -2.871024e-01 -1.357000e-01 -4.047834e-01
<VARIANCE> 39
 7.169910e+01 7.433508e+01 1.042390e+02 7.686311e+01 1.296078e+02 1.273975e+02 1.145081e+02 1.067425e+02 9.352283e+01 9.363327e+01 8.624110e+01 7.744762e+01 3.523047e+01 3.357036e+00 3.459537e+00 4.312848e+00 4.905983e+00 6.345470e+00 6.754224e+00 6.379350e+00 6.729820e+00 5.731738e+00 5.568577e+00 5.006457e+00 4.410675e+00 2.634759e+00 6.489766e-01 5.681698e-01 7.655923e-01 8.306453e-01 1.220679e+00 1.260170e+00 1.237414e+00 1.302799e+00 1.150926e+00 1.124375e+00 9.833075e-01 8.792440e-01 3.301582e-01
<GCONST> 1.488265e+02
<MIXTURE> 8 9.988783e-02
<MEAN> 39
 -1.286883e+01 -6.327725e+00 -1.045423e+01 -1.275584e+01 -8.995009e+00 -1.876482e+01 -1.129446e+01 -1.009320e+01 -4.292396e+00 -3.813231e+00 -4.130041e+00 -1.816503e+00 6.627659e+01 1.151121e-01 -2.883309e-01 1.361735e-01 -8.691986e-01 -1.657295e-01 -4.056633e-01 5.243985e-02 8.549492e-01 6.349819e-01 -4.719764e-03 5.530851e-01 3.781076e-02 1.249366e+00 1.627678e-01 -2.724306e-01 1.064114e-02 -3.555521e-01 -1.804360e-01 -2.803460e-03 6.920463e-02 2.699828e-01 1.012010e-01 1.223978e-02 6.900290e-02 -4.231483e-03 3.774962e-01
<VARIANCE> 39
 5.407654e+01 3.738255e+01 4.376830e+01 3.675190e+01 5.590623e+01 5.483459e+01 5.456220e+01 5.446466e+01 5.633708e+01 5.098052e+01 4.975033e+01 3.727907e+01 3.452729e+01 6.166481e+00 3.887730e+00 5.163888e+00 4.906592e+00 6.928889e+00 6.143017e+00 6.049583e+00 6.543105e+00 5.686774e+00 5.758958e+00 5.108289e+00 4.394415e+00 2.804332e+00 6.306866e-01 4.687112e-01 5.868353e-01 6.201188e-01 8.578765e-01 8.513401e-01 8.747396e-01 9.714702e-01 9.420359e-01 8.696006e-01 8.377857e-01 6.986759e-01 3.634165e-01
<GCONST> 1.387429e+02
<TRANSP> 3
 0.000000e+00 1.000000e+00 0.000000e+00
 0.000000e+00 9.855859e-01 1.441413e-02
 0.000000e+00 0.000000e+00 0.000000e+00
<ENDHMM>
~h "sil"
<BEGINHMM>
<NUMSTATES> 3
<STATE> 2
~s "silst"
<TRANSP> 3
 0.000000e+00 1.000000e+00 0.000000e+00
 0.000000e+00 9.965030e-01 3.497044e-03
 0.000000e+00 0.000000e+00 0.000000e+00
<ENDHMM>
~h "noise"
<BEGINHMM>
<NUMSTATES> 3
<STATE> 2
~s "silst"
<TRANSP> 3
 0.000000e+00 1.000000e+00 0.000000e+00
 0.000000e+00 9.874831e-01 1.251684e-02
 0.000000e+00 0.000000e+00 0.000000e+00
<ENDHMM>
