~o
<STREAMINFO> 1 22
<VECSIZE> 22<NULLD><MFCC_0><DIAGC>
~h "BN_2"
<BEGINHMM>
<NUMSTATES> 5
<STATE> 2
<MEAN> 22
 4.833777e+00 6.548908e+00 1.317073e+00 1.886248e+00 4.660241e+01 6.127687e+01 9.340198e+01 9.084546e+01 6.596018e+01 6.478708e+01 1.557038e+02 1.396020e+02 1.089621e+02 1.074708e+02 5.326616e+00 4.006495e+00 5.481389e+00 5.343195e+00 5.172619e+00 4.345375e+00 2.380831e+00 2.684798e+00
<VARIANCE> 22
 8.939351e+01 1.259880e+02 6.517481e+00 1.100509e+01 4.231172e+03 4.652506e+03 1.057109e+03 1.065366e+03 3.499745e+02 3.459402e+02 4.069138e+03 4.793272e+03 4.366070e+02 3.730877e+02 6.727910e+00 1.843665e+00 3.615559e+00 1.205165e+00 2.309451e+00 5.708086e+00 6.375270e+00 6.299809e+00
<GCONST> 1.355180e+02
<STATE> 3
<MEAN> 22
 4.705295e+00 6.546340e+00 1.272284e+00 1.834166e+00 4.560762e+01 6.006564e+01 9.214934e+01 9.030904e+01 6.578226e+01 6.491986e+01 1.567669e+02 1.400061e+02 1.091256e+02 1.075594e+02 5.346287e+00 4.000152e+00 5.518978e+00 5.352446e+00 5.189006e+00 4.352522e+00 2.313268e+00 2.639831e+00
<VARIANCE> 22
 8.889937e+01 1.216108e+02 6.356933e+00 9.935409e+00 4.078947e+03 4.500851e+03 1.076933e+03 1.089705e+03 3.397136e+02 3.442498e+02 4.024396e+03 4.782542e+03 4.395781e+02 3.781920e+02 6.767391e+00 1.832235e+00 3.459641e+00 1.182862e+00 2.281235e+00 5.795568e+00 6.288544e+00 6.237944e+00
<GCONST> 1.352099e+02
<STATE> 4
<MEAN> 22
 4.928793e+00 6.690792e+00 1.251511e+00 1.800893e+00 4.621009e+01 5.895959e+01 8.961283e+01 8.817696e+01 6.563176e+01 6.457767e+01 1.557360e+02 1.393562e+02 1.085006e+02 1.071796e+02 5.282760e+00 3.937170e+00 5.532742e+00 5.329002e+00 5.154387e+00 4.275720e+00 2.275293e+00 2.575071e+00
<VARIANCE> 22
 9.300993e+01 1.225792e+02 5.864802e+00 9.228828e+00 3.891518e+03 4.285232e+03 1.228160e+03 1.198233e+03 3.783035e+02 3.644146e+02 4.106292e+03 4.889139e+03 5.332110e+02 4.668360e+02 6.950119e+00 1.988443e+00 3.412564e+00 1.355492e+00 2.352041e+00 6.199049e+00 6.126018e+00 6.297284e+00
<GCONST> 1.361615e+02
<TRANSP> 5
 0.000000e+00 1.000000e+00 0.000000e+00 0.000000e+00 0.000000e+00
 0.000000e+00 7.490647e-01 2.509354e-01 0.000000e+00 0.000000e+00
 0.000000e+00 0.000000e+00 7.490645e-01 2.509355e-01 0.000000e+00
 0.000000e+00 0.000000e+00 0.000000e+00 8.619279e-01 1.380721e-01
 0.000000e+00 0.000000e+00 0.000000e+00 0.000000e+00 0.000000e+00
<ENDHMM>
~h "BS_2"
<BEGINHMM>
<NUMSTATES> 5
<STATE> 2
<MEAN> 22
 5.667496e+00 7.149273e+00 1.536233e+00 2.124251e+00 4.965615e+01 6.071337e+01 8.839799e+01 8.721441e+01 6.510731e+01 6.258987e+01 1.554307e+02 1.458542e+02 1.089671e+02 1.077839e+02 5.068094e+00 4.078354e+00 5.764736e+00 5.458456e+00 5.137595e+00 4.537531e+00 2.399292e+00 2.632972e+00
<VARIANCE> 22
 1.155028e+02 1.430170e+02 8.963901e+00 1.438623e+01 5.373409e+03 4.764264e+03 1.077625e+03 1.056089e+03 2.990392e+02 2.526927e+02 3.526200e+03 3.918975e+03 3.644273e+02 3.300647e+02 7.840409e+00 1.732644e+00 2.462757e+00 9.606812e-01 2.583045e+00 5.350491e+00 6.468614e+00 6.009207e+00
<GCONST> 1.351364e+02
<STATE> 3
<MEAN> 22
 5.890812e+00 7.362617e+00 1.625294e+00 2.112216e+00 4.706035e+01 6.074817e+01 8.866170e+01 8.836258e+01 6.485516e+01 6.319644e+01 1.570772e+02 1.459404e+02 1.092256e+02 1.078590e+02 5.059290e+00 4.079945e+00 5.850445e+00 5.423316e+00 5.188504e+00 4.502564e+00 2.415937e+00 2.656008e+00
<VARIANCE> 22
 1.340439e+02 1.463117e+02 1.237026e+01 1.328496e+01 4.815661e+03 4.685250e+03 1.033299e+03 1.046942e+03 2.692059e+02 2.516685e+02 3.460580e+03 3.966236e+03 3.610632e+02 3.274778e+02 7.927418e+00 1.681482e+00 2.140524e+00 9.781796e-01 2.574511e+00 5.350713e+00 6.315885e+00 5.869526e+00
<GCONST> 1.350486e+02
<STATE> 4
<MEAN> 22
 5.914129e+00 7.272557e+00 1.591088e+00 2.047393e+00 4.589245e+01 5.765039e+01 8.834776e+01 8.880895e+01 6.514298e+01 6.417413e+01 1.554369e+02 1.463129e+02 1.087095e+02 1.080567e+02 4.981530e+00 4.092988e+00 5.838353e+00 5.432575e+00 5.145093e+00 4.478343e+00 2.481257e+00 2.628224e+00
<VARIANCE> 22
 1.304853e+02 1.347544e+02 1.050697e+01 1.132786e+01 3.874210e+03 4.280659e+03 1.087755e+03 1.077672e+03 2.435663e+02 2.858225e+02 3.675733e+03 4.039873e+03 4.271918e+02 3.227775e+02 7.975730e+00 1.624346e+00 2.132781e+00 9.447882e-01 2.663982e+00 5.566331e+00 6.118442e+00 5.883446e+00
<GCONST> 1.346263e+02
<TRANSP> 5
 0.000000e+00 1.000000e+00 0.000000e+00 0.000000e+00 0.000000e+00
 0.000000e+00 7.135075e-01 2.864925e-01 0.000000e+00 0.000000e+00
 0.000000e+00 0.000000e+00 7.135084e-01 2.864916e-01 0.000000e+00
 0.000000e+00 0.000000e+00 0.000000e+00 8.310524e-01 1.689476e-01
 0.000000e+00 0.000000e+00 0.000000e+00 0.000000e+00 0.000000e+00
<ENDHMM>
~h "SP_2"
<BEGINHMM>
<NUMSTATES> 5
<STATE> 2
<MEAN> 22
 4.338343e+00 5.614896e+00 1.495617e+00 1.767375e+00 4.582640e+01 6.032792e+01 9.063573e+01 9.011800e+01 6.600024e+01 6.507214e+01 1.574048e+02 1.451364e+02 1.091700e+02 1.077003e+02 5.284881e+00 4.066842e+00 5.682885e+00 5.323770e+00 5.183852e+00 4.589740e+00 2.295185e+00 2.407684e+00
<VARIANCE> 22
 7.501231e+01 8.683684e+01 1.632007e+01 9.142706e+00 4.738445e+03 5.545636e+03 1.081968e+03 1.234516e+03 3.379915e+02 3.840183e+02 3.864518e+03 4.298084e+03 4.986109e+02 4.244362e+02 7.049024e+00 1.769069e+00 2.894387e+00 1.441168e+00 2.216986e+00 5.448440e+00 6.182332e+00 5.959910e+00
<GCONST> 1.361211e+02
<STATE> 3
<MEAN> 22
 4.378643e+00 6.046815e+00 1.387607e+00 1.807400e+00 4.309573e+01 5.942579e+01 9.078425e+01 9.097604e+01 6.602199e+01 6.535936e+01 1.593442e+02 1.452016e+02 1.097038e+02 1.079928e+02 5.283412e+00 4.054436e+00 5.706798e+00 5.330242e+00 5.229803e+00 4.547382e+00 2.288753e+00 2.454214e+00
<VARIANCE> 22
 7.971939e+01 1.118525e+02 9.044390e+00 9.380416e+00 3.875885e+03 5.290928e+03 1.057855e+03 1.220681e+03 3.211904e+02 3.695648e+02 3.640896e+03 4.251302e+03 4.486400e+02 3.820486e+02 7.145878e+00 1.761831e+00 2.735349e+00 1.348645e+00 2.135668e+00 5.453405e+00 6.316417e+00 5.913087e+00
<GCONST> 1.350819e+02
<STATE> 4
<MEAN> 22
 4.254372e+00 6.177705e+00 1.476671e+00 1.874222e+00 4.044167e+01 6.146488e+01 9.104845e+01 9.268210e+01 6.592758e+01 6.557826e+01 1.617246e+02 1.441043e+02 1.105400e+02 1.086851e+02 5.341379e+00 3.991042e+00 5.737254e+00 5.301791e+00 5.284008e+00 4.442540e+00 2.253375e+00 2.486841e+00
<VARIANCE> 22
 7.612837e+01 1.324017e+02 9.043991e+00 1.015286e+01 3.410340e+03 5.606284e+03 1.091219e+03 1.260444e+03 2.932961e+02 3.706237e+02 3.722480e+03 4.373361e+03 4.443555e+02 3.433729e+02 7.011165e+00 1.801476e+00 2.425747e+00 1.288009e+00 1.960701e+00 5.534229e+00 6.192329e+00 5.979741e+00
<GCONST> 1.348804e+02
<TRANSP> 5
 0.000000e+00 1.000000e+00 0.000000e+00 0.000000e+00 0.000000e+00
 0.000000e+00 7.391165e-01 2.608835e-01 0.000000e+00 0.000000e+00
 0.000000e+00 0.000000e+00 7.391168e-01 2.608832e-01 0.000000e+00
 0.000000e+00 0.000000e+00 0.000000e+00 8.536345e-01 1.463655e-01
 0.000000e+00 0.000000e+00 0.000000e+00 0.000000e+00 0.000000e+00
<ENDHMM>
~h "ST_2"
<BEGINHMM>
<NUMSTATES> 5
<STATE> 2
<MEAN> 22
 5.019183e+00 6.963774e+00 1.529381e+00 1.954063e+00 5.036116e+01 6.809380e+01 8.661665e+01 8.672599e+01 6.680486e+01 6.519962e+01 1.501851e+02 1.367466e+02 1.100120e+02 1.077166e+02 5.126221e+00 3.889466e+00 5.826650e+00 5.514631e+00 5.129863e+00 4.191411e+00 2.298669e+00 2.538812e+00
<VARIANCE> 22
 1.021578e+02 2.287803e+02 1.809921e+01 1.668463e+01 5.489188e+03 5.664776e+03 9.454390e+02 1.068717e+03 3.559904e+02 3.390808e+02 4.231904e+03 4.822984e+03 3.079486e+02 3.197179e+02 7.072319e+00 1.938314e+00 1.994179e+00 9.745557e-01 2.013124e+00 6.440181e+00 6.250483e+00 5.745424e+00
<GCONST> 1.367372e+02
<STATE> 3
<MEAN> 22
 4.846735e+00 6.672585e+00 1.438892e+00 1.859593e+00 4.968808e+01 6.956133e+01 8.755561e+01 8.758181e+01 6.706821e+01 6.586212e+01 1.514430e+02 1.355821e+02 1.102434e+02 1.073933e+02 5.164442e+00 3.863419e+00 5.795214e+00 5.507546e+00 5.147755e+00 4.194693e+00 2.346181e+00 2.608852e+00
<VARIANCE> 22
 1.327214e+02 2.254132e+02 4.454875e+01 3.260316e+01 5.490212e+03 5.822174e+03 1.043617e+03 1.117850e+03 3.704242e+02 3.412196e+02 4.240634e+03 4.906899e+03 2.951327e+02 3.285180e+02 7.007842e+00 1.970114e+00 2.146392e+00 1.031955e+00 1.987596e+00 6.444183e+00 6.331571e+00 5.865824e+00
<GCONST> 1.389355e+02
<STATE> 4
<MEAN> 22
 5.131319e+00 6.906504e+00 1.524637e+00 1.996251e+00 4.849330e+01 6.773069e+01 8.912256e+01 8.733252e+01 6.758157e+01 6.621084e+01 1.532964e+02 1.369318e+02 1.109464e+02 1.076950e+02 5.153019e+00 3.910445e+00 5.717124e+00 5.517563e+00 5.148136e+00 4.316220e+00 2.423140e+00 2.702719e+00
<VARIANCE> 22
 1.996004e+02 3.031251e+02 9.255914e+01 6.359670e+01 5.345466e+03 5.755339e+03 1.225363e+03 1.189607e+03 3.818119e+02 3.231686e+02 4.193901e+03 4.829449e+03 2.890538e+02 3.286713e+02 7.062320e+00 1.921871e+00 2.400283e+00 1.013796e+00 1.973658e+00 6.344407e+00 6.489208e+00 6.125979e+00
<GCONST> 1.412746e+02
<TRANSP> 5
 0.000000e+00 1.000000e+00 0.000000e+00 0.000000e+00 0.000000e+00
 0.000000e+00 7.358257e-01 2.641743e-01 0.000000e+00 0.000000e+00
 0.000000e+00 0.000000e+00 7.358252e-01 2.641748e-01 0.000000e+00
 0.000000e+00 0.000000e+00 0.000000e+00 8.529255e-01 1.470745e-01
 0.000000e+00 0.000000e+00 0.000000e+00 0.000000e+00 0.000000e+00
<ENDHMM>
~h "TH_LD"
<BEGINHMM>
<NUMSTATES> 5
<STATE> 2
<MEAN> 22
 5.116411e+00 6.785658e+00 1.422521e+00 1.995846e+00 4.113301e+01 6.227394e+01 8.980341e+01 9.018096e+01 6.477853e+01 6.480524e+01 1.616338e+02 1.447139e+02 1.109885e+02 1.080986e+02 5.319137e+00 4.039452e+00 5.900052e+00 5.387518e+00 5.222690e+00 4.429755e+00 2.451655e+00 2.670524e+00
<VARIANCE> 22
 9.964285e+01 1.188270e+02 7.723267e+00 1.241825e+01 4.051834e+03 5.067391e+03 9.563301e+02 1.129697e+03 2.394220e+02 3.160521e+02 3.407896e+03 4.205641e+03 3.808532e+02 3.707934e+02 7.179969e+00 1.753139e+00 1.845013e+00 1.151034e+00 2.472626e+00 5.577518e+00 6.367568e+00 6.187936e+00
<GCONST> 1.342602e+02
<STATE> 3
<MEAN> 22
 5.441365e+00 7.473542e+00 1.795523e+00 2.234878e+00 4.042460e+01 6.170532e+01 8.998744e+01 9.014944e+01 6.478500e+01 6.485122e+01 1.622813e+02 1.449190e+02 1.112687e+02 1.083549e+02 5.372118e+00 4.042694e+00 5.893249e+00 5.392277e+00 5.256592e+00 4.448946e+00 2.516573e+00 2.756783e+00
<VARIANCE> 22
 2.637712e+02 2.676781e+02 1.668790e+02 1.080304e+02 4.065636e+03 5.005892e+03 9.225826e+02 1.111529e+03 2.280670e+02 3.134113e+02 3.411593e+03 4.208842e+03 3.662440e+02 3.572103e+02 7.008239e+00 1.775689e+00 1.862075e+00 1.127749e+00 2.302218e+00 5.588407e+00 6.365765e+00 6.299928e+00
<GCONST> 1.410151e+02
<STATE> 4
<MEAN> 22
 5.220209e+00 6.903882e+00 1.508915e+00 1.948131e+00 4.240916e+01 6.169287e+01 9.086441e+01 9.041087e+01 6.541965e+01 6.490224e+01 1.592028e+02 1.448074e+02 1.110230e+02 1.089075e+02 5.276788e+00 4.024920e+00 5.808295e+00 5.391272e+00 5.157406e+00 4.403509e+00 2.446002e+00 2.717674e+00
<VARIANCE> 22
 1.082169e+02 1.347812e+02 9.366355e+00 1.176150e+01 4.359764e+03 5.030479e+03 9.946705e+02 1.134260e+03 2.306229e+02 3.304060e+02 3.779260e+03 4.286342e+03 3.951116e+02 3.479936e+02 7.134669e+00 1.806605e+00 2.333341e+00 1.127231e+00 2.405960e+00 5.736979e+00 6.099365e+00 6.315485e+00
<GCONST> 1.350351e+02
<TRANSP> 5
 0.000000e+00 1.000000e+00 0.000000e+00 0.000000e+00 0.000000e+00
 0.000000e+00 7.296163e-01 2.703837e-01 0.000000e+00 0.000000e+00
 0.000000e+00 0.000000e+00 7.296188e-01 2.703812e-01 0.000000e+00
 0.000000e+00 0.000000e+00 0.000000e+00 8.476440e-01 1.523560e-01
 0.000000e+00 0.000000e+00 0.000000e+00 0.000000e+00 0.000000e+00
<ENDHMM>
~h "TH_LU"
<BEGINHMM>
<NUMSTATES> 5
<STATE> 2
<MEAN> 22
 1.135641e+01 1.185694e+01 7.545381e+00 6.867112e+00 4.733641e+01 5.952529e+01 8.695983e+01 8.498634e+01 6.317818e+01 6.153543e+01 1.542968e+02 1.423777e+02 1.069422e+02 1.049652e+02 5.223237e+00 3.993710e+00 5.628660e+00 5.279552e+00 5.080704e+00 4.465962e+00 2.336567e+00 2.639992e+00
<VARIANCE> 22
 3.071389e+03 2.299834e+03 2.705297e+03 1.730422e+03 7.055665e+03 6.208197e+03 1.308530e+03 1.301293e+03 4.279684e+02 4.232294e+02 4.323803e+03 4.760745e+03 7.533638e+02 7.386003e+02 7.565975e+00 2.163566e+00 3.144904e+00 1.933271e+00 2.847838e+00 5.881668e+00 5.885208e+00 6.143913e+00
<GCONST> 1.566889e+02
<STATE> 3
<MEAN> 22
 7.228574e+00 8.205702e+00 3.187009e+00 3.228354e+00 5.200229e+01 6.272411e+01 8.719849e+01 8.506020e+01 6.445602e+01 6.246199e+01 1.534785e+02 1.435400e+02 1.081390e+02 1.063203e+02 5.184934e+00 4.046501e+00 5.704665e+00 5.365706e+00 5.113362e+00 4.516155e+00 2.384890e+00 2.521988e+00
<VARIANCE> 22
 9.136732e+02 7.461448e+02 7.600823e+02 4.936428e+02 7.758158e+03 6.477717e+03 1.216051e+03 1.252569e+03 3.830433e+02 3.696134e+02 4.122884e+03 4.442741e+03 5.862336e+02 5.768436e+02 7.511145e+00 1.976790e+00 2.790668e+00 1.507714e+00 2.548961e+00 5.768339e+00 5.973054e+00 5.884921e+00
<GCONST> 1.503676e+02
<STATE> 4
<MEAN> 22
 6.318474e+00 6.998803e+00 2.042012e+00 2.125301e+00 6.232388e+01 6.678531e+01 8.684682e+01 8.473235e+01 6.571370e+01 6.188517e+01 1.479048e+02 1.434016e+02 1.074305e+02 1.062095e+02 4.817937e+00 4.019920e+00 5.610809e+00 5.328199e+00 4.962495e+00 4.478552e+00 2.480345e+00 2.521058e+00
<VARIANCE> 22
 3.167096e+02 2.661709e+02 1.828369e+02 1.191938e+02 1.012659e+04 7.393398e+03 1.410922e+03 1.292226e+03 4.454653e+02 3.623165e+02 4.380198e+03 4.606326e+03 6.463511e+02 6.354562e+02 8.353850e+00 2.012460e+00 3.441628e+00 1.624121e+00 2.895297e+00 5.875726e+00 6.330328e+00 5.929429e+00
<GCONST> 1.470517e+02
<TRANSP> 5
 0.000000e+00 1.000000e+00 0.000000e+00 0.000000e+00 0.000000e+00
 0.000000e+00 7.144607e-01 2.855394e-01 0.000000e+00 0.000000e+00
 0.000000e+00 0.000000e+00 7.144628e-01 2.855372e-01 0.000000e+00
 0.000000e+00 0.000000e+00 0.000000e+00 8.354400e-01 1.645600e-01
 0.000000e+00 0.000000e+00 0.000000e+00 0.000000e+00 0.000000e+00
<ENDHMM>
~h "CF_2"
<BEGINHMM>
<NUMSTATES> 5
<STATE> 2
<MEAN> 22
 4.770266e+00 6.331205e+00 1.775553e+00 2.098975e+00 4.314972e+01 6.342286e+01 9.182362e+01 9.304588e+01 6.650340e+01 6.566335e+01 1.570113e+02 1.432401e+02 1.097395e+02 1.077551e+02 5.368994e+00 3.996054e+00 5.694866e+00 5.306258e+00 5.229398e+00 4.358922e+00 2.191174e+00 2.508401e+00
<VARIANCE> 22
 1.908667e+02 2.198743e+02 1.750523e+02 1.135894e+02 4.728415e+03 5.516396e+03 9.940950e+02 1.085094e+03 3.355345e+02 3.985293e+02 4.014773e+03 4.677389e+03 3.653425e+02 3.421777e+02 6.670748e+00 1.895531e+00 2.612738e+00 1.234140e+00 2.018057e+00 5.627348e+00 5.747764e+00 5.997095e+00
<GCONST> 1.419095e+02
<STATE> 3
<MEAN> 22
 4.493709e+00 6.188192e+00 1.446917e+00 1.767440e+00 4.379067e+01 6.231458e+01 9.223404e+01 9.284394e+01 6.638613e+01 6.583974e+01 1.568696e+02 1.443777e+02 1.099592e+02 1.077078e+02 5.376623e+00 4.036551e+00 5.648764e+00 5.309865e+00 5.209802e+00 4.413325e+00 2.220733e+00 2.523574e+00
<VARIANCE> 22
 8.146304e+01 1.266733e+02 8.870380e+00 1.077645e+01 5.166929e+03 5.603520e+03 9.551967e+02 1.044360e+03 3.192628e+02 3.943610e+02 4.062024e+03 4.610023e+03 3.492155e+02 3.345371e+02 6.622461e+00 1.814111e+00 2.799349e+00 1.220832e+00 2.066221e+00 5.548148e+00 5.910947e+00 6.051616e+00
<GCONST> 1.351178e+02
<STATE> 4
<MEAN> 22
 4.673852e+00 6.174877e+00 1.543117e+00 1.834590e+00 4.644550e+01 6.026701e+01 9.230038e+01 9.238403e+01 6.709752e+01 6.570444e+01 1.559935e+02 1.478675e+02 1.103297e+02 1.087994e+02 5.255993e+00 4.102700e+00 5.619822e+00 5.363185e+00 5.177311e+00 4.546447e+00 2.298506e+00 2.555821e+00
<VARIANCE> 22
 8.980412e+01 1.243844e+02 1.111157e+01 1.092376e+01 6.182081e+03 5.523991e+03 9.862037e+02 1.010579e+03 3.114228e+02 3.561098e+02 4.111438e+03 4.505970e+03 3.342864e+02 3.174687e+02 6.903939e+00 1.612333e+00 3.016182e+00 1.051947e+00 2.118294e+00 5.340550e+00 5.984190e+00 6.160279e+00
<GCONST> 1.352327e+02
<TRANSP> 5
 0.000000e+00 1.000000e+00 0.000000e+00 0.000000e+00 0.000000e+00
 0.000000e+00 7.434579e-01 2.565421e-01 0.000000e+00 0.000000e+00
 0.000000e+00 0.000000e+00 7.434576e-01 2.565424e-01 0.000000e+00
 0.000000e+00 0.000000e+00 0.000000e+00 8.643176e-01 1.356824e-01
 0.000000e+00 0.000000e+00 0.000000e+00 0.000000e+00 0.000000e+00
<ENDHMM>
~h "CN_2"
<BEGINHMM>
<NUMSTATES> 5
<STATE> 2
<MEAN> 22
 5.369503e+00 7.342807e+00 1.618113e+00 2.172428e+00 4.706778e+01 6.937376e+01 8.574901e+01 8.349453e+01 6.379162e+01 6.440988e+01 1.488388e+02 1.301485e+02 1.085771e+02 1.062781e+02 5.180202e+00 3.752827e+00 5.750172e+00 5.425181e+00 5.064614e+00 3.918578e+00 2.341838e+00 2.696720e+00
<VARIANCE> 22
 2.738445e+02 2.532769e+02 1.576432e+02 1.126557e+02 4.444844e+03 5.164933e+03 1.060708e+03 1.293015e+03 2.730685e+02 3.377870e+02 4.374626e+03 4.774900e+03 4.458686e+02 4.173229e+02 6.741509e+00 2.165008e+00 2.078592e+00 1.228941e+00 2.219828e+00 6.775077e+00 5.982965e+00 5.882451e+00
<GCONST> 1.427564e+02
<STATE> 3
<MEAN> 22
 5.070421e+00 7.608070e+00 1.399025e+00 1.986960e+00 4.892522e+01 6.906013e+01 8.560682e+01 8.317254e+01 6.394706e+01 6.437682e+01 1.478257e+02 1.302510e+02 1.087547e+02 1.066033e+02 5.105101e+00 3.751081e+00 5.779917e+00 5.419583e+00 5.033582e+00 3.929982e+00 2.383233e+00 2.748578e+00
<VARIANCE> 22
 9.567331e+01 1.485921e+02 9.307076e+00 1.234538e+01 4.853656e+03 5.195521e+03 9.676208e+02 1.201594e+03 2.498526e+02 3.159478e+02 4.342063e+03 4.620486e+03 4.279979e+02 3.912728e+02 6.912462e+00 2.114893e+00 2.009801e+00 1.189390e+00 2.311823e+00 6.630915e+00 6.206592e+00 5.973589e+00
<GCONST> 1.357647e+02
<STATE> 4
<MEAN> 22
 5.023449e+00 7.462967e+00 1.477670e+00 1.963242e+00 5.205024e+01 6.869282e+01 8.533262e+01 8.286192e+01 6.470269e+01 6.416178e+01 1.465686e+02 1.323275e+02 1.088501e+02 1.070529e+02 4.975143e+00 3.766726e+00 5.765410e+00 5.445752e+00 4.991550e+00 3.973225e+00 2.417665e+00 2.760504e+00
<VARIANCE> 22
 9.273382e+01 1.439897e+02 1.092576e+01 1.077026e+01 5.633343e+03 5.457692e+03 1.005880e+03 1.223612e+03 2.449742e+02 3.161820e+02 4.436646e+03 4.439914e+03 4.488615e+02 3.981401e+02 7.217610e+00 2.121241e+00 2.177508e+00 1.171853e+00 2.412428e+00 6.543806e+00 6.329483e+00 6.109195e+00
<GCONST> 1.361916e+02
<TRANSP> 5
 0.000000e+00 1.000000e+00 0.000000e+00 0.000000e+00 0.000000e+00
 0.000000e+00 7.630928e-01 2.369073e-01 0.000000e+00 0.000000e+00
 0.000000e+00 0.000000e+00 7.630926e-01 2.369074e-01 0.000000e+00
 0.000000e+00 0.000000e+00 0.000000e+00 8.747088e-01 1.252912e-01
 0.000000e+00 0.000000e+00 0.000000e+00 0.000000e+00 0.000000e+00
<ENDHMM>
~h "TH_D"
<BEGINHMM>
<NUMSTATES> 5
<STATE> 2
<MEAN> 22
 5.227492e+00 7.090146e+00 1.485944e+00 1.910391e+00 5.182183e+01 6.710166e+01 8.663255e+01 8.384369e+01 6.476276e+01 6.333461e+01 1.484518e+02 1.345286e+02 1.087523e+02 1.068524e+02 5.020235e+00 3.859411e+00 5.789745e+00 5.452293e+00 5.056889e+00 4.129459e+00 2.510303e+00 2.756618e+00
<VARIANCE> 22
 9.892147e+01 1.340829e+02 1.166495e+01 1.205531e+01 5.067060e+03 5.183877e+03 1.036708e+03 1.153763e+03 2.715854e+02 3.107114e+02 4.318486e+03 4.473295e+03 4.478508e+02 3.997585e+02 7.343963e+00 1.995426e+00 2.168114e+00 1.207075e+00 2.313431e+00 6.427661e+00 6.486392e+00 6.144265e+00
<GCONST> 1.361969e+02
<STATE> 3
<MEAN> 22
 5.512486e+00 7.400807e+00 1.545522e+00 1.912098e+00 4.915752e+01 6.540853e+01 8.658181e+01 8.431657e+01 6.457377e+01 6.334913e+01 1.510575e+02 1.369237e+02 1.091351e+02 1.070131e+02 5.118429e+00 3.910110e+00 5.806013e+00 5.460603e+00 5.109922e+00 4.211986e+00 2.544863e+00 2.830243e+00
<VARIANCE> 22
 1.121963e+02 1.533863e+02 1.137184e+01 1.162436e+01 4.856774e+03 5.168479e+03 1.017074e+03 1.171008e+03 2.587195e+02 3.148374e+02 4.150243e+03 4.333057e+03 4.381052e+02 3.911183e+02 7.221346e+00 1.979867e+00 2.098167e+00 1.177652e+00 2.255919e+00 6.276431e+00 6.618957e+00 6.166847e+00
<GCONST> 1.360879e+02
<STATE> 4
<MEAN> 22
 5.964781e+00 7.626365e+00 1.643749e+00 1.954314e+00 4.718465e+01 6.122960e+01 8.795393e+01 8.555316e+01 6.483823e+01 6.312500e+01 1.543933e+02 1.425652e+02 1.095333e+02 1.076872e+02 5.157787e+00 4.003560e+00 5.773959e+00 5.455957e+00 5.132796e+00 4.383818e+00 2.559131e+00 2.777003e+00
<VARIANCE> 22
 1.377555e+02 1.681265e+02 1.129077e+01 1.192647e+01 4.860063e+03 4.887886e+03 1.084512e+03 1.179369e+03 2.744748e+02 3.220116e+02 4.070177e+03 4.254068e+03 4.806695e+02 4.253853e+02 7.356061e+00 1.929101e+00 2.323879e+00 1.245954e+00 2.389703e+00 5.959782e+00 6.572605e+00 6.199584e+00
<GCONST> 1.367952e+02
<TRANSP> 5
 0.000000e+00 1.000000e+00 0.000000e+00 0.000000e+00 0.000000e+00
 0.000000e+00 7.582674e-01 2.417326e-01 0.000000e+00 0.000000e+00
 0.000000e+00 0.000000e+00 7.582690e-01 2.417310e-01 0.000000e+00
 0.000000e+00 0.000000e+00 0.000000e+00 8.709118e-01 1.290882e-01
 0.000000e+00 0.000000e+00 0.000000e+00 0.000000e+00 0.000000e+00
<ENDHMM>
~h "TH_U"
<BEGINHMM>
<NUMSTATES> 5
<STATE> 2
<MEAN> 22
 1.093973e+01 1.162596e+01 6.574728e+00 6.075536e+00 4.364553e+01 6.001387e+01 8.606794e+01 8.429867e+01 6.273778e+01 6.172329e+01 1.544169e+02 1.401520e+02 1.070170e+02 1.047173e+02 5.266097e+00 3.924797e+00 5.586084e+00 5.304228e+00 5.109246e+00 4.336976e+00 2.322733e+00 2.545900e+00
<VARIANCE> 22
 2.751729e+03 2.013398e+03 2.254684e+03 1.448241e+03 5.986875e+03 5.691020e+03 1.211252e+03 1.299108e+03 3.877256e+02 4.284113e+02 4.242838e+03 4.739435e+03 7.317861e+02 6.894788e+02 7.329587e+00 2.265143e+00 3.171725e+00 1.908557e+00 2.692408e+00 6.204165e+00 6.036648e+00 5.971173e+00
<GCONST> 1.555516e+02
<STATE> 3
<MEAN> 22
 6.640718e+00 8.002895e+00 2.518486e+00 2.769674e+00 4.694197e+01 6.285743e+01 8.659525e+01 8.380304e+01 6.359678e+01 6.251962e+01 1.540254e+02 1.389344e+02 1.080668e+02 1.057301e+02 5.272007e+00 3.937970e+00 5.658117e+00 5.373355e+00 5.132252e+00 4.334998e+00 2.310201e+00 2.515322e+00
<VARIANCE> 22
 6.089572e+02 5.006649e+02 4.641443e+02 2.985288e+02 6.248721e+03 5.655867e+03 1.156596e+03 1.242771e+03 3.466124e+02 3.760954e+02 4.093659e+03 4.576134e+03 5.895161e+02 5.522987e+02 7.162874e+00 2.087501e+00 2.731620e+00 1.544202e+00 2.448855e+00 6.211469e+00 5.878859e+00 5.817579e+00
<GCONST> 1.480747e+02
<STATE> 4
<MEAN> 22
 5.818742e+00 6.903193e+00 1.727609e+00 1.969231e+00 5.165158e+01 6.524937e+01 8.630803e+01 8.258385e+01 6.408891e+01 6.220386e+01 1.504506e+02 1.364318e+02 1.074049e+02 1.051768e+02 5.073396e+00 3.868222e+00 5.626571e+00 5.359764e+00 5.032387e+00 4.218956e+00 2.348667e+00 2.510437e+00
<VARIANCE> 22
 2.103297e+02 1.975687e+02 1.009620e+02 6.367659e+01 7.018667e+03 5.909068e+03 1.268542e+03 1.321217e+03 3.856788e+02 3.886275e+02 4.468568e+03 4.767378e+03 6.653836e+02 6.071263e+02 7.608627e+00 2.177651e+00 2.970531e+00 1.665802e+00 2.667209e+00 6.496338e+00 5.988099e+00 5.880931e+00
<GCONST> 1.442306e+02
<TRANSP> 5
 0.000000e+00 1.000000e+00 0.000000e+00 0.000000e+00 0.000000e+00
 0.000000e+00 7.458374e-01 2.541626e-01 0.000000e+00 0.000000e+00
 0.000000e+00 0.000000e+00 7.458421e-01 2.541579e-01 0.000000e+00
 0.000000e+00 0.000000e+00 0.000000e+00 8.602238e-01 1.397762e-01
 0.000000e+00 0.000000e+00 0.000000e+00 0.000000e+00 0.000000e+00
<ENDHMM>
~h "CP_2"
<BEGINHMM>
<NUMSTATES> 5
<STATE> 2
<MEAN> 22
 5.905534e+00 7.300894e+00 1.938876e+00 2.176492e+00 5.024062e+01 6.848280e+01 8.474632e+01 8.791890e+01 6.473586e+01 6.365378e+01 1.566621e+02 1.406064e+02 1.092938e+02 1.064881e+02 5.138887e+00 3.997471e+00 5.820744e+00 5.266912e+00 5.168274e+00 4.426820e+00 2.475324e+00 2.688185e+00
<VARIANCE> 22
 2.302529e+02 2.024602e+02 1.315966e+02 7.742802e+01 8.147222e+03 7.563037e+03 1.217975e+03 1.253452e+03 3.455158e+02 4.024671e+02 4.047700e+03 4.774946e+03 6.053268e+02 6.098294e+02 7.905904e+00 1.917078e+00 2.350501e+00 1.646834e+00 2.449104e+00 5.819631e+00 6.357755e+00 6.317829e+00
<GCONST> 1.444477e+02
<STATE> 3
<MEAN> 22
 5.536138e+00 7.303220e+00 1.669714e+00 2.191257e+00 4.645390e+01 6.677958e+01 8.602735e+01 8.843021e+01 6.492877e+01 6.408657e+01 1.595235e+02 1.414324e+02 1.099395e+02 1.068014e+02 5.279251e+00 4.022432e+00 5.849652e+00 5.290071e+00 5.235400e+00 4.494829e+00 2.504868e+00 2.674199e+00
<VARIANCE> 22
 1.744935e+02 1.890882e+02 8.332751e+01 5.529464e+01 6.986316e+03 6.990164e+03 1.243683e+03 1.186121e+03 3.396482e+02 3.923819e+02 3.816222e+03 4.684056e+03 5.591239e+02 5.612341e+02 7.549202e+00 1.861342e+00 2.133440e+00 1.544988e+00 2.226394e+00 5.669324e+00 6.357356e+00 6.174294e+00
<GCONST> 1.423776e+02
<STATE> 4
<MEAN> 22
 5.144683e+00 7.428688e+00 1.477741e+00 2.038056e+00 4.690112e+01 6.764487e+01 8.802511e+01 8.987215e+01 6.549904e+01 6.411467e+01 1.584288e+02 1.419531e+02 1.106509e+02 1.075639e+02 5.146235e+00 3.995452e+00 5.846405e+00 5.297712e+00 5.092498e+00 4.439254e+00 2.463589e+00 2.629531e+00
<VARIANCE> 22
 8.995644e+01 1.703041e+02 1.498086e+01 1.686939e+01 6.915934e+03 6.806598e+03 1.250184e+03 1.170390e+03 3.138664e+02 3.744258e+02 3.981981e+03 4.755741e+03 5.595455e+02 5.160651e+02 7.767171e+00 1.851798e+00 2.254756e+00 1.424169e+00 2.565020e+00 5.622688e+00 6.218328e+00 6.103505e+00
<GCONST> 1.386081e+02
<TRANSP> 5
 0.000000e+00 1.000000e+00 0.000000e+00 0.000000e+00 0.000000e+00
 0.000000e+00 7.154911e-01 2.845089e-01 0.000000e+00 0.000000e+00
 0.000000e+00 0.000000e+00 7.154917e-01 2.845083e-01 0.000000e+00
 0.000000e+00 0.000000e+00 0.000000e+00 8.399560e-01 1.600440e-01
 0.000000e+00 0.000000e+00 0.000000e+00 0.000000e+00 0.000000e+00
<ENDHMM>
~h "CV_2"
<BEGINHMM>
<NUMSTATES> 5
<STATE> 2
<MEAN> 22
 5.701638e+00 6.899435e+00 1.656029e+00 1.981595e+00 5.896375e+01 6.857140e+01 8.845979e+01 8.292464e+01 6.508927e+01 6.136646e+01 1.445024e+02 1.325537e+02 1.085025e+02 1.062815e+02 4.884543e+00 3.860923e+00 5.644726e+00 5.392284e+00 4.940457e+00 4.105824e+00 2.340461e+00 2.680332e+00
<VARIANCE> 22
 2.328238e+02 2.241051e+02 1.136334e+02 7.272703e+01 8.278059e+03 6.269880e+03 1.239397e+03 1.139850e+03 3.785829e+02 3.028472e+02 4.693685e+03 4.600278e+03 5.204946e+02 4.750633e+02 7.739948e+00 1.908959e+00 3.118541e+00 1.334464e+00 2.624111e+00 6.252635e+00 5.935650e+00 6.217668e+00
<GCONST> 1.437220e+02
<STATE> 3
<MEAN> 22
 5.413084e+00 7.315820e+00 1.534983e+00 2.017794e+00 5.707334e+01 6.576513e+01 8.838176e+01 8.232345e+01 6.496818e+01 6.159032e+01 1.440319e+02 1.340096e+02 1.089284e+02 1.069047e+02 4.866923e+00 3.873559e+00 5.692551e+00 5.417267e+00 4.944232e+00 4.120492e+00 2.382964e+00 2.676782e+00
<VARIANCE> 22
 1.751267e+02 1.879549e+02 6.926192e+01 4.618124e+01 7.231722e+03 5.466867e+03 1.141129e+03 1.110419e+03 3.264107e+02 2.738360e+02 4.731088e+03 4.552450e+03 4.776924e+02 4.429492e+02 7.722129e+00 1.829407e+00 2.916576e+00 1.221595e+00 2.542017e+00 6.301098e+00 5.967509e+00 6.048751e+00
<GCONST> 1.412774e+02
<STATE> 4
<MEAN> 22
 5.393414e+00 7.209204e+00 1.559351e+00 2.005161e+00 5.643041e+01 6.501637e+01 8.862963e+01 8.278786e+01 6.551161e+01 6.249223e+01 1.436138e+02 1.347775e+02 1.093664e+02 1.077310e+02 4.780217e+00 3.867381e+00 5.685372e+00 5.421106e+00 4.890703e+00 4.115848e+00 2.438630e+00 2.641247e+00
<VARIANCE> 22
 1.149718e+02 1.357812e+02 1.708307e+01 1.373358e+01 6.195920e+03 5.025630e+03 1.141096e+03 1.213322e+03 3.096239e+02 3.012962e+02 4.943581e+03 4.626553e+03 5.164463e+02 4.562632e+02 7.923339e+00 1.822342e+00 3.123767e+00 1.230561e+00 2.674678e+00 6.415585e+00 6.068455e+00 5.835082e+00
<GCONST> 1.381267e+02
<TRANSP> 5
 0.000000e+00 1.000000e+00 0.000000e+00 0.000000e+00 0.000000e+00
 0.000000e+00 7.236569e-01 2.763431e-01 0.000000e+00 0.000000e+00
 0.000000e+00 0.000000e+00 7.236564e-01 2.763436e-01 0.000000e+00
 0.000000e+00 0.000000e+00 0.000000e+00 8.404759e-01 1.595241e-01
 0.000000e+00 0.000000e+00 0.000000e+00 0.000000e+00 0.000000e+00
<ENDHMM>
~h "SIL"
<BEGINHMM>
<NUMSTATES> 5
<STATE> 2
<MEAN> 22
 5.813569e+01 5.222820e+01 5.073190e+01 4.170689e+01 4.220558e+01 5.823020e+01 7.200185e+01 7.130014e+01 5.287750e+01 5.247844e+01 1.316768e+02 1.161683e+02 8.949327e+01 8.745083e+01 4.581869e+00 3.282058e+00 4.772858e+00 4.421953e+00 4.378315e+00 3.654732e+00 2.228825e+00 2.434895e+00
<VARIANCE> 22
 2.434082e+04 1.726479e+04 2.027345e+04 1.311484e+04 8.821938e+03 7.732615e+03 1.932947e+03 1.969050e+03 8.512300e+02 8.979407e+02 6.671610e+03 6.558980e+03 2.101559e+03 2.021389e+03 9.655677e+00 3.974949e+00 6.694552e+00 5.346740e+00 5.714362e+00 7.640471e+00 6.393928e+00 6.037205e+00
<GCONST> 1.739365e+02
<STATE> 3
<MEAN> 22
 1.237220e+01 1.377698e+01 8.732842e+00 7.984835e+00 4.855355e+01 6.723487e+01 8.402316e+01 8.254482e+01 6.151308e+01 6.130923e+01 1.540085e+02 1.364453e+02 1.046606e+02 1.023568e+02 5.356905e+00 3.845814e+00 5.569816e+00 5.186868e+00 5.122223e+00 4.265047e+00 2.186908e+00 2.497313e+00
<VARIANCE> 22
 4.013799e+03 2.948464e+03 3.349349e+03 2.152002e+03 9.489218e+03 8.034646e+03 1.221268e+03 1.334416e+03 4.365532e+02 5.095175e+02 4.370921e+03 4.905133e+03 8.858408e+02 8.646483e+02 7.186260e+00 2.526507e+00 3.359241e+00 2.403941e+00 2.894950e+00 6.406179e+00 6.451082e+00 6.160307e+00
<GCONST> 1.592963e+02
<STATE> 4
<MEAN> 22
 4.473689e+00 6.709288e+00 1.268495e+00 1.882659e+00 3.578485e+01 5.758424e+01 9.251545e+01 9.212491e+01 6.434326e+01 6.511515e+01 1.685903e+02 1.496513e+02 1.124202e+02 1.094696e+02 5.791182e+00 4.159087e+00 5.857061e+00 5.465342e+00 5.437592e+00 4.628812e+00 2.288441e+00 2.557008e+00
<VARIANCE> 22
 1.013525e+02 1.436279e+02 1.991946e+01 1.927831e+01 3.801513e+03 5.160894e+03 8.137745e+02 9.725843e+02 2.304140e+02 3.304664e+02 3.179583e+03 4.270699e+03 3.115442e+02 3.247137e+02 5.550206e+00 1.609411e+00 1.701182e+00 9.847202e-01 1.650676e+00 5.178549e+00 6.128292e+00 6.050460e+00
<GCONST> 1.339968e+02
<TRANSP> 5
 0.000000e+00 1.000000e+00 0.000000e+00 0.000000e+00 0.000000e+00
 0.000000e+00 8.570524e-01 1.429476e-01 0.000000e+00 0.000000e+00
 0.000000e+00 0.000000e+00 8.570477e-01 1.429523e-01 0.000000e+00
 0.000000e+00 0.000000e+00 0.000000e+00 9.980924e-01 1.907627e-03
 0.000000e+00 0.000000e+00 0.000000e+00 0.000000e+00 0.000000e+00
<ENDHMM>
~h "TT_2"
<BEGINHMM>
<NUMSTATES> 5
<STATE> 2
<MEAN> 22
 4.762385e+00 7.376320e+00 1.524806e+00 2.314462e+00 4.896242e+01 7.209788e+01 9.543492e+01 9.402354e+01 6.766097e+01 6.926141e+01 1.603876e+02 1.406962e+02 1.099131e+02 1.069766e+02 5.364382e+00 3.912683e+00 5.653961e+00 5.311388e+00 5.172821e+00 4.246580e+00 2.250319e+00 2.722252e+00
<VARIANCE> 22
 9.448566e+01 1.704443e+02 1.078142e+01 1.619175e+01 6.291005e+03 6.839254e+03 1.304481e+03 1.607835e+03 5.022980e+02 5.852534e+02 3.552271e+03 4.486133e+03 3.879529e+02 4.109417e+02 6.774810e+00 1.913913e+00 2.800917e+00 1.385071e+00 2.300843e+00 6.061292e+00 5.986727e+00 6.384377e+00
<GCONST> 1.387673e+02
<STATE> 3
<MEAN> 22
 4.451355e+00 7.047907e+00 1.436867e+00 2.173069e+00 4.946062e+01 7.175554e+01 9.511357e+01 9.422893e+01 6.761987e+01 6.933690e+01 1.595422e+02 1.413841e+02 1.100329e+02 1.070562e+02 5.301397e+00 3.907006e+00 5.649636e+00 5.315207e+00 5.173757e+00 4.260685e+00 2.279081e+00 2.714447e+00
<VARIANCE> 22
 8.798737e+01 1.365548e+02 9.124942e+00 1.620985e+01 6.337858e+03 6.801385e+03 1.228856e+03 1.596047e+03 5.066599e+02 5.882634e+02 3.686330e+03 4.450658e+03 3.889973e+02 4.186749e+02 7.003054e+00 1.926922e+00 2.816070e+00 1.383457e+00 2.293142e+00 6.044813e+00 6.090462e+00 6.180184e+00
<GCONST> 1.383304e+02
<STATE> 4
<MEAN> 22
 4.419704e+00 6.910806e+00 1.425911e+00 2.120453e+00 4.854270e+01 6.837650e+01 9.499058e+01 9.452737e+01 6.858819e+01 6.913951e+01 1.613851e+02 1.461443e+02 1.115893e+02 1.086916e+02 5.221317e+00 3.963618e+00 5.716982e+00 5.346356e+00 5.203735e+00 4.330526e+00 2.274825e+00 2.646140e+00
<VARIANCE> 22
 8.423801e+01 1.343020e+02 9.054317e+00 1.509366e+01 5.693560e+03 6.317163e+03 1.197105e+03 1.540223e+03 5.208619e+02 5.555859e+02 3.823562e+03 4.619348e+03 4.248773e+02 4.475655e+02 7.344818e+00 1.856521e+00 2.663596e+00 1.315757e+00 2.175702e+00 6.012383e+00 6.055291e+00 5.930905e+00
<GCONST> 1.379472e+02
<TRANSP> 5
 0.000000e+00 1.000000e+00 0.000000e+00 0.000000e+00 0.000000e+00
 0.000000e+00 7.391374e-01 2.608627e-01 0.000000e+00 0.000000e+00
 0.000000e+00 0.000000e+00 7.391366e-01 2.608634e-01 0.000000e+00
 0.000000e+00 0.000000e+00 0.000000e+00 8.532956e-01 1.467044e-01
 0.000000e+00 0.000000e+00 0.000000e+00 0.000000e+00 0.000000e+00
<ENDHMM>
~h "DC_2"
<BEGINHMM>
<NUMSTATES> 5
<STATE> 2
<MEAN> 22
 5.911672e+00 7.875504e+00 1.887878e+00 2.398772e+00 5.252413e+01 6.526659e+01 8.570110e+01 8.198962e+01 6.386338e+01 6.310990e+01 1.518452e+02 1.364904e+02 1.074680e+02 1.050451e+02 5.127153e+00 3.863753e+00 5.751826e+00 5.420939e+00 5.095674e+00 4.154007e+00 2.390440e+00 2.532887e+00
<VARIANCE> 22
 2.940631e+02 2.718778e+02 1.557641e+02 9.614615e+01 5.491747e+03 4.783956e+03 1.106833e+03 1.169589e+03 3.128792e+02 3.277167e+02 4.153179e+03 4.632436e+03 5.429179e+02 5.148792e+02 7.407156e+00 2.085500e+00 2.244252e+00 1.392400e+00 2.407387e+00 6.771464e+00 5.983510e+00 5.563697e+00
<GCONST> 1.435191e+02
<STATE> 3
<MEAN> 22
 5.749001e+00 7.581239e+00 1.653502e+00 2.205173e+00 5.379905e+01 6.658303e+01 8.558830e+01 8.250224e+01 6.416832e+01 6.300231e+01 1.499261e+02 1.349371e+02 1.073153e+02 1.050533e+02 5.076630e+00 3.841685e+00 5.733968e+00 5.419893e+00 5.074577e+00 4.135377e+00 2.355239e+00 2.589650e+00
<VARIANCE> 22
 1.229307e+02 1.627826e+02 1.822795e+01 1.775329e+01 5.468462e+03 4.834140e+03 1.107622e+03 1.121788e+03 3.232126e+02 3.169521e+02 4.281701e+03 4.740874e+03 5.420015e+02 4.960022e+02 7.413639e+00 2.136261e+00 2.272025e+00 1.373601e+00 2.383907e+00 6.707446e+00 5.996119e+00 5.803922e+00
<GCONST> 1.383268e+02
<STATE> 4
<MEAN> 22
 5.680206e+00 6.874785e+00 1.669218e+00 2.046378e+00 5.376655e+01 6.427158e+01 8.703096e+01 8.393116e+01 6.454594e+01 6.154111e+01 1.493145e+02 1.375199e+02 1.067654e+02 1.051361e+02 5.031773e+00 3.871175e+00 5.678416e+00 5.396246e+00 5.019482e+00 4.231898e+00 2.357722e+00 2.538380e+00
<VARIANCE> 22
 1.223586e+02 1.338604e+02 1.688131e+01 1.819214e+01 5.526436e+03 4.681260e+03 1.197996e+03 1.115761e+03 3.691987e+02 3.140070e+02 4.597861e+03 5.026732e+03 6.630952e+02 5.741406e+02 7.560741e+00 2.212905e+00 2.643993e+00 1.579041e+00 2.638628e+00 6.365628e+00 5.966926e+00 5.898082e+00
<GCONST> 1.391334e+02
<TRANSP> 5
 0.000000e+00 1.000000e+00 0.000000e+00 0.000000e+00 0.000000e+00
 0.000000e+00 7.473723e-01 2.526277e-01 0.000000e+00 0.000000e+00
 0.000000e+00 0.000000e+00 7.473715e-01 2.526285e-01 0.000000e+00
 0.000000e+00 0.000000e+00 0.000000e+00 8.610224e-01 1.389776e-01
 0.000000e+00 0.000000e+00 0.000000e+00 0.000000e+00 0.000000e+00
<ENDHMM>
~h "MC_2"
<BEGINHMM>
<NUMSTATES> 5
<STATE> 2
<MEAN> 22
 4.792072e+00 6.336478e+00 1.409873e+00 1.898915e+00 4.852980e+01 5.936686e+01 8.852408e+01 8.452567e+01 6.532845e+01 6.333568e+01 1.531823e+02 1.442066e+02 1.086848e+02 1.073680e+02 5.217937e+00 4.126137e+00 5.744715e+00 5.443480e+00 5.204469e+00 4.657767e+00 2.305802e+00 2.560906e+00
<VARIANCE> 22
 9.331715e+01 1.092733e+02 1.093363e+01 1.084097e+01 6.094040e+03 5.554521e+03 9.631479e+02 1.211356e+03 3.175075e+02 3.337818e+02 4.185354e+03 4.116936e+03 4.638842e+02 4.073900e+02 7.238183e+00 1.656806e+00 2.603171e+00 1.122625e+00 2.039973e+00 5.654799e+00 6.060050e+00 6.013407e+00
<GCONST> 1.357259e+02
<STATE> 3
<MEAN> 22
 4.907632e+00 6.410489e+00 1.361734e+00 1.799479e+00 4.697300e+01 5.886589e+01 8.871523e+01 8.479515e+01 6.557868e+01 6.334299e+01 1.538621e+02 1.433394e+02 1.092130e+02 1.074960e+02 5.212680e+00 4.099545e+00 5.742985e+00 5.462883e+00 5.222752e+00 4.549747e+00 2.344340e+00 2.539135e+00
<VARIANCE> 22
 9.121328e+01 1.488294e+02 7.778661e+00 1.010785e+01 5.426251e+03 5.183738e+03 9.631193e+02 1.138788e+03 2.995040e+02 3.115898e+02 4.074866e+03 4.101277e+03 4.145959e+02 3.715291e+02 7.241076e+00 1.630225e+00 2.548987e+00 1.016267e+00 1.991082e+00 5.785525e+00 6.219392e+00 5.930542e+00
<GCONST> 1.348667e+02
<STATE> 4
<MEAN> 22
 4.770178e+00 6.292253e+00 1.373217e+00 1.713865e+00 4.643705e+01 5.659090e+01 8.970818e+01 8.572564e+01 6.578492e+01 6.327740e+01 1.538467e+02 1.445132e+02 1.098764e+02 1.083190e+02 5.213150e+00 4.088611e+00 5.692150e+00 5.490071e+00 5.213797e+00 4.487522e+00 2.451925e+00 2.535716e+00
<VARIANCE> 22
 9.188988e+01 1.815741e+02 6.690851e+00 8.935850e+00 5.056067e+03 4.821731e+03 9.244378e+02 1.057894e+03 2.805195e+02 2.876924e+02 4.125044e+03 4.101891e+03 3.702584e+02 3.360106e+02 7.153600e+00 1.594695e+00 2.640724e+00 8.959369e-01 2.006876e+00 5.754170e+00 6.267267e+00 6.039179e+00
<GCONST> 1.340983e+02
<TRANSP> 5
 0.000000e+00 1.000000e+00 0.000000e+00 0.000000e+00 0.000000e+00
 0.000000e+00 7.532330e-01 2.467669e-01 0.000000e+00 0.000000e+00
 0.000000e+00 0.000000e+00 7.532321e-01 2.467679e-01 0.000000e+00
 0.000000e+00 0.000000e+00 0.000000e+00 8.627651e-01 1.372350e-01
 0.000000e+00 0.000000e+00 0.000000e+00 0.000000e+00 0.000000e+00
<ENDHMM>
~h "VA_2"
<BEGINHMM>
<NUMSTATES> 5
<STATE> 2
<MEAN> 22
 5.774178e+00 7.006139e+00 1.711216e+00 2.130674e+00 4.988048e+01 6.503347e+01 9.185876e+01 8.911758e+01 6.861026e+01 6.683653e+01 1.571908e+02 1.429950e+02 1.098965e+02 1.078765e+02 5.173088e+00 4.000301e+00 5.653894e+00 5.396276e+00 5.167945e+00 4.355892e+00 2.375622e+00 2.471688e+00
<VARIANCE> 22
 1.494331e+02 1.898711e+02 3.571728e+01 2.649403e+01 6.526075e+03 6.074382e+03 1.349116e+03 1.312186e+03 4.337945e+02 4.118840e+02 3.863151e+03 4.438891e+03 4.459717e+02 3.698117e+02 7.247659e+00 1.760594e+00 2.806780e+00 1.080923e+00 2.144504e+00 6.160827e+00 6.306600e+00 5.852649e+00
<GCONST> 1.400309e+02
<STATE> 3
<MEAN> 22
 5.426918e+00 7.231010e+00 1.744886e+00 2.105121e+00 5.059664e+01 6.720181e+01 9.382184e+01 9.072869e+01 6.861603e+01 6.720055e+01 1.591756e+02 1.439576e+02 1.100881e+02 1.078336e+02 5.296363e+00 4.012640e+00 5.659190e+00 5.386553e+00 5.186518e+00 4.381456e+00 2.323915e+00 2.519038e+00
<VARIANCE> 22
 1.811603e+02 2.624698e+02 7.765010e+01 4.827308e+01 7.127906e+03 6.674606e+03 1.335895e+03 1.435091e+03 4.429132e+02 4.498229e+02 3.820636e+03 4.296343e+03 4.235893e+02 3.572495e+02 6.822646e+00 1.762131e+00 2.794157e+00 1.118121e+00 2.149383e+00 6.005969e+00 6.184406e+00 5.946756e+00
<GCONST> 1.421080e+02
<STATE> 4
<MEAN> 22
 5.242011e+00 7.646871e+00 1.697412e+00 2.192178e+00 5.275785e+01 7.011597e+01 9.428743e+01 9.057710e+01 6.916070e+01 6.757304e+01 1.575585e+02 1.444635e+02 1.098452e+02 1.088269e+02 5.217635e+00 4.018835e+00 5.681568e+00 5.415933e+00 5.178688e+00 4.373310e+00 2.395289e+00 2.691685e+00
<VARIANCE> 22
 1.820361e+02 3.325702e+02 8.559558e+01 5.643348e+01 7.849246e+03 7.231001e+03 1.257859e+03 1.545248e+03 4.175400e+02 4.714338e+02 3.917119e+03 4.102152e+03 4.264924e+02 3.174420e+02 6.931707e+00 1.731585e+00 2.781007e+00 1.031367e+00 2.100551e+00 6.010122e+00 6.311064e+00 6.308333e+00
<GCONST> 1.426185e+02
<TRANSP> 5
 0.000000e+00 1.000000e+00 0.000000e+00 0.000000e+00 0.000000e+00
 0.000000e+00 7.022699e-01 2.977301e-01 0.000000e+00 0.000000e+00
 0.000000e+00 0.000000e+00 7.022703e-01 2.977297e-01 0.000000e+00
 0.000000e+00 0.000000e+00 0.000000e+00 8.183375e-01 1.816625e-01
 0.000000e+00 0.000000e+00 0.000000e+00 0.000000e+00 0.000000e+00
<ENDHMM>
~h "VQ_2"
<BEGINHMM>
<NUMSTATES> 5
<STATE> 2
<MEAN> 22
 5.477679e+00 6.468138e+00 1.597852e+00 1.961990e+00 5.540253e+01 6.267654e+01 9.025058e+01 8.894736e+01 6.592326e+01 6.274907e+01 1.488385e+02 1.429251e+02 1.081599e+02 1.068718e+02 5.073408e+00 4.023787e+00 5.439421e+00 5.365319e+00 4.988788e+00 4.419942e+00 2.261709e+00 2.465602e+00
<VARIANCE> 22
 1.423937e+02 1.329657e+02 1.107214e+01 1.359346e+01 7.778334e+03 6.319886e+03 1.114481e+03 1.113205e+03 3.958512e+02 3.345383e+02 4.529261e+03 4.685508e+03 4.996993e+02 4.447736e+02 7.271574e+00 1.867176e+00 3.762929e+00 1.310986e+00 2.466427e+00 5.702369e+00 5.885823e+00 5.872285e+00
<GCONST> 1.384044e+02
<STATE> 3
<MEAN> 22
 5.847015e+00 6.530250e+00 1.698288e+00 1.961578e+00 5.565756e+01 6.251773e+01 9.119854e+01 8.916255e+01 6.629935e+01 6.320237e+01 1.488930e+02 1.429705e+02 1.078084e+02 1.068274e+02 5.056474e+00 4.012704e+00 5.426795e+00 5.389191e+00 4.996039e+00 4.433238e+00 2.413730e+00 2.493629e+00
<VARIANCE> 22
 1.610181e+02 1.319579e+02 1.154761e+01 1.389003e+01 7.407083e+03 6.055728e+03 1.085737e+03 1.109871e+03 3.823385e+02 3.410934e+02 4.504465e+03 4.665302e+03 5.048217e+02 4.425262e+02 7.314101e+00 1.872186e+00 3.843545e+00 1.230064e+00 2.449533e+00 5.685574e+00 6.166198e+00 5.870026e+00
<GCONST> 1.384449e+02
<STATE> 4
<MEAN> 22
 6.188596e+00 6.808959e+00 1.768320e+00 1.938447e+00 5.509107e+01 6.223489e+01 9.159885e+01 8.984130e+01 6.734853e+01 6.395007e+01 1.494301e+02 1.464735e+02 1.087783e+02 1.081286e+02 4.928177e+00 4.030439e+00 5.508166e+00 5.430351e+00 4.983201e+00 4.503886e+00 2.501314e+00 2.588432e+00
<VARIANCE> 22
 1.700061e+02 1.340464e+02 1.240254e+01 1.594329e+01 7.168042e+03 6.019124e+03 1.165848e+03 1.198862e+03 3.818029e+02 3.356874e+02 4.594479e+03 4.506661e+03 5.219535e+02 4.698728e+02 7.616464e+00 1.796432e+00 3.548959e+00 1.131826e+00 2.422510e+00 5.537369e+00 6.386781e+00 5.916862e+00
<GCONST> 1.387367e+02
<TRANSP> 5
 0.000000e+00 1.000000e+00 0.000000e+00 0.000000e+00 0.000000e+00
 0.000000e+00 6.945349e-01 3.054652e-01 0.000000e+00 0.000000e+00
 0.000000e+00 0.000000e+00 6.945354e-01 3.054646e-01 0.000000e+00
 0.000000e+00 0.000000e+00 0.000000e+00 8.154867e-01 1.845133e-01
 0.000000e+00 0.000000e+00 0.000000e+00 0.000000e+00 0.000000e+00
<ENDHMM>
~h "NU_2"
<BEGINHMM>
<NUMSTATES> 5
<STATE> 2
<MEAN> 22
 4.542418e+00 6.053398e+00 1.218430e+00 1.922168e+00 4.437216e+01 6.208082e+01 8.727664e+01 8.590253e+01 6.473431e+01 6.317127e+01 1.531880e+02 1.419227e+02 1.092952e+02 1.073364e+02 5.131602e+00 4.011794e+00 5.752991e+00 5.391617e+00 5.134932e+00 4.356378e+00 2.257193e+00 2.543585e+00
<VARIANCE> 22
 9.098402e+01 1.814138e+02 6.899057e+00 1.304128e+01 5.011680e+03 5.451848e+03 1.040313e+03 1.317087e+03 3.075861e+02 3.448539e+02 4.106714e+03 4.277408e+03 4.683244e+02 4.143755e+02 7.430953e+00 1.769097e+00 2.620305e+00 1.159090e+00 2.237740e+00 6.023447e+00 6.270223e+00 6.290002e+00
<GCONST> 1.362902e+02
<STATE> 3
<MEAN> 22
 4.740039e+00 5.936990e+00 1.339425e+00 1.719393e+00 4.493462e+01 6.188688e+01 8.744769e+01 8.647399e+01 6.475474e+01 6.286470e+01 1.540863e+02 1.426492e+02 1.094925e+02 1.075666e+02 5.147573e+00 4.037041e+00 5.747075e+00 5.407329e+00 5.153062e+00 4.406071e+00 2.222884e+00 2.513890e+00
<VARIANCE> 22
 8.661391e+01 1.340578e+02 8.203402e+00 1.006584e+01 5.355149e+03 5.605947e+03 1.038038e+03 1.245522e+03 3.055784e+02 3.225673e+02 4.008569e+03 4.273610e+03 4.515663e+02 3.968554e+02 7.421470e+00 1.742805e+00 2.578879e+00 1.109721e+00 2.204366e+00 5.837921e+00 6.199807e+00 6.097425e+00
<GCONST> 1.355463e+02
<STATE> 4
<MEAN> 22
 5.293415e+00 6.077074e+00 1.564638e+00 1.783278e+00 4.943381e+01 6.448714e+01 8.860016e+01 8.681196e+01 6.546761e+01 6.285187e+01 1.535993e+02 1.433549e+02 1.093462e+02 1.081871e+02 5.027431e+00 4.058801e+00 5.740450e+00 5.417997e+00 5.111015e+00 4.413865e+00 2.239974e+00 2.577404e+00
<VARIANCE> 22
 9.759241e+01 1.297972e+02 1.268814e+01 1.026127e+01 7.295147e+03 6.577745e+03 1.115709e+03 1.200974e+03 3.240695e+02 3.319907e+02 4.200236e+03 4.284327e+03 4.906136e+02 3.885615e+02 7.730812e+00 1.723013e+00 2.679501e+00 1.094094e+00 2.351872e+00 5.794243e+00 6.074359e+00 6.036678e+00
<GCONST> 1.368723e+02
<TRANSP> 5
 0.000000e+00 1.000000e+00 0.000000e+00 0.000000e+00 0.000000e+00
 0.000000e+00 7.012007e-01 2.987993e-01 0.000000e+00 0.000000e+00
 0.000000e+00 0.000000e+00 7.012013e-01 2.987987e-01 0.000000e+00
 0.000000e+00 0.000000e+00 0.000000e+00 8.189226e-01 1.810774e-01
 0.000000e+00 0.000000e+00 0.000000e+00 0.000000e+00 0.000000e+00
<ENDHMM>
~h "FM_2"
<BEGINHMM>
<NUMSTATES> 5
<STATE> 2
<MEAN> 22
 4.441403e+00 6.722502e+00 1.326842e+00 1.896735e+00 3.880299e+01 6.385060e+01 8.888490e+01 8.629418e+01 6.448791e+01 6.514874e+01 1.606498e+02 1.403011e+02 1.100021e+02 1.072595e+02 5.449290e+00 3.934483e+00 5.804194e+00 5.392483e+00 5.296376e+00 4.340486e+00 2.220435e+00 2.577942e+00
<VARIANCE> 22
 7.731527e+01 1.286308e+02 7.763082e+00 1.060772e+01 4.502939e+03 5.300574e+03 1.022866e+03 1.176825e+03 3.133294e+02 3.690482e+02 3.513621e+03 4.616228e+03 4.273641e+02 4.255569e+02 6.710170e+00 2.014158e+00 1.962656e+00 1.255980e+00 2.028529e+00 6.139855e+00 6.075351e+00 6.102797e+00
<GCONST> 1.350502e+02
<STATE> 3
<MEAN> 22
 4.922415e+00 7.165133e+00 1.347404e+00 2.003259e+00 3.897005e+01 6.332453e+01 8.905796e+01 8.626116e+01 6.451408e+01 6.517764e+01 1.610375e+02 1.411320e+02 1.102415e+02 1.073651e+02 5.382124e+00 3.965260e+00 5.805267e+00 5.390970e+00 5.285616e+00 4.449891e+00 2.288975e+00 2.580718e+00
<VARIANCE> 22
 9.289394e+01 1.419315e+02 8.035197e+00 1.277480e+01 4.370418e+03 5.306489e+03 1.036005e+03 1.207447e+03 3.223718e+02 3.628900e+02 3.426821e+03 4.452884e+03 4.206465e+02 4.192151e+02 6.988512e+00 1.960143e+00 2.056745e+00 1.199992e+00 2.144367e+00 5.887219e+00 6.215553e+00 5.989327e+00
<GCONST> 1.355142e+02
<STATE> 4
<MEAN> 22
 4.863302e+00 6.930483e+00 1.381834e+00 1.976810e+00 4.284810e+01 6.130228e+01 9.119492e+01 8.644901e+01 6.564875e+01 6.479733e+01 1.590964e+02 1.433254e+02 1.101082e+02 1.075772e+02 5.178174e+00 4.006899e+00 5.715222e+00 5.392361e+00 5.204358e+00 4.552970e+00 2.341772e+00 2.537903e+00
<VARIANCE> 22
 8.514740e+01 1.432317e+02 6.806934e+00 1.265734e+01 4.608085e+03 5.269400e+03 1.132159e+03 1.241992e+03 3.672809e+02 3.571757e+02 3.734049e+03 4.264156e+03 4.566135e+02 4.234698e+02 7.536322e+00 1.866962e+00 2.633344e+00 1.181963e+00 2.398440e+00 5.636145e+00 6.073012e+00 5.972381e+00
<GCONST> 1.359743e+02
<TRANSP> 5
 0.000000e+00 1.000000e+00 0.000000e+00 0.000000e+00 0.000000e+00
 0.000000e+00 7.204248e-01 2.795752e-01 0.000000e+00 0.000000e+00
 0.000000e+00 0.000000e+00 7.204251e-01 2.795749e-01 0.000000e+00
 0.000000e+00 0.000000e+00 0.000000e+00 8.353118e-01 1.646883e-01
 0.000000e+00 0.000000e+00 0.000000e+00 0.000000e+00 0.000000e+00
<ENDHMM>
~h "FN_2"
<BEGINHMM>
<NUMSTATES> 5
<STATE> 2
<MEAN> 22
 5.297533e+00 6.967188e+00 1.569079e+00 1.955689e+00 5.028623e+01 5.863298e+01 8.856927e+01 8.598756e+01 6.425977e+01 6.207458e+01 1.480623e+02 1.418151e+02 1.087340e+02 1.071698e+02 5.132268e+00 3.984818e+00 5.547758e+00 5.432930e+00 4.999892e+00 4.405180e+00 2.347939e+00 2.566903e+00
<VARIANCE> 22
 1.056974e+02 1.472211e+02 9.329757e+00 1.260141e+01 5.427263e+03 5.181955e+03 1.091740e+03 1.110164e+03 2.818763e+02 3.022118e+02 4.688035e+03 4.769669e+03 4.878290e+02 5.029501e+02 7.054454e+00 2.106978e+00 3.284052e+00 1.332097e+00 2.588808e+00 5.932038e+00 5.839337e+00 5.921841e+00
<GCONST> 1.371482e+02
<STATE> 3
<MEAN> 22
 4.957259e+00 6.847623e+00 1.411585e+00 1.911561e+00 4.962857e+01 6.068629e+01 8.890533e+01 8.669930e+01 6.395339e+01 6.247887e+01 1.491415e+02 1.409967e+02 1.086271e+02 1.068140e+02 5.151230e+00 3.989404e+00 5.525244e+00 5.415550e+00 5.017527e+00 4.422982e+00 2.399046e+00 2.536965e+00
<VARIANCE> 22
 1.115423e+02 1.368306e+02 7.605735e+00 1.174601e+01 5.485629e+03 5.368421e+03 1.082054e+03 1.174236e+03 2.777665e+02 3.041968e+02 4.642471e+03 4.759454e+03 4.908341e+02 5.070416e+02 7.055892e+00 2.042485e+00 3.324105e+00 1.346840e+00 2.592440e+00 5.880651e+00 6.053836e+00 6.001371e+00
<GCONST> 1.369760e+02
<STATE> 4
<MEAN> 22
 4.914933e+00 6.517855e+00 1.393169e+00 1.892719e+00 5.033028e+01 6.228440e+01 8.992814e+01 8.682244e+01 6.400728e+01 6.306134e+01 1.480919e+02 1.388401e+02 1.080614e+02 1.066635e+02 5.037779e+00 3.943790e+00 5.488536e+00 5.386874e+00 4.966808e+00 4.383576e+00 2.391062e+00 2.525773e+00
<VARIANCE> 22
 1.101316e+02 1.162621e+02 7.685675e+00 1.009955e+01 5.431200e+03 5.434284e+03 1.138306e+03 1.208435e+03 3.204364e+02 3.028766e+02 4.788551e+03 4.895322e+03 5.183510e+02 5.205801e+02 7.333423e+00 2.012224e+00 3.527108e+00 1.361860e+00 2.710063e+00 5.923241e+00 6.201222e+00 6.076185e+00
<GCONST> 1.372021e+02
<TRANSP> 5
 0.000000e+00 1.000000e+00 0.000000e+00 0.000000e+00 0.000000e+00
 0.000000e+00 7.318088e-01 2.681911e-01 0.000000e+00 0.000000e+00
 0.000000e+00 0.000000e+00 7.318090e-01 2.681910e-01 0.000000e+00
 0.000000e+00 0.000000e+00 0.000000e+00 8.444910e-01 1.555089e-01
 0.000000e+00 0.000000e+00 0.000000e+00 0.000000e+00 0.000000e+00
<ENDHMM>
~h "FU_2"
<BEGINHMM>
<NUMSTATES> 5
<STATE> 2
<MEAN> 22
 4.984344e+00 6.877409e+00 1.561187e+00 1.932270e+00 5.342337e+01 5.894659e+01 8.982861e+01 8.709454e+01 6.430643e+01 6.178850e+01 1.479220e+02 1.424921e+02 1.076210e+02 1.064315e+02 5.207089e+00 4.049710e+00 5.539762e+00 5.433336e+00 5.038324e+00 4.503477e+00 2.481733e+00 2.638382e+00
<VARIANCE> 22
 9.829932e+01 1.565152e+02 8.479453e+00 1.207954e+01 6.967136e+03 5.509920e+03 9.147629e+02 9.882573e+02 2.864454e+02 3.264805e+02 4.891890e+03 4.654320e+03 5.242133e+02 4.453566e+02 6.923054e+00 1.853734e+00 3.370516e+00 1.145095e+00 2.483576e+00 5.508053e+00 6.310297e+00 5.999146e+00
<GCONST> 1.367814e+02
<STATE> 3
<MEAN> 22
 4.988508e+00 6.163439e+00 1.475799e+00 1.892413e+00 5.275876e+01 5.879425e+01 9.062427e+01 8.859034e+01 6.465022e+01 6.181818e+01 1.479865e+02 1.438347e+02 1.077935e+02 1.070005e+02 5.189906e+00 4.048013e+00 5.518505e+00 5.446342e+00 5.040375e+00 4.509600e+00 2.427371e+00 2.633357e+00
<VARIANCE> 22
 1.003295e+02 1.271349e+02 8.548184e+00 1.193315e+01 6.729643e+03 5.439370e+03 9.265950e+02 9.843842e+02 3.094626e+02 3.070966e+02 5.002293e+03 4.835328e+03 5.114966e+02 4.423521e+02 6.960164e+00 1.875577e+00 3.371648e+00 1.137305e+00 2.446828e+00 5.505745e+00 6.240770e+00 6.142940e+00
<GCONST> 1.366043e+02
<STATE> 4
<MEAN> 22
 5.079908e+00 5.946639e+00 1.541191e+00 1.825990e+00 5.901518e+01 6.130096e+01 9.190140e+01 8.815254e+01 6.614595e+01 6.158280e+01 1.425255e+02 1.435799e+02 1.067566e+02 1.068858e+02 4.951055e+00 4.003019e+00 5.350694e+00 5.421302e+00 4.892486e+00 4.458672e+00 2.417014e+00 2.561891e+00
<VARIANCE> 22
 1.032868e+02 1.378623e+02 1.049148e+01 1.180713e+01 8.031042e+03 5.796227e+03 1.137767e+03 1.031609e+03 4.099587e+02 2.975591e+02 5.390204e+03 4.942701e+03 5.852586e+02 4.963691e+02 7.361111e+00 1.998833e+00 4.071816e+00 1.366095e+00 2.705218e+00 5.700866e+00 6.139845e+00 6.124101e+00
<GCONST> 1.386047e+02
<TRANSP> 5
 0.000000e+00 1.000000e+00 0.000000e+00 0.000000e+00 0.000000e+00
 0.000000e+00 7.280143e-01 2.719857e-01 0.000000e+00 0.000000e+00
 0.000000e+00 0.000000e+00 7.280147e-01 2.719853e-01 0.000000e+00
 0.000000e+00 0.000000e+00 0.000000e+00 8.418306e-01 1.581694e-01
 0.000000e+00 0.000000e+00 0.000000e+00 0.000000e+00 0.000000e+00
<ENDHMM>
~h "OH_D"
<BEGINHMM>
<NUMSTATES> 5
<STATE> 2
<MEAN> 22
 4.828138e+00 6.715396e+00 1.441574e+00 1.938418e+00 4.579050e+01 6.227177e+01 9.139043e+01 8.996777e+01 6.571808e+01 6.516565e+01 1.575995e+02 1.437175e+02 1.101189e+02 1.079762e+02 5.337559e+00 4.041234e+00 5.666817e+00 5.405221e+00 5.203502e+00 4.475756e+00 2.319812e+00 2.603839e+00
<VARIANCE> 22
 1.172064e+02 1.544931e+02 2.776165e+01 2.205974e+01 5.345433e+03 5.522630e+03 1.044582e+03 1.179469e+03 3.210409e+02 3.641682e+02 3.909767e+03 4.412742e+03 3.853263e+02 3.611241e+02 6.833383e+00 1.769449e+00 2.706450e+00 1.112546e+00 2.161587e+00 5.640576e+00 6.173473e+00 6.077664e+00
<GCONST> 1.377760e+02
<STATE> 3
<MEAN> 22
 5.027667e+00 6.982600e+00 1.487338e+00 1.992195e+00 4.481629e+01 6.087540e+01 9.105537e+01 8.923466e+01 6.560493e+01 6.491171e+01 1.583719e+02 1.448118e+02 1.103388e+02 1.082523e+02 5.357553e+00 4.065596e+00 5.698400e+00 5.427058e+00 5.218640e+00 4.512267e+00 2.365765e+00 2.649096e+00
<VARIANCE> 22
 1.220930e+02 1.679480e+02 2.634779e+01 2.280893e+01 5.152783e+03 5.315525e+03 1.040221e+03 1.162014e+03 3.103918e+02 3.472557e+02 3.831114e+03 4.317754e+03 3.782897e+02 3.532468e+02 6.818541e+00 1.741863e+00 2.595904e+00 1.058448e+00 2.132325e+00 5.607019e+00 6.316663e+00 6.146864e+00
<GCONST> 1.375289e+02
<STATE> 4
<MEAN> 22
 5.361451e+00 6.957754e+00 1.553813e+00 2.005949e+00 4.476042e+01 5.857346e+01 9.091204e+01 8.842740e+01 6.590477e+01 6.438960e+01 1.586126e+02 1.472138e+02 1.106698e+02 1.090297e+02 5.326623e+00 4.095708e+00 5.726504e+00 5.455837e+00 5.222969e+00 4.557737e+00 2.422943e+00 2.660866e+00
<VARIANCE> 22
 1.230639e+02 1.560820e+02 1.527375e+01 1.615284e+01 5.113973e+03 5.111854e+03 1.100539e+03 1.169552e+03 3.071646e+02 3.293604e+02 3.892539e+03 4.262201e+03 4.019534e+02 3.529473e+02 6.906145e+00 1.733540e+00 2.517212e+00 1.013680e+00 2.100069e+00 5.594356e+00 6.370481e+00 6.197840e+00
<GCONST> 1.365221e+02
<TRANSP> 5
 0.000000e+00 1.000000e+00 0.000000e+00 0.000000e+00 0.000000e+00
 0.000000e+00 7.400254e-01 2.599746e-01 0.000000e+00 0.000000e+00
 0.000000e+00 0.000000e+00 7.400092e-01 2.599909e-01 0.000000e+00
 0.000000e+00 0.000000e+00 0.000000e+00 8.541837e-01 1.458164e-01
 0.000000e+00 0.000000e+00 0.000000e+00 0.000000e+00 0.000000e+00
<ENDHMM>
~h "OH_U"
<BEGINHMM>
<NUMSTATES> 5
<STATE> 2
<MEAN> 22
 1.014038e+01 1.074174e+01 6.135242e+00 5.604743e+00 4.272162e+01 5.819777e+01 8.844212e+01 8.664909e+01 6.391581e+01 6.287597e+01 1.557018e+02 1.431346e+02 1.083027e+02 1.062228e+02 5.304103e+00 4.011296e+00 5.642272e+00 5.338748e+00 5.146063e+00 4.448205e+00 2.293426e+00 2.561073e+00
<VARIANCE> 22
 2.634023e+03 1.886138e+03 2.099873e+03 1.344605e+03 5.205104e+03 5.409225e+03 1.139722e+03 1.271764e+03 3.578247e+02 4.140427e+02 4.179453e+03 4.575125e+03 6.089197e+02 5.781780e+02 7.096911e+00 2.012659e+00 2.982222e+00 1.604597e+00 2.530387e+00 5.899351e+00 5.997766e+00 6.006449e+00
<GCONST> 1.540013e+02
<STATE> 3
<MEAN> 22
 6.555774e+00 7.872962e+00 2.738035e+00 2.892923e+00 4.476907e+01 6.022305e+01 8.923076e+01 8.742176e+01 6.480585e+01 6.377346e+01 1.559582e+02 1.433820e+02 1.092527e+02 1.072515e+02 5.303509e+00 4.035211e+00 5.691952e+00 5.389251e+00 5.181933e+00 4.463411e+00 2.282461e+00 2.551245e+00
<VARIANCE> 22
 7.534671e+02 5.862372e+02 5.559639e+02 3.553574e+02 5.414692e+03 5.517574e+03 1.059463e+03 1.203384e+03 3.228128e+02 3.795677e+02 4.028524e+03 4.427406e+03 4.847571e+02 4.539855e+02 7.016251e+00 1.859927e+00 2.731345e+00 1.301292e+00 2.289103e+00 5.817084e+00 5.953486e+00 5.984017e+00
<GCONST> 1.476100e+02
<STATE> 4
<MEAN> 22
 5.651205e+00 6.933608e+00 1.941778e+00 2.208880e+00 4.896056e+01 6.127699e+01 8.951117e+01 8.721120e+01 6.584419e+01 6.372759e+01 1.528965e+02 1.432530e+02 1.089763e+02 1.075278e+02 5.160720e+00 4.016002e+00 5.637328e+00 5.389376e+00 5.103504e+00 4.423969e+00 2.324419e+00 2.561117e+00
<VARIANCE> 22
 3.035694e+02 2.680981e+02 1.749467e+02 1.139957e+02 6.022196e+03 5.652750e+03 1.145099e+03 1.208915e+03 3.494018e+02 3.705218e+02 4.280705e+03 4.496722e+03 5.056597e+02 4.467831e+02 7.261807e+00 1.887910e+00 3.003683e+00 1.271133e+00 2.389093e+00 5.911974e+00 5.997987e+00 6.010336e+00
<GCONST> 1.441874e+02
<TRANSP> 5
 0.000000e+00 1.000000e+00 0.000000e+00 0.000000e+00 0.000000e+00
 0.000000e+00 7.240726e-01 2.759274e-01 0.000000e+00 0.000000e+00
 0.000000e+00 0.000000e+00 7.240425e-01 2.759575e-01 0.000000e+00
 0.000000e+00 0.000000e+00 0.000000e+00 8.404616e-01 1.595384e-01
 0.000000e+00 0.000000e+00 0.000000e+00 0.000000e+00 0.000000e+00
<ENDHMM>
~h "OK_2"
<BEGINHMM>
<NUMSTATES> 5
<STATE> 2
<MEAN> 22
 5.414036e+00 7.030779e+00 1.581326e+00 1.959466e+00 4.860289e+01 6.666618e+01 9.115418e+01 9.114604e+01 6.535104e+01 6.584451e+01 1.565633e+02 1.430702e+02 1.111222e+02 1.087121e+02 5.259230e+00 3.999921e+00 5.774754e+00 5.366755e+00 5.169111e+00 4.393530e+00 2.374732e+00 2.578177e+00
<VARIANCE> 22
 1.163445e+02 1.881223e+02 1.337920e+01 1.295051e+01 6.450025e+03 6.509250e+03 9.360354e+02 1.153395e+03 2.843576e+02 3.785697e+02 4.080995e+03 4.538204e+03 3.849559e+02 3.260585e+02 7.001632e+00 1.761532e+00 2.329723e+00 1.089260e+00 2.299410e+00 5.728293e+00 6.020100e+00 6.020759e+00
<GCONST> 1.366999e+02
<STATE> 3
<MEAN> 22
 5.510993e+00 7.143210e+00 1.628635e+00 1.937077e+00 4.979078e+01 6.718484e+01 9.097318e+01 9.119566e+01 6.540816e+01 6.600080e+01 1.553055e+02 1.426136e+02 1.108465e+02 1.087582e+02 5.207582e+00 3.984785e+00 5.712101e+00 5.354292e+00 5.128340e+00 4.357989e+00 2.285807e+00 2.607042e+00
<VARIANCE> 22
 1.213986e+02 1.397789e+02 1.665980e+01 1.140574e+01 6.356004e+03 6.480453e+03 9.661202e+02 1.227490e+03 2.800018e+02 3.708972e+02 4.170455e+03 4.611257e+03 4.039519e+02 3.323155e+02 7.106058e+00 1.812537e+00 2.568481e+00 1.118015e+00 2.344877e+00 5.860389e+00 5.993231e+00 6.050523e+00
<GCONST> 1.368912e+02
<STATE> 4
<MEAN> 22
 5.880140e+00 6.851072e+00 1.777814e+00 1.980587e+00 5.481545e+01 6.491106e+01 9.078349e+01 9.043499e+01 6.643942e+01 6.498611e+01 1.535632e+02 1.455630e+02 1.109791e+02 1.098707e+02 5.103193e+00 4.021759e+00 5.644887e+00 5.414015e+00 5.072205e+00 4.393787e+00 2.382660e+00 2.697098e+00
<VARIANCE> 22
 1.396922e+02 1.396017e+02 1.769943e+01 1.580573e+01 7.359978e+03 6.668281e+03 1.109491e+03 1.204566e+03 2.832730e+02 3.148358e+02 4.281986e+03 4.611834e+03 4.576607e+02 3.210284e+02 7.232513e+00 1.802122e+00 2.894272e+00 1.009270e+00 2.365819e+00 5.819517e+00 6.093014e+00 6.274812e+00
<GCONST> 1.377601e+02
<TRANSP> 5
 0.000000e+00 1.000000e+00 0.000000e+00 0.000000e+00 0.000000e+00
 0.000000e+00 6.722316e-01 3.277684e-01 0.000000e+00 0.000000e+00
 0.000000e+00 0.000000e+00 6.722319e-01 3.277681e-01 0.000000e+00
 0.000000e+00 0.000000e+00 0.000000e+00 7.891787e-01 2.108213e-01
 0.000000e+00 0.000000e+00 0.000000e+00 0.000000e+00 0.000000e+00
<ENDHMM>
~h "PF_2"
<BEGINHMM>
<NUMSTATES> 5
<STATE> 2
<MEAN> 22
 5.054104e+00 7.254712e+00 1.404917e+00 2.059241e+00 4.856825e+01 7.073328e+01 9.115998e+01 9.050982e+01 6.496514e+01 6.503323e+01 1.513156e+02 1.353592e+02 1.086325e+02 1.059848e+02 5.272927e+00 3.881003e+00 5.601412e+00 5.281996e+00 5.093214e+00 4.216842e+00 2.315364e+00 2.647895e+00
<VARIANCE> 22
 9.148576e+01 1.478157e+02 6.565006e+00 1.075545e+01 5.882886e+03 6.272373e+03 9.587552e+02 1.221782e+03 3.093664e+02 3.974060e+02 4.144837e+03 4.847330e+03 3.827219e+02 4.235066e+02 6.991772e+00 1.977501e+00 3.108437e+00 1.393905e+00 2.480180e+00 6.078450e+00 6.239784e+00 5.719537e+00
<GCONST> 1.365119e+02
<STATE> 3
<MEAN> 22
 5.206561e+00 7.149439e+00 1.424989e+00 2.100239e+00 4.735007e+01 7.234871e+01 9.190269e+01 9.187949e+01 6.508692e+01 6.599719e+01 1.530334e+02 1.355378e+02 1.089257e+02 1.057672e+02 5.297347e+00 3.884019e+00 5.588738e+00 5.248182e+00 5.111239e+00 4.251038e+00 2.435960e+00 2.730668e+00
<VARIANCE> 22
 9.951743e+01 1.491293e+02 8.178642e+00 1.138802e+01 5.578937e+03 6.275952e+03 9.770942e+02 1.299088e+03 3.046753e+02 4.103506e+02 4.014500e+03 4.719477e+03 3.722279e+02 4.175107e+02 6.964939e+00 1.933096e+00 3.279478e+00 1.427649e+00 2.499882e+00 5.959445e+00 6.442423e+00 5.908415e+00
<GCONST> 1.369292e+02
<STATE> 4
<MEAN> 22
 5.288932e+00 6.888137e+00 1.531491e+00 2.067785e+00 4.746663e+01 7.045648e+01 9.171514e+01 9.198567e+01 6.566326e+01 6.643852e+01 1.545851e+02 1.375397e+02 1.095918e+02 1.066031e+02 5.306929e+00 3.918479e+00 5.631974e+00 5.272393e+00 5.108313e+00 4.266158e+00 2.576167e+00 2.787118e+00
<VARIANCE> 22
 1.030094e+02 1.296737e+02 9.234605e+00 1.301688e+01 5.012827e+03 5.849396e+03 1.030592e+03 1.306990e+03 2.994858e+02 4.167760e+02 3.960060e+03 4.600862e+03 3.562191e+02 3.772843e+02 6.914309e+00 1.874093e+00 3.150897e+00 1.351746e+00 2.509754e+00 5.927421e+00 6.534138e+00 6.181820e+00
<GCONST> 1.367000e+02
<TRANSP> 5
 0.000000e+00 1.000000e+00 0.000000e+00 0.000000e+00 0.000000e+00
 0.000000e+00 7.200921e-01 2.799079e-01 0.000000e+00 0.000000e+00
 0.000000e+00 0.000000e+00 7.200924e-01 2.799076e-01 0.000000e+00
 0.000000e+00 0.000000e+00 0.000000e+00 8.355892e-01 1.644108e-01
 0.000000e+00 0.000000e+00 0.000000e+00 0.000000e+00 0.000000e+00
<ENDHMM>
~h "PR_2"
<BEGINHMM>
<NUMSTATES> 5
<STATE> 2
<MEAN> 22
 5.891895e+00 6.462053e+00 1.772746e+00 1.925478e+00 4.568362e+01 6.520422e+01 8.998960e+01 8.950223e+01 6.528085e+01 6.479188e+01 1.526049e+02 1.405566e+02 1.099022e+02 1.074317e+02 5.098427e+00 3.953654e+00 5.681653e+00 5.378489e+00 5.086961e+00 4.213107e+00 2.469020e+00 2.573744e+00
<VARIANCE> 22
 1.239352e+02 1.248157e+02 1.528966e+01 9.748412e+00 4.527513e+03 5.250120e+03 1.087689e+03 1.159466e+03 2.920145e+02 3.708022e+02 4.043681e+03 4.739692e+03 3.932119e+02 4.095934e+02 7.427069e+00 1.780474e+00 2.851287e+00 1.143077e+00 2.309595e+00 6.104435e+00 6.260884e+00 6.239233e+00
<GCONST> 1.365410e+02
<STATE> 3
<MEAN> 22
 5.379855e+00 6.577272e+00 1.670012e+00 1.847475e+00 4.660355e+01 6.390936e+01 9.001831e+01 8.803430e+01 6.510484e+01 6.459622e+01 1.538285e+02 1.399361e+02 1.098159e+02 1.075975e+02 5.158418e+00 3.949962e+00 5.720349e+00 5.398614e+00 5.106194e+00 4.242462e+00 2.406882e+00 2.642290e+00
<VARIANCE> 22
 1.044709e+02 1.281429e+02 1.426440e+01 1.014273e+01 4.652521e+03 5.133314e+03 1.136955e+03 1.111921e+03 2.843539e+02 3.508553e+02 4.058973e+03 4.685795e+03 4.174866e+02 4.006619e+02 7.214812e+00 1.781050e+00 2.587182e+00 1.113302e+00 2.286797e+00 6.147641e+00 6.293759e+00 6.213377e+00
<GCONST> 1.361682e+02
<STATE> 4
<MEAN> 22
 5.035433e+00 6.351425e+00 1.591797e+00 1.875904e+00 4.964722e+01 5.926079e+01 9.299138e+01 8.690238e+01 6.651193e+01 6.395828e+01 1.531631e+02 1.436526e+02 1.088457e+02 1.085220e+02 5.094138e+00 3.983516e+00 5.588633e+00 5.400663e+00 5.014226e+00 4.300204e+00 2.480233e+00 2.681714e+00
<VARIANCE> 22
 9.839248e+01 1.256450e+02 1.282893e+01 1.118173e+01 5.412073e+03 4.959684e+03 1.345503e+03 1.128849e+03 3.306043e+02 3.287904e+02 4.569784e+03 4.759860e+03 6.000423e+02 4.455398e+02 7.155611e+00 1.812414e+00 3.174202e+00 1.120507e+00 2.580698e+00 6.144554e+00 6.374119e+00 6.336788e+00
<GCONST> 1.374422e+02
<TRANSP> 5
 0.000000e+00 1.000000e+00 0.000000e+00 0.000000e+00 0.000000e+00
 0.000000e+00 7.068596e-01 2.931404e-01 0.000000e+00 0.000000e+00
 0.000000e+00 0.000000e+00 7.068600e-01 2.931400e-01 0.000000e+00
 0.000000e+00 0.000000e+00 0.000000e+00 8.249316e-01 1.750685e-01
 0.000000e+00 0.000000e+00 0.000000e+00 0.000000e+00 0.000000e+00
<ENDHMM>
