~o
<STREAMINFO> 1 39
<VECSIZE> 39<NULLD><MFCC_D_A_C_K_0><DIAGC>
~s "silst"
<NUMMIXES> 12
<MIXTURE> 1 2.152042e-02
<MEAN> 39
 -1.535307e+01 -8.065433e+00 -9.104367e+00 -1.394629e+01 -8.184804e+00 -1.730021e+01 -9.508919e+00 -8.438888e+00 -3.288491e+00 -3.581606e+00 -3.899015e+00 -1.033794e+00 6.650687e+01 -5.471599e-01 -2.877263e-01 1.296433e-01 -7.484117e-01 5.112918e-01 3.641619e-02 7.904661e-01 7.919019e-01 8.233547e-01 -3.761299e-03 7.241843e-01 2.529725e-01 1.910573e+00 7.560144e-02 -6.273118e-02 -1.244042e-01 4.783019e-02 -1.093057e-02 1.031915e-01 5.003024e-02 -3.414148e-02 -8.282989e-02 -3.171272e-02 -7.600410e-02 -2.705760e-02 -1.172854e-01
<VARIANCE> 39
 5.481068e+01 3.896408e+01 5.366563e+01 4.810555e+01 6.675125e+01 6.056951e+01 6.253364e+01 6.296485e+01 5.674562e+01 5.410751e+01 5.094727e+01 3.883454e+01 6.658749e+01 5.116407e+00 3.774776e+00 4.894321e+00 4.813886e+00 6.612762e+00 5.706542e+00 6.194683e+00 6.060489e+00 5.457659e+00 5.289830e+00 4.987832e+00 3.924738e+00 4.014239e+00 6.670338e-01 5.013688e-01 6.494192e-01 7.315944e-01 8.856789e-01 8.494917e-01 9.658346e-01 1.037801e+00 9.306149e-01 8.412744e-01 8.480386e-01 6.565084e-01 8.946987e-01
<GCONST> 1.416412e+02
<MIXTURE> 2 6.272435e-02
<MEAN> 39
 -1.428051e+01 -9.312138e+00 -1.226036e+01 -1.181517e+01 -1.047720e+01 -1.651136e+01 -1.141607e+01 -1.077313e+01 -6.314737e+00 -4.121053e+00 -7.054955e+00 -1.862372e+00 5.774210e+01 1.919053e-02 -1.851951e-02 1.122589e-02 1.388740e-01 2.999805e-01 5.540165e-01 7.553617e-01 9.265388e-01 9.966797e-01 9.641237e-01 7.855710e-01 5.662559e-01 -1.000647e-02 9.422959e-02 1.509561e-01 2.058764e-01 2.256826e-01 1.993643e-01 1.476011e-01 1.063789e-01 1.004156e-01 1.259353e-01 1.699283e-01 1.780755e-01 1.665353e-01 5.945347e-02
<VARIANCE> 39
 5.714928e+00 5.654091e+00 7.600203e+00 1.033340e+01 1.432813e+01 1.550670e+01 1.621099e+01 1.601872e+01 1.684074e+01 1.547778e+01 1.689218e+01 1.705151e+01 3.925843e+00 2.174980e-01 3.531906e-01 5.596274e-01 8.093573e-01 1.053963e+00 1.270356e+00 1.432736e+00 1.578697e+00 1.644785e+00 1.633516e+00 1.616734e+00 1.595185e+00 7.902402e-02 4.104541e-02 6.979166e-02 1.077983e-01 1.586719e-01 2.242609e-01 2.739779e-01 3.037252e-01 3.216826e-01 3.331752e-01 3.310030e-01 3.393409e-01 3.365484e-01 1.477579e-02
<GCONST> 7.659206e+01
<MIXTURE> 3 9.780160e-02
<MEAN> 39
 -1.275351e+01 -8.437788e+00 -1.042940e+01 -9.042950e+00 -1.004802e+01 -1.726855e+01 -1.426189e+01 -1.430471e+01 -1.001793e+01 -6.016823e+00 -9.755497e+00 -3.596903e+00 5.717949e+01 4.263936e-02 9.370437e-02 1.569800e-01 2.160710e-01 2.989276e-01 3.664140e-01 4.070636e-01 4.568005e-01 5.203387e-01 5.736316e-01 5.206160e-01 3.544077e-01 1.289162e-02 -5.772579e-02 -6.953070e-02 -1.193383e-01 -1.543743e-01 -5.275891e-02 2.161561e-02 1.455167e-01 2.158064e-01 2.307576e-01 1.790107e-01 1.550820e-01 7.109669e-02 1.052132e-02
<VARIANCE> 39
 2.442581e+00 3.607051e+00 4.926113e+00 6.935886e+00 1.043405e+01 1.308915e+01 1.351170e+01 1.374664e+01 1.486154e+01 1.547066e+01 1.449337e+01 1.455300e+01 1.204644e+00 1.971733e-01 3.373699e-01 5.342495e-01 7.698813e-01 9.927697e-01 1.213968e+00 1.417355e+00 1.627759e+00 1.712247e+00 1.654776e+00 1.569934e+00 1.528188e+00 6.226897e-02 3.572609e-02 6.057288e-02 9.426569e-02 1.405701e-01 2.020652e-01 2.508117e-01 2.813033e-01 3.049672e-01 3.232552e-01 3.297197e-01 3.260144e-01 3.196894e-01 1.256020e-02
<GCONST> 7.029047e+01
<MIXTURE> 4 9.725747e-02
<MEAN> 39
 -1.527053e+01 -7.808249e+00 -1.087614e+01 -1.236144e+01 -1.013412e+01 -1.827668e+01 -1.268521e+01 -1.226708e+01 -7.001532e+00 -5.554495e+00 -6.283272e+00 -2.235755e+00 6.052874e+01 -2.000113e-01 2.383709e-02 -1.611916e-02 -1.293180e-01 1.945666e-01 1.283682e-01 3.510753e-01 4.160432e-01 4.937293e-01 3.210795e-01 4.372455e-01 1.897496e-01 1.381807e-01 7.940050e-03 -4.310042e-02 -1.902930e-02 1.113275e-02 6.853683e-02 1.167850e-01 1.690503e-01 1.667829e-01 1.366897e-01 9.831967e-02 7.736485e-02 4.906496e-02 4.059567e-02
<VARIANCE> 39
 1.951124e+01 1.394122e+01 1.874814e+01 1.976963e+01 2.663899e+01 2.559396e+01 2.852270e+01 3.139548e+01 3.421833e+01 3.130206e+01 2.996803e+01 2.555308e+01 9.464081e+00 8.709780e-01 8.026497e-01 1.143672e+00 1.454471e+00 1.795501e+00 1.969693e+00 2.143574e+00 2.263255e+00 2.280666e+00 2.393413e+00 2.181347e+00 1.999517e+00 4.764604e-01 1.598712e-01 1.530099e-01 2.254685e-01 2.948354e-01 3.596262e-01 3.941744e-01 4.474172e-01 5.008873e-01 5.206615e-01 5.213913e-01 4.947931e-01 4.292998e-01 9.726014e-02
<GCONST> 1.027529e+02
<MIXTURE> 5 9.042945e-02
<MEAN> 39
 -1.257806e+01 -8.697326e+00 -1.101304e+01 -9.619389e+00 -1.027863e+01 -1.686641e+01 -1.323172e+01 -1.255866e+01 -8.126060e+00 -4.111054e+00 -8.562788e+00 -2.698601e+00 5.716830e+01 1.802660e-01 2.571397e-01 2.917315e-01 2.456988e-01 8.913971e-02 -6.360839e-02 -2.399902e-01 -3.451238e-01 -3.952241e-01 -3.513175e-01 -2.532442e-01 -3.186893e-02 6.257150e-02 9.612398e-03 5.229691e-02 7.601332e-02 8.763725e-02 1.492868e-01 1.565165e-01 1.746823e-01 1.543734e-01 1.416195e-01 1.193292e-01 1.645587e-01 1.536871e-01 3.324010e-02
<VARIANCE> 39
 2.080537e+00 3.317787e+00 4.780869e+00 6.979147e+00 1.012421e+01 1.258581e+01 1.262181e+01 1.243111e+01 1.344622e+01 1.420036e+01 1.380922e+01 1.407614e+01 9.759279e-01 1.687375e-01 3.148301e-01 5.146942e-01 7.481164e-01 9.820455e-01 1.174835e+00 1.351176e+00 1.515251e+00 1.586272e+00 1.559606e+00 1.529876e+00 1.525747e+00 5.123474e-02 3.021848e-02 5.734778e-02 9.088349e-02 1.373459e-01 1.940112e-01 2.432231e-01 2.644956e-01 2.801387e-01 2.946879e-01 3.080455e-01 3.079210e-01 3.104492e-01 9.411076e-03
<GCONST> 6.745919e+01
<MIXTURE> 6 1.063272e-01
<MEAN> 39
 -1.459397e+01 -1.016874e+01 -1.279340e+01 -1.177292e+01 -1.072768e+01 -1.554423e+01 -1.010095e+01 -8.586267e+00 -3.773233e+00 -1.167248e+00 -5.344801e+00 -8.222318e-01 5.674738e+01 8.968523e-02 1.406218e-01 1.807100e-01 2.069708e-01 1.771609e-01 1.590547e-01 1.158381e-01 1.151783e-01 1.245783e-01 1.657578e-01 1.707520e-01 1.439192e-01 1.152117e-02 5.383398e-02 1.085221e-01 1.101434e-01 5.684893e-02 -8.139056e-03 -1.491340e-01 -2.726822e-01 -3.847400e-01 -4.327499e-01 -4.181949e-01 -2.968391e-01 -1.753350e-01 4.053181e-02
<VARIANCE> 39
 5.395191e+00 4.567926e+00 6.717800e+00 1.071182e+01 1.235190e+01 1.376361e+01 1.621382e+01 1.632218e+01 1.781569e+01 1.464336e+01 1.705726e+01 1.656936e+01 3.067488e+00 1.717437e-01 3.105592e-01 5.017361e-01 7.315624e-01 9.794212e-01 1.219499e+00 1.405711e+00 1.601971e+00 1.679027e+00 1.650987e+00 1.608240e+00 1.564853e+00 5.705566e-02 3.325778e-02 6.225610e-02 1.003945e-01 1.483606e-01 1.978818e-01 2.464250e-01 2.858161e-01 3.108765e-01 3.255168e-01 3.174148e-01 3.222332e-01 3.180167e-01 1.038089e-02
<GCONST> 7.339194e+01
<MIXTURE> 7 1.190884e-01
<MEAN> 39
 -1.617089e+01 -8.477101e+00 -1.120557e+01 -1.253680e+01 -8.841345e+00 -1.681248e+01 -1.053398e+01 -1.027021e+01 -5.417195e+00 -4.968634e+00 -5.189446e+00 -1.401790e+00 6.056408e+01 1.156291e-01 3.738246e-02 6.815176e-02 1.716462e-01 -1.657963e-01 -2.245998e-01 -4.971431e-01 -6.065903e-01 -6.686108e-01 -5.222074e-01 -5.603780e-01 -2.966682e-01 -2.004699e-01 3.205876e-02 -3.093882e-02 -2.708898e-02 -3.024115e-02 -8.348138e-02 -4.096570e-02 -5.697512e-02 -2.760978e-02 -9.828614e-03 3.185793e-02 -4.392457e-02 -2.414514e-02 -3.631812e-03
<VARIANCE> 39
 1.706134e+01 1.306684e+01 1.651748e+01 1.698887e+01 2.415875e+01 2.474303e+01 2.712659e+01 3.072916e+01 3.305096e+01 2.802933e+01 2.671404e+01 2.390200e+01 6.686302e+00 4.637253e-01 5.557804e-01 8.366064e-01 1.078299e+00 1.414024e+00 1.609940e+00 1.807829e+00 1.937320e+00 1.992021e+00 1.994928e+00 1.873603e+00 1.786350e+00 2.415989e-01 6.241735e-02 8.943268e-02 1.397834e-01 1.946706e-01 2.556064e-01 3.100629e-01 3.629234e-01 4.051452e-01 4.291704e-01 4.216730e-01 4.021570e-01 3.674524e-01 2.757142e-02
<GCONST> 9.235812e+01
<MIXTURE> 8 3.929817e-02
<MEAN> 39
 -1.550870e+01 -9.813428e+00 -1.052524e+01 -1.540921e+01 -6.608861e+00 -1.481047e+01 -6.151089e+00 -6.097893e+00 -1.750743e+00 -3.278658e+00 -2.217265e+00 -3.256888e-01 6.959671e+01 1.466889e-01 1.185130e-01 -1.542752e-01 2.123676e-01 -5.065388e-02 -5.527533e-02 -2.060196e-01 -3.821438e-01 -3.177213e-01 -1.407093e-01 -2.408197e-01 -1.056516e-01 -4.859612e-01 9.066910e-02 4.523587e-02 3.802374e-02 1.320147e-01 -1.548360e-01 -1.283194e-01 -2.649364e-01 -2.217890e-01 -1.955771e-01 -6.892853e-02 -1.800700e-01 -7.808490e-02 -2.348946e-01
<VARIANCE> 39
 7.418915e+01 5.973363e+01 7.572639e+01 6.420845e+01 1.041010e+02 7.995200e+01 7.636114e+01 7.426691e+01 6.647437e+01 6.666673e+01 5.833545e+01 5.040847e+01 4.494151e+01 1.034513e+00 1.288147e+00 1.768378e+00 2.152754e+00 2.698602e+00 2.895739e+00 3.313308e+00 3.442932e+00 3.270592e+00 3.100738e+00 2.881813e+00 2.613594e+00 1.100281e+00 2.551672e-01 2.641555e-01 3.829386e-01 4.725466e-01 5.799223e-01 6.096756e-01 6.752924e-01 7.145105e-01 6.921555e-01 6.739308e-01 6.097771e-01 5.506389e-01 1.789562e-01
<GCONST> 1.272171e+02
<MIXTURE> 9 1.244835e-01
<MEAN> 39
 -1.258042e+01 -8.152031e+00 -1.012438e+01 -8.914053e+00 -1.012448e+01 -1.758681e+01 -1.491774e+01 -1.556171e+01 -1.158829e+01 -7.414439e+00 -1.077042e+01 -4.144595e+00 5.724213e+01 -1.009373e-01 -1.852942e-01 -2.140587e-01 -1.788553e-01 -1.363179e-01 -8.879003e-03 7.988069e-02 1.470073e-01 1.569673e-01 1.319096e-01 1.925286e-02 -2.984717e-02 -6.957017e-02 -8.637845e-02 -1.216642e-01 -1.675041e-01 -1.745060e-01 -6.114787e-02 5.594167e-02 2.200550e-01 3.547156e-01 4.020838e-01 3.372108e-01 2.576285e-01 1.195770e-01 -1.054558e-02
<VARIANCE> 39
 2.685664e+00 3.968374e+00 5.628858e+00 7.906886e+00 1.075465e+01 1.352561e+01 1.460084e+01 1.501903e+01 1.597853e+01 1.602882e+01 1.520597e+01 1.489155e+01 1.184494e+00 1.850208e-01 3.266782e-01 5.204513e-01 7.467412e-01 9.662122e-01 1.185983e+00 1.396513e+00 1.596183e+00 1.703888e+00 1.636114e+00 1.543843e+00 1.492798e+00 5.826259e-02 3.512049e-02 6.433729e-02 1.011509e-01 1.501457e-01 2.043806e-01 2.561631e-01 2.978818e-01 3.272950e-01 3.433440e-01 3.415009e-01 3.358348e-01 3.225960e-01 1.090753e-02
<GCONST> 7.110912e+01
<MIXTURE> 10 8.700380e-02
<MEAN> 39
 -1.422824e+01 -9.951220e+00 -1.270273e+01 -1.157334e+01 -1.076361e+01 -1.577075e+01 -1.053139e+01 -9.214506e+00 -4.721134e+00 -1.929287e+00 -6.087188e+00 -1.310599e+00 5.671458e+01 -8.206415e-02 -1.588478e-01 -2.152286e-01 -2.487993e-01 -3.154743e-01 -3.155088e-01 -3.487559e-01 -3.663531e-01 -4.047490e-01 -4.039252e-01 -4.005587e-01 -2.788437e-01 -7.428055e-02 2.720780e-02 7.556403e-02 9.152610e-02 4.895236e-02 -1.129286e-02 -1.424102e-01 -2.592192e-01 -3.510664e-01 -3.694012e-01 -3.455287e-01 -2.500619e-01 -1.511520e-01 2.691227e-02
<VARIANCE> 39
 4.515138e+00 4.248410e+00 6.334102e+00 9.967260e+00 1.208557e+01 1.353571e+01 1.483333e+01 1.481600e+01 1.598414e+01 1.460574e+01 1.610934e+01 1.604622e+01 2.535775e+00 1.680899e-01 3.061012e-01 4.902998e-01 7.207823e-01 9.533965e-01 1.206042e+00 1.408889e+00 1.612659e+00 1.706630e+00 1.675058e+00 1.609195e+00 1.550730e+00 5.479698e-02 3.268643e-02 6.255891e-02 1.015284e-01 1.515630e-01 2.039208e-01 2.496069e-01 2.796678e-01 3.063644e-01 3.216372e-01 3.199145e-01 3.261772e-01 3.208939e-01 1.007579e-02
<GCONST> 7.228828e+01
<MIXTURE> 11 9.042945e-02
<MEAN> 39
 -1.315502e+01 -9.425918e+00 -1.188764e+01 -1.067611e+01 -1.155137e+01 -1.828547e+01 -1.465280e+01 -1.396898e+01 -9.592823e+00 -5.618389e+00 -1.004922e+01 -4.199328e+00 5.677314e+01 1.595534e-02 3.270086e-02 4.762709e-03 -1.002761e-01 -3.072531e-01 -4.971676e-01 -7.049506e-01 -8.375060e-01 -8.990133e-01 -8.508543e-01 -7.479968e-01 -5.259535e-01 -2.796887e-02 -5.992146e-02 -4.349267e-02 -4.457424e-02 -6.060359e-02 -2.690001e-02 -4.075416e-02 -3.103425e-02 -5.733908e-02 -7.552119e-02 -1.026782e-01 -5.740386e-02 -6.918474e-02 -5.564181e-03
<VARIANCE> 39
 2.080537e+00 3.317787e+00 4.780869e+00 6.979147e+00 1.012421e+01 1.258581e+01 1.262181e+01 1.243111e+01 1.344622e+01 1.420036e+01 1.380922e+01 1.407614e+01 9.759279e-01 1.687375e-01 3.148301e-01 5.146942e-01 7.481164e-01 9.820455e-01 1.174835e+00 1.351176e+00 1.515251e+00 1.586272e+00 1.559606e+00 1.529876e+00 1.525747e+00 5.123474e-02 3.021848e-02 5.734778e-02 9.088349e-02 1.373459e-01 1.940112e-01 2.432231e-01 2.644956e-01 2.801387e-01 2.946879e-01 3.080455e-01 3.079210e-01 3.104492e-01 9.411076e-03
<GCONST> 6.745919e+01
<MIXTURE> 12 6.272435e-02
<MEAN> 39
 -1.523675e+01 -1.026327e+01 -1.336310e+01 -1.310099e+01 -1.199130e+01 -1.808650e+01 -1.302659e+01 -1.237407e+01 -7.956235e+00 -5.694725e+00 -8.698959e+00 -3.514112e+00 5.694955e+01 -1.673562e-01 -2.562389e-01 -2.880071e-01 -2.209832e-01 -1.106703e-01 1.031761e-01 2.765739e-01 4.239540e-01 4.836830e-01 4.528874e-01 2.769676e-01 6.105343e-02 -1.224513e-01 1.319093e-02 4.528365e-02 7.454580e-02 6.634802e-02 9.939514e-03 -6.177054e-02 -1.140662e-01 -1.264527e-01 -1.049500e-01 -6.020316e-02 -5.493643e-02 -6.551586e-02 1.083119e-02
<VARIANCE> 39
 5.714928e+00 5.654091e+00 7.600203e+00 1.033340e+01 1.432813e+01 1.550670e+01 1.621099e+01 1.601872e+01 1.684074e+01 1.547778e+01 1.689218e+01 1.705151e+01 3.925843e+00 2.174980e-01 3.531906e-01 5.596274e-01 8.093573e-01 1.053963e+00 1.270356e+00 1.432736e+00 1.578697e+00 1.644785e+00 1.633516e+00 1.616734e+00 1.595185e+00 7.902402e-02 4.104541e-02 6.979166e-02 1.077983e-01 1.586719e-01 2.242609e-01 2.739779e-01 3.037252e-01 3.216826e-01 3.331752e-01 3.310030e-01 3.393409e-01 3.365484e-01 1.477579e-02
<GCONST> 7.659206e+01
~h "sp"
<BEGINHMM>
<NUMSTATES> 3
<STATE> 2
~s "silst"
<TRANSP> 3
 0.000000e+00 5.326863e-01 4.673137e-01
 0.000000e+00 9.875541e-01 1.244595e-02
 0.000000e+00 0.000000e+00 0.000000e+00
<ENDHMM>
~h "oov"
<BEGINHMM>
<NUMSTATES> 3
<STATE> 2
<NUMMIXES> 12
<MIXTURE> 1 7.055903e-02
<MEAN> 39
 -1.688425e+01 -4.608084e+00 -9.535515e+00 -1.251070e+01 -5.834526e+00 -1.786295e+01 -7.896310e+00 -6.787845e+00 -1.327605e+00 -3.070564e+00 -1.547144e+00 -7.880477e-01 6.752794e+01 7.894117e-02 -1.184301e-01 5.020710e-01 -9.124553e-01 -4.892983e-02 -4.439091e-01 5.829048e-01 1.439255e+00 1.431119e+00 5.719011e-01 1.291258e+00 4.863832e-01 2.035934e+00 4.488721e-01 -3.747960e-01 -5.755347e-02 -3.079595e-01 -4.183532e-01 -4.008032e-02 -1.775642e-01 -3.862147e-02 -1.070328e-01 -2.728118e-02 -1.246329e-01 -6.907456e-02 3.057526e-01
<VARIANCE> 39
 6.540063e+01 5.384816e+01 4.920458e+01 3.785066e+01 6.804060e+01 6.175395e+01 5.917894e+01 4.674112e+01 4.853182e+01 4.983839e+01 4.269373e+01 3.299888e+01 2.452487e+01 8.926664e+00 5.489282e+00 6.642867e+00 5.981035e+00 1.004616e+01 8.102101e+00 7.639555e+00 7.164216e+00 6.334582e+00 6.519300e+00 5.792217e+00 5.003001e+00 3.074082e+00 6.884519e-01 5.451484e-01 6.101887e-01 6.290581e-01 8.976090e-01 9.540163e-01 9.170647e-01 8.845364e-01 8.424749e-01 8.543040e-01 8.347699e-01 6.905499e-01 3.841069e-01
<GCONST> 1.419308e+02
<MIXTURE> 2 1.202614e-01
<MEAN> 39
 -1.425164e+01 -7.233777e+00 -1.012599e+01 -1.632235e+01 -6.951765e+00 -1.381594e+01 -7.474868e+00 -7.048613e+00 -2.288144e+00 -3.759559e+00 -5.510015e-01 -7.645150e-01 7.148138e+01 -6.185844e-02 -5.336675e-02 8.671619e-03 1.026205e-01 1.908510e-01 2.639375e-01 2.391926e-01 3.543163e-01 2.942053e-01 1.645329e-01 8.777487e-02 6.752219e-03 -1.302678e-01 6.364870e-02 -3.598895e-02 -3.204388e-03 4.810993e-02 -8.125488e-02 -8.675832e-02 -3.858207e-02 -1.298611e-02 2.354572e-02 6.813319e-02 -3.907342e-02 -7.893590e-03 -5.854730e-02
<VARIANCE> 39
 1.154633e+02 9.438351e+01 9.423660e+01 9.298649e+01 1.236329e+02 1.003467e+02 9.627821e+01 8.355293e+01 7.766792e+01 7.491296e+01 7.939019e+01 6.343047e+01 3.828265e+01 3.992351e-01 7.539665e-01 1.055313e+00 1.408542e+00 1.837623e+00 2.144762e+00 2.369437e+00 2.365246e+00 2.418542e+00 2.382486e+00 2.274857e+00 2.089018e+00 2.872217e-01 9.019370e-02 1.405517e-01 1.891782e-01 2.753302e-01 3.384825e-01 3.940547e-01 4.447429e-01 4.472105e-01 4.585316e-01 4.612296e-01 4.410122e-01 4.006879e-01 3.557352e-02
<GCONST> 1.160865e+02
<MIXTURE> 3 6.466778e-02
<MEAN> 39
 -4.603209e+00 -8.951732e+00 -1.181403e+01 -1.704211e+01 -1.319628e+01 -1.880064e+01 -1.242893e+01 -1.136081e+01 -5.133171e+00 -3.735695e-01 -3.240855e+00 -7.463840e-01 7.007597e+01 6.999198e-02 4.206733e-01 2.978900e-02 3.079659e-01 -4.517278e-02 1.807247e-01 -2.632665e-02 -2.452554e-01 1.372592e-01 6.158522e-01 3.251257e-01 4.379116e-01 -6.320622e-01 -2.546510e-01 -8.781974e-02 1.489098e-01 1.812660e-02 1.946885e-01 1.479467e-01 1.823360e-01 4.461187e-01 2.235907e-01 -8.041474e-02 1.383659e-01 5.587862e-02 4.724501e-02
<VARIANCE> 39
 1.855733e+01 3.666677e+01 6.907076e+01 5.594497e+01 7.085578e+01 8.353748e+01 7.164945e+01 8.552201e+01 8.866265e+01 8.744944e+01 8.728254e+01 8.123686e+01 2.471843e+01 7.009926e-01 1.289604e+00 1.906587e+00 2.439284e+00 2.560977e+00 3.415262e+00 3.534853e+00 4.391760e+00 3.900345e+00 3.575448e+00 3.538364e+00 3.048589e+00 1.061834e+00 1.199849e-01 1.878260e-01 3.094807e-01 4.433502e-01 4.525998e-01 5.568008e-01 6.086015e-01 7.265555e-01 7.711037e-01 7.699494e-01 7.053120e-01 6.516086e-01 1.210521e-01
<GCONST> 1.249330e+02
<MIXTURE> 4 8.738715e-02
<MEAN> 39
 -5.230757e+00 -1.283459e+01 -7.252234e+00 -1.774732e+01 -1.028421e+01 -1.556786e+01 -8.096631e+00 4.157009e-01 2.029161e+00 4.168909e-01 9.623390e-01 8.705709e-01 7.705764e+01 5.661143e-01 -3.816882e-01 1.157383e-01 2.517951e-02 6.570063e-01 9.592107e-01 1.048927e+00 1.141789e+00 5.268431e-01 3.374699e-01 3.437771e-01 3.546058e-01 9.596241e-01 -2.066365e-01 5.013011e-01 1.115820e-01 5.451133e-01 4.166435e-01 2.514269e-01 2.692868e-01 -2.829650e-01 -5.632034e-02 1.646848e-01 1.056563e-01 2.114231e-01 -3.335437e-01
<VARIANCE> 39
 1.963590e+01 4.368978e+01 9.534386e+01 6.705610e+01 1.124803e+02 1.353112e+02 1.205263e+02 1.004919e+02 9.859642e+01 9.443192e+01 1.031996e+02 9.446751e+01 3.515717e+01 1.966001e+00 3.285256e+00 3.969103e+00 4.756630e+00 5.306067e+00 5.935082e+00 5.973219e+00 7.123013e+00 6.119513e+00 5.584202e+00 5.167527e+00 4.716436e+00 3.046551e+00 3.034615e-01 3.890197e-01 6.343418e-01 7.032655e-01 8.780010e-01 1.042403e+00 1.117329e+00 1.141941e+00 1.097764e+00 1.030834e+00 9.914392e-01 8.779362e-01 2.789799e-01
<GCONST> 1.438730e+02
<MIXTURE> 5 7.094033e-02
<MEAN> 39
 -8.279570e+00 -1.618509e+01 -9.540664e+00 -1.902222e+01 -1.051964e+01 -1.434417e+01 -5.329232e+00 -9.924070e-01 -3.098835e-01 -2.417885e+00 -1.638412e+00 -1.335241e+00 7.689983e+01 1.179852e-01 3.118874e-01 -5.208325e-02 2.754502e-01 -4.206516e-02 -6.696707e-02 -1.084711e-01 -2.561821e-01 -9.469743e-02 1.465037e-01 5.303205e-02 2.122828e-01 -4.582159e-01 2.700461e-02 2.140876e-01 8.115129e-03 1.282431e-01 -5.122762e-02 -1.394263e-01 -2.140176e-01 -2.453417e-01 -7.362173e-02 2.213692e-02 -2.345794e-02 3.351150e-02 -1.935629e-01
<VARIANCE> 39
 3.725029e+01 4.634049e+01 1.075994e+02 7.176883e+01 1.590529e+02 1.427576e+02 1.209259e+02 1.055426e+02 9.503239e+01 8.378161e+01 8.736201e+01 9.147344e+01 3.726822e+01 4.722542e-01 1.004128e+00 1.457016e+00 1.660998e+00 2.355047e+00 2.578505e+00 3.120566e+00 2.965827e+00 2.978710e+00 2.772194e+00 2.660740e+00 2.449851e+00 5.061449e-01 8.459730e-02 1.562031e-01 2.488950e-01 2.983922e-01 4.157586e-01 4.780927e-01 5.653937e-01 5.682119e-01 5.723882e-01 5.179228e-01 5.017993e-01 4.674720e-01 7.334557e-02
<GCONST> 1.216695e+02
<MIXTURE> 6 1.298165e-01
<MEAN> 39
 -8.549303e+00 -9.024049e+00 -1.416768e+01 -1.493032e+01 -1.133804e+01 -1.584648e+01 -9.577337e+00 -7.447151e+00 -3.048763e+00 -1.651113e+00 -4.996031e+00 -4.529262e-01 6.389777e+01 -6.938115e-01 1.854898e-01 1.443260e-01 5.799481e-01 2.105223e-01 3.383425e-02 -4.420013e-01 -8.006495e-01 -7.918171e-01 -5.636497e-01 -6.357372e-01 -3.366888e-01 -9.417567e-01 -5.681681e-02 -3.910147e-02 1.745415e-01 -1.431773e-02 -1.446884e-02 -1.452973e-01 -1.232086e-01 -5.659663e-02 -9.767656e-02 -9.374549e-02 6.190640e-02 -3.513658e-02 1.644964e-01
<VARIANCE> 39
 1.967547e+01 2.000703e+01 4.016580e+01 2.956892e+01 4.857813e+01 5.646768e+01 4.339000e+01 5.014888e+01 5.322998e+01 4.948443e+01 5.072531e+01 3.986652e+01 1.272708e+01 7.242201e-01 9.840412e-01 1.676168e+00 1.756709e+00 2.365400e+00 2.899564e+00 3.036798e+00 3.367955e+00 3.272873e+00 3.221082e+00 2.983479e+00 2.683880e+00 5.948057e-01 9.811441e-02 1.223850e-01 1.917167e-01 2.472786e-01 3.172640e-01 3.901844e-01 4.372761e-01 4.839624e-01 5.140878e-01 5.199590e-01 4.885988e-01 4.348667e-01 5.489467e-02
<GCONST> 1.103905e+02
<MIXTURE> 7 1.028305e-01
<MEAN> 39
 -1.586679e+01 -4.634712e+00 -6.148343e+00 -1.644334e+01 -9.831708e+00 -2.063105e+01 -7.668093e+00 -8.116990e+00 -1.466903e+00 -1.997528e+00 7.123585e-01 1.088545e+00 7.343517e+01 4.015028e-01 1.930246e-01 -3.709671e-02 -5.526137e-03 -6.160046e-01 -5.409930e-01 -3.465825e-01 -4.791065e-01 -1.682138e-01 -5.150326e-02 -5.969361e-02 -7.060255e-02 2.157335e-01 2.471788e-01 -2.031362e-01 -1.828022e-01 8.943276e-02 -2.422220e-02 2.158147e-01 -1.195907e-01 4.331097e-02 -9.014940e-02 -8.531435e-02 -2.563736e-01 -1.842145e-01 -2.177272e-01
<VARIANCE> 39
 7.597855e+01 6.348476e+01 1.137098e+02 7.902371e+01 1.442015e+02 1.211444e+02 9.741188e+01 8.680614e+01 8.490355e+01 9.268513e+01 6.737540e+01 5.894326e+01 3.125954e+01 5.255404e+00 3.474663e+00 4.171167e+00 4.617795e+00 6.795053e+00 6.162443e+00 6.067131e+00 5.549509e+00 5.220173e+00 5.319693e+00 4.774738e+00 3.972974e+00 1.924062e+00 7.312970e-01 5.021729e-01 7.834471e-01 7.627605e-01 1.342901e+00 1.270216e+00 1.142919e+00 1.102941e+00 1.061082e+00 1.084749e+00 8.661570e-01 7.480766e-01 2.659521e-01
<GCONST> 1.464392e+02
<MIXTURE> 8 6.648620e-02
<MEAN> 39
 -1.207221e+01 -5.215641e+00 -9.912436e+00 -1.020643e+01 -9.263124e+00 -1.737934e+01 -1.166823e+01 -1.127726e+01 -5.223120e+00 -3.492214e+00 -4.523252e+00 -9.687630e-01 6.313425e+01 5.377244e-01 3.363198e-01 6.053201e-01 -2.881050e-02 3.256639e-01 2.166344e-01 3.828854e-01 8.963990e-01 8.040667e-01 6.378885e-01 9.079385e-01 5.332838e-01 7.995456e-01 2.612000e-01 -2.198281e-02 1.687735e-01 -2.474927e-01 1.476275e-01 2.008339e-01 4.305715e-01 6.682061e-01 5.219705e-01 3.650434e-01 4.496192e-01 2.981513e-01 5.813034e-01
<VARIANCE> 39
 3.366845e+01 1.988867e+01 2.446066e+01 2.191171e+01 2.946729e+01 3.240687e+01 3.254786e+01 3.323423e+01 3.728668e+01 3.649656e+01 3.556191e+01 2.830798e+01 1.522302e+01 3.688871e+00 1.926416e+00 2.968957e+00 3.059167e+00 4.158016e+00 3.783036e+00 4.170394e+00 4.647437e+00 4.266602e+00 4.157890e+00 3.960001e+00 3.240971e+00 1.371922e+00 4.096243e-01 3.322127e-01 4.655508e-01 4.583779e-01 6.538792e-01 6.608119e-01 6.662191e-01 7.395654e-01 7.424881e-01 7.271793e-01 6.871769e-01 5.872226e-01 2.318342e-01
<GCONST> 1.227288e+02
<MIXTURE> 9 5.738723e-02
<MEAN> 39
 -1.095679e+01 -1.321903e+01 -1.208009e+01 -1.600809e+01 -5.694576e+00 -1.243082e+01 -4.968670e+00 -2.145362e+00 1.072650e-01 -3.347306e+00 -1.569744e+00 -1.618746e+00 7.429307e+01 5.487949e-02 2.266272e-01 -3.678595e-01 1.031100e-01 -4.122415e-01 -5.306987e-01 -6.521800e-01 -9.650856e-01 -7.664342e-01 -4.541444e-01 -6.356752e-01 -1.895396e-01 -7.554685e-01 2.360199e-02 1.062958e-01 -1.742780e-03 -3.703606e-02 -2.743767e-01 -3.126140e-01 -3.620728e-01 -3.987878e-01 -2.281660e-01 -7.185879e-02 -1.600092e-01 -3.597693e-02 -1.739551e-01
<VARIANCE> 39
 8.104909e+01 7.267144e+01 9.132944e+01 6.920419e+01 1.329971e+02 1.165976e+02 1.026396e+02 9.112298e+01 8.041578e+01 7.247227e+01 7.330715e+01 6.934977e+01 4.021572e+01 6.184913e-01 1.163295e+00 1.378234e+00 1.719645e+00 2.398931e+00 2.640821e+00 3.038537e+00 3.030041e+00 2.998387e+00 2.888077e+00 2.684660e+00 2.404635e+00 7.028131e-01 1.219713e-01 1.837276e-01 2.544062e-01 3.204095e-01 4.348549e-01 4.907283e-01 5.719179e-01 5.869930e-01 5.885308e-01 5.474011e-01 5.131905e-01 4.747803e-01 7.133155e-02
<GCONST> 1.229449e+02
<MIXTURE> 10 7.406020e-02
<MEAN> 39
 -6.354042e+00 -7.404325e+00 -6.746079e+00 -1.402072e+01 -1.522808e+01 -2.149485e+01 -1.366224e+01 -1.189435e+01 -7.571086e+00 -1.808736e+00 -2.721487e+00 -2.778435e-02 6.843472e+01 -1.481069e-01 3.158191e-01 -3.141596e-01 3.848260e-01 1.371213e-01 2.260213e-01 -1.508160e-01 -6.229431e-01 -3.663131e-01 -1.436289e-01 -5.126976e-01 -1.903553e-01 -8.685911e-01 -2.234917e-01 -1.466017e-01 -1.148220e-01 -1.023918e-01 1.724053e-01 2.007848e-01 2.187978e-01 3.721344e-01 2.483298e-01 -7.202739e-02 -1.467711e-02 -5.268953e-02 1.458185e-02
<VARIANCE> 39
 1.808447e+01 2.967776e+01 7.282320e+01 5.142869e+01 6.774649e+01 7.130486e+01 6.430180e+01 8.114304e+01 8.406691e+01 7.707966e+01 8.269379e+01 6.612341e+01 2.391522e+01 6.411694e-01 1.073006e+00 2.099410e+00 2.138936e+00 2.423685e+00 2.838771e+00 3.111164e+00 3.823556e+00 3.609132e+00 3.340103e+00 3.169548e+00 2.861278e+00 1.001051e+00 1.095098e-01 1.504497e-01 2.865601e-01 3.525700e-01 3.944612e-01 4.585758e-01 5.153930e-01 6.143139e-01 6.845632e-01 6.864851e-01 6.592055e-01 5.872340e-01 7.734479e-02
<GCONST> 1.204975e+02
<MIXTURE> 11 8.738715e-02
<MEAN> 39
 -7.003253e+00 -1.547853e+01 -1.115800e+01 -2.102284e+01 -1.452647e+01 -2.022080e+01 -1.248801e+01 -3.594125e+00 -1.942668e+00 -3.470153e+00 -3.101149e+00 -3.017205e+00 7.468591e+01 5.257666e-03 -1.106699e+00 -6.811661e-01 -8.472085e-01 -2.643898e-01 -1.527029e-02 7.132030e-02 7.422972e-02 -4.626630e-01 -6.077667e-01 -5.655107e-01 -5.140885e-01 2.614491e-01 -4.269859e-01 2.518153e-01 -2.070003e-01 2.096696e-01 4.183669e-02 -1.569657e-01 -1.535283e-01 -7.104115e-01 -4.754173e-01 -2.414352e-01 -2.926279e-01 -1.633699e-01 -5.448179e-01
<VARIANCE> 39
 1.963590e+01 4.368978e+01 9.534386e+01 6.705610e+01 1.124803e+02 1.353112e+02 1.205263e+02 1.004919e+02 9.859642e+01 9.443192e+01 1.031996e+02 9.446751e+01 3.515717e+01 1.966001e+00 3.285256e+00 3.969103e+00 4.756630e+00 5.306067e+00 5.935082e+00 5.973219e+00 7.123013e+00 6.119513e+00 5.584202e+00 5.167527e+00 4.716436e+00 3.046551e+00 3.034615e-01 3.890197e-01 6.343418e-01 7.032655e-01 8.780010e-01 1.042403e+00 1.117329e+00 1.141941e+00 1.097764e+00 1.030834e+00 9.914392e-01 8.779362e-01 2.789799e-01
<GCONST> 1.438730e+02
<MIXTURE> 12 6.648620e-02
<MEAN> 39
 -1.439319e+01 -6.999509e+00 -1.189075e+01 -1.207883e+01 -1.143447e+01 -1.965642e+01 -1.395026e+01 -1.358322e+01 -7.665632e+00 -5.908710e+00 -6.908604e+00 -3.096973e+00 6.157359e+01 -2.305330e-01 -2.188618e-01 -8.390632e-02 -7.284295e-01 -4.899846e-01 -5.613668e-01 -4.339763e-01 3.408238e-02 -2.216360e-02 -1.777477e-01 1.119485e-01 -1.868242e-01 3.310293e-01 5.192399e-03 -2.525344e-01 -1.041516e-01 -5.183071e-01 -1.758236e-01 -1.243275e-01 1.040825e-01 3.242141e-01 1.772995e-01 2.394418e-02 1.180346e-01 -8.370504e-03 3.887068e-01
<VARIANCE> 39
 3.366845e+01 1.988867e+01 2.446066e+01 2.191171e+01 2.946729e+01 3.240687e+01 3.254786e+01 3.323423e+01 3.728668e+01 3.649656e+01 3.556191e+01 2.830798e+01 1.522302e+01 3.688871e+00 1.926416e+00 2.968957e+00 3.059167e+00 4.158016e+00 3.783036e+00 4.170394e+00 4.647437e+00 4.266602e+00 4.157890e+00 3.960001e+00 3.240971e+00 1.371922e+00 4.096243e-01 3.322127e-01 4.655508e-01 4.583779e-01 6.538792e-01 6.608119e-01 6.662191e-01 7.395654e-01 7.424881e-01 7.271793e-01 6.871769e-01 5.872226e-01 2.318342e-01
<GCONST> 1.227288e+02
<TRANSP> 3
 0.000000e+00 1.000000e+00 0.000000e+00
 0.000000e+00 9.875621e-01 1.243787e-02
 0.000000e+00 0.000000e+00 0.000000e+00
<ENDHMM>
~h "sil"
<BEGINHMM>
<NUMSTATES> 3
<STATE> 2
~s "silst"
<TRANSP> 3
 0.000000e+00 1.000000e+00 0.000000e+00
 0.000000e+00 9.961415e-01 3.858460e-03
 0.000000e+00 0.000000e+00 0.000000e+00
<ENDHMM>
~h "noise"
<BEGINHMM>
<NUMSTATES> 3
<STATE> 2
~s "silst"
<TRANSP> 3
 0.000000e+00 1.000000e+00 0.000000e+00
 0.000000e+00 9.876119e-01 1.238812e-02
 0.000000e+00 0.000000e+00 0.000000e+00
<ENDHMM>
