~o
<STREAMINFO> 1 39
<VECSIZE> 39<NULLD><MFCC_D_A_C_K_0><DIAGC>
~s "silst"
<NUMMIXES> 8
<MIXTURE> 1 3.993380e-02
<MEAN> 39
 -1.244484e+01 -7.016494e+00 -8.436805e+00 -1.299550e+01 -7.042026e+00 -1.507147e+01 -7.599833e+00 -6.712773e+00 -2.304065e+00 -2.209741e+00 -2.336847e+00 3.589171e-01 6.846891e+01 2.530473e-01 3.397743e-01 3.399225e-01 1.045044e-01 6.266880e-01 4.460420e-01 7.766273e-01 7.934612e-01 8.414208e-01 6.101225e-01 8.459589e-01 5.697387e-01 8.752134e-01 1.736643e-01 1.098147e-01 1.056941e-01 1.918141e-01 1.503783e-01 1.911391e-01 1.690681e-01 1.692028e-01 1.665602e-01 1.909985e-01 1.495695e-01 1.542779e-01 5.127196e-02
<VARIANCE> 39
 5.885027e+01 4.832009e+01 6.095206e+01 5.675934e+01 8.237948e+01 7.022371e+01 7.274703e+01 7.131089e+01 6.281889e+01 5.990308e+01 5.898384e+01 4.658582e+01 5.760775e+01 2.868136e+00 2.230023e+00 2.954662e+00 3.386079e+00 4.217670e+00 4.003491e+00 4.444717e+00 4.646598e+00 4.225607e+00 4.065016e+00 3.894406e+00 3.190633e+00 2.525151e+00 4.211119e-01 3.496351e-01 4.822093e-01 5.871624e-01 7.089504e-01 7.173827e-01 8.100549e-01 8.683103e-01 8.016787e-01 7.523469e-01 7.392670e-01 6.095543e-01 3.993887e-01
<GCONST> 1.350778e+02
<MIXTURE> 2 1.791789e-01
<MEAN> 39
 -1.379823e+01 -8.864318e+00 -1.140690e+01 -1.073262e+01 -9.927660e+00 -1.612836e+01 -1.137503e+01 -1.068954e+01 -6.109702e+00 -3.501493e+00 -6.673936e+00 -1.525185e+00 5.781913e+01 1.041006e-01 1.520112e-01 2.199804e-01 3.091659e-01 3.919107e-01 4.956787e-01 5.618932e-01 6.341430e-01 6.809232e-01 6.983442e-01 6.355793e-01 5.103542e-01 3.491381e-02 6.108847e-02 9.585287e-02 1.122473e-01 1.089685e-01 1.223923e-01 1.002962e-01 1.023467e-01 1.043924e-01 1.109047e-01 1.099924e-01 1.251606e-01 1.187111e-01 5.469958e-02
<VARIANCE> 39
 6.495321e+00 5.989272e+00 8.380730e+00 1.158143e+01 1.380719e+01 1.578187e+01 1.894610e+01 2.152078e+01 2.361214e+01 2.036477e+01 2.014952e+01 1.821119e+01 3.917294e+00 2.312097e-01 3.718247e-01 5.831886e-01 8.164749e-01 1.044648e+00 1.276423e+00 1.500744e+00 1.724132e+00 1.826806e+00 1.773575e+00 1.678129e+00 1.593274e+00 8.393405e-02 4.348842e-02 7.403791e-02 1.171666e-01 1.675130e-01 2.201164e-01 2.725539e-01 3.267331e-01 3.790340e-01 4.071912e-01 3.959858e-01 3.731482e-01 3.431572e-01 1.560497e-02
<GCONST> 7.986651e+01
<MIXTURE> 3 1.951278e-01
<MEAN> 39
 -1.271957e+01 -8.454617e+00 -1.067703e+01 -9.389247e+00 -9.819203e+00 -1.645287e+01 -1.270291e+01 -1.224440e+01 -7.872686e+00 -4.203484e+00 -8.167840e+00 -2.415621e+00 5.737345e+01 9.002501e-02 9.336202e-02 1.007899e-01 9.583303e-02 2.020898e-02 2.675861e-03 -4.616077e-02 -6.107143e-02 -8.107209e-02 -7.008210e-02 -7.925892e-02 2.986866e-02 1.592252e-02 3.255811e-03 2.404060e-02 2.863553e-02 2.668075e-02 8.299123e-02 1.095219e-01 1.548270e-01 1.754995e-01 1.824086e-01 1.578587e-01 1.655771e-01 1.356812e-01 2.804516e-02
<VARIANCE> 39
 3.264225e+00 4.257810e+00 6.280959e+00 8.766503e+00 1.107781e+01 1.365022e+01 1.576325e+01 1.807187e+01 1.991598e+01 1.853743e+01 1.717242e+01 1.556337e+01 1.522477e+00 1.923957e-01 3.467417e-01 5.490595e-01 7.700938e-01 9.865443e-01 1.207373e+00 1.448214e+00 1.678982e+00 1.789851e+00 1.730319e+00 1.618410e+00 1.543018e+00 6.139979e-02 3.485786e-02 6.639522e-02 1.073353e-01 1.547905e-01 2.033671e-01 2.551738e-01 3.072653e-01 3.610906e-01 3.893140e-01 3.800916e-01 3.531067e-01 3.255779e-01 1.064652e-02
<GCONST> 7.371891e+01
<MIXTURE> 4 8.533095e-02
<MEAN> 39
 -1.445558e+01 -7.263389e+00 -1.053242e+01 -1.220443e+01 -8.260065e+00 -1.587484e+01 -9.251317e+00 -8.716591e+00 -3.475167e+00 -2.976938e+00 -3.288317e+00 4.006386e-02 6.238927e+01 1.408701e-01 1.746916e-01 2.073902e-01 3.087461e-01 2.091646e-01 1.751913e-01 8.424456e-02 4.615253e-02 3.350765e-02 6.644247e-02 4.934853e-02 1.160221e-01 -2.462144e-02 1.132869e-01 5.229941e-02 1.096013e-01 1.191602e-01 8.266318e-02 1.039632e-01 8.650127e-02 1.077335e-01 9.153913e-02 1.126132e-01 7.239699e-02 9.108543e-02 6.325012e-02
<VARIANCE> 39
 2.986065e+01 1.842642e+01 2.441175e+01 2.258021e+01 3.411008e+01 3.280400e+01 3.558855e+01 3.894829e+01 4.070569e+01 3.620555e+01 3.282286e+01 2.783263e+01 1.174546e+01 7.986827e-01 7.375854e-01 1.099255e+00 1.380698e+00 1.752644e+00 1.975245e+00 2.268469e+00 2.474627e+00 2.542758e+00 2.444394e+00 2.299976e+00 2.015361e+00 4.745388e-01 1.210863e-01 1.303827e-01 1.965644e-01 2.584389e-01 3.279933e-01 3.831441e-01 4.476313e-01 5.059348e-01 5.188239e-01 5.074908e-01 4.684025e-01 4.121876e-01 6.603012e-02
<GCONST> 1.042164e+02
<MIXTURE> 5 1.951278e-01
<MEAN> 39
 -1.344225e+01 -9.279995e+00 -1.167951e+01 -1.057358e+01 -1.115054e+01 -1.793071e+01 -1.429103e+01 -1.394484e+01 -9.657780e+00 -5.925689e+00 -9.825425e+00 -3.993639e+00 5.687989e+01 -8.542673e-02 -1.421771e-01 -1.956043e-01 -2.551869e-01 -3.770908e-01 -4.368463e-01 -5.275279e-01 -5.793736e-01 -6.162133e-01 -5.962485e-01 -5.881259e-01 -4.670044e-01 -8.319341e-02 -7.142523e-02 -7.902848e-02 -1.024127e-01 -1.306929e-01 -9.739374e-02 -9.253703e-02 -6.689906e-02 -6.486378e-02 -6.717150e-02 -8.874762e-02 -7.211402e-02 -9.255654e-02 -1.322763e-02
<VARIANCE> 39
 3.264225e+00 4.257810e+00 6.280959e+00 8.766503e+00 1.107781e+01 1.365022e+01 1.576325e+01 1.807187e+01 1.991598e+01 1.853743e+01 1.717242e+01 1.556337e+01 1.522477e+00 1.923957e-01 3.467417e-01 5.490595e-01 7.700938e-01 9.865443e-01 1.207373e+00 1.448214e+00 1.678982e+00 1.789851e+00 1.730319e+00 1.618410e+00 1.543018e+00 6.139979e-02 3.485786e-02 6.639522e-02 1.073353e-01 1.547905e-01 2.033671e-01 2.551738e-01 3.072653e-01 3.610906e-01 3.893140e-01 3.800916e-01 3.531067e-01 3.255779e-01 1.064652e-02
<GCONST> 7.371891e+01
<MIXTURE> 6 1.791789e-01
<MEAN> 39
 -1.481767e+01 -9.843238e+00 -1.256488e+01 -1.209388e+01 -1.141398e+01 -1.771742e+01 -1.311611e+01 -1.254516e+01 -8.053394e+00 -5.306587e+00 -8.469464e+00 -3.232168e+00 5.702745e+01 -8.823644e-02 -9.189852e-02 -8.548671e-02 -5.227010e-02 -1.692136e-02 4.376313e-02 7.187378e-02 1.089182e-01 1.402856e-01 1.656416e-01 1.174089e-01 5.454361e-03 -8.097169e-02 -2.232704e-02 -1.298676e-02 -2.467111e-02 -5.474494e-02 -6.527397e-02 -1.085306e-01 -1.262956e-01 -1.418706e-01 -1.443414e-01 -1.417172e-01 -1.191829e-01 -1.156074e-01 4.731640e-03
<VARIANCE> 39
 6.495321e+00 5.989272e+00 8.380730e+00 1.158143e+01 1.380719e+01 1.578187e+01 1.894610e+01 2.152078e+01 2.361214e+01 2.036477e+01 2.014952e+01 1.821119e+01 3.917294e+00 2.312097e-01 3.718247e-01 5.831886e-01 8.164749e-01 1.044648e+00 1.276423e+00 1.500744e+00 1.724132e+00 1.826806e+00 1.773575e+00 1.678129e+00 1.593274e+00 8.393405e-02 4.348842e-02 7.403791e-02 1.171666e-01 1.675130e-01 2.201164e-01 2.725539e-01 3.267331e-01 3.790340e-01 4.071912e-01 3.959858e-01 3.731482e-01 3.431572e-01 1.560497e-02
<GCONST> 7.986651e+01
<MIXTURE> 7 8.533095e-02
<MEAN> 39
 -1.664138e+01 -8.980430e+00 -1.250875e+01 -1.410517e+01 -1.059622e+01 -1.816584e+01 -1.163756e+01 -1.121293e+01 -6.027207e+00 -5.383780e+00 -5.579967e+00 -2.070202e+00 6.101841e+01 -2.166061e-01 -1.688396e-01 -2.119913e-01 -1.612663e-01 -3.203852e-01 -3.869823e-01 -5.182130e-01 -5.830854e-01 -6.043335e-01 -5.589399e-01 -5.572783e-01 -4.518315e-01 -3.001686e-01 -2.590292e-02 -9.213477e-02 -6.774104e-02 -8.418733e-02 -1.464196e-01 -1.436313e-01 -1.811197e-01 -1.767829e-01 -1.965786e-01 -1.723403e-01 -2.013628e-01 -1.657219e-01 -3.953519e-02
<VARIANCE> 39
 2.986065e+01 1.842642e+01 2.441175e+01 2.258021e+01 3.411008e+01 3.280400e+01 3.558855e+01 3.894829e+01 4.070569e+01 3.620555e+01 3.282286e+01 2.783263e+01 1.174546e+01 7.986827e-01 7.375854e-01 1.099255e+00 1.380698e+00 1.752644e+00 1.975245e+00 2.268469e+00 2.474627e+00 2.542758e+00 2.444394e+00 2.299976e+00 2.015361e+00 4.745388e-01 1.210863e-01 1.303827e-01 1.965644e-01 2.584389e-01 3.279933e-01 3.831441e-01 4.476313e-01 5.059348e-01 5.188239e-01 5.074908e-01 4.684025e-01 4.121876e-01 6.603012e-02
<GCONST> 1.042164e+02
<MIXTURE> 8 3.993380e-02
<MEAN> 39
 -1.551340e+01 -9.797000e+00 -1.155968e+01 -1.600906e+01 -1.067255e+01 -1.842345e+01 -1.101151e+01 -1.009060e+01 -5.474400e+00 -5.305624e+00 -5.408885e+00 -2.371235e+00 6.543291e+01 -4.243756e-01 -2.575562e-01 -3.476427e-01 -6.315477e-01 -1.947906e-01 -3.543071e-01 -6.667265e-02 -6.877759e-02 1.916948e-02 -1.963529e-01 5.658889e-02 -1.447551e-01 2.395844e-01 -8.590826e-02 -1.267051e-01 -1.720710e-01 -1.146920e-01 -1.864185e-01 -1.476547e-01 -1.909441e-01 -2.035299e-01 -1.915859e-01 -1.559532e-01 -1.943530e-01 -1.580179e-01 -2.015169e-01
<VARIANCE> 39
 5.885027e+01 4.832009e+01 6.095206e+01 5.675934e+01 8.237948e+01 7.022371e+01 7.274703e+01 7.131089e+01 6.281889e+01 5.990308e+01 5.898384e+01 4.658582e+01 5.760775e+01 2.868136e+00 2.230023e+00 2.954662e+00 3.386079e+00 4.217670e+00 4.003491e+00 4.444717e+00 4.646598e+00 4.225607e+00 4.065016e+00 3.894406e+00 3.190633e+00 2.525151e+00 4.211119e-01 3.496351e-01 4.822093e-01 5.871624e-01 7.089504e-01 7.173827e-01 8.100549e-01 8.683103e-01 8.016787e-01 7.523469e-01 7.392670e-01 6.095543e-01 3.993887e-01
<GCONST> 1.350778e+02
~h "sp"
<BEGINHMM>
<NUMSTATES> 3
<STATE> 2
~s "silst"
<TRANSP> 3
 0.000000e+00 4.938722e-01 5.061278e-01
 0.000000e+00 9.909687e-01 9.031252e-03
 0.000000e+00 0.000000e+00 0.000000e+00
<ENDHMM>
~h "oov"
<BEGINHMM>
<NUMSTATES> 3
<STATE> 2
<NUMMIXES> 8
<MIXTURE> 1 8.474755e-02
<MEAN> 39
 -1.094036e+01 -6.156185e+00 -8.485113e+00 -1.252861e+01 -7.271136e+00 -1.655817e+01 -8.640117e+00 -6.560361e+00 -1.343850e+00 -1.625767e+00 -1.669250e+00 1.399901e-01 6.977184e+01 2.528405e-01 2.162884e-01 7.621145e-01 -2.561491e-01 8.979380e-01 6.081094e-01 1.282349e+00 1.898454e+00 1.669682e+00 9.234108e-01 1.526283e+00 9.211380e-01 1.911767e+00 2.733415e-01 -1.647231e-02 1.737867e-01 -4.067838e-02 1.036928e-01 2.426427e-01 2.919168e-01 3.886285e-01 2.945127e-01 2.647770e-01 2.922367e-01 2.139028e-01 4.282239e-01
<VARIANCE> 39
 5.725727e+01 4.955724e+01 5.440975e+01 4.680201e+01 7.176790e+01 7.026088e+01 6.728377e+01 6.702141e+01 6.485214e+01 5.855107e+01 5.852537e+01 4.531135e+01 5.225576e+01 6.185612e+00 4.679770e+00 5.505629e+00 5.298908e+00 7.552451e+00 6.649183e+00 6.501640e+00 6.769938e+00 6.098931e+00 6.074306e+00 5.487109e+00 4.701669e+00 3.318538e+00 6.671019e-01 5.603158e-01 6.402802e-01 7.401678e-01 9.569778e-01 9.415860e-01 9.684014e-01 1.115639e+00 1.037253e+00 9.330564e-01 9.233774e-01 7.592350e-01 5.557696e-01
<GCONST> 1.442599e+02
<MIXTURE> 2 1.621269e-01
<MEAN> 39
 -8.692492e+00 -8.943565e+00 -7.775508e+00 -1.564243e+01 -6.947349e+00 -1.270850e+01 -5.697838e+00 -3.267777e+00 -2.210145e-01 -1.069440e+00 5.247515e-01 5.593932e-01 7.482230e+01 1.534908e-01 3.061734e-01 2.104195e-01 4.441890e-01 3.975559e-01 4.720823e-01 4.792384e-01 4.510015e-01 4.873343e-01 5.659229e-01 4.519173e-01 4.753592e-01 -1.574502e-01 8.331712e-02 1.688977e-01 9.173087e-02 2.148399e-01 1.136567e-01 6.181657e-02 9.815735e-02 1.022816e-01 1.886524e-01 2.134659e-01 1.502098e-01 1.758417e-01 -5.434853e-02
<VARIANCE> 39
 8.430704e+01 8.695419e+01 9.868735e+01 8.393311e+01 1.377586e+02 1.210808e+02 1.114176e+02 1.087626e+02 9.284695e+01 8.266479e+01 8.706948e+01 7.918830e+01 4.584368e+01 5.693813e-01 1.094940e+00 1.483735e+00 1.788804e+00 2.334738e+00 2.703648e+00 3.013517e+00 3.059570e+00 3.025283e+00 2.855138e+00 2.699648e+00 2.474728e+00 5.930524e-01 1.245225e-01 2.053662e-01 2.664410e-01 3.503875e-01 4.465622e-01 5.118475e-01 5.898939e-01 6.387829e-01 6.049557e-01 5.691194e-01 5.476983e-01 5.012654e-01 9.643282e-02
<GCONST> 1.252460e+02
<MIXTURE> 3 1.390360e-01
<MEAN> 39
 -6.558908e+00 -8.929817e+00 -9.934940e+00 -1.395483e+01 -9.252434e+00 -1.515004e+01 -7.747317e+00 -5.135238e+00 -1.212145e+00 -1.917565e-01 -1.661398e+00 8.932830e-01 7.035863e+01 -9.768452e-02 5.942265e-01 1.201237e-01 7.949157e-01 3.663874e-01 3.274947e-01 -8.045229e-02 -5.646111e-01 -3.555178e-01 -1.282492e-02 -3.050449e-01 7.670760e-02 -8.260962e-01 -4.995374e-02 4.808700e-02 2.000536e-01 5.908706e-02 1.242205e-01 8.815669e-02 9.760395e-02 2.030555e-01 1.492763e-01 7.590962e-02 1.651079e-01 1.099695e-01 1.172488e-01
<VARIANCE> 39
 3.580596e+01 4.014574e+01 7.625660e+01 5.008393e+01 8.764295e+01 9.130897e+01 7.684004e+01 8.885989e+01 8.163790e+01 7.077029e+01 7.530086e+01 6.261009e+01 3.965136e+01 9.201967e-01 1.245004e+00 2.016940e+00 2.125562e+00 2.754022e+00 3.253258e+00 3.439710e+00 3.829032e+00 3.677756e+00 3.544689e+00 3.257913e+00 2.943654e+00 9.021555e-01 1.289006e-01 1.716515e-01 2.764539e-01 3.301125e-01 4.207047e-01 5.063662e-01 5.724861e-01 6.910852e-01 6.715068e-01 6.249912e-01 5.999759e-01 5.275597e-01 1.116319e-01
<GCONST> 1.240103e+02
<MIXTURE> 4 1.131910e-01
<MEAN> 39
 -9.469942e+00 -7.049273e+00 -5.526433e+00 -1.526917e+01 -9.000516e+00 -1.769848e+01 -7.616750e+00 -3.149779e+00 1.129083e+00 4.029598e-01 1.750430e+00 1.665625e+00 7.491805e+01 1.070959e+00 -1.552485e-01 3.561060e-01 -1.645398e-02 -9.716928e-03 3.321308e-01 4.056880e-01 6.567046e-01 3.594141e-01 3.146775e-01 3.286268e-01 2.230644e-01 9.768059e-01 1.422160e-01 2.124732e-01 3.336473e-02 3.540916e-01 3.196915e-01 3.713215e-01 2.356966e-01 1.871121e-02 1.578206e-02 1.073627e-01 7.386118e-03 1.148023e-01 -1.527735e-01
<VARIANCE> 39
 7.392806e+01 7.394370e+01 9.766151e+01 7.568447e+01 1.230274e+02 1.209073e+02 1.080194e+02 1.045095e+02 9.034811e+01 9.057565e+01 8.112883e+01 7.293722e+01 3.972707e+01 3.839566e+00 3.507844e+00 4.528427e+00 4.965789e+00 6.621726e+00 6.971806e+00 6.505678e+00 6.839775e+00 5.800591e+00 5.755564e+00 5.137902e+00 4.523178e+00 2.414865e+00 6.757864e-01 5.904881e-01 7.641270e-01 8.650788e-01 1.224939e+00 1.234609e+00 1.219110e+00 1.337320e+00 1.148654e+00 1.103583e+00 9.814499e-01 8.607144e-01 3.892109e-01
<GCONST> 1.490794e+02
<MIXTURE> 5 1.621269e-01
<MEAN> 39
 -1.236525e+01 -1.267353e+01 -1.174917e+01 -1.930703e+01 -1.164217e+01 -1.710996e+01 -9.920019e+00 -7.439350e+00 -4.075299e+00 -4.706248e+00 -3.207690e+00 -3.000119e+00 7.211399e+01 -1.483387e-01 -1.123842e-01 -2.768151e-01 -9.079576e-02 -2.136382e-01 -1.856287e-01 -2.151410e-01 -2.486635e-01 -2.083994e-01 -1.099633e-01 -2.053069e-01 -1.538916e-01 -4.654898e-01 -5.783386e-02 -1.237166e-02 -1.147408e-01 -2.193426e-02 -1.536446e-01 -2.243575e-01 -2.090608e-01 -2.174140e-01 -1.224632e-01 -8.829411e-02 -1.458167e-01 -1.073587e-01 -1.785631e-01
<VARIANCE> 39
 8.430704e+01 8.695419e+01 9.868735e+01 8.393311e+01 1.377586e+02 1.210808e+02 1.114176e+02 1.087626e+02 9.284695e+01 8.266479e+01 8.706948e+01 7.918830e+01 4.584368e+01 5.693813e-01 1.094940e+00 1.483735e+00 1.788804e+00 2.334738e+00 2.703648e+00 3.013517e+00 3.059570e+00 3.025283e+00 2.855138e+00 2.699648e+00 2.474728e+00 5.930524e-01 1.245225e-01 2.053662e-01 2.664410e-01 3.503875e-01 4.465622e-01 5.118475e-01 5.898939e-01 6.387829e-01 6.049557e-01 5.691194e-01 5.476983e-01 5.012654e-01 9.643282e-02
<GCONST> 1.252460e+02
<MIXTURE> 6 1.390360e-01
<MEAN> 39
 -8.952431e+00 -1.146424e+01 -1.342794e+01 -1.678563e+01 -1.299715e+01 -1.897227e+01 -1.125366e+01 -8.905859e+00 -4.826293e+00 -3.556760e+00 -5.132441e+00 -2.271779e+00 6.783986e+01 -4.813921e-01 1.479075e-01 -4.479523e-01 2.117434e-01 -2.974224e-01 -3.939769e-01 -8.223104e-01 -1.347328e+00 -1.122617e+00 -7.659187e-01 -1.027032e+00 -6.095756e-01 -1.206024e+00 -1.935647e-01 -1.176364e-01 -1.026189e-02 -1.707346e-01 -1.352265e-01 -1.964810e-01 -2.050473e-01 -1.294706e-01 -1.785058e-01 -2.403159e-01 -1.447246e-01 -1.805638e-01 -1.639669e-02
<VARIANCE> 39
 3.580596e+01 4.014574e+01 7.625660e+01 5.008393e+01 8.764295e+01 9.130897e+01 7.684004e+01 8.885989e+01 8.163790e+01 7.077029e+01 7.530086e+01 6.261009e+01 3.965136e+01 9.201967e-01 1.245004e+00 2.016940e+00 2.125562e+00 2.754022e+00 3.253258e+00 3.439710e+00 3.829032e+00 3.677756e+00 3.544689e+00 3.257913e+00 2.943654e+00 9.021555e-01 1.289006e-01 1.716515e-01 2.764539e-01 3.301125e-01 4.207047e-01 5.063662e-01 5.724861e-01 6.910852e-01 6.715068e-01 6.249912e-01 5.999759e-01 5.275597e-01 1.116319e-01
<GCONST> 1.240103e+02
<MIXTURE> 7 1.131910e-01
<MEAN> 39
 -1.290920e+01 -1.048889e+01 -9.479387e+00 -1.874905e+01 -1.343722e+01 -2.209680e+01 -1.177404e+01 -7.238975e+00 -2.672982e+00 -3.403890e+00 -1.852432e+00 -1.750506e+00 7.239687e+01 2.871667e-01 -9.044181e-01 -4.950981e-01 -9.078160e-01 -1.039026e+00 -7.240363e-01 -6.145612e-01 -3.894140e-01 -6.039625e-01 -6.449528e-01 -5.780508e-01 -6.276462e-01 3.552125e-01 -1.866089e-01 -9.489968e-02 -3.162927e-01 -1.794682e-02 -1.230163e-01 -7.313032e-02 -2.059566e-01 -4.438590e-01 -4.129190e-01 -3.128435e-01 -3.888865e-01 -2.562965e-01 -4.023205e-01
<VARIANCE> 39
 7.392806e+01 7.394370e+01 9.766151e+01 7.568447e+01 1.230274e+02 1.209073e+02 1.080194e+02 1.045095e+02 9.034811e+01 9.057565e+01 8.112883e+01 7.293722e+01 3.972707e+01 3.839566e+00 3.507844e+00 4.528427e+00 4.965789e+00 6.621726e+00 6.971806e+00 6.505678e+00 6.839775e+00 5.800591e+00 5.755564e+00 5.137902e+00 4.523178e+00 2.414865e+00 6.757864e-01 5.904881e-01 7.641270e-01 8.650788e-01 1.224939e+00 1.234609e+00 1.219110e+00 1.337320e+00 1.148654e+00 1.103583e+00 9.814499e-01 8.607144e-01 3.892109e-01
<GCONST> 1.490794e+02
<MIXTURE> 8 8.474755e-02
<MEAN> 39
 -1.396710e+01 -8.972061e+00 -1.143563e+01 -1.526509e+01 -1.065977e+01 -1.991105e+01 -1.192118e+01 -9.835025e+00 -4.565083e+00 -4.686513e+00 -4.729325e+00 -2.552558e+00 6.688032e+01 -7.419952e-01 -6.490226e-01 -1.764486e-01 -1.176923e+00 -2.013309e-01 -4.233310e-01 2.624170e-01 8.576899e-01 6.818418e-01 -6.243357e-02 5.892994e-01 5.380464e-02 1.183093e+00 -5.336373e-02 -3.158893e-01 -1.462834e-01 -3.848104e-01 -2.876082e-01 -1.454987e-01 -1.017127e-01 -3.386672e-02 -1.128698e-01 -1.216023e-01 -9.213336e-02 -1.346336e-01 1.300241e-01
<VARIANCE> 39
 5.725727e+01 4.955724e+01 5.440975e+01 4.680201e+01 7.176790e+01 7.026088e+01 6.728377e+01 6.702141e+01 6.485214e+01 5.855107e+01 5.852537e+01 4.531135e+01 5.225576e+01 6.185612e+00 4.679770e+00 5.505629e+00 5.298908e+00 7.552451e+00 6.649183e+00 6.501640e+00 6.769938e+00 6.098931e+00 6.074306e+00 5.487109e+00 4.701669e+00 3.318538e+00 6.671019e-01 5.603158e-01 6.402802e-01 7.401678e-01 9.569778e-01 9.415860e-01 9.684014e-01 1.115639e+00 1.037253e+00 9.330564e-01 9.233774e-01 7.592350e-01 5.557696e-01
<GCONST> 1.442599e+02
<TRANSP> 3
 0.000000e+00 1.000000e+00 0.000000e+00
 0.000000e+00 9.851223e-01 1.487772e-02
 0.000000e+00 0.000000e+00 0.000000e+00
<ENDHMM>
~h "sil"
<BEGINHMM>
<NUMSTATES> 3
<STATE> 2
~s "silst"
<TRANSP> 3
 0.000000e+00 1.000000e+00 0.000000e+00
 0.000000e+00 9.968489e-01 3.151120e-03
 0.000000e+00 0.000000e+00 0.000000e+00
<ENDHMM>
~h "noise"
<BEGINHMM>
<NUMSTATES> 3
<STATE> 2
~s "silst"
<TRANSP> 3
 0.000000e+00 1.000000e+00 0.000000e+00
 0.000000e+00 9.872580e-01 1.274201e-02
 0.000000e+00 0.000000e+00 0.000000e+00
<ENDHMM>
