~o
<STREAMINFO> 1 22
<VECSIZE> 22<NULLD><MFCC_0><DIAGC>
~h "SIL"
<BEGINHMM>
<NUMSTATES> 5
<STATE> 2
<NUMMIXES> 2
<MIXTURE> 1 5.000000e-01
<MEAN> 22
 1.000877e+01 1.142837e+01 5.730708e+00 5.415712e+00 5.648790e+01 7.500215e+01 9.718052e+01 9.617490e+01 6.820213e+01 6.823861e+01 1.734538e+02 1.589880e+02 1.147980e+02 1.123840e+02 5.991541e+00 4.338173e+00 6.061321e+00 5.640524e+00 5.563539e+00 4.976227e+00 2.823024e+00 3.079520e+00
<VARIANCE> 22
 4.801635e+02 4.063120e+02 3.300595e+02 2.164982e+02 4.956268e+03 5.429985e+03 9.837579e+02 1.115179e+03 2.936362e+02 3.515820e+02 3.745738e+03 4.440754e+03 4.183320e+02 3.870127e+02 6.504288e+00 1.793316e+00 2.326111e+00 1.170389e+00 2.082489e+00 5.618803e+00 6.153808e+00 6.060927e+00
<GCONST> 1.445108e+02
<MIXTURE> 2 5.000000e-01
<MEAN> 22
 1.243720e+00 3.365496e+00 -1.536308e+00 -4.698384e-01 2.832759e+01 4.552678e+01 8.463456e+01 8.281718e+01 6.134780e+01 6.073840e+01 1.489728e+02 1.323324e+02 1.066168e+02 1.045150e+02 4.971401e+00 3.802515e+00 5.451257e+00 5.207786e+00 4.986305e+00 4.028067e+00 1.830750e+00 2.094762e+00
<VARIANCE> 22
 4.801635e+02 4.063120e+02 3.300595e+02 2.164982e+02 4.956268e+03 5.429985e+03 9.837579e+02 1.115179e+03 2.936362e+02 3.515820e+02 3.745738e+03 4.440754e+03 4.183320e+02 3.870127e+02 6.504288e+00 1.793316e+00 2.326111e+00 1.170389e+00 2.082489e+00 5.618803e+00 6.153808e+00 6.060927e+00
<GCONST> 1.445108e+02
<STATE> 3
<NUMMIXES> 2
<MIXTURE> 1 5.000000e-01
<MEAN> 22
 1.000877e+01 1.142837e+01 5.730708e+00 5.415712e+00 5.648790e+01 7.500215e+01 9.718052e+01 9.617490e+01 6.820213e+01 6.823861e+01 1.734538e+02 1.589880e+02 1.147980e+02 1.123840e+02 5.991541e+00 4.338173e+00 6.061321e+00 5.640524e+00 5.563539e+00 4.976227e+00 2.823024e+00 3.079520e+00
<VARIANCE> 22
 4.801635e+02 4.063120e+02 3.300595e+02 2.164982e+02 4.956268e+03 5.429985e+03 9.837579e+02 1.115179e+03 2.936362e+02 3.515820e+02 3.745738e+03 4.440754e+03 4.183320e+02 3.870127e+02 6.504288e+00 1.793316e+00 2.326111e+00 1.170389e+00 2.082489e+00 5.618803e+00 6.153808e+00 6.060927e+00
<GCONST> 1.445108e+02
<MIXTURE> 2 5.000000e-01
<MEAN> 22
 1.243720e+00 3.365496e+00 -1.536308e+00 -4.698384e-01 2.832759e+01 4.552678e+01 8.463456e+01 8.281718e+01 6.134780e+01 6.073840e+01 1.489728e+02 1.323324e+02 1.066168e+02 1.045150e+02 4.971401e+00 3.802515e+00 5.451257e+00 5.207786e+00 4.986305e+00 4.028067e+00 1.830750e+00 2.094762e+00
<VARIANCE> 22
 4.801635e+02 4.063120e+02 3.300595e+02 2.164982e+02 4.956268e+03 5.429985e+03 9.837579e+02 1.115179e+03 2.936362e+02 3.515820e+02 3.745738e+03 4.440754e+03 4.183320e+02 3.870127e+02 6.504288e+00 1.793316e+00 2.326111e+00 1.170389e+00 2.082489e+00 5.618803e+00 6.153808e+00 6.060927e+00
<GCONST> 1.445108e+02
<STATE> 4
<NUMMIXES> 2
<MIXTURE> 1 5.000000e-01
<MEAN> 22
 1.000877e+01 1.142837e+01 5.730708e+00 5.415712e+00 5.648790e+01 7.500215e+01 9.718052e+01 9.617490e+01 6.820213e+01 6.823861e+01 1.734538e+02 1.589880e+02 1.147980e+02 1.123840e+02 5.991541e+00 4.338173e+00 6.061321e+00 5.640524e+00 5.563539e+00 4.976227e+00 2.823024e+00 3.079520e+00
<VARIANCE> 22
 4.801635e+02 4.063120e+02 3.300595e+02 2.164982e+02 4.956268e+03 5.429985e+03 9.837579e+02 1.115179e+03 2.936362e+02 3.515820e+02 3.745738e+03 4.440754e+03 4.183320e+02 3.870127e+02 6.504288e+00 1.793316e+00 2.326111e+00 1.170389e+00 2.082489e+00 5.618803e+00 6.153808e+00 6.060927e+00
<GCONST> 1.445108e+02
<MIXTURE> 2 5.000000e-01
<MEAN> 22
 1.243720e+00 3.365496e+00 -1.536308e+00 -4.698384e-01 2.832759e+01 4.552678e+01 8.463456e+01 8.281718e+01 6.134780e+01 6.073840e+01 1.489728e+02 1.323324e+02 1.066168e+02 1.045150e+02 4.971401e+00 3.802515e+00 5.451257e+00 5.207786e+00 4.986305e+00 4.028067e+00 1.830750e+00 2.094762e+00
<VARIANCE> 22
 4.801635e+02 4.063120e+02 3.300595e+02 2.164982e+02 4.956268e+03 5.429985e+03 9.837579e+02 1.115179e+03 2.936362e+02 3.515820e+02 3.745738e+03 4.440754e+03 4.183320e+02 3.870127e+02 6.504288e+00 1.793316e+00 2.326111e+00 1.170389e+00 2.082489e+00 5.618803e+00 6.153808e+00 6.060927e+00
<GCONST> 1.445108e+02
<TRANSP> 5
 0.000000e+00 1.000000e+00 0.000000e+00 0.000000e+00 0.000000e+00
 0.000000e+00 4.800000e-01 3.200000e-01 2.000000e-01 0.000000e+00
 0.000000e+00 0.000000e+00 6.000000e-01 4.000000e-01 0.000000e+00
 0.000000e+00 2.000000e-01 0.000000e+00 5.600000e-01 2.400000e-01
 0.000000e+00 0.000000e+00 0.000000e+00 0.000000e+00 0.000000e+00
<ENDHMM>
~h "oov"
<BEGINHMM>
<NUMSTATES> 5
<STATE> 2
<NUMMIXES> 2
<MIXTURE> 1 7.496408e-01
<MEAN> 22
 2.231808e+01 2.012710e+01 1.559221e+01 1.269052e+01 8.807070e+01 8.551053e+01 1.039355e+02 9.437104e+01 7.481130e+01 6.813096e+01 1.446126e+02 1.354281e+02 1.071614e+02 1.077536e+02 4.527318e+00 3.882662e+00 5.028738e+00 5.202004e+00 4.712955e+00 4.185689e+00 2.736543e+00 2.865527e+00
<VARIANCE> 22
 6.825889e+03 4.918635e+03 5.598345e+03 3.591042e+03 1.374707e+04 8.958957e+03 1.977798e+03 1.337409e+03 8.112648e+02 4.827722e+02 4.377424e+03 4.856341e+03 5.458070e+02 4.306038e+02 8.305867e+00 1.793536e+00 5.451123e+00 1.352621e+00 3.260450e+00 5.850431e+00 6.431123e+00 5.952458e+00
<GCONST> 1.614064e+02
<MIXTURE> 2 2.503743e-01
<MEAN> 22
 3.619077e+00 3.575426e+00 1.222466e+00 1.109337e+00 1.714783e+02 1.499194e+02 2.907929e+01 2.919772e+01 2.721220e+01 2.679452e+01 3.532735e+01 2.600070e+01 3.713280e+01 3.719144e+01 1.166131e+00 8.867163e-01 2.148817e+00 2.026397e+00 1.583430e+00 4.642550e-01 8.561468e-01 8.533456e-01
<VARIANCE> 22
 1.101639e+02 8.944503e+01 2.353911e+01 1.443846e+01 4.497057e+04 2.619336e+04 1.902627e+03 1.983323e+03 1.293991e+03 1.240438e+03 2.984279e+03 1.515055e+03 2.388857e+03 2.247899e+03 3.999629e+00 1.560656e+00 8.312329e+00 7.125652e+00 4.540345e+00 1.337611e+00 3.000314e+00 3.052974e+00
<GCONST> 1.465288e+02
<STATE> 3
<NUMMIXES> 2
<MIXTURE> 1 4.285516e-01
<MEAN> 22
 1.074741e+01 1.404827e+01 2.852837e+00 3.969728e+00 6.824164e+01 9.203577e+01 9.772543e+01 1.012540e+02 7.468993e+01 7.506187e+01 1.469462e+02 1.361553e+02 1.134338e+02 1.114219e+02 4.271006e+00 3.826135e+00 5.489951e+00 5.125426e+00 4.813426e+00 4.085248e+00 2.975783e+00 3.156752e+00
<VARIANCE> 22
 2.378279e+02 3.341275e+02 1.873105e+01 2.939816e+01 5.137839e+03 6.799355e+03 1.362682e+03 1.756848e+03 3.967972e+02 6.285470e+02 4.713945e+03 4.076613e+03 3.549841e+02 2.465841e+02 8.806755e+00 1.551335e+00 4.175476e+00 1.139877e+00 2.810532e+00 5.749271e+00 6.480505e+00 5.820598e+00
<GCONST> 1.412503e+02
<MIXTURE> 2 5.714430e-01
<MEAN> 22
 3.820436e+00 5.888083e+00 9.198583e-01 1.472172e+00 6.088103e+01 1.063989e+02 7.660075e+01 7.832390e+01 6.285861e+01 6.694325e+01 1.206261e+02 8.195251e+01 1.023903e+02 9.783940e+01 4.168230e+00 2.882830e+00 5.667809e+00 5.143731e+00 4.639408e+00 2.392735e+00 2.270261e+00 2.711773e+00
<VARIANCE> 22
 3.960258e+01 6.332887e+01 3.300595e+00 3.595141e+00 4.117619e+03 4.253170e+03 9.494736e+02 1.404740e+03 1.759851e+02 3.035026e+02 3.835292e+03 2.805425e+03 1.664984e+02 1.798384e+02 7.744267e+00 1.616869e+00 2.663034e+00 1.365526e+00 2.402017e+00 5.980166e+00 6.046945e+00 5.961447e+00
<GCONST> 1.289684e+02
<STATE> 4
<NUMMIXES> 2
<MIXTURE> 1 5.830948e-01
<MEAN> 22
 3.300843e+00 4.198577e+00 1.126654e+00 1.457909e+00 1.259920e+01 1.389927e+01 1.044740e+02 1.013258e+02 6.631796e+01 6.265911e+01 2.053521e+02 2.025697e+02 1.230722e+02 1.218199e+02 6.948216e+00 4.983498e+00 6.165312e+00 5.862590e+00 5.993116e+00 5.993266e+00 2.384475e+00 2.404175e+00
<VARIANCE> 22
 4.607410e+01 6.505167e+01 4.655149e+00 6.749846e+00 3.246471e+02 3.221883e+02 3.415389e+02 2.415932e+02 9.630003e+01 8.147554e+01 5.709919e+02 4.895648e+02 1.781397e+02 1.203720e+02 3.188177e-01 2.250730e-02 1.464713e-01 1.203545e-01 3.368085e-02 5.618803e-02 6.235541e+00 6.256436e+00
<GCONST> 9.466535e+01
<MIXTURE> 2 4.169003e-01
<MEAN> 22
 2.877031e+00 5.577564e+00 7.665355e-01 1.338194e+00 2.470874e+01 4.239142e+01 8.284399e+01 7.899646e+01 5.777040e+01 5.895066e+01 1.645873e+02 1.483825e+02 1.065349e+02 1.040517e+02 6.216824e+00 4.456507e+00 5.948610e+00 5.646041e+00 5.684797e+00 5.220475e+00 1.841662e+00 2.372392e+00
<VARIANCE> 22
 4.357498e+01 8.440189e+01 3.300595e+00 4.712301e+00 2.349748e+03 3.130262e+03 3.928952e+02 6.097886e+02 1.259691e+02 2.215008e+02 1.407261e+03 2.175578e+03 9.774394e+01 1.013578e+02 4.056199e+00 1.041256e+00 8.696128e-01 4.973836e-01 9.423632e-01 3.735298e+00 5.313879e+00 5.716208e+00
<GCONST> 1.192318e+02
<TRANSP> 5
 0.000000e+00 1.000000e+00 0.000000e+00 0.000000e+00 0.000000e+00
 0.000000e+00 3.614572e-01 6.385428e-01 0.000000e+00 0.000000e+00
 0.000000e+00 0.000000e+00 8.775135e-01 1.224865e-01 0.000000e+00
 0.000000e+00 0.000000e+00 0.000000e+00 9.117977e-01 8.820222e-02
 0.000000e+00 0.000000e+00 0.000000e+00 0.000000e+00 0.000000e+00
<ENDHMM>
