~o
<STREAMINFO> 1 39
<VECSIZE> 39<NULLD><MFCC_D_A_C_K_0><DIAGC>
~s "silst"
<MEAN> 39
 -1.364364e+01 -8.989203e+00 -1.129973e+01 -1.173156e+01 -1.032241e+01 -1.705311e+01 -1.203943e+01 -1.128101e+01 -6.779972e+00 -4.390941e+00 -6.960403e+00 -2.254833e+00 5.966254e+01 -7.327860e-03 1.695697e-03 2.594402e-03 9.333648e-03 2.534206e-04 -2.133014e-04 -1.029033e-02 -1.114313e-02 -8.749448e-03 -2.732108e-03 -9.542348e-03 -5.580325e-03 -1.453164e-02 1.164045e-03 9.001134e-04 1.981640e-03 -3.123875e-03 1.426535e-03 8.558766e-05 4.032537e-03 5.834923e-03 5.683346e-03 2.993668e-03 6.113485e-03 2.387479e-03 6.701675e-03
<VARIANCE> 39
 1.787101e+01 1.455728e+01 2.023277e+01 2.303971e+01 2.793598e+01 2.836026e+01 3.194700e+01 3.613879e+01 3.654813e+01 2.968187e+01 3.330175e+01 2.545447e+01 3.017099e+01 6.026913e-01 6.767391e-01 9.740859e-01 1.240710e+00 1.587470e+00 1.802923e+00 2.091564e+00 2.370468e+00 2.408092e+00 2.304562e+00 2.180652e+00 1.929684e+00 4.654211e-01 9.469368e-02 1.171410e-01 1.725024e-01 2.296729e-01 2.945750e-01 3.441908e-01 4.024353e-01 4.602653e-01 4.731274e-01 4.562172e-01 4.299405e-01 3.856708e-01 6.192084e-02
<GCONST> 1.007621e+02
~h "sp"
<BEGINHMM>
<NUMSTATES> 3
<STATE> 2
~s "silst"
<TRANSP> 3
 0.000000e+00 2.946395e-01 7.053605e-01
 0.000000e+00 9.912205e-01 8.779518e-03
 0.000000e+00 0.000000e+00 0.000000e+00
<ENDHMM>
~h "oov"
<BEGINHMM>
<NUMSTATES> 3
<STATE> 2
<MEAN> 39
 -1.098890e+01 -9.285915e+00 -1.001227e+01 -1.588768e+01 -9.766184e+00 -1.713951e+01 -9.008047e+00 -6.580578e+00 -2.346983e+00 -2.597122e+00 -2.079329e+00 -8.733297e-01 7.074272e+01 3.374040e-02 -1.344960e-02 -1.898439e-02 -5.304097e-02 -3.033077e-03 1.672497e-04 4.897007e-02 5.357375e-02 4.193215e-02 1.120860e-02 4.182453e-02 2.501982e-02 8.815420e-02 -5.079334e-03 -3.158111e-03 -8.539136e-03 1.714975e-02 -6.232113e-03 1.185761e-03 -1.892635e-02 -2.746051e-02 -2.709780e-02 -1.331104e-02 -2.901464e-02 -1.067952e-02 -3.900516e-02
<VARIANCE> 39
 7.123682e+01 6.422771e+01 8.122556e+01 6.578180e+01 1.051578e+02 1.008578e+02 8.884395e+01 9.178608e+01 8.029572e+01 7.427837e+01 7.501328e+01 6.303593e+01 5.170979e+01 2.654011e+00 2.399572e+00 3.011944e+00 3.419598e+00 4.403019e+00 4.452905e+00 4.635504e+00 5.258708e+00 4.700984e+00 4.299896e+00 4.173082e+00 3.453208e+00 2.437961e+00 3.713273e-01 3.524902e-01 4.581000e-01 5.531687e-01 7.103412e-01 7.551541e-01 7.926473e-01 9.070657e-01 8.278527e-01 7.714245e-01 7.307596e-01 6.265917e-01 3.007192e-01
<GCONST> 1.381936e+02
<TRANSP> 3
 0.000000e+00 1.000000e+00 0.000000e+00
 0.000000e+00 9.809231e-01 1.907685e-02
 0.000000e+00 0.000000e+00 0.000000e+00
<ENDHMM>
~h "sil"
<BEGINHMM>
<NUMSTATES> 3
<STATE> 2
~s "silst"
<TRANSP> 3
 0.000000e+00 1.000000e+00 0.000000e+00
 0.000000e+00 9.991508e-01 8.492292e-04
 0.000000e+00 0.000000e+00 0.000000e+00
<ENDHMM>
~h "noise"
<BEGINHMM>
<NUMSTATES> 3
<STATE> 2
~s "silst"
<TRANSP> 3
 0.000000e+00 1.000000e+00 0.000000e+00
 0.000000e+00 9.813349e-01 1.866512e-02
 0.000000e+00 0.000000e+00 0.000000e+00
<ENDHMM>
