~o
<STREAMINFO> 1 39
<VECSIZE> 39<NULLD><MFCC_D_A_C_K_0><DIAGC>
~s "silst"
<NUMMIXES> 8
<MIXTURE> 1 2.857898e-02
<MEAN> 39
 -1.404087e+01 -9.107435e+00 -9.476982e+00 -1.486677e+01 -8.725949e+00 -1.608858e+01 -8.572162e+00 -7.405742e+00 -3.116835e+00 -3.219971e+00 -3.487626e+00 -7.094018e-01 6.835812e+01 -3.999960e-01 1.542330e-03 2.323546e-01 -3.032252e-01 5.214693e-01 2.824309e-01 7.844946e-01 7.769570e-01 8.104225e-01 3.959816e-01 8.403038e-01 4.524956e-01 9.468647e-01 -6.108902e-03 2.222856e-03 -4.327923e-02 3.047555e-02 2.256917e-02 1.881747e-02 2.493840e-02 -1.197082e-02 4.256144e-03 6.440602e-03 -9.331666e-04 8.791313e-03 -3.652378e-02
<VARIANCE> 39
 6.140823e+01 5.789148e+01 6.819597e+01 6.307352e+01 9.287057e+01 7.739669e+01 7.814290e+01 7.583656e+01 6.538934e+01 6.356995e+01 6.383858e+01 5.017694e+01 6.902020e+01 3.670450e+00 2.946619e+00 3.682535e+00 4.002516e+00 5.139584e+00 4.539508e+00 5.013188e+00 5.067622e+00 4.532533e+00 4.364367e+00 4.132510e+00 3.395531e+00 3.229111e+00 4.728358e-01 4.149007e-01 5.374898e-01 6.183137e-01 7.616569e-01 7.533970e-01 8.637423e-01 9.059722e-01 8.221964e-01 7.731344e-01 7.685902e-01 6.316816e-01 5.121547e-01
<GCONST> 1.393049e+02
<MIXTURE> 2 1.232559e-01
<MEAN> 39
 -1.478581e+01 -9.708287e+00 -1.244029e+01 -1.202398e+01 -1.076797e+01 -1.669686e+01 -1.157190e+01 -1.073686e+01 -6.087535e+00 -3.759555e+00 -6.845585e+00 -1.950755e+00 5.743775e+01 2.541234e-02 6.284178e-02 1.096786e-01 1.896591e-01 2.999642e-01 4.255658e-01 5.256321e-01 6.212180e-01 6.773978e-01 6.846889e-01 6.038631e-01 4.163295e-01 -6.307794e-03 4.828149e-02 8.650728e-02 9.754631e-02 7.753860e-02 5.201636e-02 -1.624949e-02 -5.466768e-02 -8.017963e-02 -7.914640e-02 -6.753550e-02 -3.059370e-02 -1.261207e-02 4.305378e-02
<VARIANCE> 39
 6.340326e+00 5.928454e+00 8.072460e+00 1.098795e+01 1.437244e+01 1.610082e+01 1.805434e+01 1.970876e+01 2.146241e+01 1.959050e+01 1.906545e+01 1.824700e+01 4.231355e+00 2.308161e-01 3.649071e-01 5.728157e-01 8.162857e-01 1.051121e+00 1.297621e+00 1.511190e+00 1.717346e+00 1.819276e+00 1.774340e+00 1.687437e+00 1.610390e+00 8.461878e-02 4.361712e-02 7.236566e-02 1.135247e-01 1.657878e-01 2.244668e-01 2.775058e-01 3.225199e-01 3.660977e-01 3.902704e-01 3.870125e-01 3.701187e-01 3.471322e-01 1.649456e-02
<GCONST> 7.948472e+01
<MIXTURE> 3 2.475285e-01
<MEAN> 39
 -1.273717e+01 -8.574850e+00 -1.067606e+01 -9.326660e+00 -1.032259e+01 -1.737165e+01 -1.420685e+01 -1.406505e+01 -9.786148e+00 -5.802536e+00 -9.751274e+00 -3.638035e+00 5.711844e+01 6.797624e-02 1.084541e-01 1.420607e-01 1.512252e-01 1.242934e-01 1.077288e-01 6.518473e-02 5.301481e-02 6.202063e-02 9.920109e-02 9.866624e-02 9.628915e-02 1.338601e-02 -4.767848e-02 -4.898892e-02 -7.695570e-02 -9.591980e-02 -9.054434e-03 4.709188e-02 1.376479e-01 1.812470e-01 1.917510e-01 1.534055e-01 1.496246e-01 8.096980e-02 1.024486e-02
<VARIANCE> 39
 2.341150e+00 3.700690e+00 5.329738e+00 7.338466e+00 1.041675e+01 1.292853e+01 1.371152e+01 1.507898e+01 1.665411e+01 1.678990e+01 1.493633e+01 1.444680e+01 1.116324e+00 1.880559e-01 3.392301e-01 5.398092e-01 7.621720e-01 9.786654e-01 1.206334e+00 1.446353e+00 1.693077e+00 1.799914e+00 1.735086e+00 1.615258e+00 1.536832e+00 5.753928e-02 3.380337e-02 6.274614e-02 1.011107e-01 1.476416e-01 2.003171e-01 2.476502e-01 2.855129e-01 3.269162e-01 3.542527e-01 3.515638e-01 3.308208e-01 3.154622e-01 1.086429e-02
<GCONST> 7.086830e+01
<MIXTURE> 4 1.025572e-01
<MEAN> 39
 -1.568614e+01 -8.098533e+00 -1.130942e+01 -1.311127e+01 -9.781375e+00 -1.744445e+01 -1.105454e+01 -1.054224e+01 -5.217143e+00 -4.571576e+00 -4.736116e+00 -1.203813e+00 6.171045e+01 -7.104129e-02 8.645436e-02 1.103618e-01 1.159045e-01 1.908014e-01 1.488424e-01 1.946990e-01 2.287540e-01 2.620818e-01 2.476624e-01 2.922696e-01 1.933221e-01 -1.196943e-02 2.715658e-02 -9.857040e-03 1.972325e-02 1.660942e-02 3.078126e-02 4.822746e-02 6.341305e-02 8.077982e-02 6.785777e-02 6.507249e-02 3.946314e-02 2.414283e-02 3.345801e-02
<VARIANCE> 39
 2.912582e+01 1.810188e+01 2.307669e+01 2.263616e+01 3.368209e+01 3.157254e+01 3.567746e+01 3.913430e+01 4.085178e+01 3.503671e+01 3.370683e+01 2.790327e+01 1.218990e+01 7.472740e-01 7.116474e-01 1.029220e+00 1.315196e+00 1.662046e+00 1.875607e+00 2.122371e+00 2.285600e+00 2.331204e+00 2.278528e+00 2.160102e+00 1.929772e+00 4.239036e-01 1.237260e-01 1.297205e-01 1.952311e-01 2.553445e-01 3.259129e-01 3.764047e-01 4.381334e-01 4.888586e-01 5.006180e-01 4.913284e-01 4.632182e-01 4.073099e-01 7.125556e-02
<GCONST> 1.031724e+02
<MIXTURE> 5 1.581243e-01
<MEAN> 39
 -1.281123e+01 -8.790352e+00 -1.103636e+01 -9.735802e+00 -1.054745e+01 -1.748680e+01 -1.409319e+01 -1.381009e+01 -9.561344e+00 -5.551422e+00 -9.674253e+00 -3.625369e+00 5.707025e+01 -2.769794e-02 -6.817061e-02 -1.072331e-01 -1.621786e-01 -2.839184e-01 -3.445655e-01 -4.303108e-01 -4.789142e-01 -5.218014e-01 -5.142222e-01 -5.045509e-01 -3.437760e-01 -4.328267e-02 -5.246829e-02 -4.895078e-02 -6.081663e-02 -7.214224e-02 -1.136426e-02 2.651519e-02 8.448201e-02 1.087957e-01 1.125520e-01 7.865074e-02 8.633406e-02 4.514318e-02 -1.653130e-04
<VARIANCE> 39
 2.398875e+00 3.764575e+00 5.457437e+00 7.618428e+00 1.053607e+01 1.316503e+01 1.425832e+01 1.572028e+01 1.730928e+01 1.724380e+01 1.549879e+01 1.471986e+01 1.105779e+00 1.798463e-01 3.306223e-01 5.265759e-01 7.430480e-01 9.650438e-01 1.192111e+00 1.445474e+00 1.674550e+00 1.794371e+00 1.731241e+00 1.607588e+00 1.521893e+00 5.499779e-02 3.290319e-02 6.333882e-02 1.013347e-01 1.490853e-01 2.019303e-01 2.514003e-01 2.912906e-01 3.348449e-01 3.605607e-01 3.589174e-01 3.367955e-01 3.195031e-01 9.951496e-03
<GCONST> 7.101218e+01
<MIXTURE> 6 2.026507e-01
<MEAN> 39
 -1.463942e+01 -9.864585e+00 -1.274705e+01 -1.210153e+01 -1.093351e+01 -1.638533e+01 -1.108041e+01 -1.008681e+01 -5.558398e+00 -3.140365e+00 -6.553192e+00 -1.700593e+00 5.708303e+01 -6.178433e-02 -1.286996e-01 -1.535194e-01 -1.242136e-01 -1.297026e-01 -5.067323e-02 -2.418674e-02 1.236767e-02 1.559797e-02 2.131175e-02 -4.454204e-02 -5.426853e-02 -7.538367e-02 4.119932e-02 8.123622e-02 1.060106e-01 8.755749e-02 2.847466e-02 -7.504106e-02 -1.677969e-01 -2.228464e-01 -2.306101e-01 -2.032641e-01 -1.561495e-01 -9.416118e-02 2.736993e-02
<VARIANCE> 39
 5.412397e+00 5.373208e+00 7.356155e+00 1.023215e+01 1.350223e+01 1.546276e+01 1.726557e+01 1.862347e+01 1.995548e+01 1.871877e+01 1.802462e+01 1.751110e+01 3.720125e+00 2.000115e-01 3.391143e-01 5.354123e-01 7.674955e-01 9.959229e-01 1.236235e+00 1.454018e+00 1.669825e+00 1.767316e+00 1.727721e+00 1.643166e+00 1.565789e+00 6.981232e-02 3.725675e-02 6.806710e-02 1.073368e-01 1.577250e-01 2.153060e-01 2.691110e-01 3.125337e-01 3.535269e-01 3.782526e-01 3.759300e-01 3.580752e-01 3.384727e-01 1.243731e-02
<GCONST> 7.683345e+01
<MIXTURE> 7 9.954333e-02
<MEAN> 39
 -1.538237e+01 -8.112040e+00 -1.122172e+01 -1.255956e+01 -9.282875e+00 -1.705800e+01 -1.096275e+01 -1.054357e+01 -5.561426e+00 -4.690922e+00 -5.203938e+00 -1.476918e+00 6.075468e+01 3.956273e-03 -3.951271e-02 -5.116677e-02 1.666031e-02 -2.234916e-01 -2.995322e-01 -5.051385e-01 -6.030884e-01 -6.575873e-01 -5.971690e-01 -6.134598e-01 -4.028623e-01 -1.944472e-01 3.089462e-02 -4.507155e-02 -2.286716e-02 -1.596766e-02 -6.909599e-02 -3.500793e-02 -5.459725e-02 -4.532547e-02 -5.504364e-02 -3.053778e-02 -8.257906e-02 -4.814593e-02 3.863014e-04
<VARIANCE> 39
 2.079218e+01 1.461889e+01 1.978126e+01 1.941542e+01 2.785560e+01 2.831441e+01 3.092847e+01 3.491436e+01 3.724533e+01 3.303349e+01 2.981437e+01 2.582054e+01 7.771167e+00 6.935384e-01 6.809852e-01 1.012609e+00 1.300106e+00 1.618950e+00 1.815855e+00 2.070489e+00 2.243545e+00 2.330917e+00 2.242420e+00 2.087504e+00 1.896830e+00 3.791451e-01 9.777302e-02 1.163228e-01 1.766110e-01 2.385367e-01 3.021031e-01 3.573370e-01 4.189013e-01 4.705862e-01 4.945226e-01 4.863438e-01 4.490747e-01 3.990898e-01 4.754186e-02
<GCONST> 9.932685e+01
<MIXTURE> 8 3.594288e-02
<MEAN> 39
 -1.489927e+01 -8.259299e+00 -9.774108e+00 -1.484254e+01 -7.905036e+00 -1.660445e+01 -8.321664e+00 -7.832805e+00 -3.177953e+00 -3.880375e+00 -3.123449e+00 -8.693874e-01 6.797990e+01 1.457170e-01 -2.584562e-03 -2.834525e-01 -1.816707e-01 -1.445112e-01 -2.754671e-01 -2.144002e-01 -3.675736e-01 -2.609583e-01 -3.370448e-01 -2.684360e-01 -2.228982e-01 1.252426e-01 1.218385e-01 -1.425521e-02 -4.426090e-02 1.215382e-01 -1.348514e-01 -1.667869e-02 -1.610125e-01 -1.542499e-01 -1.614193e-01 -3.762461e-02 -1.705250e-01 -6.832533e-02 -2.644840e-01
<VARIANCE> 39
 6.795904e+01 4.823987e+01 6.805152e+01 5.920186e+01 9.186104e+01 7.745112e+01 7.520945e+01 7.309980e+01 6.573355e+01 6.287224e+01 5.857701e+01 4.556499e+01 4.826649e+01 2.345917e+00 1.856447e+00 2.579632e+00 3.184129e+00 3.761032e+00 3.798627e+00 4.128548e+00 4.254810e+00 3.918790e+00 3.725657e+00 3.455318e+00 2.898412e+00 2.709823e+00 4.333771e-01 3.318367e-01 4.928016e-01 5.928959e-01 7.225204e-01 7.496464e-01 8.197869e-01 8.627987e-01 8.021852e-01 7.672485e-01 7.157878e-01 5.959690e-01 3.423910e-01
<GCONST> 1.341947e+02
~h "sp"
<BEGINHMM>
<NUMSTATES> 3
<STATE> 2
~s "silst"
<TRANSP> 3
 0.000000e+00 5.080001e-01 4.920000e-01
 0.000000e+00 9.896825e-01 1.031757e-02
 0.000000e+00 0.000000e+00 0.000000e+00
<ENDHMM>
~h "oov"
<BEGINHMM>
<NUMSTATES> 3
<STATE> 2
<NUMMIXES> 8
<MIXTURE> 1 7.408293e-02
<MEAN> 39
 -1.489295e+01 -5.692029e+00 -1.013072e+01 -1.236454e+01 -7.749248e+00 -1.804573e+01 -9.914717e+00 -9.170421e+00 -3.530735e+00 -3.740860e+00 -3.457482e+00 -1.261622e+00 6.574436e+01 -3.846883e-01 1.282349e-01 4.782938e-01 -6.604043e-01 4.688824e-01 3.935575e-03 9.348041e-01 1.546798e+00 1.580486e+00 7.942359e-01 1.526540e+00 7.402244e-01 1.719420e+00 2.755238e-01 -2.868710e-01 1.586828e-03 -3.428675e-01 -1.845917e-01 3.592479e-02 8.789294e-02 2.825974e-01 1.894694e-01 1.342321e-01 1.321172e-01 6.684701e-02 4.804586e-01
<VARIANCE> 39
 5.500158e+01 4.170196e+01 4.197052e+01 3.312819e+01 5.871693e+01 5.229579e+01 5.378283e+01 4.828162e+01 5.078583e+01 4.779091e+01 4.686081e+01 3.335695e+01 3.380362e+01 7.238548e+00 4.811390e+00 5.375327e+00 5.107128e+00 8.055281e+00 6.426993e+00 6.193861e+00 6.294141e+00 5.607480e+00 5.667318e+00 5.066196e+00 4.362181e+00 3.095215e+00 6.730716e-01 5.070753e-01 6.038635e-01 6.240688e-01 9.203078e-01 8.850023e-01 9.070383e-01 9.340695e-01 9.115903e-01 8.746204e-01 8.814823e-01 7.076845e-01 4.026785e-01
<GCONST> 1.393407e+02
<MIXTURE> 2 1.259967e-01
<MEAN> 39
 -1.200291e+01 -1.078049e+01 -9.890355e+00 -1.775829e+01 -8.215763e+00 -1.420716e+01 -6.760630e+00 -4.817414e+00 -1.573876e+00 -3.311390e+00 -8.255364e-01 -1.157921e+00 7.427860e+01 3.290493e-02 1.059588e-01 7.976676e-02 2.474782e-01 2.712769e-01 3.309982e-01 3.387539e-01 3.774365e-01 3.729245e-01 3.623396e-01 2.947415e-01 2.419175e-01 -1.569017e-01 6.266150e-02 8.807929e-02 1.940019e-02 1.277359e-01 -2.252239e-02 -6.002587e-02 -4.913827e-02 -5.210779e-02 4.839956e-02 1.059624e-01 1.136334e-02 4.868842e-02 -1.241589e-01
<VARIANCE> 39
 1.011664e+02 1.023243e+02 9.905183e+01 9.155362e+01 1.458876e+02 1.212470e+02 1.103028e+02 1.017672e+02 8.884763e+01 8.287040e+01 8.552075e+01 8.005324e+01 4.101490e+01 5.098385e-01 1.033477e+00 1.356732e+00 1.694610e+00 2.240814e+00 2.536364e+00 2.886263e+00 2.871208e+00 2.872775e+00 2.708088e+00 2.589755e+00 2.378985e+00 4.587998e-01 1.152607e-01 1.978331e-01 2.376423e-01 3.233164e-01 4.143209e-01 4.747664e-01 5.461034e-01 5.567437e-01 5.511563e-01 5.275825e-01 5.008324e-01 4.617199e-01 7.167541e-02
<GCONST> 1.232268e+02
<MIXTURE> 3 1.568198e-01
<MEAN> 39
 -6.657398e+00 -9.592741e+00 -1.222971e+01 -1.529554e+01 -1.234582e+01 -1.859574e+01 -1.125596e+01 -9.443773e+00 -4.353316e+00 -1.686867e+00 -4.343508e+00 -9.656825e-01 6.827310e+01 -2.149533e-01 4.731271e-01 3.608638e-02 5.598574e-01 1.546999e-01 1.520638e-01 -1.539126e-01 -5.143958e-01 -1.925015e-01 1.802385e-01 -1.027801e-01 1.435573e-01 -8.700026e-01 -1.600359e-01 -3.698102e-02 1.587917e-01 -4.113318e-02 1.224408e-01 9.942816e-02 1.148431e-01 2.792912e-01 1.491914e-01 -1.398834e-03 1.703689e-01 5.883184e-02 1.070290e-01
<VARIANCE> 39
 2.473062e+01 3.324416e+01 6.492581e+01 4.438430e+01 6.967173e+01 8.088340e+01 6.584077e+01 8.200501e+01 8.014528e+01 7.186594e+01 7.341908e+01 6.425117e+01 3.390409e+01 8.700378e-01 1.202612e+00 1.990251e+00 2.071318e+00 2.618401e+00 3.224200e+00 3.375129e+00 3.891435e+00 3.629175e+00 3.511545e+00 3.272306e+00 2.965648e+00 8.787417e-01 1.281286e-01 1.693862e-01 2.836820e-01 3.401302e-01 4.170387e-01 5.063388e-01 5.607384e-01 6.841000e-01 6.936104e-01 6.639298e-01 6.205947e-01 5.585883e-01 1.109727e-01
<GCONST> 1.223706e+02
<MIXTURE> 4 1.333863e-01
<MEAN> 39
 -8.648905e+00 -1.201729e+01 -7.607272e+00 -1.916144e+01 -1.242602e+01 -1.885159e+01 -9.455220e+00 -3.183592e+00 7.392681e-02 -1.076580e+00 -2.347618e-02 1.185960e-02 7.603545e+01 2.202343e-01 -6.468494e-01 -9.074293e-02 -4.332856e-01 7.526202e-02 4.014739e-01 6.561885e-01 7.313082e-01 3.334539e-01 1.523805e-01 2.465294e-01 1.809265e-01 8.781421e-01 -1.856371e-01 2.607754e-01 -1.332397e-01 3.596562e-01 2.378829e-01 1.393474e-01 2.793218e-02 -3.668577e-01 -2.439216e-01 -6.123321e-02 -1.482653e-01 -3.488186e-02 -4.427515e-01
<VARIANCE> 39
 4.669645e+01 6.504103e+01 1.063287e+02 7.358368e+01 1.269266e+02 1.424482e+02 1.235851e+02 1.081695e+02 9.847821e+01 9.849825e+01 9.435122e+01 8.984695e+01 3.491395e+01 3.036898e+00 3.812924e+00 4.477500e+00 5.116780e+00 6.346891e+00 6.557852e+00 6.499146e+00 6.913132e+00 6.080738e+00 5.788697e+00 5.291516e+00 4.757464e+00 2.808822e+00 5.085264e-01 5.384918e-01 7.446348e-01 7.939177e-01 1.117101e+00 1.210473e+00 1.237212e+00 1.269471e+00 1.172696e+00 1.116090e+00 1.018671e+00 9.180695e-01 3.175446e-01
<GCONST> 1.486635e+02
<MIXTURE> 5 1.662815e-01
<MEAN> 39
 -1.113609e+01 -1.076293e+01 -9.404112e+00 -1.708534e+01 -8.166229e+00 -1.389042e+01 -7.034588e+00 -4.408753e+00 -1.798223e+00 -3.076368e+00 -9.098912e-01 -1.180113e+00 7.368842e+01 -5.470473e-03 -6.814029e-03 -2.225247e-01 3.304508e-03 -1.824290e-01 -1.744318e-01 -2.055127e-01 -2.802950e-01 -2.872254e-01 -1.899082e-01 -2.737471e-01 -1.272659e-01 -3.874339e-01 2.839596e-02 5.809559e-02 -8.252987e-02 4.773207e-02 -1.427194e-01 -2.167161e-01 -1.885007e-01 -2.245107e-01 -8.414523e-02 -2.058951e-02 -1.225105e-01 -3.370804e-02 -1.571370e-01
<VARIANCE> 39
 8.753680e+01 8.920075e+01 1.043656e+02 8.262746e+01 1.430566e+02 1.176174e+02 1.134536e+02 1.071341e+02 9.221045e+01 7.905025e+01 8.105576e+01 7.386264e+01 4.379108e+01 5.092114e-01 9.861364e-01 1.334393e+00 1.626475e+00 2.186936e+00 2.506177e+00 2.837075e+00 2.861902e+00 2.858879e+00 2.666847e+00 2.499316e+00 2.286569e+00 5.266237e-01 1.140029e-01 1.921298e-01 2.479088e-01 3.325089e-01 4.304290e-01 4.749876e-01 5.691454e-01 5.821173e-01 5.707517e-01 5.328211e-01 5.051941e-01 4.707166e-01 7.248532e-02
<GCONST> 1.229641e+02
<MIXTURE> 6 1.197547e-01
<MEAN> 39
 -7.514925e+00 -9.413136e+00 -1.231824e+01 -1.447796e+01 -1.134883e+01 -1.716577e+01 -9.839556e+00 -7.575896e+00 -3.491822e+00 -1.832854e+00 -4.307923e+00 -5.079722e-01 6.663842e+01 -5.559504e-01 3.475928e-01 -1.511133e-01 5.980797e-01 1.127450e-01 -3.436968e-03 -5.868219e-01 -1.192852e+00 -1.012799e+00 -6.719841e-01 -9.371423e-01 -4.676077e-01 -1.195965e+00 -1.465872e-01 -9.146659e-02 1.170381e-01 -1.036388e-01 -2.280560e-02 -8.371977e-02 -7.471102e-02 3.634878e-02 -4.877824e-02 -1.262644e-01 6.591873e-03 -6.992386e-02 1.180706e-01
<VARIANCE> 39
 2.342147e+01 2.857825e+01 6.309338e+01 3.953128e+01 6.853676e+01 7.607984e+01 6.204810e+01 7.397173e+01 7.200166e+01 6.347462e+01 6.683272e+01 5.392250e+01 2.648147e+01 9.209751e-01 1.192666e+00 2.131977e+00 2.098381e+00 2.776003e+00 3.309127e+00 3.443670e+00 3.819196e+00 3.673284e+00 3.591126e+00 3.280068e+00 2.992837e+00 7.907193e-01 1.224105e-01 1.518704e-01 2.481350e-01 3.052963e-01 3.798289e-01 4.729308e-01 5.307654e-01 6.240289e-01 6.392463e-01 6.104039e-01 5.675882e-01 5.063505e-01 8.652955e-02
<GCONST> 1.198822e+02
<MIXTURE> 7 1.032550e-01
<MEAN> 39
 -1.085940e+01 -9.474860e+00 -7.195962e+00 -1.791024e+01 -1.110290e+01 -1.968385e+01 -9.249887e+00 -4.239823e+00 -6.967678e-01 -1.607062e+00 1.194698e-01 5.577806e-02 7.465695e+01 6.488243e-01 -4.267279e-01 -2.527806e-01 -3.333307e-01 -4.890533e-01 -2.739128e-01 -2.257348e-01 -2.420252e-01 -4.289824e-01 -3.935747e-01 -4.093297e-01 -4.040632e-01 4.203616e-01 -3.328902e-02 1.206673e-01 -1.721391e-01 2.666907e-01 9.187711e-02 1.277536e-01 -5.828128e-02 -3.624555e-01 -2.584999e-01 -1.183596e-01 -2.629358e-01 -1.149650e-01 -3.989066e-01
<VARIANCE> 39
 7.337666e+01 7.301013e+01 1.076201e+02 7.604301e+01 1.342559e+02 1.286545e+02 1.144091e+02 1.043224e+02 9.425731e+01 9.472485e+01 8.756510e+01 7.723249e+01 3.350042e+01 3.246236e+00 3.483551e+00 4.211331e+00 4.850064e+00 6.189579e+00 6.524228e+00 6.144882e+00 6.609413e+00 5.729444e+00 5.498766e+00 4.963686e+00 4.336873e+00 2.790078e+00 6.593983e-01 5.401177e-01 7.600142e-01 7.907537e-01 1.224959e+00 1.247975e+00 1.212368e+00 1.243908e+00 1.135236e+00 1.110247e+00 9.767873e-01 8.592280e-01 2.896896e-01
<GCONST> 1.483465e+02
<MIXTURE> 8 1.187133e-01
<MEAN> 39
 -1.355799e+01 -5.340746e+00 -1.034931e+01 -1.190854e+01 -9.184731e+00 -1.894637e+01 -1.147223e+01 -1.088641e+01 -4.533786e+00 -3.671847e+00 -3.872239e+00 -1.566036e+00 6.526276e+01 5.089790e-01 -1.631753e-01 2.262781e-01 -6.967115e-01 -4.127639e-01 -4.713399e-01 -2.018633e-01 5.951477e-01 4.311799e-01 5.897775e-02 4.293595e-01 2.742255e-02 9.810596e-01 2.039398e-01 -2.818843e-01 2.339886e-02 -3.862089e-01 -1.486382e-01 3.947986e-02 1.364942e-01 3.878714e-01 1.789795e-01 5.017682e-02 1.111313e-01 3.693318e-02 4.245449e-01
<VARIANCE> 39
 5.393605e+01 3.282474e+01 3.842007e+01 3.206842e+01 4.933305e+01 4.823558e+01 4.986479e+01 4.877648e+01 5.221929e+01 4.800117e+01 4.570332e+01 3.407217e+01 2.691712e+01 5.650979e+00 3.098075e+00 4.509875e+00 4.351179e+00 6.266592e+00 5.660603e+00 5.547967e+00 6.134542e+00 5.214627e+00 5.303461e+00 4.740599e+00 4.018945e+00 2.087856e+00 5.666372e-01 4.060081e-01 5.404658e-01 5.434517e-01 7.949408e-01 8.031795e-01 8.167278e-01 8.813485e-01 8.701237e-01 8.276033e-01 7.832232e-01 6.598218e-01 2.707290e-01
<GCONST> 1.344855e+02
<TRANSP> 3
 0.000000e+00 1.000000e+00 0.000000e+00
 0.000000e+00 9.861708e-01 1.382923e-02
 0.000000e+00 0.000000e+00 0.000000e+00
<ENDHMM>
~h "sil"
<BEGINHMM>
<NUMSTATES> 3
<STATE> 2
~s "silst"
<TRANSP> 3
 0.000000e+00 1.000000e+00 0.000000e+00
 0.000000e+00 9.965873e-01 3.412656e-03
 0.000000e+00 0.000000e+00 0.000000e+00
<ENDHMM>
~h "noise"
<BEGINHMM>
<NUMSTATES> 3
<STATE> 2
~s "silst"
<TRANSP> 3
 0.000000e+00 1.000000e+00 0.000000e+00
 0.000000e+00 9.874787e-01 1.252136e-02
 0.000000e+00 0.000000e+00 0.000000e+00
<ENDHMM>
