~o
<STREAMINFO> 1 22
<VECSIZE> 22<NULLD><MFCC_0><DIAGC>
~h "BN"
<BEGINHMM>
<NUMSTATES> 5
<STATE> 2
<NUMMIXES> 2
<MIXTURE> 1 3.216145e-001
<MEAN> 22
 9.078783e+000 1.369113e+001 5.281072e+000 5.503309e+000 1.842641e+001 2.194753e+001 8.096470e+001 7.349518e+001 5.903331e+001 5.570198e+001 1.770894e+002 1.678783e+002 1.101218e+002 1.080431e+002 6.885306e+000 5.027501e+000 6.066942e+000 5.907138e+000 5.811468e+000 6.124746e+000 2.425982e+000 2.225182e+000
<VARIANCE> 22
 2.377480e+003 1.605815e+003 1.914323e+003 1.210106e+003 4.143803e+002 4.123956e+002 6.036911e+002 5.680645e+002 6.506351e+001 5.863590e+001 8.860604e+002 1.009189e+003 1.597320e+002 1.605364e+002 1.663025e-001 1.560859e-001 6.246094e-002 8.423858e-002 1.590887e-001 2.406372e-001 5.723954e+000 4.029696e+000
<GCONST> 1.181175e+002
<MIXTURE> 2 6.783854e-001
<MEAN> 22
 5.999067e+000 8.117700e+000 1.640144e+000 2.700079e+000 1.445744e+002 1.577201e+002 7.181355e+001 8.489169e+001 7.008044e+001 7.181487e+001 1.080203e+002 7.300256e+001 9.333363e+001 9.218942e+001 3.038863e+000 2.481495e+000 4.680031e+000 4.064031e+000 4.064072e+000 2.080372e+000 2.288358e+000 2.373132e+000
<VARIANCE> 22
 1.251605e+002 2.307964e+002 1.018110e+001 1.637334e+001 3.282527e+004 1.701066e+004 2.333350e+003 2.679538e+003 9.716447e+002 1.147330e+003 5.849152e+003 3.372108e+003 1.734646e+003 1.335407e+003 8.176050e+000 2.128592e+000 7.472953e+000 3.323521e+000 3.673398e+000 5.332716e+000 6.089248e+000 5.744370e+000
<GCONST> 1.495854e+002
<STATE> 3
<NUMMIXES> 2
<MIXTURE> 1 3.946363e-001
<MEAN> 22
 1.496801e+000 2.091993e+001 4.971387e-001 5.311133e+000 7.513766e+000 1.373166e+002 1.004913e+002 1.021306e+002 6.224400e+001 8.573129e+001 2.038522e+002 8.340027e+001 1.219363e+002 1.107332e+002 6.998805e+000 3.019406e+000 6.103239e+000 4.618383e+000 5.998214e+000 2.550127e+000 1.744884e+000 3.629278e+000
<VARIANCE> 22
 9.957564e+000 3.739164e+002 3.300596e+000 2.866639e+001 9.947781e+001 5.780360e+003 3.280658e+002 1.655769e+003 6.845646e+001 5.740967e+002 6.683509e+002 2.897615e+003 2.277436e+002 1.779530e+002 6.504287e-002 1.233760e+000 9.317447e-002 8.816209e-001 2.082488e-002 5.676564e+000 5.514789e+000 5.330830e+000
<GCONST> 1.115618e+002
<MIXTURE> 2 6.053635e-001
<MEAN> 22
 8.937936e-001 4.842284e+000 4.313334e-001 1.558824e+000 9.855599e+000 1.725005e+002 8.688378e+001 1.187025e+002 5.627353e+001 8.849818e+001 1.807458e+002 3.179884e+001 1.098172e+002 9.651514e+001 6.932902e+000 2.061819e+000 6.006294e+000 3.674970e+000 5.960570e+000 1.102473e+000 1.365310e+000 2.642040e+000
<VARIANCE> 22
 4.801632e+000 4.255936e+001 3.300596e+000 3.536250e+000 5.809395e+002 9.752957e+002 1.368056e+002 2.005784e+002 5.593341e+001 2.622233e+002 4.152957e+002 3.301961e+002 6.253017e+001 8.274374e+001 3.634806e-001 1.164266e-001 2.317658e-001 4.730410e-001 1.156489e-001 3.004051e-001 4.863522e+000 5.961294e+000
<GCONST> 9.628501e+001
<STATE> 4
<NUMMIXES> 2
<MIXTURE> 1 4.299469e-001
<MEAN> 22
 1.394496e+001 5.081699e+000 3.120501e+000 1.658339e+000 5.262457e+001 2.391917e+001 8.763259e+001 9.490309e+001 7.149429e+001 5.803987e+001 1.543760e+002 1.941052e+002 1.144840e+002 1.168778e+002 4.874488e+000 4.992375e+000 6.402490e+000 5.852324e+000 5.199039e+000 6.011232e+000 3.654216e+000 2.777486e+000
<VARIANCE> 22
 3.026704e+002 6.843810e+001 2.008297e+001 6.313305e+000 2.879702e+003 8.695091e+002 6.203851e+002 3.240433e+002 2.774778e+002 6.498985e+001 3.846099e+003 5.122297e+002 2.726077e+002 1.197910e+002 8.436291e+000 2.198586e-002 2.431559e-001 1.258674e-001 1.756862e+000 5.618803e-002 5.906760e+000 6.560131e+000
<GCONST> 1.130165e+002
<MIXTURE> 2 5.700532e-001
<MEAN> 22
 6.140769e+000 1.616384e+000 2.549345e+000 7.405120e-001 1.634603e+002 1.813345e+001 1.268684e+002 8.620412e+001 9.192688e+001 5.856706e+001 3.475788e+001 1.794217e+002 9.917408e+001 1.150780e+002 1.972188e+000 4.712314e+000 7.686709e-001 5.817813e+000 2.863401e+000 5.641485e+000 2.997105e+000 1.931276e+000
<VARIANCE> 22
 8.374738e+001 1.231691e+001 1.790212e+001 2.164982e+000 3.851026e+003 7.592382e+002 3.751658e+002 7.984215e+002 3.253139e+002 6.828088e+001 3.759384e+002 1.719666e+003 2.195325e+002 1.705905e+002 3.707126e-001 4.320952e-001 1.571046e+000 1.850194e-001 2.658948e-001 2.618744e+000 6.212299e+000 5.672707e+000
<GCONST> 1.125796e+002
<TRANSP> 5
 0.000000e+000 1.000000e+000 0.000000e+000 0.000000e+000 0.000000e+000
 0.000000e+000 8.125461e-001 1.874539e-001 0.000000e+000 0.000000e+000
 0.000000e+000 0.000000e+000 9.555923e-001 4.440765e-002 0.000000e+000
 0.000000e+000 0.000000e+000 0.000000e+000 9.267648e-001 7.323515e-002
 0.000000e+000 0.000000e+000 0.000000e+000 0.000000e+000 0.000000e+000
<ENDHMM>
~h "BS"
<BEGINHMM>
<NUMSTATES> 5
<STATE> 2
<NUMMIXES> 2
<MIXTURE> 1 7.253757e-002
<MEAN> 22
 3.622680e+001 3.406792e+001 2.236935e+001 1.942194e+001 4.428149e+002 3.206682e+002 1.035919e+002 9.480984e+001 6.817072e+001 6.613420e+001 1.602811e+002 1.473279e+002 1.129487e+002 1.129319e+002 1.546096e+000 3.840748e+000 6.706634e+000 5.319091e+000 3.311253e+000 4.119872e+000 1.846049e+000 2.427187e+000
<VARIANCE> 22
 9.814440e+003 7.294322e+003 8.616638e+003 5.660765e+003 3.452643e+004 1.470678e+004 1.749502e+003 1.434296e+003 3.399359e+001 2.162878e+001 1.304843e+003 8.867002e+002 1.213715e+002 7.802347e+001 6.925842e+000 1.454399e+000 2.073028e-001 2.343580e-001 8.709517e+000 3.382588e+000 5.755533e+000 6.073304e+000
<GCONST> 1.469435e+002
<MIXTURE> 2 9.274622e-001
<MEAN> 22
 1.335161e+001 1.318958e+001 2.273943e+000 2.315666e+000 5.121829e+001 5.036417e+001 6.453342e+001 6.241217e+001 6.352665e+001 6.025575e+001 1.555096e+002 1.516794e+002 1.092208e+002 1.086204e+002 5.838419e+000 4.628430e+000 5.987066e+000 5.831457e+000 5.401355e+000 5.594385e+000 2.754356e+000 1.971682e+000
<VARIANCE> 22
 1.664440e+002 1.522161e+002 5.731772e+000 6.230955e+000 4.362163e+003 3.270217e+003 1.013063e+003 9.372833e+002 1.513571e+002 1.533456e+002 1.863479e+003 1.942853e+003 3.331574e+002 2.979624e+002 5.023960e+000 1.396113e+000 5.899043e-001 5.194532e-001 9.672450e-001 4.076963e+000 3.075916e+000 3.815203e+000
<GCONST> 1.256457e+002
<STATE> 3
<NUMMIXES> 2
<MIXTURE> 1 4.207034e-001
<MEAN> 22
 1.462912e+001 1.490990e+001 3.552317e+000 3.463014e+000 1.313267e+002 1.237335e+002 1.459932e+002 1.412161e+002 8.886266e+001 7.860545e+001 1.533107e+002 1.606221e+002 1.163911e+002 1.148866e+002 4.454661e-001 3.717206e+000 4.423207e+000 4.724641e+000 1.812736e+000 3.837393e+000 2.917674e+000 3.871525e+000
<VARIANCE> 22
 4.230989e+002 4.389698e+002 1.897551e+001 2.098304e+001 1.505479e+003 1.697385e+003 1.004371e+003 8.881089e+002 1.846017e+002 2.650855e+002 2.127892e+003 1.292132e+003 1.775850e+002 1.377330e+002 3.209123e-001 3.388966e-001 1.125701e+001 2.553527e-001 6.106605e+000 9.219899e-001 6.453322e+000 5.581210e+000
<GCONST> 1.268865e+002
<MIXTURE> 2 5.792954e-001
<MEAN> 22
 2.166162e+001 2.232871e+001 3.697488e+000 3.619646e+000 9.288322e+001 9.525402e+001 4.754179e+001 4.872357e+001 6.497803e+001 6.075278e+001 9.464642e+001 9.351682e+001 1.004111e+002 1.011763e+002 2.137328e+000 2.837208e+000 6.146093e+000 5.755625e+000 4.145318e+000 2.402715e+000 2.711744e+000 2.830237e+000
<VARIANCE> 22
 3.470268e+002 3.612471e+002 2.326344e+001 1.800056e+001 1.585711e+003 1.263828e+003 6.466634e+002 6.500266e+002 1.171034e+002 1.222716e+002 9.114165e+002 8.214678e+002 1.166482e+002 9.913569e+001 4.046408e+000 2.184889e+000 3.699786e-001 3.705640e-001 1.891622e+000 7.847971e+000 5.354933e+000 4.384947e+000
<GCONST> 1.241664e+002
<STATE> 4
<NUMMIXES> 2
<MIXTURE> 1 4.466428e-001
<MEAN> 22
 9.204705e+000 8.843371e+000 2.483722e+000 2.143864e+000 3.442791e+001 3.514248e+001 1.024557e+002 9.971322e+001 6.545444e+001 6.012500e+001 1.935029e+002 1.913926e+002 1.153068e+002 1.146590e+002 6.724584e+000 4.942743e+000 6.440889e+000 5.518770e+000 6.059261e+000 5.833764e+000 3.870021e+000 3.684390e+000
<VARIANCE> 22
 8.307050e+001 7.901572e+001 7.269402e+000 5.496580e+000 1.081999e+003 8.341570e+002 5.905170e+002 4.286464e+002 1.053732e+002 8.693673e+001 7.742048e+002 6.601078e+002 1.878992e+002 1.458273e+002 1.626476e+000 1.311231e-001 2.841453e-001 2.502696e-001 1.952014e-001 3.228533e-001 4.475405e+000 8.365627e+000
<GCONST> 1.082201e+002
<MIXTURE> 2 5.533568e-001
<MEAN> 22
 6.317019e+000 6.044284e+000 1.762440e+000 1.640676e+000 9.049163e+001 8.907664e+001 1.169083e+002 1.179881e+002 6.846201e+001 6.380874e+001 1.566598e+002 1.560828e+002 1.052549e+002 1.048870e+002 7.470606e-003 3.999265e+000 6.999495e+000 5.000000e+000 3.505686e+000 4.354887e+000 3.061387e+000 3.803705e+000
<VARIANCE> 22
 6.460897e+001 5.839143e+001 5.951472e+000 5.045394e+000 7.153542e+002 6.528632e+002 5.866043e+002 5.133504e+002 9.811669e+001 1.273898e+002 4.216130e+002 4.579741e+002 7.311845e+001 7.984235e+001 6.504287e-002 1.793315e-002 2.326111e-002 1.170389e-002 1.191340e+001 2.648934e-001 6.494864e+000 7.382662e+000
<GCONST> 9.807359e+001
<TRANSP> 5
 0.000000e+000 1.000000e+000 0.000000e+000 0.000000e+000 0.000000e+000
 0.000000e+000 7.670020e-001 2.329980e-001 0.000000e+000 0.000000e+000
 0.000000e+000 0.000000e+000 9.242140e-001 7.578602e-002 0.000000e+000
 0.000000e+000 0.000000e+000 0.000000e+000 9.481803e-001 5.181972e-002
 0.000000e+000 0.000000e+000 0.000000e+000 0.000000e+000 0.000000e+000
<ENDHMM>
~h "CF"
<BEGINHMM>
<NUMSTATES> 5
<STATE> 2
<NUMMIXES> 2
<MIXTURE> 1 1.585450e-001
<MEAN> 22
 1.788299e+001 1.514362e+001 9.833232e+000 8.046771e+000 2.301394e+001 2.337484e+001 9.017597e+001 8.261016e+001 6.377802e+001 5.834311e+001 1.792454e+002 1.789838e+002 1.135172e+002 1.134719e+002 6.365475e+000 4.914131e+000 6.088782e+000 5.907011e+000 5.742765e+000 6.060028e+000 2.673954e+000 2.374678e+000
<VARIANCE> 22
 3.422491e+003 2.382564e+003 2.943971e+003 1.752036e+003 8.422869e+002 7.424882e+002 6.823044e+002 6.178401e+002 1.773722e+002 9.228339e+001 1.799386e+003 1.099461e+003 1.954840e+002 1.548074e+002 3.105243e+000 3.160528e-001 3.301026e-001 9.060708e-002 5.216006e-001 5.942439e-001 5.755526e+000 4.607048e+000
<GCONST> 1.311979e+002
<MIXTURE> 2 8.414549e-001
<MEAN> 22
 7.500281e+000 6.774636e+000 2.862545e+000 2.364448e+000 8.593865e+001 8.740516e+001 8.425175e+001 6.828103e+001 7.951712e+001 6.555679e+001 8.569640e+001 1.019240e+002 9.535831e+001 1.025302e+002 2.715762e+000 3.165484e+000 4.501256e+000 5.009232e+000 3.755458e+000 3.347077e+000 2.889215e+000 2.649010e+000
<VARIANCE> 22
 1.533295e+002 1.187581e+002 1.847841e+001 1.438345e+001 8.432249e+003 7.086539e+003 2.346795e+003 1.763389e+003 6.658796e+002 5.606882e+002 3.343957e+003 3.339839e+003 6.410347e+002 5.460501e+002 4.917641e+000 2.251231e+000 6.139752e+000 2.040940e+000 2.256814e+000 7.755629e+000 6.055654e+000 5.609076e+000
<GCONST> 1.421121e+002
<STATE> 3
<NUMMIXES> 2
<MIXTURE> 1 3.722490e-001
<MEAN> 22
 2.564984e+000 2.277299e+001 9.525305e-001 5.689831e+000 1.639528e+001 1.132328e+002 9.920261e+001 8.944454e+001 6.303352e+001 8.351961e+001 1.929601e+002 1.017877e+002 1.173447e+002 1.042387e+002 6.853344e+000 3.441647e+000 6.185513e+000 4.855673e+000 5.909856e+000 3.355821e+000 2.054975e+000 3.750130e+000
<VARIANCE> 22
 2.336438e+001 4.748816e+002 3.300596e+000 3.917762e+001 9.411035e+002 6.112769e+003 5.294608e+002 1.910616e+003 1.243670e+002 5.019631e+002 1.413638e+003 3.331130e+003 2.844786e+002 2.650808e+002 7.245952e-001 1.518550e+000 5.564152e-001 1.612220e+000 2.421905e-001 7.541920e+000 5.967894e+000 5.082934e+000
<GCONST> 1.256412e+002
<MIXTURE> 2 6.277494e-001
<MEAN> 22
 9.480297e-001 6.504030e+000 4.625349e-001 3.078906e+000 5.916171e+000 1.946020e+002 9.023706e+001 1.289887e+002 5.719529e+001 1.020569e+002 1.860409e+002 3.126730e+001 1.110727e+002 8.363961e+001 7.000000e+000 2.000000e+000 6.008849e+000 2.940303e+000 5.999990e+000 9.938649e-001 1.420571e+000 2.541646e+000
<VARIANCE> 22
 4.801632e+000 9.543165e+001 3.300596e+000 1.944472e+001 4.956259e+001 9.300277e+002 1.853052e+002 4.362049e+002 5.012383e+001 3.958460e+002 3.663630e+002 1.500895e+002 1.046126e+002 2.393299e+002 6.504287e-002 1.793315e-002 2.326111e-002 1.255606e+000 2.082488e-002 5.618803e-002 5.142191e+000 5.751163e+000
<GCONST> 9.004845e+001
<STATE> 4
<NUMMIXES> 2
<MIXTURE> 1 4.233093e-001
<MEAN> 22
 9.097729e+000 5.554414e+000 2.719806e+000 2.076071e+000 2.923796e+001 2.397587e+001 9.044705e+001 9.743065e+001 6.593652e+001 6.075624e+001 1.866575e+002 1.947928e+002 1.163840e+002 1.165190e+002 6.323006e+000 5.000443e+000 6.200199e+000 5.712551e+000 5.884344e+000 5.989807e+000 3.382720e+000 3.022462e+000
<VARIANCE> 22
 1.792585e+002 5.710845e+001 1.419576e+001 7.435921e+000 7.970892e+002 5.821830e+002 6.471989e+002 3.213420e+002 1.641933e+002 9.126334e+001 1.065940e+003 5.073478e+002 2.095164e+002 1.284872e+002 4.054241e+000 1.793315e-002 1.601184e-001 2.057050e-001 1.248927e-001 5.618803e-002 6.402264e+000 6.393788e+000
<GCONST> 1.053536e+002
<MIXTURE> 2 5.766903e-001
<MEAN> 22
 1.059748e+001 1.555355e+000 3.867470e+000 8.166620e-001 1.722227e+002 2.510521e+001 1.210906e+002 9.690022e+001 9.695618e+001 5.767347e+001 3.817906e+001 1.916658e+002 8.553603e+001 1.134696e+002 1.911003e+000 4.977041e+000 2.483576e+000 5.674051e+000 3.039312e+000 5.953337e+000 3.150888e+000 2.048860e+000
<VARIANCE> 22
 2.141213e+002 8.414907e+000 2.922619e+001 2.164982e+000 3.436721e+003 1.104574e+003 1.187163e+003 2.408796e+002 4.578644e+002 8.440201e+001 5.121708e+002 4.448537e+002 4.451246e+002 1.194615e+002 2.206682e-001 6.644307e-002 4.639730e+000 2.410602e-001 2.289590e-001 2.197436e-001 6.215563e+000 5.596358e+000
<GCONST> 1.100195e+002
<TRANSP> 5
 0.000000e+000 1.000000e+000 0.000000e+000 0.000000e+000 0.000000e+000
 0.000000e+000 8.142689e-001 1.857311e-001 0.000000e+000 0.000000e+000
 0.000000e+000 0.000000e+000 9.521612e-001 4.783882e-002 0.000000e+000
 0.000000e+000 0.000000e+000 0.000000e+000 9.302034e-001 6.979661e-002
 0.000000e+000 0.000000e+000 0.000000e+000 0.000000e+000 0.000000e+000
<ENDHMM>
~h "CN"
<BEGINHMM>
<NUMSTATES> 5
<STATE> 2
<NUMMIXES> 2
<MIXTURE> 1 4.178870e-001
<MEAN> 22
 8.700449e+000 8.182484e+000 2.877762e+000 2.753283e+000 2.115400e+001 2.358943e+001 9.285255e+001 8.873755e+001 6.386725e+001 5.942785e+001 1.920649e+002 1.885791e+002 1.189338e+002 1.170486e+002 6.999014e+000 5.000000e+000 6.131792e+000 5.935070e+000 5.999436e+000 6.016310e+000 2.756838e+000 1.962844e+000
<VARIANCE> 22
 5.289431e+002 4.141834e+002 3.707135e+002 2.725958e+002 3.517403e+002 5.059956e+002 5.984753e+002 4.012034e+002 9.205224e+001 6.772766e+001 8.177253e+002 6.563310e+002 2.511253e+002 1.908750e+002 6.504287e-002 1.793315e-002 1.144230e-001 6.071381e-002 2.082488e-002 5.618803e-002 3.245494e+000 3.991874e+000
<GCONST> 1.055284e+002
<MIXTURE> 2 5.821128e-001
<MEAN> 22
 2.081819e+001 2.063416e+001 2.607391e+000 2.903157e+000 9.225498e+001 8.802731e+001 4.351534e+001 4.550376e+001 6.556932e+001 6.211922e+001 9.965802e+001 9.900873e+001 1.054458e+002 1.046233e+002 3.023423e+000 3.331160e+000 6.018819e+000 5.875049e+000 4.291756e+000 3.082825e+000 2.631165e+000 2.041265e+000
<VARIANCE> 22
 3.271105e+002 3.065080e+002 9.521958e+000 1.168443e+001 2.106010e+003 2.062939e+003 4.795099e+002 6.298479e+002 1.164202e+002 1.091857e+002 1.444481e+003 1.663226e+003 1.648363e+002 1.349574e+002 6.082090e+000 2.085768e+000 1.921256e-001 4.294467e-001 7.593574e-001 9.842319e+000 2.249202e+000 3.096747e+000
<GCONST> 1.227135e+002
<STATE> 3
<NUMMIXES> 2
<MIXTURE> 1 4.697664e-001
<MEAN> 22
 8.772091e+000 8.391073e+000 1.135317e+000 1.035190e+000 1.648992e+002 1.589429e+002 8.568946e+001 8.255640e+001 6.858424e+001 6.672015e+001 3.926175e+001 4.323696e+001 1.063649e+002 1.083045e+002 2.063723e+000 1.835300e+000 5.535113e+000 5.867360e+000 3.107925e+000 8.283063e-001 2.962523e+000 2.883568e+000
<VARIANCE> 22
 1.534471e+002 1.753178e+002 3.300596e+000 2.164982e+000 1.655820e+003 1.419951e+003 4.298410e+002 5.325068e+002 1.591934e+002 1.754419e+002 3.968932e+002 5.453076e+002 2.423029e+002 1.857457e+002 1.244578e-001 2.200299e-001 1.587179e+000 1.189051e+000 1.350005e-001 2.284884e-001 6.000687e+000 6.035035e+000
<GCONST> 1.099963e+002
<MIXTURE> 2 5.302343e-001
<MEAN> 22
 6.374214e+000 7.525417e+000 1.236748e+000 9.937326e-001 1.319709e+002 1.260291e+002 6.146491e+001 5.952371e+001 6.481890e+001 6.192559e+001 4.471832e+001 4.671620e+001 1.005332e+002 1.012532e+002 2.006738e+000 2.000000e+000 6.000000e+000 6.000000e+000 3.229939e+000 7.548346e-001 3.372143e+000 3.300264e+000
<VARIANCE> 22
 6.062185e+001 9.366572e+001 3.559422e+000 2.164982e+000 1.159766e+003 9.039778e+002 2.931120e+002 3.342788e+002 5.075887e+001 5.548639e+001 2.318151e+002 2.884394e+002 5.176974e+001 5.128632e+001 6.504287e-002 1.793315e-002 2.326111e-002 1.170389e-002 1.770630e-001 1.850553e-001 6.006528e+000 5.983458e+000
<GCONST> 8.861375e+001
<STATE> 4
<NUMMIXES> 2
<MIXTURE> 1 3.981501e-001
<MEAN> 22
 1.057614e+001 9.615572e+000 3.177941e+000 2.752170e+000 3.901303e+001 3.142815e+001 9.929743e+001 9.543954e+001 6.505213e+001 6.061375e+001 1.953917e+002 1.929457e+002 1.163604e+002 1.154657e+002 6.989936e+000 5.000001e+000 6.281276e+000 5.778853e+000 6.012980e+000 5.978859e+000 3.789370e+000 3.697857e+000
<VARIANCE> 22
 1.182782e+002 9.686490e+001 8.598414e+000 7.188374e+000 7.099070e+003 4.429609e+003 4.348926e+002 3.489495e+002 9.375256e+001 6.486300e+001 5.076028e+002 4.676559e+002 1.500944e+002 1.186019e+002 6.504287e-002 1.793315e-002 2.021591e-001 1.722392e-001 2.082488e-002 5.618803e-002 7.951153e+000 4.567317e+000
<GCONST> 1.007051e+002
<MIXTURE> 2 6.018497e-001
<MEAN> 22
 1.668781e+001 1.617922e+001 2.178680e+000 2.441468e+000 9.352147e+001 9.156436e+001 5.333427e+001 5.148017e+001 6.763666e+001 6.570000e+001 1.160375e+002 1.101458e+002 1.067040e+002 1.072648e+002 3.574911e+000 3.292400e+000 6.051795e+000 5.911516e+000 4.441803e+000 3.070565e+000 4.224389e+000 4.112580e+000
<VARIANCE> 22
 4.071237e+002 3.481708e+002 1.065376e+001 1.578303e+001 3.623974e+003 3.092723e+003 1.235464e+003 1.279343e+003 2.197440e+002 1.636182e+002 1.813002e+003 1.918457e+003 3.092802e+002 1.862407e+002 5.869766e+000 3.699764e+000 3.837936e-001 3.363428e-001 1.478256e+000 9.454169e+000 6.806117e+000 5.165993e+000
<GCONST> 1.316667e+002
<TRANSP> 5
 0.000000e+000 1.000000e+000 0.000000e+000 0.000000e+000 0.000000e+000
 0.000000e+000 8.407610e-001 1.592390e-001 0.000000e+000 0.000000e+000
 0.000000e+000 0.000000e+000 9.636015e-001 3.639850e-002 0.000000e+000
 0.000000e+000 0.000000e+000 0.000000e+000 9.193275e-001 8.067252e-002
 0.000000e+000 0.000000e+000 0.000000e+000 0.000000e+000 0.000000e+000
<ENDHMM>
~h "CP"
<BEGINHMM>
<NUMSTATES> 5
<STATE> 2
<NUMMIXES> 2
<MIXTURE> 1 7.658105e-001
<MEAN> 22
 1.378708e+001 1.209488e+001 4.041324e+000 3.460971e+000 5.362498e+001 5.579121e+001 1.041614e+002 1.038553e+002 7.455122e+001 6.935013e+001 1.806544e+002 1.847382e+002 1.229548e+002 1.191490e+002 3.804112e+000 4.591614e+000 6.652696e+000 5.489781e+000 5.288991e+000 5.526125e+000 3.216576e+000 3.134896e+000
<VARIANCE> 22
 7.538038e+002 5.006859e+002 5.238248e+002 3.004706e+002 1.464714e+003 1.685311e+003 1.346824e+003 1.455610e+003 2.019023e+002 2.132299e+002 2.302955e+003 1.275619e+003 4.685274e+002 2.562120e+002 1.154272e+001 3.389207e-001 2.311972e-001 2.500846e-001 4.312407e+000 9.240527e-001 5.352728e+000 5.284544e+000
<GCONST> 1.349461e+002
<MIXTURE> 2 2.341898e-001
<MEAN> 22
 6.802855e+000 4.234963e+000 9.951303e-001 1.036480e+000 3.157723e+002 2.311915e+002 5.857977e+001 4.690063e+001 3.448252e+001 3.199901e+001 5.030806e+001 6.250700e+001 5.110490e+001 5.254334e+001 1.078972e+000 1.640984e+000 1.307527e+000 2.607218e+000 1.273598e+000 1.474049e+000 1.431127e+000 1.698395e+000
<VARIANCE> 22
 4.052282e+002 7.951991e+001 4.353532e+000 4.612766e+000 3.250233e+004 2.109960e+004 4.820640e+003 3.685325e+003 1.470028e+003 1.209422e+003 4.315657e+003 5.566514e+003 3.001408e+003 3.022770e+003 3.228440e+000 3.715521e+000 5.767687e+000 7.556497e+000 3.177845e+000 4.950945e+000 5.197327e+000 6.124878e+000
<GCONST> 1.507341e+002
<STATE> 3
<NUMMIXES> 2
<MIXTURE> 1 5.209289e-001
<MEAN> 22
 1.174123e+001 1.100159e+001 2.952117e+000 3.000700e+000 4.956621e+001 4.039623e+001 9.416906e+001 9.806381e+001 7.336931e+001 6.825249e+001 1.861384e+002 1.886535e+002 1.231666e+002 1.215924e+002 5.840176e+000 4.756479e+000 6.499553e+000 5.414178e+000 6.019947e+000 5.749527e+000 3.621700e+000 3.420318e+000
<VARIANCE> 22
 1.102607e+002 1.066481e+002 1.047972e+001 1.083619e+001 1.484806e+003 7.059476e+002 6.801396e+002 5.714453e+002 1.238391e+002 1.116013e+002 8.355339e+002 7.328964e+002 1.768322e+002 1.426050e+002 6.707993e+000 2.172760e-001 3.069074e-001 2.660187e-001 2.359733e-001 4.082535e-001 5.321398e+000 5.182421e+000
<GCONST> 1.131137e+002
<MIXTURE> 2 4.790715e-001
<MEAN> 22
 1.076815e+001 1.124657e+001 3.111813e+000 3.016345e+000 6.884626e+001 6.098963e+001 5.900924e+001 6.283091e+001 7.280849e+001 6.845286e+001 1.166428e+002 1.190988e+002 1.040975e+002 1.040120e+002 2.884616e-001 3.733271e+000 6.797616e+000 5.185250e+000 5.142519e+000 4.742766e+000 3.394534e+000 3.117807e+000
<VARIANCE> 22
 1.194145e+002 1.099347e+002 1.545919e+001 1.326511e+001 5.747795e+002 7.980065e+002 2.930061e+002 3.819156e+002 1.390827e+002 1.783138e+002 4.382129e+002 5.095384e+002 1.067681e+002 1.047533e+002 4.675075e-001 4.728250e-001 1.631229e-001 1.509348e-001 2.143132e+000 5.488690e+000 5.256018e+000 5.068001e+000
<GCONST> 1.121915e+002
<STATE> 4
<NUMMIXES> 2
<MIXTURE> 1 6.580383e-001
<MEAN> 22
 6.771416e+000 6.789218e+000 1.790026e+000 1.957643e+000 3.077091e+001 2.943777e+001 8.472086e+001 8.524877e+001 6.247747e+001 5.963501e+001 1.768904e+002 1.777792e+002 1.111845e+002 1.113015e+002 6.995727e+000 4.999565e+000 6.235614e+000 5.663684e+000 6.001125e+000 5.985187e+000 3.876004e+000 3.714050e+000
<VARIANCE> 22
 4.280550e+001 4.386618e+001 3.736716e+000 4.583930e+000 6.552054e+002 5.029809e+002 3.221986e+002 2.916430e+002 7.194240e+001 8.102389e+001 5.019374e+002 4.779267e+002 1.046982e+002 1.026786e+002 6.504287e-002 1.793315e-002 1.800949e-001 2.232077e-001 2.082488e-002 5.618803e-002 5.524718e+000 5.768623e+000
<GCONST> 9.205257e+001
<MIXTURE> 2 3.419623e-001
<MEAN> 22
 7.345264e+000 7.263868e+000 1.291414e+000 1.207729e+000 4.950145e+001 4.632708e+001 6.086523e+001 6.241995e+001 6.201180e+001 5.988179e+001 1.359203e+002 1.373742e+002 9.971434e+001 9.923104e+001 2.598532e+000 4.343637e+000 6.599731e+000 5.349023e+000 5.898368e+000 5.945582e+000 3.286087e+000 3.117572e+000
<VARIANCE> 22
 5.324543e+001 4.757696e+001 3.300596e+000 2.287100e+000 4.375610e+002 3.606725e+002 3.009581e+002 3.798410e+002 7.062888e+001 1.035710e+002 2.829423e+002 3.373192e+002 5.117596e+001 6.316024e+001 1.113301e+001 3.462843e-001 3.005651e-001 2.520711e-001 4.196849e-001 5.823969e-001 5.271581e+000 5.112910e+000
<GCONST> 1.030073e+002
<TRANSP> 5
 0.000000e+000 1.000000e+000 0.000000e+000 0.000000e+000 0.000000e+000
 0.000000e+000 6.810061e-001 3.189938e-001 0.000000e+000 0.000000e+000
 0.000000e+000 0.000000e+000 9.240568e-001 7.594319e-002 0.000000e+000
 0.000000e+000 0.000000e+000 0.000000e+000 9.469942e-001 5.300580e-002
 0.000000e+000 0.000000e+000 0.000000e+000 0.000000e+000 0.000000e+000
<ENDHMM>
~h "CV"
<BEGINHMM>
<NUMSTATES> 5
<STATE> 2
<NUMMIXES> 2
<MIXTURE> 1 4.072739e-001
<MEAN> 22
 8.919625e+000 9.624390e+000 3.133781e+000 2.970361e+000 2.049060e+001 2.145633e+001 9.072257e+001 8.608634e+001 6.259417e+001 5.822020e+001 1.873985e+002 1.836485e+002 1.158556e+002 1.153483e+002 6.987842e+000 4.993921e+000 6.151770e+000 5.907863e+000 5.993914e+000 6.011590e+000 2.737817e+000 2.272449e+000
<VARIANCE> 22
 5.345288e+002 4.703195e+002 5.172012e+002 3.212451e+002 3.773099e+002 3.684271e+002 5.281770e+002 4.476938e+002 7.953912e+001 5.784508e+001 7.320449e+002 7.031046e+002 1.832930e+002 1.482923e+002 6.504287e-002 2.022808e-002 1.287351e-001 8.567498e-002 2.082488e-002 8.845683e-002 3.263638e+000 4.065447e+000
<GCONST> 1.060481e+002
<MIXTURE> 2 5.927261e-001
<MEAN> 22
 1.972052e+001 1.936219e+001 3.380351e+000 3.217334e+000 1.029568e+002 9.668130e+001 6.524535e+001 6.606689e+001 6.870553e+001 6.035417e+001 1.011340e+002 1.112578e+002 1.089240e+002 1.076464e+002 2.337229e+000 3.522423e+000 6.009651e+000 5.396866e+000 4.083197e+000 3.488099e+000 2.689649e+000 2.581418e+000
<VARIANCE> 22
 4.538708e+002 4.132509e+002 1.524655e+001 1.343571e+001 8.542761e+003 5.886660e+003 9.606368e+002 9.825518e+002 2.275834e+002 1.298766e+002 2.782881e+003 2.507060e+003 3.645722e+002 3.265619e+002 6.458801e+000 1.391610e+000 2.752159e+000 7.197694e-001 2.085675e+000 7.040657e+000 3.852744e+000 3.785155e+000
<GCONST> 1.353741e+002
<STATE> 3
<NUMMIXES> 2
<MIXTURE> 1 3.923784e-001
<MEAN> 22
 8.717336e+000 8.718866e+000 2.649248e+000 2.911385e+000 1.680758e+002 1.631999e+002 9.979279e+001 9.865403e+001 7.230103e+001 6.911810e+001 4.736834e+001 5.227349e+001 1.131556e+002 1.131751e+002 1.680918e+000 2.413446e+000 4.493093e+000 4.774384e+000 2.649296e+000 1.492243e+000 3.395948e+000 3.288047e+000
<VARIANCE> 22
 1.398105e+002 1.352765e+002 1.511650e+001 2.031328e+001 1.821197e+003 1.428169e+003 5.279045e+002 6.617480e+002 1.364203e+002 1.015763e+002 4.628644e+002 4.715728e+002 2.948853e+002 1.956969e+002 3.505084e-001 3.025178e-001 1.016394e+001 7.293018e-001 3.445505e-001 4.475476e-001 5.513256e+000 5.716652e+000
<GCONST> 1.176766e+002
<MIXTURE> 2 6.076218e-001
<MEAN> 22
 5.932483e+000 6.377218e+000 1.252512e+000 1.319061e+000 1.204232e+002 1.215287e+002 6.958116e+001 6.985365e+001 6.076636e+001 5.753173e+001 5.243443e+001 5.277826e+001 9.882426e+001 9.951713e+001 1.338426e+000 2.562958e+000 6.892010e+000 5.177623e+000 2.867321e+000 1.218970e+000 3.495454e+000 3.362381e+000
<VARIANCE> 22
 5.726369e+001 5.759265e+001 3.300596e+000 2.595786e+000 1.224584e+003 8.479485e+002 2.312845e+002 2.736787e+002 3.296148e+001 4.372482e+001 1.955726e+002 2.130556e+002 6.034520e+001 6.280457e+001 2.362695e-001 2.986194e-001 9.647460e-002 2.631530e-001 2.301005e-001 2.863798e-001 5.632748e+000 5.971853e+000
<GCONST> 9.621310e+001
<STATE> 4
<NUMMIXES> 2
<MIXTURE> 1 4.811712e-001
<MEAN> 22
 1.067163e+001 9.610586e+000 3.056010e+000 2.608682e+000 2.314689e+001 2.307711e+001 9.477965e+001 9.246003e+001 6.403326e+001 5.839559e+001 1.911270e+002 1.903844e+002 1.154867e+002 1.146566e+002 6.993745e+000 5.000489e+000 6.223398e+000 5.832333e+000 6.022004e+000 5.989763e+000 4.229076e+000 4.051778e+000
<VARIANCE> 22
 1.087002e+002 1.000415e+002 9.454765e+000 7.315144e+000 4.961302e+002 4.522735e+002 4.510624e+002 3.450347e+002 8.921785e+001 6.616275e+001 6.597586e+002 5.811470e+002 1.770527e+002 1.416653e+002 6.504287e-002 1.793315e-002 1.734907e-001 1.395549e-001 2.164655e-002 5.618803e-002 6.771907e+000 5.023719e+000
<GCONST> 9.625056e+001
<MIXTURE> 2 5.188283e-001
<MEAN> 22
 1.571700e+001 1.567398e+001 2.650831e+000 2.999560e+000 7.792630e+001 6.840337e+001 4.513983e+001 5.024406e+001 6.510287e+001 5.998737e+001 1.057355e+002 1.132457e+002 1.040253e+002 1.042411e+002 2.515386e+000 3.528086e+000 6.145422e+000 5.761137e+000 4.442204e+000 3.429478e+000 4.314366e+000 4.245122e+000
<VARIANCE> 22
 2.768395e+002 2.555255e+002 1.591124e+001 1.636582e+001 1.402739e+003 1.415918e+003 5.525104e+002 6.922382e+002 1.066978e+002 8.955275e+001 1.344924e+003 1.676597e+003 1.560760e+002 1.170477e+002 6.426874e+000 1.974379e+000 2.262444e-001 2.519561e-001 9.636558e-001 9.460872e+000 5.833076e+000 5.573076e+000
<GCONST> 1.234925e+002
<TRANSP> 5
 0.000000e+000 1.000000e+000 0.000000e+000 0.000000e+000 0.000000e+000
 0.000000e+000 8.452600e-001 1.547399e-001 0.000000e+000 0.000000e+000
 0.000000e+000 0.000000e+000 9.468524e-001 5.314759e-002 0.000000e+000
 0.000000e+000 0.000000e+000 0.000000e+000 9.193856e-001 8.061448e-002
 0.000000e+000 0.000000e+000 0.000000e+000 0.000000e+000 0.000000e+000
<ENDHMM>
~h "DC"
<BEGINHMM>
<NUMSTATES> 5
<STATE> 2
<NUMMIXES> 2
<MIXTURE> 1 4.210514e-001
<MEAN> 22
 9.775669e+000 9.279538e+000 3.799407e+000 3.331873e+000 4.242632e+001 4.007806e+001 8.996461e+001 8.655003e+001 6.348845e+001 5.940862e+001 1.879478e+002 1.851552e+002 1.177500e+002 1.168099e+002 6.975569e+000 4.993260e+000 6.178938e+000 5.862918e+000 5.962160e+000 6.008813e+000 2.484661e+000 2.113882e+000
<VARIANCE> 22
 8.952943e+002 6.475259e+002 8.324050e+002 5.127366e+002 1.056105e+004 6.623663e+003 6.841779e+002 4.731678e+002 9.913069e+001 6.143108e+001 8.739824e+002 7.518221e+002 2.313896e+002 1.800604e+002 1.307480e-001 1.793315e-002 1.469200e-001 1.182910e-001 8.384554e-002 1.104715e-001 3.092114e+000 3.478847e+000
<GCONST> 1.177517e+002
<MIXTURE> 2 5.789486e-001
<MEAN> 22
 1.389759e+001 1.345844e+001 2.700798e+000 2.845898e+000 1.079733e+002 9.953284e+001 4.508598e+001 4.577333e+001 6.523801e+001 6.155230e+001 1.105428e+002 1.137277e+002 1.049392e+002 1.029097e+002 1.997837e+000 3.476825e+000 6.056480e+000 5.564085e+000 4.509256e+000 4.261909e+000 2.527303e+000 1.994471e+000
<VARIANCE> 22
 1.602298e+002 1.393061e+002 1.261977e+001 1.423622e+001 1.064376e+004 7.277308e+003 6.749167e+002 7.321973e+002 2.845713e+002 2.182359e+002 1.253926e+003 1.358317e+003 6.421928e+002 5.285031e+002 6.895463e+000 2.161377e+000 1.465070e+000 1.227821e+000 1.983996e+000 9.344035e+000 2.848214e+000 3.185128e+000
<GCONST> 1.334468e+002
<STATE> 3
<NUMMIXES> 2
<MIXTURE> 1 4.900587e-001
<MEAN> 22
 1.382077e+001 1.533967e+001 2.864127e+000 3.233448e+000 1.366428e+002 1.344455e+002 6.711061e+001 6.835587e+001 6.832358e+001 6.544131e+001 5.984043e+001 6.033870e+001 9.862574e+001 9.916430e+001 1.916330e+000 2.219395e+000 5.874006e+000 5.717197e+000 3.406142e+000 8.391244e-001 2.729471e+000 2.677806e+000
<VARIANCE> 22
 2.700708e+002 3.477651e+002 2.643292e+001 3.066673e+001 2.343216e+003 1.693730e+003 6.006624e+002 6.297026e+002 1.123497e+002 1.593095e+002 5.264031e+002 5.728887e+002 1.981080e+002 2.084373e+002 5.142831e-001 5.039498e-001 8.012496e-001 7.176477e-001 3.547131e-001 1.003631e+000 5.481611e+000 5.477524e+000
<GCONST> 1.201218e+002
<MIXTURE> 2 5.099416e-001
<MEAN> 22
 8.814695e+000 9.010262e+000 1.082938e+000 1.159611e+000 1.112765e+002 1.075893e+002 3.099671e+001 3.376127e+001 6.316568e+001 6.070517e+001 7.997713e+001 8.096548e+001 9.957793e+001 1.002539e+002 2.000589e+000 2.006965e+000 6.000122e+000 6.005709e+000 4.000203e+000 2.788441e-002 2.759024e+000 2.441600e+000
<VARIANCE> 22
 1.369636e+002 1.263352e+002 3.300596e+000 2.300581e+000 4.741163e+002 5.194818e+002 1.174011e+002 1.328815e+002 6.830915e+001 8.808667e+001 1.693633e+002 1.788100e+002 9.734357e+001 9.497726e+001 6.023639e-001 8.890159e-001 2.326111e-002 1.015860e-001 2.082488e-002 5.618803e-002 5.406346e+000 5.823619e+000
<GCONST> 9.246765e+001
<STATE> 4
<NUMMIXES> 2
<MIXTURE> 1 5.523444e-001
<MEAN> 22
 9.993811e+000 9.226613e+000 3.177254e+000 2.826622e+000 2.254707e+001 2.220561e+001 9.597852e+001 9.352631e+001 6.417277e+001 5.972195e+001 1.909246e+002 1.902239e+002 1.145912e+002 1.145893e+002 6.996800e+000 5.001585e+000 6.305103e+000 5.722767e+000 6.012837e+000 5.997434e+000 4.104536e+000 3.915016e+000
<VARIANCE> 22
 8.530553e+001 8.153014e+001 8.462031e+000 7.128956e+000 3.602124e+002 3.713025e+002 3.901693e+002 3.461398e+002 9.095555e+001 7.884856e+001 5.178890e+002 4.758670e+002 1.536534e+002 1.270655e+002 6.504287e-002 1.793315e-002 2.120156e-001 2.003776e-001 2.082488e-002 5.618803e-002 7.135552e+000 4.407873e+000
<GCONST> 9.495496e+001
<MIXTURE> 2 4.476554e-001
<MEAN> 22
 1.852944e+001 1.831866e+001 2.901524e+000 2.684374e+000 7.453393e+001 6.689117e+001 3.983398e+001 4.344117e+001 6.626019e+001 6.159029e+001 1.220638e+002 1.268095e+002 1.035549e+002 1.038092e+002 3.530959e+000 4.207036e+000 6.110749e+000 5.809925e+000 4.885983e+000 5.536788e+000 4.280188e+000 4.224045e+000
<VARIANCE> 22
 3.653950e+002 3.571222e+002 2.253306e+001 1.737006e+001 1.402420e+003 1.180542e+003 5.044724e+002 4.908257e+002 1.206015e+002 1.228066e+002 7.960665e+002 8.613691e+002 1.522298e+002 1.218823e+002 8.831460e+000 2.147717e+000 1.654455e-001 2.077320e-001 6.927354e-001 6.148981e+000 7.303306e+000 4.723360e+000
<GCONST> 1.223533e+002
<TRANSP> 5
 0.000000e+000 1.000000e+000 0.000000e+000 0.000000e+000 0.000000e+000
 0.000000e+000 8.699507e-001 1.300494e-001 0.000000e+000 0.000000e+000
 0.000000e+000 0.000000e+000 9.550281e-001 4.497191e-002 0.000000e+000
 0.000000e+000 0.000000e+000 0.000000e+000 9.085226e-001 9.147743e-002
 0.000000e+000 0.000000e+000 0.000000e+000 0.000000e+000 0.000000e+000
<ENDHMM>
~h "FM"
<BEGINHMM>
<NUMSTATES> 5
<STATE> 2
<NUMMIXES> 2
<MIXTURE> 1 1.318006e-001
<MEAN> 22
 1.293280e+001 1.755130e+001 7.740215e+000 7.770141e+000 4.839722e+001 6.826519e+001 6.970032e+001 7.331572e+001 7.148180e+001 7.548790e+001 1.519961e+002 1.309455e+002 1.077763e+002 1.096628e+002 4.626167e+000 3.966987e+000 5.997126e+000 5.351216e+000 5.212998e+000 5.284287e+000 2.695435e+000 3.096307e+000
<VARIANCE> 22
 2.381983e+003 2.388446e+003 1.908531e+003 1.234019e+003 3.652230e+003 3.718353e+003 1.127297e+003 1.223790e+003 4.738233e+002 3.753958e+002 2.158986e+003 2.257163e+003 7.173960e+002 3.388222e+002 9.205470e+000 1.140545e+000 1.496973e+000 5.492594e-001 1.517449e+000 4.864255e+000 7.079938e+000 5.337802e+000
<GCONST> 1.488967e+002
<MIXTURE> 2 8.681993e-001
<MEAN> 22
 7.135778e+000 1.292881e+000 2.006045e+000 6.288874e-001 6.410741e+001 8.922029e+000 6.347196e+001 1.009490e+002 9.514043e+001 5.728863e+001 1.408093e+002 2.011197e+002 1.144456e+002 1.192532e+002 2.260484e+000 5.000000e+000 6.523438e+000 5.904313e+000 5.281995e+000 5.998956e+000 3.142696e+000 1.831350e+000
<VARIANCE> 22
 6.426521e+001 4.063125e+000 7.818351e+000 2.164982e+000 7.999950e+002 7.039362e+001 7.997165e+002 2.056525e+002 4.993748e+002 7.209406e+001 1.169882e+003 3.740609e+002 1.767083e+002 1.307415e+002 1.023556e+001 1.793315e-002 2.494507e-001 8.653033e-002 3.492842e-001 5.618803e-002 6.393422e+000 5.542647e+000
<GCONST> 9.941026e+001
<STATE> 3
<NUMMIXES> 2
<MIXTURE> 1 4.384139e-001
<MEAN> 22
 2.339658e+000 9.210423e+000 8.697599e-001 3.181900e+000 1.566248e+001 5.262135e+001 1.048515e+002 8.151006e+001 6.419719e+001 9.157637e+001 2.058461e+002 1.618703e+002 1.213780e+002 1.165496e+002 6.991042e+000 4.482007e+000 6.139946e+000 5.269927e+000 5.992496e+000 6.297132e+000 2.212871e+000 3.326851e+000
<VARIANCE> 22
 1.758601e+001 8.219596e+001 3.300596e+000 1.691847e+001 6.619551e+002 1.025476e+003 4.521031e+002 4.987727e+002 8.310528e+001 5.882767e+002 8.127194e+002 9.739658e+002 3.299692e+002 1.642028e+002 6.504287e-002 2.820789e-001 1.541974e-001 2.212411e-001 3.752767e-002 3.253877e-001 6.285063e+000 5.625201e+000
<GCONST> 1.045491e+002
<MIXTURE> 2 5.615861e-001
<MEAN> 22
 8.114132e-001 5.915383e+000 3.601794e-001 1.204179e+000 5.707420e+000 6.203355e+001 8.839982e+001 5.094406e+001 5.314196e+001 8.198216e+001 1.830071e+002 1.202276e+002 1.100869e+002 9.870611e+001 6.962910e+000 4.055634e+000 6.002520e+000 5.408193e+000 5.994463e+000 6.291784e+000 1.358970e+000 3.126539e+000
<VARIANCE> 22
 4.801632e+000 3.687827e+001 3.300596e+000 2.164982e+000 4.956259e+001 2.718135e+002 7.063794e+001 2.911819e+002 3.650203e+001 1.430560e+002 1.510569e+002 3.802678e+002 4.136165e+001 5.044977e+001 2.458046e-001 2.795838e-001 2.326111e-002 2.423012e-001 2.082488e-002 2.383050e+000 4.936018e+000 5.828949e+000
<GCONST> 8.667868e+001
<STATE> 4
<NUMMIXES> 2
<MIXTURE> 1 9.018120e-001
<MEAN> 22
 6.315952e+000 5.418818e+000 1.616904e+000 1.648517e+000 4.386342e+001 3.382593e+001 6.035798e+001 5.577557e+001 7.928732e+001 6.525488e+001 1.357848e+002 1.335591e+002 1.055160e+002 1.033604e+002 2.911500e+000 3.988937e+000 6.441379e+000 5.612092e+000 5.303110e+000 5.282564e+000 2.681164e+000 2.561152e+000
<VARIANCE> 22
 7.586542e+001 6.072834e+001 6.332055e+000 8.718083e+000 7.496054e+002 6.936318e+002 8.023160e+002 8.270984e+002 3.801871e+002 1.853778e+002 1.173129e+003 1.364463e+003 1.143600e+002 1.234740e+002 1.030342e+001 1.535145e+000 2.571158e-001 2.386399e-001 5.018812e-001 5.892591e+000 5.831522e+000 6.275946e+000
<GCONST> 1.191054e+002
<MIXTURE> 2 9.818785e-002
<MEAN> 22
 2.114535e-001 1.916300e+000 5.726875e-002 4.889871e-001 4.969780e+002 3.758194e+002 2.887152e+001 2.325999e+001 1.550593e+001 2.032274e+001 5.165453e+001 4.249545e+001 2.734262e+001 2.745015e+001 1.757711e+000 1.127756e+000 1.612335e+000 1.334805e+000 1.506609e+000 1.475772e+000 2.511008e-001 8.986793e-001
<VARIANCE> 22
 4.801632e+000 2.215608e+001 3.300596e+000 2.164982e+000 3.248379e+003 8.365347e+002 2.487265e+003 1.708868e+003 7.176961e+002 1.294391e+003 7.958704e+003 5.511310e+003 2.230315e+003 2.248533e+003 9.214382e+000 3.855944e+000 7.814458e+000 5.368098e+000 6.769793e+000 6.522508e+000 1.007428e+000 3.844354e+000
<GCONST> 1.363595e+002
<TRANSP> 5
 0.000000e+000 1.000000e+000 0.000000e+000 0.000000e+000 0.000000e+000
 0.000000e+000 8.890983e-001 1.109017e-001 0.000000e+000 0.000000e+000
 0.000000e+000 0.000000e+000 9.556195e-001 4.438057e-002 0.000000e+000
 0.000000e+000 0.000000e+000 0.000000e+000 8.369303e-001 1.630697e-001
 0.000000e+000 0.000000e+000 0.000000e+000 0.000000e+000 0.000000e+000
<ENDHMM>
~h "FN"
<BEGINHMM>
<NUMSTATES> 5
<STATE> 2
<NUMMIXES> 2
<MIXTURE> 1 5.456161e-001
<MEAN> 22
 1.719849e+001 4.025946e+000 6.408019e+000 3.087175e+000 1.715765e+002 1.327683e+001 1.129335e+002 1.023577e+002 8.337897e+001 6.039009e+001 4.815822e+001 2.033694e+002 1.032760e+002 1.207698e+002 1.863989e+000 4.980807e+000 3.032935e+000 5.855906e+000 3.038864e+000 5.963721e+000 3.842404e+000 2.054677e+000
<VARIANCE> 22
 1.627043e+003 9.220455e+002 1.237701e+003 7.218852e+002 2.902145e+003 2.913994e+002 1.153803e+003 2.485506e+002 1.927423e+002 6.494123e+001 1.895835e+003 5.952530e+002 3.799189e+002 1.162169e+002 9.320281e-001 5.108856e-002 8.281315e+000 1.376696e-001 8.233675e-001 1.629833e-001 6.201727e+000 6.005528e+000
<GCONST> 1.273339e+002
<MIXTURE> 2 4.543839e-001
<MEAN> 22
 4.838937e+000 1.099481e+001 1.674429e+000 2.789918e+000 1.212589e+002 1.520883e+002 8.701196e+001 9.030690e+001 6.656460e+001 6.444678e+001 1.577802e+002 9.532547e+001 1.023687e+002 9.975231e+001 4.646966e+000 3.082649e+000 5.561826e+000 4.612143e+000 5.097635e+000 2.932077e+000 2.369226e+000 2.677780e+000
<VARIANCE> 22
 8.051145e+001 2.378811e+002 1.338626e+001 1.494679e+001 3.530879e+004 1.807393e+004 1.930135e+003 1.622374e+003 6.221706e+002 5.036490e+002 5.302247e+003 6.192025e+003 1.751002e+003 1.090126e+003 8.862128e+000 2.635655e+000 3.921818e+000 3.077864e+000 3.002130e+000 6.364103e+000 6.179399e+000 5.551081e+000
<GCONST> 1.473742e+002
<STATE> 3
<NUMMIXES> 2
<MIXTURE> 1 4.617287e-001
<MEAN> 22
 2.394834e+000 1.741246e+001 7.821224e-001 3.607899e+000 1.122955e+001 7.452918e+001 9.465147e+001 7.654836e+001 5.964615e+001 6.624156e+001 1.921300e+002 1.286059e+002 1.145734e+002 1.076209e+002 6.989899e+000 3.989279e+000 6.150898e+000 5.470069e+000 5.993544e+000 4.176787e+000 2.135306e+000 3.912167e+000
<VARIANCE> 22
 2.063016e+001 3.103473e+002 3.300596e+000 2.206219e+001 3.099298e+002 3.124073e+003 2.767063e+002 1.102879e+003 7.011182e+001 1.856555e+002 4.433934e+002 3.223142e+003 1.279912e+002 1.650237e+002 6.504287e-002 1.280038e+000 1.384881e-001 5.775532e-001 2.082488e-002 6.747809e+000 6.286279e+000 5.302114e+000
<GCONST> 1.100345e+002
<MIXTURE> 2 5.382717e-001
<MEAN> 22
 9.008070e-001 9.357684e+000 4.662784e-001 2.606954e+000 7.053615e+000 1.741116e+002 8.986465e+001 1.094277e+002 5.724413e+001 6.757806e+001 1.879483e+002 2.596253e+001 1.116107e+002 9.518768e+001 6.957759e+000 2.018017e+000 6.001232e+000 4.204591e+000 5.975550e+000 1.268380e+000 1.365087e+000 3.097899e+000
<VARIANCE> 22
 4.801632e+000 1.182171e+002 3.300596e+000 1.136438e+001 2.336303e+002 1.146870e+003 2.103729e+002 5.068796e+002 4.593443e+001 1.259192e+002 5.351689e+002 2.544134e+002 1.422174e+002 2.373138e+002 2.010731e-001 3.948038e-002 2.326111e-002 1.430776e+000 6.341398e-002 2.767060e-001 4.764613e+000 5.371278e+000
<GCONST> 9.634680e+001
<STATE> 4
<NUMMIXES> 2
<MIXTURE> 1 6.690451e-001
<MEAN> 22
 1.043159e+001 2.415216e+000 2.776082e+000 8.920591e-001 1.006332e+002 2.063657e+001 1.023025e+002 9.696136e+001 7.149894e+001 5.640662e+001 1.099266e+002 1.968411e+002 1.062833e+002 1.173437e+002 3.695577e+000 4.998126e+000 4.709200e+000 5.810221e+000 4.206019e+000 5.988425e+000 3.423765e+000 2.108761e+000
<VARIANCE> 22
 1.661604e+002 1.513839e+001 1.360606e+001 2.164982e+000 5.468262e+003 9.018011e+002 1.251810e+003 2.547618e+002 1.941992e+002 7.285826e+001 6.782531e+003 4.555043e+002 4.499693e+002 1.526368e+002 7.162819e+000 1.793315e-002 6.789080e+000 1.537619e-001 2.919754e+000 5.618803e-002 6.051199e+000 5.991098e+000
<GCONST> 1.151421e+002
<MIXTURE> 2 3.309550e-001
<MEAN> 22
 7.037629e+000 7.036614e+000 1.789542e+000 1.706285e+000 5.133918e+001 4.324797e+001 5.625422e+001 4.120798e+001 6.488458e+001 5.674447e+001 8.060568e+001 1.004480e+002 9.873833e+001 1.001400e+002 2.840836e+000 3.069970e+000 5.600272e+000 5.651869e+000 3.871697e+000 2.906960e+000 2.829190e+000 2.603482e+000
<VARIANCE> 22
 1.340385e+002 2.000319e+002 9.679236e+000 7.817947e+000 1.516234e+003 1.704952e+003 1.299265e+003 6.037172e+002 8.278497e+001 4.583789e+001 2.276046e+003 1.162794e+003 1.486073e+002 9.610803e+001 4.094821e+000 2.494591e+000 2.917291e+000 7.920712e-001 9.195676e-001 1.009377e+001 6.390993e+000 6.219792e+000
<GCONST> 1.249632e+002
<TRANSP> 5
 0.000000e+000 1.000000e+000 0.000000e+000 0.000000e+000 0.000000e+000
 0.000000e+000 8.171098e-001 1.828903e-001 0.000000e+000 0.000000e+000
 0.000000e+000 0.000000e+000 9.552605e-001 4.473956e-002 0.000000e+000
 0.000000e+000 0.000000e+000 0.000000e+000 9.054976e-001 9.450237e-002
 0.000000e+000 0.000000e+000 0.000000e+000 0.000000e+000 0.000000e+000
<ENDHMM>
~h "FU"
<BEGINHMM>
<NUMSTATES> 5
<STATE> 2
<NUMMIXES> 2
<MIXTURE> 1 8.054191e-001
<MEAN> 22
 9.844330e+000 1.312054e+000 2.364118e+000 6.944966e-001 1.380200e+002 1.889529e+001 1.027325e+002 9.420360e+001 6.509801e+001 5.468077e+001 5.157954e+001 1.916804e+002 9.893491e+001 1.126425e+002 2.544346e+000 5.000000e+000 3.295246e+000 5.848839e+000 3.241619e+000 5.996479e+000 3.226182e+000 1.949019e+000
<VARIANCE> 22
 2.437169e+002 4.063125e+000 1.028580e+001 2.164982e+000 4.879988e+003 7.360494e+002 9.696237e+002 1.754400e+002 1.994271e+002 5.460162e+001 3.168578e+003 3.220239e+002 2.181998e+002 1.351834e+002 3.219809e+000 1.793315e-002 7.840998e+000 1.283121e-001 1.449479e+000 5.618803e-002 6.258752e+000 5.676504e+000
<GCONST> 1.092128e+002
<MIXTURE> 2 1.945810e-001
<MEAN> 22
 8.603339e+000 9.195658e+000 2.829660e+000 2.328062e+000 5.547260e+001 5.628127e+001 7.909947e+001 5.822428e+001 6.251066e+001 5.719385e+001 8.921194e+001 1.144428e+002 9.883572e+001 1.003809e+002 3.399892e+000 3.628022e+000 5.213002e+000 5.526484e+000 4.080439e+000 4.097156e+000 2.910581e+000 2.835596e+000
<VARIANCE> 22
 1.905309e+002 1.465933e+002 2.936920e+001 1.270627e+001 3.005206e+003 2.939163e+003 1.451636e+003 9.142787e+002 1.319486e+002 9.413194e+001 4.193095e+003 2.307140e+003 2.620448e+002 1.449394e+002 5.778502e+000 2.078079e+000 4.280524e+000 6.017489e-001 1.952805e+000 7.688859e+000 5.922465e+000 5.168221e+000
<GCONST> 1.323044e+002
<STATE> 3
<NUMMIXES> 2
<MIXTURE> 1 4.332257e-001
<MEAN> 22
 2.143215e+000 1.883510e+001 7.015774e-001 3.381876e+000 7.665437e+000 1.378834e+002 1.025762e+002 9.138770e+001 6.229934e+001 6.955961e+001 2.046698e+002 7.296457e+001 1.213075e+002 1.072719e+002 6.998035e+000 2.909662e+000 6.153301e+000 4.869449e+000 5.998918e+000 2.616246e+000 2.036198e+000 3.231605e+000
<VARIANCE> 22
 2.236193e+001 3.703261e+002 3.300596e+000 1.477559e+001 9.906660e+001 5.762457e+003 3.932911e+002 1.684617e+003 8.813274e+001 1.779306e+002 7.863964e+002 3.262953e+003 2.720937e+002 1.808805e+002 6.504287e-002 1.472258e+000 1.298001e-001 1.526174e+000 2.082488e-002 5.821893e+000 6.279836e+000 5.634525e+000
<GCONST> 1.127143e+002
<MIXTURE> 2 5.667743e-001
<MEAN> 22
 9.759088e-001 3.758358e+000 5.252354e-001 1.285805e+000 7.636793e+000 1.626986e+002 8.247536e+001 1.033354e+002 5.246241e+001 5.790686e+001 1.745578e+002 2.030003e+001 1.043432e+002 8.944457e+001 6.933624e+000 2.034198e+000 6.015279e+000 4.150089e+000 5.961670e+000 1.305209e+000 1.381944e+000 2.629336e+000
<VARIANCE> 22
 4.801632e+000 3.196644e+001 3.300596e+000 2.439578e+000 4.401970e+002 7.643942e+002 8.810519e+001 2.250637e+002 3.534496e+001 9.515606e+001 3.106908e+002 3.276995e+002 6.011509e+001 7.091251e+001 3.574123e-001 9.161982e-002 6.462041e-002 2.211284e+000 1.104721e-001 4.188091e-001 4.875884e+000 6.680149e+000
<GCONST> 9.322885e+001
<STATE> 4
<NUMMIXES> 2
<MIXTURE> 1 6.881979e-001
<MEAN> 22
 4.560673e+000 1.120133e+001 2.006628e+000 3.292023e+000 1.523108e+001 2.408175e+001 9.818502e+001 9.043967e+001 6.073311e+001 5.801646e+001 1.963013e+002 1.881038e+002 1.168354e+002 1.136416e+002 6.992821e+000 5.001050e+000 6.119367e+000 5.832658e+000 5.998914e+000 6.003738e+000 2.880944e+000 3.657921e+000
<VARIANCE> 22
 2.291423e+002 3.222285e+002 1.603814e+002 1.057918e+002 1.686153e+002 4.763113e+002 2.547539e+002 3.032652e+002 7.669790e+001 8.446418e+001 4.115085e+002 4.890261e+002 1.400517e+002 1.224106e+002 6.504287e-002 1.793315e-002 1.051195e-001 1.393367e-001 2.082488e-002 5.618803e-002 6.683446e+000 5.500366e+000
<GCONST> 1.005448e+002
<MIXTURE> 2 3.118015e-001
<MEAN> 22
 6.097087e+000 7.580857e+000 1.410975e+000 3.013713e+000 2.224836e+002 1.879200e+002 6.442995e+001 6.392783e+001 5.146655e+001 5.232963e+001 1.175225e+002 9.105964e+001 8.330949e+001 7.440305e+001 3.791604e+000 2.977901e+000 4.482060e+000 3.913702e+000 4.004799e+000 3.396122e+000 2.221293e+000 2.219074e+000
<VARIANCE> 22
 1.499438e+002 2.188634e+002 7.620420e+000 5.890431e+001 4.453543e+004 2.338945e+004 2.258097e+003 2.530471e+003 9.584171e+002 1.118993e+003 7.663084e+003 6.135609e+003 2.549739e+003 2.315831e+003 9.350316e+000 4.677338e+000 6.979215e+000 5.903535e+000 5.818771e+000 8.264626e+000 6.767817e+000 6.346388e+000
<GCONST> 1.555338e+002
<TRANSP> 5
 0.000000e+000 1.000000e+000 0.000000e+000 0.000000e+000 0.000000e+000
 0.000000e+000 9.246722e-001 7.532778e-002 0.000000e+000 0.000000e+000
 0.000000e+000 0.000000e+000 9.467822e-001 5.321778e-002 0.000000e+000
 0.000000e+000 0.000000e+000 0.000000e+000 8.349648e-001 1.650353e-001
 0.000000e+000 0.000000e+000 0.000000e+000 0.000000e+000 0.000000e+000
<ENDHMM>
~h "MC"
<BEGINHMM>
<NUMSTATES> 5
<STATE> 2
<NUMMIXES> 2
<MIXTURE> 1 9.549452e-002
<MEAN> 22
 1.832217e+001 2.194470e+001 1.141845e+001 9.663799e+000 1.492021e+002 1.681834e+002 1.120428e+002 6.036970e+001 7.431618e+001 7.812144e+001 1.904555e+002 1.128838e+002 1.288111e+002 1.162707e+002 5.430035e+000 3.198916e+000 6.134086e+000 5.748571e+000 5.288069e+000 2.904300e+000 2.285126e+000 2.937880e+000
<VARIANCE> 22
 2.879605e+003 2.210259e+003 2.548533e+003 1.493137e+003 4.615033e+004 2.041912e+004 2.068647e+003 1.005483e+003 2.683185e+002 2.024448e+002 8.324937e+003 2.813070e+003 1.553188e+003 5.401028e+002 5.459029e+000 1.426229e+000 1.212353e+000 4.468848e-001 1.281005e+000 8.929524e+000 6.013478e+000 5.294239e+000
<GCONST> 1.553118e+002
<MIXTURE> 2 9.045056e-001
<MEAN> 22
 5.667444e+000 6.995008e+000 1.542405e+000 2.097170e+000 4.840664e+001 5.658079e+001 6.100935e+001 5.027821e+001 7.111071e+001 6.622576e+001 1.139496e+002 1.084756e+002 1.015304e+002 1.012611e+002 3.641532e+000 3.415654e+000 6.185432e+000 5.726623e+000 4.756368e+000 3.781849e+000 2.887980e+000 2.728013e+000
<VARIANCE> 22
 5.408569e+001 7.404461e+001 3.881108e+000 7.604935e+000 1.241840e+003 1.706747e+003 7.217089e+002 7.452074e+002 2.136280e+002 2.416823e+002 2.846186e+003 1.860878e+003 1.476955e+002 1.244516e+002 7.832544e+000 1.689747e+000 2.595916e-001 2.133872e-001 1.404088e+000 9.691297e+000 6.084358e+000 5.592959e+000
<GCONST> 1.218563e+002
<STATE> 3
<NUMMIXES> 2
<MIXTURE> 1 2.823761e-001
<MEAN> 22
 2.627225e+000 1.399777e+001 7.808570e-001 4.336557e+000 1.063599e+001 1.137437e+002 1.090447e+002 7.914021e+001 6.594106e+001 9.175171e+001 2.125206e+002 1.056428e+002 1.263044e+002 1.135367e+002 6.884295e+000 3.364446e+000 6.185388e+000 5.338582e+000 5.967009e+000 2.643968e+000 2.180716e+000 3.454654e+000
<VARIANCE> 22
 2.147348e+001 1.650496e+002 3.300596e+000 2.423051e+001 4.138541e+002 4.160085e+003 3.559614e+002 1.292448e+003 5.954869e+001 6.685807e+002 6.661548e+002 3.273558e+003 1.554421e+002 1.365918e+002 6.378415e-001 1.417758e+000 1.671766e-001 5.515775e-001 7.653049e-002 8.089865e+000 6.079258e+000 5.183848e+000
<GCONST> 1.160231e+002
<MIXTURE> 2 7.176242e-001
<MEAN> 22
 1.047551e+000 8.278316e+000 5.924419e-001 2.372495e+000 6.073043e+000 1.011283e+002 8.698075e+001 5.142448e+001 5.297630e+001 7.622369e+001 1.806688e+002 7.713842e+001 1.077703e+002 9.335731e+001 6.999999e+000 2.905324e+000 6.002142e+000 5.739438e+000 6.000000e+000 2.157034e+000 1.663289e+000 3.162413e+000
<VARIANCE> 22
 4.801632e+000 5.943375e+001 3.300596e+000 6.425903e+000 4.956259e+001 1.258947e+003 8.413763e+001 4.285934e+002 4.418297e+001 2.449624e+002 1.481493e+002 1.327600e+003 5.080967e+001 1.677345e+002 6.504287e-002 1.093360e+000 2.326111e-002 2.344923e-001 2.082488e-002 8.430644e+000 5.547321e+000 5.086624e+000
<GCONST> 9.495049e+001
<STATE> 4
<NUMMIXES> 2
<MIXTURE> 1 9.409125e-001
<MEAN> 22
 8.769456e+000 2.700223e+000 2.745215e+000 1.014187e+000 8.165635e+001 1.431288e+001 6.496796e+001 9.771597e+001 7.602879e+001 5.608973e+001 1.202486e+002 1.962541e+002 1.098349e+002 1.161655e+002 3.248635e+000 5.000000e+000 6.262688e+000 5.804389e+000 4.630787e+000 5.994590e+000 3.273254e+000 2.594406e+000
<VARIANCE> 22
 7.992171e+001 1.465008e+001 1.250607e+001 2.164982e+000 2.712336e+003 1.950750e+002 8.695101e+002 2.512622e+002 4.631248e+002 5.676018e+001 3.331032e+003 4.319452e+002 2.687477e+002 1.254980e+002 7.971644e+000 1.793315e-002 2.155052e-001 1.573500e-001 1.321334e+000 5.618803e-002 5.905721e+000 6.243981e+000
<GCONST> 1.067309e+002
<MIXTURE> 2 5.908754e-002
<MEAN> 22
 4.414528e+000 2.648871e+001 1.171224e+000 4.595459e+000 1.214926e+002 1.187127e+002 6.714990e+001 7.002411e+001 6.128471e+001 5.556573e+001 1.311163e+002 1.184123e+002 9.893510e+001 9.522328e+001 3.817550e+000 3.271535e+000 5.194750e+000 4.530124e+000 4.325640e+000 3.868467e+000 1.892767e+000 3.146611e+000
<VARIANCE> 22
 8.269114e+001 2.982989e+003 4.901633e+000 3.794517e+001 2.822862e+004 1.658642e+004 2.033980e+003 2.245784e+003 1.073347e+003 7.270877e+002 6.582071e+003 6.512639e+003 2.242679e+003 2.071567e+003 1.014602e+001 3.592120e+000 6.033310e+000 4.782326e+000 4.818636e+000 7.861592e+000 5.504432e+000 6.459322e+000
<GCONST> 1.540301e+002
<TRANSP> 5
 0.000000e+000 1.000000e+000 0.000000e+000 0.000000e+000 0.000000e+000
 0.000000e+000 8.745421e-001 1.254579e-001 0.000000e+000 0.000000e+000
 0.000000e+000 0.000000e+000 9.591497e-001 4.085031e-002 0.000000e+000
 0.000000e+000 0.000000e+000 0.000000e+000 9.009912e-001 9.900880e-002
 0.000000e+000 0.000000e+000 0.000000e+000 0.000000e+000 0.000000e+000
<ENDHMM>
~h "NU"
<BEGINHMM>
<NUMSTATES> 5
<STATE> 2
<NUMMIXES> 2
<MIXTURE> 1 8.053484e-001
<MEAN> 22
 8.167893e+000 1.181773e+001 2.996487e+000 2.926918e+000 9.662494e+001 8.855787e+001 9.535703e+001 8.257874e+001 7.165585e+001 6.363168e+001 1.651972e+002 1.460133e+002 1.135669e+002 1.156234e+002 5.080889e+000 4.085272e+000 5.905697e+000 5.570616e+000 5.143399e+000 4.224128e+000 2.677475e+000 2.525386e+000
<VARIANCE> 22
 6.171281e+002 1.120581e+003 4.395629e+002 2.791437e+002 2.101771e+004 1.301903e+004 1.428636e+003 9.456186e+002 2.248419e+002 1.246688e+002 4.331771e+003 3.697634e+003 9.184135e+002 2.534501e+002 7.437415e+000 1.298091e+000 2.504759e+000 3.829829e-001 2.219769e+000 6.026777e+000 6.117310e+000 5.068251e+000
<GCONST> 1.465827e+002
<MIXTURE> 2 1.946515e-001
<MEAN> 22
 0.000000e+000 0.000000e+000 0.000000e+000 0.000000e+000 5.315967e+002 4.080164e+002 0.000000e+000 0.000000e+000 0.000000e+000 0.000000e+000 0.000000e+000 0.000000e+000 0.000000e+000 0.000000e+000 0.000000e+000 0.000000e+000 0.000000e+000 0.000000e+000 0.000000e+000 0.000000e+000 0.000000e+000 0.000000e+000
<VARIANCE> 22
 4.801632e+000 4.063125e+000 3.300596e+000 2.164982e+000 3.309082e+003 2.711514e+003 9.838196e+000 1.115232e+001 2.936353e+000 3.516743e+000 3.745900e+001 4.440890e+001 4.184655e+000 3.870682e+000 6.504287e-002 1.793315e-002 2.326111e-002 1.170389e-002 2.082488e-002 5.618803e-002 6.153807e-002 6.060927e-002
<GCONST> 5.130989e+001
<STATE> 3
<NUMMIXES> 2
<MIXTURE> 1 5.647252e-001
<MEAN> 22
 1.392371e+000 1.340093e+001 5.075412e-001 3.313455e+000 7.018765e+000 8.741110e+001 9.848447e+001 7.297694e+001 6.029029e+001 6.663277e+001 1.986858e+002 1.150030e+002 1.181227e+002 1.096507e+002 6.999004e+000 3.753521e+000 6.082771e+000 5.398108e+000 6.000000e+000 3.807680e+000 1.688854e+000 3.478755e+000
<VARIANCE> 22
 8.175800e+000 1.671493e+002 3.300596e+000 1.376894e+001 5.349282e+001 3.330271e+003 2.761792e+002 9.323334e+002 6.602491e+001 1.579984e+002 5.490384e+002 2.568397e+003 1.999946e+002 1.721789e+002 6.504287e-002 1.099246e+000 7.591812e-002 4.241228e-001 2.082488e-002 6.761255e+000 5.566269e+000 5.027863e+000
<GCONST> 1.051750e+002
<MIXTURE> 2 4.352743e-001
<MEAN> 22
 7.951348e-001 2.359603e+000 3.998273e-001 1.090104e+000 1.142760e+001 1.123887e+002 8.553098e+001 6.732066e+001 5.522231e+001 6.127171e+001 1.778648e+002 6.651469e+001 1.070176e+002 9.778273e+001 6.893524e+000 2.759068e+000 6.070922e+000 5.175858e+000 5.938905e+000 1.271730e+000 1.212130e+000 2.812216e+000
<VARIANCE> 22
 4.801632e+000 6.600483e+000 3.300596e+000 2.164982e+000 7.772781e+002 9.171592e+002 1.620703e+002 4.315604e+002 4.513234e+001 6.909589e+001 4.107898e+002 6.088975e+002 6.427579e+001 9.807417e+001 6.043974e-001 2.709374e-001 1.072197e-001 3.198951e-001 1.669229e-001 9.538187e-001 4.427024e+000 6.174426e+000
<GCONST> 9.600077e+001
<STATE> 4
<NUMMIXES> 2
<MIXTURE> 1 5.482369e-001
<MEAN> 22
 8.230606e+000 3.673295e+000 2.446025e+000 1.270134e+000 7.415588e+001 1.368918e+001 8.273768e+001 9.781883e+001 6.979706e+001 5.620142e+001 1.367253e+002 1.971319e+002 1.137871e+002 1.170308e+002 3.952508e+000 5.000000e+000 6.512887e+000 5.908020e+000 4.642328e+000 5.996280e+000 3.297415e+000 2.564482e+000
<VARIANCE> 22
 9.914370e+001 2.880277e+001 9.619491e+000 3.169844e+000 3.054140e+003 2.087650e+002 7.094933e+002 2.546716e+002 2.317628e+002 6.239806e+001 3.816916e+003 4.189983e+002 2.323771e+002 1.237798e+002 9.206562e+000 1.793315e-002 2.536900e-001 8.352064e-002 2.693687e+000 5.618803e-002 6.223734e+000 6.360567e+000
<GCONST> 1.075438e+002
<MIXTURE> 2 4.517628e-001
<MEAN> 22
 4.784214e+000 5.992493e+000 1.368065e+000 2.055264e+000 6.073642e+001 6.604222e+001 6.166195e+001 5.791150e+001 6.737505e+001 5.679087e+001 9.616583e+001 9.952757e+001 1.021769e+002 9.988734e+001 2.326828e+000 3.165593e+000 5.925206e+000 5.426445e+000 3.982141e+000 2.831022e+000 2.653125e+000 2.784314e+000
<VARIANCE> 22
 5.550914e+001 9.375475e+001 4.080235e+000 1.193478e+001 2.695812e+003 2.705248e+003 1.208400e+003 9.962538e+002 1.430637e+002 5.604781e+001 2.316208e+003 1.628603e+003 1.207627e+002 1.439657e+002 5.143117e+000 1.447222e+000 3.212270e+000 3.930518e-001 1.875142e+000 7.155535e+000 6.210705e+000 6.301107e+000
<GCONST> 1.250797e+002
<TRANSP> 5
 0.000000e+000 1.000000e+000 0.000000e+000 0.000000e+000 0.000000e+000
 0.000000e+000 7.036172e-001 2.963828e-001 0.000000e+000 0.000000e+000
 0.000000e+000 0.000000e+000 9.479994e-001 5.200064e-002 0.000000e+000
 0.000000e+000 0.000000e+000 0.000000e+000 9.214657e-001 7.853431e-002
 0.000000e+000 0.000000e+000 0.000000e+000 0.000000e+000 0.000000e+000
<ENDHMM>
~h "OK"
<BEGINHMM>
<NUMSTATES> 5
<STATE> 2
<NUMMIXES> 2
<MIXTURE> 1 6.809590e-001
<MEAN> 22
 1.480724e+001 2.899202e+000 4.329063e+000 1.398935e+000 1.226303e+002 1.595762e+001 1.011015e+002 9.574136e+001 7.722217e+001 5.376094e+001 8.125423e+001 1.977241e+002 1.077979e+002 1.169513e+002 2.313688e+000 4.997987e+000 4.569192e+000 5.908428e+000 3.398738e+000 5.995077e+000 3.485751e+000 2.193674e+000
<VARIANCE> 22
 5.119266e+002 2.122458e+002 2.547829e+002 1.449809e+002 4.202558e+003 4.388329e+002 9.156024e+002 2.148337e+002 2.564644e+002 5.748427e+001 3.509067e+003 3.796519e+002 3.431228e+002 1.257523e+002 5.098351e+000 1.793315e-002 9.378595e+000 8.318561e-002 2.389973e+000 5.618803e-002 5.812594e+000 5.940560e+000
<GCONST> 1.224301e+002
<MIXTURE> 2 3.190410e-001
<MEAN> 22
 8.560719e+000 7.193135e+000 2.000282e+000 1.926805e+000 5.322978e+001 5.952958e+001 7.412777e+001 5.147506e+001 6.957404e+001 6.038720e+001 9.241292e+001 9.845472e+001 9.924458e+001 1.010748e+002 2.755035e+000 3.195536e+000 4.787584e+000 5.496752e+000 3.946180e+000 3.566010e+000 3.008352e+000 2.583971e+000
<VARIANCE> 22
 1.760285e+002 1.574675e+002 1.566279e+001 1.513116e+001 2.004536e+003 3.223021e+003 1.806889e+003 1.037801e+003 1.361177e+002 1.119319e+002 2.839174e+003 1.438094e+003 3.546419e+002 1.390902e+002 5.263919e+000 1.566808e+000 6.717371e+000 6.414631e-001 2.171777e+000 9.036837e+000 6.548508e+000 5.976515e+000
<GCONST> 1.321312e+002
<STATE> 3
<NUMMIXES> 2
<MIXTURE> 1 4.969421e-001
<MEAN> 22
 2.342877e+000 2.023495e+001 7.765018e-001 4.219099e+000 1.015454e+001 9.958788e+001 1.007907e+002 8.864410e+001 6.156627e+001 7.453069e+001 2.023415e+002 1.145697e+002 1.203315e+002 1.122019e+002 6.998116e+000 3.728616e+000 6.129472e+000 5.118883e+000 5.999426e+000 3.851796e+000 2.145877e+000 3.775795e+000
<VARIANCE> 22
 2.464991e+001 3.932541e+002 3.300596e+000 2.107928e+001 2.143074e+002 5.578494e+003 3.825088e+002 1.287663e+003 8.625308e+001 2.944912e+002 7.337407e+002 3.124398e+003 2.567470e+002 1.935712e+002 6.504287e-002 1.224181e+000 1.134508e-001 6.323980e-001 2.082488e-002 6.151369e+000 6.473570e+000 5.188863e+000
<GCONST> 1.128520e+002
<MIXTURE> 2 5.030579e-001
<MEAN> 22
 1.009534e+000 6.375520e+000 6.374216e-001 2.107377e+000 7.904394e+000 1.453893e+002 8.469499e+001 9.737560e+001 5.247805e+001 6.820157e+001 1.811539e+002 4.618726e+001 1.087803e+002 9.707899e+001 6.931942e+000 2.449767e+000 6.015109e+000 4.519734e+000 5.978405e+000 1.540534e+000 1.576461e+000 3.137849e+000
<VARIANCE> 22
 4.801632e+000 6.600410e+001 3.300596e+000 6.550429e+000 3.731275e+002 1.096647e+003 9.021797e+001 4.786835e+002 3.754217e+001 8.250002e+001 2.284947e+002 3.293424e+002 5.124577e+001 8.148261e+001 4.002077e-001 2.899140e-001 4.563331e-002 4.356254e-001 6.653302e-002 4.373328e-001 5.392637e+000 5.896241e+000
<GCONST> 9.431490e+001
<STATE> 4
<NUMMIXES> 2
<MIXTURE> 1 8.855706e-001
<MEAN> 22
 5.043029e+000 5.199403e+000 1.743155e+000 1.720781e+000 3.330582e+001 3.092446e+001 9.518549e+001 9.407372e+001 6.330890e+001 5.653440e+001 1.879511e+002 1.935204e+002 1.160955e+002 1.162837e+002 6.537677e+000 4.999074e+000 6.167014e+000 5.862904e+000 5.803483e+000 6.000022e+000 2.793614e+000 3.044187e+000
<VARIANCE> 22
 6.064556e+001 5.798182e+001 6.377193e+000 5.063147e+000 1.687313e+003 1.117203e+003 4.154341e+002 2.065831e+002 9.926388e+001 6.600379e+001 1.359257e+003 3.534756e+002 1.621389e+002 9.877045e+001 2.591424e+000 1.793315e-002 1.391203e-001 1.183020e-001 7.248097e-001 5.618803e-002 6.169212e+000 6.406814e+000
<GCONST> 1.027342e+002
<MIXTURE> 2 1.144294e-001
<MEAN> 22
 2.685759e+000 2.327600e+000 1.088072e+000 8.331452e-001 2.931523e+002 2.157761e+002 4.942398e+001 2.821378e+001 3.434800e+001 2.786839e+001 3.520039e+001 6.933754e+001 4.627113e+001 5.136025e+001 1.309447e+000 2.180344e+000 1.140376e+000 2.911160e+000 1.594788e+000 2.763387e+000 1.528519e+000 1.480023e+000
<VARIANCE> 22
 3.341215e+001 3.755054e+001 7.420022e+000 5.816619e+000 4.822407e+004 3.334558e+004 3.087263e+003 1.090792e+003 1.204512e+003 7.995219e+002 2.825499e+003 5.399174e+003 2.223048e+003 2.621654e+003 3.562988e+000 5.283056e+000 5.287803e+000 8.427436e+000 3.613894e+000 9.588660e+000 5.081870e+000 5.001062e+000
<GCONST> 1.469700e+002
<TRANSP> 5
 0.000000e+000 1.000000e+000 0.000000e+000 0.000000e+000 0.000000e+000
 0.000000e+000 8.998944e-001 1.001056e-001 0.000000e+000 0.000000e+000
 0.000000e+000 0.000000e+000 9.305697e-001 6.943027e-002 0.000000e+000
 0.000000e+000 0.000000e+000 0.000000e+000 8.407986e-001 1.592014e-001
 0.000000e+000 0.000000e+000 0.000000e+000 0.000000e+000 0.000000e+000
<ENDHMM>
~h "PF"
<BEGINHMM>
<NUMSTATES> 5
<STATE> 2
<NUMMIXES> 2
<MIXTURE> 1 3.173898e-001
<MEAN> 22
 1.061537e+001 1.323648e+001 7.273420e+000 7.354367e+000 1.735240e+002 1.422834e+002 1.008512e+002 9.216148e+001 6.320359e+001 6.307517e+001 1.986876e+002 1.867917e+002 1.154230e+002 1.163540e+002 6.986458e+000 4.948661e+000 6.120137e+000 5.788681e+000 5.982340e+000 6.015877e+000 2.461334e+000 2.467174e+000
<VARIANCE> 22
 3.021440e+003 2.454232e+003 2.621056e+003 1.741866e+003 4.995943e+004 3.087845e+004 2.921395e+002 5.933268e+002 4.503554e+001 1.122259e+002 5.199761e+002 9.862114e+002 1.131661e+002 1.393201e+002 6.752454e-002 1.531368e-001 1.057044e-001 1.991630e-001 5.305668e-002 3.167227e-001 6.359920e+000 5.768057e+000
<GCONST> 1.272312e+002
<MIXTURE> 2 6.826097e-001
<MEAN> 22
 7.069362e+000 1.061107e+001 2.139090e+000 2.876389e+000 1.102150e+002 1.622948e+002 8.282959e+001 1.175975e+002 7.165279e+001 7.743164e+001 1.334765e+002 7.888193e+001 9.983610e+001 9.323258e+001 3.457757e+000 2.640231e+000 5.356315e+000 4.122703e+000 4.752762e+000 2.201122e+000 2.464678e+000 2.886818e+000
<VARIANCE> 22
 1.856737e+002 2.603259e+002 3.163085e+001 1.606596e+001 2.048550e+004 9.722273e+003 1.965032e+003 3.188441e+003 5.787932e+002 8.049891e+002 5.210050e+003 3.785894e+003 1.158068e+003 7.026810e+002 9.370358e+000 1.537888e+000 4.982705e+000 2.413245e+000 2.896450e+000 3.837522e+000 6.209641e+000 5.065618e+000
<GCONST> 1.466806e+002
<STATE> 3
<NUMMIXES> 2
<MIXTURE> 1 3.462134e-001
<MEAN> 22
 2.309047e+000 2.124800e+001 9.157622e-001 4.509577e+000 1.156932e+001 4.954376e+001 9.401631e+001 8.613052e+001 5.907059e+001 6.512523e+001 1.933062e+002 1.626653e+002 1.155051e+002 1.111837e+002 6.994053e+000 4.505821e+000 6.043258e+000 5.524259e+000 5.998967e+000 5.303856e+000 2.333521e+000 3.755762e+000
<VARIANCE> 22
 1.222217e+001 4.377543e+002 3.300596e+000 2.211171e+001 1.609280e+002 1.470616e+003 2.084198e+002 6.183786e+002 4.225579e+001 1.732073e+002 3.869724e+002 1.918257e+003 1.206262e+002 1.363882e+002 6.504287e-002 5.735136e-001 4.138758e-002 2.567238e-001 2.082488e-002 2.911354e+000 6.169727e+000 5.787623e+000
<GCONST> 1.025126e+002
<MIXTURE> 2 6.537870e-001
<MEAN> 22
 1.351875e+000 1.023721e+001 6.250529e-001 3.607547e+000 1.002990e+001 1.879669e+002 9.243089e+001 1.355427e+002 5.800049e+001 8.547428e+001 1.879169e+002 5.598027e+001 1.129670e+002 9.177584e+001 6.924402e+000 2.425354e+000 6.059042e+000 3.587362e+000 5.957510e+000 1.701636e+000 1.693330e+000 3.329421e+000
<VARIANCE> 22
 8.316694e+000 1.495394e+002 3.300596e+000 1.994044e+001 6.157523e+002 1.675751e+003 2.689156e+002 8.019150e+002 7.040567e+001 2.617635e+002 6.743621e+002 9.392829e+002 1.315420e+002 2.122810e+002 3.890855e-001 3.152666e-001 2.760162e-001 6.424137e-001 1.227675e-001 5.028707e-001 5.840472e+000 4.380800e+000
<GCONST> 1.079211e+002
<STATE> 4
<NUMMIXES> 2
<MIXTURE> 1 7.470497e-001
<MEAN> 22
 1.216848e+001 1.515432e+000 3.608551e+000 7.483606e-001 1.366671e+002 1.916474e+001 1.316497e+002 9.924349e+001 8.419777e+001 5.644869e+001 1.081811e+002 1.988505e+002 1.038404e+002 1.180686e+002 2.707313e+000 5.000000e+000 3.078261e+000 5.817425e+000 3.332299e+000 5.999064e+000 3.423286e+000 2.299443e+000
<VARIANCE> 22
 2.267971e+002 4.632883e+000 2.318072e+001 2.164982e+000 6.457105e+003 6.894288e+002 1.716691e+003 2.122415e+002 4.304264e+002 6.899992e+001 4.413542e+003 4.027066e+002 4.087932e+002 1.310580e+002 6.283074e+000 1.793315e-002 8.499545e+000 1.492388e-001 3.617945e+000 5.618803e-002 6.853171e+000 6.092796e+000
<GCONST> 1.151926e+002
<MIXTURE> 2 2.529502e-001
<MEAN> 22
 6.873536e+000 7.300261e+000 2.624839e+000 2.358706e+000 5.736499e+001 2.736556e+001 8.509238e+001 4.784294e+001 7.738155e+001 5.794800e+001 9.332251e+001 1.184824e+002 9.870049e+001 1.035069e+002 2.829643e+000 3.503046e+000 4.244964e+000 5.631577e+000 3.747146e+000 3.528932e+000 2.748861e+000 2.805041e+000
<VARIANCE> 22
 1.365030e+002 1.285581e+002 2.308959e+001 1.231517e+001 2.257088e+003 7.262629e+002 3.267497e+003 8.346718e+002 3.714470e+002 6.657838e+001 2.604507e+003 1.267246e+003 2.704740e+002 8.844614e+001 4.945673e+000 2.054535e+000 6.493001e+000 2.916963e-001 1.803023e+000 9.464786e+000 6.540761e+000 6.328728e+000
<GCONST> 1.297102e+002
<TRANSP> 5
 0.000000e+000 1.000000e+000 0.000000e+000 0.000000e+000 0.000000e+000
 0.000000e+000 6.767973e-001 3.232027e-001 0.000000e+000 0.000000e+000
 0.000000e+000 0.000000e+000 9.551603e-001 4.483965e-002 0.000000e+000
 0.000000e+000 0.000000e+000 0.000000e+000 9.149746e-001 8.502536e-002
 0.000000e+000 0.000000e+000 0.000000e+000 0.000000e+000 0.000000e+000
<ENDHMM>
~h "PR"
<BEGINHMM>
<NUMSTATES> 5
<STATE> 2
<NUMMIXES> 2
<MIXTURE> 1 8.466961e-001
<MEAN> 22
 8.542504e+000 1.142603e+001 4.038688e+000 4.771072e+000 3.410055e+001 6.696162e+001 9.161604e+001 9.267066e+001 7.392274e+001 6.619672e+001 1.754089e+002 1.445734e+002 1.146901e+002 1.132750e+002 4.991753e+000 4.080254e+000 6.453352e+000 5.318465e+000 5.608887e+000 4.378797e+000 2.360326e+000 2.967078e+000
<VARIANCE> 22
 1.219340e+003 9.585167e+002 9.351506e+002 6.103704e+002 1.418783e+003 3.333488e+003 1.402035e+003 1.046697e+003 2.815654e+002 2.014144e+002 3.192520e+003 2.592696e+003 8.760964e+002 3.071384e+002 9.005483e+000 1.033773e+000 3.301820e-001 4.698826e-001 1.282817e+000 4.067014e+000 5.870539e+000 5.762945e+000
<GCONST> 1.421465e+002
<MIXTURE> 2 1.533033e-001
<MEAN> 22
 1.115444e+000 2.177471e+000 2.968582e-001 6.662402e-001 4.529260e+002 3.486221e+002 2.763410e+001 1.751442e+001 1.540568e+001 1.580681e+001 4.530352e+001 2.924578e+001 2.655412e+001 2.522993e+001 1.456363e+000 8.875303e-001 1.221948e+000 1.321367e+000 1.293621e+000 8.076980e-001 5.978473e-001 7.645893e-001
<VARIANCE> 22
 2.832401e+001 3.493097e+001 3.300596e+000 4.987627e+000 8.008537e+003 5.724875e+003 2.414670e+003 1.105891e+003 7.569957e+002 7.920801e+002 7.156605e+003 3.370192e+003 2.233617e+003 2.006092e+003 7.775060e+000 2.771581e+000 5.795216e+000 5.532371e+000 5.761427e+000 3.744362e+000 2.439125e+000 3.206705e+000
<GCONST> 1.398542e+002
<STATE> 3
<NUMMIXES> 2
<MIXTURE> 1 8.418278e-001
<MEAN> 22
 1.238017e+000 1.107441e+001 5.589162e-001 3.587619e+000 7.432717e+000 9.467476e+001 9.392936e+001 8.637881e+001 5.852720e+001 6.565737e+001 1.910636e+002 1.103783e+002 1.136123e+002 1.038774e+002 6.999523e+000 3.597401e+000 6.045242e+000 5.062241e+000 5.999790e+000 3.596622e+000 1.799969e+000 3.780393e+000
<VARIANCE> 22
 5.458521e+000 1.501857e+002 3.300596e+000 1.970383e+001 6.968423e+001 2.401457e+003 2.222467e+002 7.452103e+002 5.439753e+001 1.661365e+002 4.542944e+002 1.890128e+003 1.397474e+002 2.124755e+002 6.504287e-002 7.339703e-001 4.319706e-002 3.707474e-001 2.082488e-002 4.016024e+000 5.925878e+000 5.981974e+000
<GCONST> 1.023440e+002
<MIXTURE> 2 1.581732e-001
<MEAN> 22
 1.091143e+000 1.981537e+000 5.032029e-001 1.084279e+000 2.246126e+001 1.070690e+002 8.151977e+001 8.426876e+001 5.607290e+001 5.760381e+001 1.671494e+002 7.273251e+001 1.043140e+002 9.308245e+001 6.554890e+000 2.935333e+000 6.156315e+000 4.952751e+000 5.783556e+000 2.187929e+000 1.039740e+000 2.702109e+000
<VARIANCE> 22
 7.066667e+000 5.960042e+000 3.300596e+000 2.164982e+000 1.695339e+003 1.884844e+003 2.153325e+002 4.279989e+002 9.284454e+001 9.863583e+001 7.299407e+002 1.617303e+003 9.632716e+001 1.655750e+002 2.453712e+000 5.426732e-001 5.795416e-001 3.351151e-001 7.522930e-001 1.826983e+000 3.643210e+000 7.367403e+000
<GCONST> 1.075854e+002
<STATE> 4
<NUMMIXES> 2
<MIXTURE> 1 7.016946e-001
<MEAN> 22
 8.873677e+000 2.220075e+000 2.578898e+000 1.002098e+000 7.099752e+001 1.581960e+001 8.416541e+001 9.610715e+001 6.951350e+001 5.544096e+001 1.267745e+002 1.950759e+002 1.093942e+002 1.155980e+002 3.224205e+000 5.000216e+000 6.608327e+000 5.845368e+000 4.219583e+000 5.998036e+000 3.572561e+000 2.260498e+000
<VARIANCE> 22
 1.178304e+002 1.155689e+001 1.128991e+001 2.164982e+000 2.563731e+003 2.805620e+002 6.146450e+002 1.912411e+002 2.211425e+002 6.211209e+001 3.570530e+003 3.440412e+002 2.357925e+002 1.067304e+002 9.068428e+000 1.793315e-002 2.389283e-001 1.307151e-001 3.799952e+000 5.618803e-002 5.830911e+000 6.036329e+000
<GCONST> 1.064232e+002
<MIXTURE> 2 2.983055e-001
<MEAN> 22
 9.748905e+000 4.803726e+000 2.568045e+000 1.442211e+000 5.730773e+001 2.918596e+001 8.130187e+001 5.451687e+001 7.556325e+001 5.922429e+001 9.268832e+001 1.293625e+002 1.034853e+002 1.013400e+002 1.880108e+000 3.788515e+000 5.067558e+000 5.643083e+000 3.242875e+000 4.623419e+000 2.682258e+000 2.424527e+000
<VARIANCE> 22
 1.780743e+002 7.131158e+001 1.324253e+001 7.246334e+000 2.326935e+003 8.828619e+002 1.819582e+003 1.082137e+003 1.483157e+002 5.548248e+001 1.283614e+003 1.464815e+003 1.242280e+002 1.049658e+002 4.293487e+000 1.190393e+000 7.713890e+000 2.795140e-001 2.325623e+000 7.332036e+000 5.904797e+000 6.281893e+000
<GCONST> 1.252625e+002
<TRANSP> 5
 0.000000e+000 1.000000e+000 0.000000e+000 0.000000e+000 0.000000e+000
 0.000000e+000 6.870335e-001 3.129666e-001 0.000000e+000 0.000000e+000
 0.000000e+000 0.000000e+000 9.490534e-001 5.094653e-002 0.000000e+000
 0.000000e+000 0.000000e+000 0.000000e+000 9.173334e-001 8.266658e-002
 0.000000e+000 0.000000e+000 0.000000e+000 0.000000e+000 0.000000e+000
<ENDHMM>
~h "SP"
<BEGINHMM>
<NUMSTATES> 5
<STATE> 2
<NUMMIXES> 2
<MIXTURE> 1 8.358127e-001
<MEAN> 22
 1.058780e+001 1.438635e+001 6.234479e+000 7.071154e+000 4.418030e+001 1.183142e+002 9.435469e+001 1.171957e+002 7.625740e+001 8.671922e+001 1.641413e+002 1.083222e+002 1.144193e+002 1.071657e+002 4.451929e+000 3.362742e+000 6.041115e+000 4.430183e+000 5.488802e+000 3.091823e+000 2.374130e+000 2.652049e+000
<VARIANCE> 22
 2.668696e+003 1.815483e+003 2.166138e+003 1.307642e+003 3.133562e+003 8.989780e+003 1.666487e+003 1.861188e+003 3.670345e+002 1.069264e+003 4.460001e+003 3.777749e+003 6.116787e+002 3.325998e+002 9.892003e+000 1.618138e+000 2.327964e+000 1.655418e+000 1.225784e+000 5.584689e+000 5.853223e+000 4.936139e+000
<GCONST> 1.539370e+002
<MIXTURE> 2 1.641872e-001
<MEAN> 22
 -1.211093e-027 3.634175e-028 6.756787e-026 5.267388e-027 5.310355e+002 3.993492e+002 3.337478e-025 1.439490e-023 -1.023269e-024 -4.608534e-025 -5.671571e-025 2.290654e-024 -3.220467e-025 2.732388e-024 3.837259e-036 -1.973119e-026 -2.303502e-024 -5.979584e-027 1.030917e-025 -6.158829e-027 -3.354255e-027 -1.090951e-025
<VARIANCE> 22
 4.801632e+000 4.063125e+000 3.300596e+000 2.164982e+000 3.435528e+003 2.506342e+003 9.838196e+000 1.115232e+001 2.936353e+000 3.516743e+000 3.745900e+001 4.440890e+001 4.184655e+000 3.870682e+000 6.504287e-002 1.793315e-002 2.326111e-002 1.170389e-002 2.082488e-002 5.618803e-002 6.153807e-002 6.060927e-002
<GCONST> 5.126870e+001
<STATE> 3
<NUMMIXES> 2
<MIXTURE> 1 4.822184e-001
<MEAN> 22
 1.636684e+000 2.018038e+001 6.274803e-001 5.806476e+000 9.156040e+000 1.207596e+002 9.884490e+001 1.092105e+002 6.184039e+001 7.782574e+001 1.979701e+002 1.087548e+002 1.180383e+002 1.048658e+002 6.998338e+000 3.461150e+000 6.111283e+000 4.606970e+000 5.999523e+000 3.508068e+000 2.026272e+000 3.704253e+000
<VARIANCE> 22
 8.564763e+000 3.706009e+002 3.300596e+000 3.986742e+001 1.191286e+002 7.405030e+003 3.350425e+002 1.696527e+003 7.347816e+001 5.243287e+002 5.984579e+002 3.494230e+003 1.951226e+002 2.281845e+002 6.504287e-002 1.446406e+000 9.889918e-002 1.166839e+000 2.082488e-002 4.987855e+000 6.150972e+000 5.320316e+000
<GCONST> 1.128331e+002
<MIXTURE> 2 5.177813e-001
<MEAN> 22
 1.126652e+000 3.715389e+000 4.710799e-001 1.834223e+000 1.091041e+001 1.881813e+002 9.023882e+001 1.362134e+002 5.860223e+001 8.933597e+001 1.800534e+002 4.765234e+001 1.082799e+002 8.720625e+001 6.889184e+000 2.115604e+000 6.041817e+000 3.186418e+000 5.946114e+000 1.473410e+000 1.390039e+000 2.507273e+000
<VARIANCE> 22
 7.400599e+000 2.742950e+001 3.300596e+000 6.087805e+000 7.130676e+002 1.474931e+003 2.696170e+002 3.621569e+002 8.377415e+001 3.744196e+002 5.741082e+002 4.823882e+002 1.005026e+002 1.591184e+002 5.919850e-001 1.836504e-001 4.140695e-001 2.876699e-001 2.238774e-001 5.490676e-001 4.930084e+000 6.023956e+000
<GCONST> 1.036150e+002
<STATE> 4
<NUMMIXES> 2
<MIXTURE> 1 7.063876e-001
<MEAN> 22
 1.267110e+001 1.135611e+000 4.162091e+000 5.682715e-001 1.536645e+002 1.401139e+001 1.283931e+002 9.717536e+001 9.314342e+001 5.697817e+001 8.598957e+001 1.948669e+002 9.439589e+001 1.157582e+002 2.506467e+000 5.000000e+000 2.854846e+000 5.833549e+000 3.468933e+000 5.991941e+000 3.401909e+000 1.873670e+000
<VARIANCE> 22
 3.292394e+002 4.063125e+000 5.327067e+001 2.164982e+000 6.315746e+003 6.570366e+002 1.405305e+003 1.888695e+002 4.814834e+002 5.183660e+001 3.214461e+003 3.348501e+002 4.177215e+002 1.093658e+002 4.519511e+000 1.793315e-002 7.646231e+000 1.387480e-001 2.662191e+000 5.618803e-002 6.262136e+000 5.689655e+000
<GCONST> 1.140707e+002
<MIXTURE> 2 2.936127e-001
<MEAN> 22
 7.542934e+000 6.598931e+000 2.687949e+000 2.288435e+000 6.766195e+001 2.836119e+001 1.007639e+002 5.046770e+001 8.499953e+001 5.950359e+001 9.508375e+001 1.187602e+002 9.756772e+001 1.035056e+002 3.024948e+000 3.577451e+000 3.947959e+000 5.641606e+000 3.904132e+000 3.305207e+000 2.992545e+000 2.683323e+000
<VARIANCE> 22
 1.178815e+002 1.288782e+002 1.841595e+001 1.185047e+001 2.604762e+003 9.264136e+002 2.695680e+003 8.347906e+002 6.883740e+002 7.351540e+001 3.032625e+003 1.683120e+003 2.652342e+002 1.183399e+002 5.414671e+000 1.562515e+000 6.890485e+000 3.323735e-001 1.774125e+000 9.547956e+000 6.631135e+000 6.736853e+000
<GCONST> 1.309951e+002
<TRANSP> 5
 0.000000e+000 1.000000e+000 0.000000e+000 0.000000e+000 0.000000e+000
 0.000000e+000 6.366507e-001 3.633493e-001 0.000000e+000 0.000000e+000
 0.000000e+000 0.000000e+000 9.582327e-001 4.176729e-002 0.000000e+000
 0.000000e+000 0.000000e+000 0.000000e+000 9.240040e-001 7.599596e-002
 0.000000e+000 0.000000e+000 0.000000e+000 0.000000e+000 0.000000e+000
<ENDHMM>
~h "ST"
<BEGINHMM>
<NUMSTATES> 5
<STATE> 2
<NUMMIXES> 2
<MIXTURE> 1 1.629207e-001
<MEAN> 22
 1.868395e+001 2.711585e+001 1.238542e+001 9.411187e+000 2.087566e+002 2.088387e+002 1.218293e+002 9.144843e+001 7.819432e+001 7.917874e+001 2.102311e+002 1.290052e+002 1.311212e+002 1.218062e+002 6.014735e+000 3.467944e+000 6.644796e+000 5.793375e+000 5.595541e+000 3.337582e+000 2.406487e+000 2.962738e+000
<VARIANCE> 22
 3.600592e+003 3.652852e+003 3.226417e+003 1.945795e+003 5.736632e+004 2.511190e+004 1.862923e+003 9.005941e+002 2.675819e+002 2.815188e+002 5.961939e+003 5.837140e+003 1.225128e+003 3.811826e+002 4.447251e+000 2.485462e+000 3.287326e-001 5.440843e-001 7.318240e-001 7.605791e+000 6.794598e+000 6.338696e+000
<GCONST> 1.557092e+002
<MIXTURE> 2 8.370785e-001
<MEAN> 22
 4.432669e+000 7.548082e+000 1.075155e+000 2.090567e+000 6.867230e+001 9.362334e+001 7.857566e+001 7.746922e+001 6.832163e+001 7.278273e+001 1.461580e+002 1.034032e+002 1.074265e+002 1.075914e+002 4.364295e+000 3.119581e+000 5.939902e+000 5.506564e+000 4.891342e+000 2.729171e+000 2.640089e+000 2.648156e+000
<VARIANCE> 22
 5.660234e+001 1.105392e+002 3.300596e+000 7.836604e+000 1.118729e+004 6.721053e+003 1.304839e+003 1.067352e+003 3.705684e+002 5.585623e+002 3.759559e+003 4.598369e+003 8.967879e+002 6.457413e+002 8.986935e+000 2.368856e+000 2.150551e+000 1.476767e+000 2.944746e+000 7.223136e+000 6.333241e+000 5.704160e+000
<GCONST> 1.377431e+002
<STATE> 3
<NUMMIXES> 2
<MIXTURE> 1 3.776777e-001
<MEAN> 22
 2.617194e+000 1.642439e+001 8.549733e-001 3.752503e+000 1.787388e+001 6.816315e+001 9.542438e+001 6.967538e+001 6.101982e+001 7.073565e+001 1.920817e+002 1.291442e+002 1.156729e+002 1.101961e+002 6.906530e+000 4.009120e+000 6.199534e+000 5.744199e+000 5.962040e+000 4.443290e+000 1.996279e+000 3.352063e+000
<VARIANCE> 22
 2.008376e+001 2.231733e+002 3.300596e+000 1.666895e+001 8.427476e+002 2.767110e+003 3.331678e+002 8.127648e+002 7.806725e+001 2.645947e+002 7.440211e+002 3.475854e+003 1.714680e+002 1.415964e+002 4.586074e-001 1.589990e+000 1.741060e-001 2.754152e-001 8.833768e-002 7.372888e+000 5.658298e+000 5.160690e+000
<GCONST> 1.144109e+002
<MIXTURE> 2 6.223227e-001
<MEAN> 22
 7.699783e-001 7.448216e+000 3.848852e-001 1.311954e+000 5.831465e+000 1.370668e+002 9.035656e+001 6.767165e+001 5.730774e+001 8.444853e+001 1.889342e+002 4.724695e+001 1.129716e+002 1.027849e+002 6.999865e+000 2.048530e+000 6.000093e+000 5.890185e+000 6.000000e+000 3.975730e-001 1.306379e+000 2.815080e+000
<VARIANCE> 22
 4.801632e+000 8.809298e+001 3.300596e+000 2.396604e+000 4.956259e+001 9.344185e+002 1.548223e+002 5.043531e+002 3.970736e+001 2.837687e+002 3.462429e+002 3.344112e+002 1.032880e+002 1.121491e+002 6.504287e-002 7.963247e-002 2.326111e-002 4.062905e-001 2.082488e-002 2.414796e-001 4.731181e+000 6.076260e+000
<GCONST> 8.904536e+001
<STATE> 4
<NUMMIXES> 2
<MIXTURE> 1 7.595893e-001
<MEAN> 22
 1.051802e+001 1.355605e+000 2.359609e+000 6.017684e-001 1.028985e+002 1.780864e+001 7.718401e+001 9.877329e+001 8.391576e+001 5.716252e+001 9.147372e+001 1.993293e+002 1.099920e+002 1.185686e+002 3.035312e+000 5.000000e+000 6.209110e+000 5.907618e+000 4.201252e+000 5.995906e+000 3.309852e+000 1.963978e+000
<VARIANCE> 22
 1.461374e+002 4.181383e+000 9.727948e+000 2.164982e+000 3.650380e+003 7.052818e+002 6.670510e+002 1.869538e+002 3.643507e+002 4.827372e+001 4.604038e+003 3.685562e+002 2.836295e+002 1.256272e+002 5.687727e+000 1.793315e-002 3.118201e-001 8.385023e-002 1.511386e+000 5.618803e-002 6.124418e+000 5.781140e+000
<GCONST> 1.061651e+002
<MIXTURE> 2 2.404113e-001
<MEAN> 22
 7.758701e+000 7.335175e+000 1.643951e+000 2.464646e+000 5.270910e+001 2.988815e+001 7.154990e+001 5.606643e+001 7.591547e+001 5.980919e+001 9.264250e+001 1.371902e+002 1.044589e+002 1.058919e+002 2.941821e+000 4.199732e+000 5.441803e+000 5.777825e+000 4.182269e+000 5.376599e+000 2.724689e+000 2.741388e+000
<VARIANCE> 22
 9.091700e+001 1.105234e+002 5.463110e+000 1.309829e+001 3.384410e+003 1.091577e+003 1.117757e+003 1.026875e+003 3.410957e+002 7.275245e+001 4.171972e+003 1.920179e+003 1.500065e+002 1.235444e+002 6.277177e+000 1.053232e+000 3.887988e+000 2.360365e-001 1.619381e+000 5.452029e+000 5.893743e+000 6.169634e+000
<GCONST> 1.264119e+002
<TRANSP> 5
 0.000000e+000 1.000000e+000 0.000000e+000 0.000000e+000 0.000000e+000
 0.000000e+000 7.041932e-001 2.958068e-001 0.000000e+000 0.000000e+000
 0.000000e+000 0.000000e+000 9.574155e-001 4.258449e-002 0.000000e+000
 0.000000e+000 0.000000e+000 0.000000e+000 9.185714e-001 8.142853e-002
 0.000000e+000 0.000000e+000 0.000000e+000 0.000000e+000 0.000000e+000
<ENDHMM>
~h "TT"
<BEGINHMM>
<NUMSTATES> 5
<STATE> 2
<NUMMIXES> 2
<MIXTURE> 1 4.638376e-001
<MEAN> 22
 1.997090e+001 5.449328e+000 8.460046e+000 3.314622e+000 2.254147e+002 8.456548e+000 1.727379e+002 1.041201e+002 1.226125e+002 6.044193e+001 9.630263e+001 2.014234e+002 1.039791e+002 1.189847e+002 1.377129e+000 4.997132e+000 1.216622e+000 5.917770e+000 2.311323e+000 5.991384e+000 3.683853e+000 2.316282e+000
<VARIANCE> 22
 1.931567e+003 1.199754e+003 1.384152e+003 8.875837e+002 2.514991e+003 1.344533e+002 1.298247e+003 2.691572e+002 5.366783e+002 1.116508e+002 8.656639e+002 3.927461e+002 3.198860e+002 1.381783e+002 4.515489e-001 1.793315e-002 2.668839e+000 7.546824e-002 5.866451e-001 5.618803e-002 5.679117e+000 6.453712e+000
<GCONST> 1.228103e+002
<MIXTURE> 2 5.361623e-001
<MEAN> 22
 9.219713e+000 1.229354e+001 2.842155e+000 3.871624e+000 4.560291e+001 1.144850e+002 9.220121e+001 1.213847e+002 7.460609e+001 8.946200e+001 1.783413e+002 1.389337e+002 1.161728e+002 1.120891e+002 5.198099e+000 3.718355e+000 6.363174e+000 4.695768e+000 5.709993e+000 3.849664e+000 3.039514e+000 2.779066e+000
<VARIANCE> 22
 1.987943e+002 3.384776e+002 2.341185e+001 3.350066e+001 2.578424e+003 1.117099e+004 1.965982e+003 2.951737e+003 3.110655e+002 1.302277e+003 3.152801e+003 2.947611e+003 5.622707e+002 2.601098e+002 8.486451e+000 1.631408e+000 4.680174e-001 1.795806e+000 5.977504e-001 5.527883e+000 6.872847e+000 5.094404e+000
<GCONST> 1.390196e+002
<STATE> 3
<NUMMIXES> 2
<MIXTURE> 1 3.629744e-001
<MEAN> 22
 2.470962e+000 2.414508e+001 9.274961e-001 6.197696e+000 1.152767e+001 6.100061e+001 9.444997e+001 9.787817e+001 5.961610e+001 7.009393e+001 1.923202e+002 1.587928e+002 1.155905e+002 1.097026e+002 6.991230e+000 4.314781e+000 6.082369e+000 5.271037e+000 5.997509e+000 5.071944e+000 2.265326e+000 3.850149e+000
<VARIANCE> 22
 1.676766e+001 5.186384e+002 3.300596e+000 5.125893e+001 1.724186e+002 2.498812e+003 2.657899e+002 6.557275e+002 7.200755e+001 3.425182e+002 4.994860e+002 2.156458e+003 1.562301e+002 2.098111e+002 6.504287e-002 7.051243e-001 7.558415e-002 3.485671e-001 2.082488e-002 2.331487e+000 5.823450e+000 5.242233e+000
<GCONST> 1.077523e+002
<MIXTURE> 2 6.370260e-001
<MEAN> 22
 1.559519e+000 1.240170e+001 6.914745e-001 5.189291e+000 9.759995e+000 2.243822e+002 9.450059e+001 1.740529e+002 5.852282e+001 1.241876e+002 1.904164e+002 8.800623e+001 1.139428e+002 9.416896e+001 6.969117e+000 2.442298e+000 6.086774e+000 3.150129e+000 5.991475e+000 1.639302e+000 1.837515e+000 3.571514e+000
<VARIANCE> 22
 1.044762e+001 1.793867e+002 3.300596e+000 4.714219e+001 2.976747e+002 1.309304e+003 2.853449e+002 7.477433e+002 9.576909e+001 4.628690e+002 4.858740e+002 5.898706e+002 1.490142e+002 3.214422e+002 1.656954e-001 2.637467e-001 1.197091e-001 1.862480e-001 3.370499e-002 3.259999e-001 5.810040e+000 5.557850e+000
<GCONST> 1.042327e+002
<STATE> 4
<NUMMIXES> 2
<MIXTURE> 1 7.376812e-001
<MEAN> 22
 1.517459e+001 2.130571e+000 5.222328e+000 1.015474e+000 1.409252e+002 2.689145e+001 1.390911e+002 9.706690e+001 9.775331e+001 5.604028e+001 1.202228e+002 1.943240e+002 1.021870e+002 1.158084e+002 2.716738e+000 5.000016e+000 3.263397e+000 5.827080e+000 3.545369e+000 5.987934e+000 3.352850e+000 2.348335e+000
<VARIANCE> 22
 3.676966e+002 1.058265e+001 6.139928e+001 2.164982e+000 8.200432e+003 9.249561e+002 2.289599e+003 2.454482e+002 1.032938e+003 5.220814e+001 2.962352e+003 4.260688e+002 3.868488e+002 1.342603e+002 6.597947e+000 1.793315e-002 8.529157e+000 1.430217e-001 3.718252e+000 5.618803e-002 5.505544e+000 6.233887e+000
<GCONST> 1.185064e+002
<MIXTURE> 2 2.623190e-001
<MEAN> 22
 1.025654e+001 6.284413e+000 4.130309e+000 2.506325e+000 1.304659e+002 6.689159e+001 9.016960e+001 3.784797e+001 8.706998e+001 5.307217e+001 9.116321e+001 1.025639e+002 8.726245e+001 9.226256e+001 2.067318e+000 3.045177e+000 3.674020e+000 5.176218e+000 3.388468e+000 2.665409e+000 2.743118e+000 2.218903e+000
<VARIANCE> 22
 2.512316e+002 1.199833e+002 4.579190e+001 2.306138e+001 1.882214e+004 1.414801e+004 5.188970e+003 1.108768e+003 2.150702e+003 4.416367e+002 2.340742e+003 2.442700e+003 1.147628e+003 1.120776e+003 4.262350e+000 3.023892e+000 7.385986e+000 3.484397e+000 2.897053e+000 1.014416e+001 6.337086e+000 6.070035e+000
<GCONST> 1.488997e+002
<TRANSP> 5
 0.000000e+000 1.000000e+000 0.000000e+000 0.000000e+000 0.000000e+000
 0.000000e+000 8.330796e-001 1.669204e-001 0.000000e+000 0.000000e+000
 0.000000e+000 0.000000e+000 9.534950e-001 4.650499e-002 0.000000e+000
 0.000000e+000 0.000000e+000 0.000000e+000 9.194894e-001 8.051053e-002
 0.000000e+000 0.000000e+000 0.000000e+000 0.000000e+000 0.000000e+000
<ENDHMM>
~h "VA"
<BEGINHMM>
<NUMSTATES> 5
<STATE> 2
<NUMMIXES> 2
<MIXTURE> 1 4.806528e-001
<MEAN> 22
 1.779226e+001 1.127075e+001 7.822157e+000 4.706447e+000 9.669252e+001 3.276817e+001 1.285890e+002 9.766640e+001 9.301156e+001 6.260653e+001 1.591300e+002 1.929940e+002 1.146130e+002 1.179215e+002 4.018048e+000 4.854209e+000 4.705660e+000 5.701150e+000 4.424404e+000 5.915181e+000 3.056221e+000 2.511705e+000
<VARIANCE> 22
 1.655012e+003 1.388226e+003 1.133758e+003 7.078168e+002 1.011379e+004 1.431536e+003 4.049417e+003 5.899737e+002 1.152780e+003 1.236712e+002 5.199406e+003 1.056710e+003 4.749816e+002 1.920775e+002 8.897862e+000 1.648313e-001 7.618009e+000 2.205509e-001 4.212811e+000 3.199805e-001 5.835350e+000 5.230692e+000
<GCONST> 1.432776e+002
<MIXTURE> 2 5.193470e-001
<MEAN> 22
 8.363705e+000 1.208562e+001 3.786099e+000 4.406024e+000 1.763452e+002 2.356702e+002 8.026438e+001 1.174154e+002 6.535531e+001 9.072359e+001 1.162906e+002 6.947932e+001 8.339689e+001 7.832218e+001 3.153551e+000 2.093529e+000 4.444707e+000 3.250705e+000 4.051349e+000 1.366687e+000 2.488729e+000 2.641169e+000
<VARIANCE> 22
 3.603739e+002 2.199878e+002 8.431277e+001 3.591490e+001 3.865743e+004 1.001843e+004 3.200808e+003 5.927822e+003 1.327391e+003 2.365084e+003 6.552375e+003 2.340315e+003 2.324176e+003 1.532343e+003 9.076996e+000 1.294494e+000 7.333052e+000 3.200605e+000 4.919690e+000 1.901952e+000 6.197158e+000 5.109376e+000
<GCONST> 1.541647e+002
<STATE> 3
<NUMMIXES> 2
<MIXTURE> 1 5.465751e-001
<MEAN> 22
 1.775247e+000 1.974114e+001 7.562891e-001 6.974771e+000 8.137910e+000 8.414429e+001 9.111095e+001 8.665149e+001 5.704140e+001 7.913339e+001 1.886779e+002 1.194323e+002 1.130154e+002 1.002302e+002 6.995903e+000 3.794456e+000 6.021115e+000 5.267739e+000 5.999999e+000 4.134836e+000 2.021880e+000 3.719680e+000
<VARIANCE> 22
 8.194687e+000 3.686929e+002 3.300596e+000 4.953770e+001 7.689256e+001 3.535685e+003 2.089889e+002 7.251840e+002 6.438831e+001 4.248171e+002 4.079996e+002 3.896878e+003 1.186693e+002 4.069122e+002 6.504287e-002 1.338849e+000 2.326111e-002 5.250559e-001 2.082488e-002 6.619113e+000 5.982373e+000 5.248139e+000
<GCONST> 1.078850e+002
<MIXTURE> 2 4.534249e-001
<MEAN> 22
 2.806073e+000 1.038705e+001 1.468560e+000 4.183671e+000 1.478205e+001 2.208021e+002 9.087061e+001 1.672765e+002 5.640186e+001 1.153340e+002 1.854693e+002 8.051534e+001 1.121864e+002 7.948732e+001 6.847199e+000 2.349247e+000 6.064723e+000 3.149349e+000 5.914189e+000 1.727675e+000 2.319453e+000 3.301832e+000
<VARIANCE> 22
 2.381460e+001 1.496198e+002 1.080725e+001 2.486363e+001 8.073013e+002 2.699903e+003 4.257665e+002 1.469787e+003 1.297124e+002 5.395208e+002 9.999758e+002 1.110156e+003 2.240650e+002 3.593817e+002 8.184823e-001 3.452552e-001 3.229547e-001 7.011288e-001 1.930451e-001 6.760737e-001 6.259999e+000 5.405345e+000
<GCONST> 1.172553e+002
<STATE> 4
<NUMMIXES> 2
<MIXTURE> 1 7.261716e-001
<MEAN> 22
 1.451044e+001 2.428552e+000 5.179626e+000 1.150585e+000 1.391665e+002 1.785240e+001 1.335982e+002 9.798062e+001 9.919788e+001 5.556744e+001 1.208809e+002 1.957555e+002 9.664011e+001 1.157920e+002 3.093616e+000 5.000551e+000 3.697011e+000 5.854033e+000 3.794242e+000 5.987144e+000 3.342150e+000 2.428056e+000
<VARIANCE> 22
 2.859392e+002 1.541460e+001 4.214898e+001 2.839818e+000 8.367690e+003 6.145600e+002 2.687749e+003 2.133958e+002 8.574136e+002 8.398825e+001 4.282542e+003 3.385356e+002 5.064813e+002 1.225144e+002 6.992282e+000 1.793315e-002 8.611147e+000 1.246618e-001 3.586998e+000 5.618803e-002 5.954542e+000 6.297591e+000
<GCONST> 1.187464e+002
<MIXTURE> 2 2.738280e-001
<MEAN> 22
 6.761098e+000 6.995898e+000 2.979950e+000 3.009283e+000 7.498254e+001 3.706030e+001 9.537263e+001 4.821264e+001 8.491544e+001 5.682646e+001 7.891931e+001 1.063586e+002 9.254155e+001 1.020694e+002 2.439734e+000 3.150588e+000 3.893584e+000 5.538340e+000 3.488100e+000 2.913076e+000 2.956890e+000 2.753074e+000
<VARIANCE> 22
 1.010642e+002 1.811736e+002 2.523800e+001 2.399345e+001 3.080086e+003 1.190213e+003 3.694334e+003 5.553320e+002 4.039853e+002 1.165504e+002 1.770107e+003 1.013739e+003 4.280550e+002 1.116105e+002 2.698248e+000 1.550490e+000 6.734445e+000 3.038452e-001 1.245313e+000 8.255244e+000 6.349227e+000 6.382709e+000
<GCONST> 1.304169e+002
<TRANSP> 5
 0.000000e+000 1.000000e+000 0.000000e+000 0.000000e+000 0.000000e+000
 0.000000e+000 7.512130e-001 2.487870e-001 0.000000e+000 0.000000e+000
 0.000000e+000 0.000000e+000 9.439342e-001 5.606585e-002 0.000000e+000
 0.000000e+000 0.000000e+000 0.000000e+000 9.194908e-001 8.050926e-002
 0.000000e+000 0.000000e+000 0.000000e+000 0.000000e+000 0.000000e+000
<ENDHMM>
~h "VQ"
<BEGINHMM>
<NUMSTATES> 5
<STATE> 2
<NUMMIXES> 2
<MIXTURE> 1 1.817152e-001
<MEAN> 22
 2.145874e+001 2.978023e+001 1.397367e+001 1.524689e+001 5.159285e+001 1.201891e+002 7.500673e+001 9.393403e+001 6.718439e+001 6.500992e+001 1.356877e+002 7.393065e+001 9.816362e+001 9.386181e+001 4.170301e+000 2.904491e+000 5.686492e+000 4.610845e+000 5.052745e+000 2.542603e+000 2.836964e+000 3.249232e+000
<VARIANCE> 22
 5.687071e+003 4.220518e+003 4.480875e+003 2.879057e+003 6.068215e+003 4.919788e+003 1.238615e+003 1.282342e+003 2.822790e+002 2.500939e+002 3.052287e+003 1.891563e+003 7.148914e+002 3.481559e+002 8.958983e+000 9.971422e-001 3.239527e+000 9.945612e-001 2.185746e+000 3.452975e+000 6.527921e+000 4.791048e+000
<GCONST> 1.532719e+002
<MIXTURE> 2 8.182836e-001
<MEAN> 22
 1.166975e+001 2.941695e+000 4.093757e+000 1.310398e+000 1.068408e+002 2.182775e+001 1.013974e+002 7.228596e+001 7.856757e+001 5.483685e+001 8.239466e+001 1.599737e+002 9.691360e+001 1.098513e+002 2.361573e+000 4.242176e+000 3.466352e+000 5.713292e+000 3.262713e+000 4.919584e+000 3.534771e+000 2.488055e+000
<VARIANCE> 22
 2.033045e+002 1.953189e+001 3.029813e+001 4.646581e+000 5.691887e+003 4.294932e+002 2.463514e+003 1.014720e+003 3.440525e+002 6.349415e+001 2.967376e+003 2.054203e+003 3.674712e+002 1.300766e+002 3.960593e+000 1.649732e+000 8.918336e+000 2.045600e-001 2.335774e+000 5.267140e+000 5.925096e+000 5.933528e+000
<GCONST> 1.280458e+002
<STATE> 3
<NUMMIXES> 2
<MIXTURE> 1 5.113049e-001
<MEAN> 22
 2.627500e+000 1.979837e+001 8.501410e-001 5.780730e+000 9.079378e+000 1.025868e+002 9.882000e+001 9.547147e+001 6.013186e+001 7.200512e+001 2.001184e+002 1.193031e+002 1.196980e+002 1.053742e+002 6.997586e+000 3.745699e+000 6.122499e+000 5.041276e+000 5.998556e+000 4.019158e+000 2.169563e+000 3.842148e+000
<VARIANCE> 22
 2.264698e+001 3.276930e+002 3.300596e+000 5.393288e+001 1.279118e+002 7.158219e+003 4.298745e+002 1.991910e+003 8.832896e+001 3.615531e+002 7.897260e+002 3.172493e+003 2.594324e+002 2.583304e+002 6.504287e-002 1.309443e+000 1.074941e-001 1.055552e+000 2.082488e-002 5.497239e+000 6.170277e+000 4.878225e+000
<GCONST> 1.147309e+002
<MIXTURE> 2 4.886946e-001
<MEAN> 22
 1.136739e+000 6.072804e+000 7.131602e-001 3.028497e+000 1.003525e+001 1.642207e+002 8.414944e+001 1.149005e+002 5.274521e+001 7.436518e+001 1.791776e+002 4.564926e+001 1.073527e+002 8.147956e+001 6.943684e+000 2.387516e+000 6.050705e+000 4.091181e+000 5.961855e+000 1.754689e+000 1.685269e+000 3.482333e+000
<VARIANCE> 22
 4.801632e+000 3.782042e+001 3.300596e+000 1.394539e+001 6.347104e+002 1.482269e+003 1.827221e+002 7.200878e+002 5.982322e+001 2.016503e+002 4.159247e+002 4.142712e+002 8.777216e+001 2.410712e+002 2.961284e-001 2.821370e-001 1.498548e-001 6.675403e-001 1.170175e-001 3.432384e-001 5.431175e+000 6.169856e+000
<GCONST> 1.019335e+002
<STATE> 4
<NUMMIXES> 2
<MIXTURE> 1 9.033024e-001
<MEAN> 22
 1.039837e+001 2.990962e+000 3.883090e+000 1.206240e+000 9.579485e+001 2.348038e+001 1.054111e+002 9.444533e+001 7.504239e+001 5.371612e+001 1.080074e+002 1.928945e+002 1.003719e+002 1.143211e+002 3.264944e+000 4.999770e+000 4.283296e+000 5.860978e+000 3.898655e+000 5.995563e+000 3.499814e+000 2.454405e+000
<VARIANCE> 22
 1.649657e+002 2.673865e+001 3.040743e+001 4.001593e+000 5.256622e+003 9.920742e+002 9.798056e+002 2.023939e+002 4.320097e+002 6.460551e+001 4.820772e+003 3.116504e+002 4.000334e+002 1.145529e+002 7.745983e+000 1.793315e-002 8.724936e+000 1.196943e-001 3.561568e+000 5.618803e-002 5.863360e+000 6.141874e+000
<GCONST> 1.165275e+002
<MIXTURE> 2 9.669765e-002
<MEAN> 22
 2.881202e+000 4.504566e+000 1.397855e+000 1.852025e+000 4.073298e+002 3.167863e+002 4.011146e+001 3.848388e+001 2.653386e+001 2.784723e+001 5.462597e+001 3.452139e+001 4.098741e+001 4.072349e+001 1.852743e+000 1.269376e+000 2.141462e+000 1.965727e+000 1.787646e+000 1.003361e+000 1.034183e+000 1.681782e+000
<VARIANCE> 22
 6.964391e+001 1.126493e+002 1.294154e+001 1.913737e+001 4.785585e+004 2.059405e+004 2.889630e+003 2.700754e+003 1.033747e+003 1.152390e+003 6.115713e+003 2.523417e+003 2.507643e+003 2.447074e+003 7.916502e+000 2.668171e+000 8.683980e+000 5.794806e+000 6.037649e+000 2.920185e+000 3.900912e+000 6.027640e+000
<GCONST> 1.506602e+002
<TRANSP> 5
 0.000000e+000 1.000000e+000 0.000000e+000 0.000000e+000 0.000000e+000
 0.000000e+000 8.546354e-001 1.453646e-001 0.000000e+000 0.000000e+000
 0.000000e+000 0.000000e+000 9.443496e-001 5.565040e-002 0.000000e+000
 0.000000e+000 0.000000e+000 0.000000e+000 8.854134e-001 1.145866e-001
 0.000000e+000 0.000000e+000 0.000000e+000 0.000000e+000 0.000000e+000
<ENDHMM>
~h "SIL"
<BEGINHMM>
<NUMSTATES> 5
<STATE> 2
<NUMMIXES> 2
<MIXTURE> 1 1.630410e-001
<MEAN> 22
 4.893076e+002 4.130460e+002 4.450811e+002 3.566986e+002 8.779061e-001 1.247232e+000 3.968280e+001 3.898124e+001 2.807151e+001 2.655049e+001 7.766443e+001 7.464945e+001 4.932503e+001 4.859259e+001 2.754252e+000 1.993151e+000 2.640450e+000 2.527823e+000 2.481883e+000 2.333690e+000 4.666802e+000 4.663828e+000
<VARIANCE> 22
 6.579269e+003 4.083302e+003 4.600399e+003 3.315830e+003 6.613534e+001 1.564903e+002 2.348022e+003 2.294448e+003 1.092212e+003 1.015232e+003 8.564148e+003 8.146278e+003 3.231765e+003 3.132625e+003 1.120487e+001 5.744133e+000 9.251596e+000 8.405092e+000 8.295878e+000 8.443431e+000 4.022188e+000 4.055716e+000
<GCONST> 1.624934e+002
<MIXTURE> 2 8.369591e-001
<MEAN> 22
 0.000000e+000 0.000000e+000 0.000000e+000 0.000000e+000 3.661409e+001 2.963474e+001 0.000000e+000 0.000000e+000 0.000000e+000 0.000000e+000 0.000000e+000 0.000000e+000 0.000000e+000 0.000000e+000 0.000000e+000 0.000000e+000 0.000000e+000 0.000000e+000 0.000000e+000 0.000000e+000 0.000000e+000 0.000000e+000
<VARIANCE> 22
 4.801632e+000 4.063125e+000 3.300596e+000 2.164982e+000 1.817520e+004 1.195247e+004 9.838196e+000 1.115232e+001 2.936353e+000 3.516743e+000 3.745900e+001 4.440890e+001 4.184655e+000 3.870682e+000 6.504287e-002 1.793315e-002 2.326111e-002 1.170389e-002 2.082488e-002 5.618803e-002 6.153807e-002 6.060927e-002
<GCONST> 5.449670e+001
<STATE> 3
<NUMMIXES> 2
<MIXTURE> 1 7.774431e-001
<MEAN> 22
 1.416331e+000 1.828754e+000 6.009425e-001 7.570685e-001 7.954741e+000 9.855392e+000 1.012332e+002 9.781938e+001 6.361865e+001 5.938661e+001 1.986002e+002 1.963313e+002 1.187194e+002 1.173685e+002 6.999705e+000 5.000001e+000 6.124694e+000 5.906593e+000 6.001795e+000 6.000581e+000 1.986956e+000 2.013177e+000
<VARIANCE> 22
 4.933015e+000 7.071284e+000 3.300596e+000 2.164982e+000 6.957899e+001 1.197424e+002 3.513337e+002 2.279990e+002 1.037969e+002 8.000426e+001 5.865397e+002 4.385265e+002 2.045514e+002 1.439068e+002 6.504287e-002 1.793315e-002 1.091341e-001 8.472914e-002 2.082488e-002 5.618803e-002 5.623747e+000 5.625901e+000
<GCONST> 8.330928e+001
<MIXTURE> 2 2.225591e-001
<MEAN> 22
 8.871240e+000 1.130048e+001 2.252815e+000 2.845899e+000 5.389416e+001 6.121055e+001 8.212759e+001 7.957063e+001 6.967133e+001 6.423124e+001 1.458769e+002 1.418938e+002 1.089298e+002 1.091874e+002 4.600545e+000 4.085415e+000 5.912944e+000 5.528205e+000 5.063252e+000 4.555969e+000 2.475365e+000 2.485769e+000
<VARIANCE> 22
 1.786619e+002 2.146157e+002 1.465556e+001 1.603121e+001 2.823333e+003 2.819563e+003 1.399776e+003 1.267355e+003 2.705181e+002 2.063581e+002 3.605622e+003 3.604075e+003 3.970807e+002 2.220020e+002 8.437884e+000 1.668908e+000 2.141023e+000 4.949357e-001 2.017294e+000 6.049925e+000 5.217137e+000 4.721342e+000
<GCONST> 1.338313e+002
<STATE> 4
<NUMMIXES> 2
<MIXTURE> 1 2.366087e-001
<MEAN> 22
 5.715924e-001 1.105235e+000 2.789430e-001 6.306429e-001 3.985656e+000 4.111808e+000 1.063354e+002 1.138265e+002 6.400081e+001 6.617455e+001 2.298199e+002 2.341068e+002 1.356084e+002 1.379986e+002 7.000000e+000 5.000000e+000 6.000167e+000 5.997325e+000 6.000000e+000 6.000000e+000 9.853101e-001 1.466317e+000
<VARIANCE> 22
 4.801632e+000 5.118192e+000 3.300596e+000 2.201780e+000 4.956259e+001 5.429972e+001 1.149838e+001 1.305708e+001 3.890691e+000 7.101470e+000 3.745900e+001 4.440890e+001 6.501613e+000 7.675779e+000 6.504287e-002 1.793315e-002 2.326111e-002 1.170389e-002 2.082488e-002 5.618803e-002 3.575428e+000 4.653049e+000
<GCONST> 5.427174e+001
<MIXTURE> 2 7.633912e-001
<MEAN> 22
 1.023687e+000 1.610570e+000 4.000882e-001 6.268134e-001 4.851100e+000 6.054188e+000 8.671117e+001 8.621517e+001 5.627221e+001 5.497522e+001 1.822950e+002 1.819086e+002 1.105381e+002 1.100638e+002 6.990260e+000 4.994120e+000 6.006881e+000 5.976640e+000 5.996633e+000 5.992773e+000 1.769404e+000 1.903218e+000
<VARIANCE> 22
 4.801632e+000 1.132131e+001 3.300596e+000 2.164982e+000 7.010711e+001 8.371711e+001 5.059759e+001 5.363910e+001 2.204670e+001 4.098341e+001 1.100795e+002 1.286036e+002 3.356776e+001 3.757767e+001 6.504287e-002 1.793315e-002 2.326111e-002 2.462981e-002 2.082488e-002 5.618803e-002 5.365492e+000 5.872299e+000
<GCONST> 6.896434e+001
<TRANSP> 5
 0.000000e+000 1.000000e+000 0.000000e+000 0.000000e+000 0.000000e+000
 0.000000e+000 9.079442e-001 9.205583e-002 0.000000e+000 0.000000e+000
 0.000000e+000 0.000000e+000 9.973097e-001 2.690251e-003 0.000000e+000
 0.000000e+000 0.000000e+000 0.000000e+000 9.924660e-001 7.533988e-003
 0.000000e+000 0.000000e+000 0.000000e+000 0.000000e+000 0.000000e+000
<ENDHMM>
