~o
<STREAMINFO> 1 39
<VECSIZE> 39<NULLD><MFCC_D_A_C_K_0><DIAGC>
~s "silst"
<MEAN> 39
 -1.365931e+01 -8.984229e+00 -1.131386e+01 -1.170921e+01 -1.031614e+01 -1.705213e+01 -1.205498e+01 -1.130875e+01 -6.805926e+00 -4.400648e+00 -6.990859e+00 -2.258273e+00 5.959826e+01 -7.743378e-03 1.840176e-03 2.660417e-03 9.748071e-03 5.827169e-04 -3.318900e-04 -1.072741e-02 -1.142257e-02 -9.210139e-03 -2.883852e-03 -9.751208e-03 -5.743364e-03 -1.525943e-02 1.253188e-03 8.520657e-04 2.081647e-03 -3.195804e-03 1.404194e-03 7.493590e-05 4.048337e-03 6.042580e-03 5.844104e-03 3.045056e-03 6.247959e-03 2.379148e-03 6.936328e-03
<VARIANCE> 39
 1.757026e+01 1.427378e+01 1.980872e+01 2.265578e+01 2.745269e+01 2.790211e+01 3.155622e+01 3.562094e+01 3.613478e+01 2.942807e+01 3.281971e+01 2.524549e+01 2.921711e+01 5.920599e-01 6.674306e-01 9.623674e-01 1.229882e+00 1.573638e+00 1.789110e+00 2.077753e+00 2.354971e+00 2.395137e+00 2.295206e+00 2.168640e+00 1.921984e+00 4.544949e-01 9.325487e-02 1.157897e-01 1.709678e-01 2.282320e-01 2.925430e-01 3.420791e-01 4.002826e-01 4.580274e-01 4.711299e-01 4.549840e-01 4.282456e-01 3.844948e-01 6.064165e-02
<GCONST> 1.003270e+02
~h "sp"
<BEGINHMM>
<NUMSTATES> 3
<STATE> 2
~s "silst"
<TRANSP> 3
 0.000000e+00 3.175999e-01 6.824001e-01
 0.000000e+00 9.910637e-01 8.936350e-03
 0.000000e+00 0.000000e+00 0.000000e+00
<ENDHMM>
~h "oov"
<BEGINHMM>
<NUMSTATES> 3
<STATE> 2
<MEAN> 39
 -1.096644e+01 -9.303682e+00 -9.970753e+00 -1.591334e+01 -9.806993e+00 -1.714234e+01 -8.992889e+00 -6.539808e+00 -2.309422e+00 -2.585974e+00 -2.028753e+00 -8.839654e-01 7.083270e+01 3.489599e-02 -1.382171e-02 -1.887518e-02 -5.380988e-02 -4.512478e-03 7.237803e-04 4.991179e-02 5.362342e-02 4.313849e-02 1.164919e-02 4.182196e-02 2.520605e-02 8.960293e-02 -5.377644e-03 -2.855207e-03 -8.808643e-03 1.709522e-02 -5.982021e-03 1.214514e-03 -1.855669e-02 -2.779770e-02 -2.722811e-02 -1.323558e-02 -2.897440e-02 -1.038779e-02 -3.922690e-02
<VARIANCE> 39
 7.143166e+01 6.465435e+01 8.199118e+01 6.629541e+01 1.060915e+02 1.017268e+02 8.941489e+01 9.243966e+01 8.077151e+01 7.459220e+01 7.561444e+01 6.335986e+01 5.157129e+01 2.666641e+00 2.412854e+00 3.030930e+00 3.431313e+00 4.418079e+00 4.471342e+00 4.655707e+00 5.280552e+00 4.722477e+00 4.309645e+00 4.195605e+00 3.463851e+00 2.453227e+00 3.731872e-01 3.546929e-01 4.603065e-01 5.542795e-01 7.125540e-01 7.580292e-01 7.961147e-01 9.100156e-01 8.312081e-01 7.720959e-01 7.337707e-01 6.282684e-01 3.023598e-01
<GCONST> 1.383789e+02
<TRANSP> 3
 0.000000e+00 1.000000e+00 0.000000e+00
 0.000000e+00 9.812841e-01 1.871592e-02
 0.000000e+00 0.000000e+00 0.000000e+00
<ENDHMM>
~h "sil"
<BEGINHMM>
<NUMSTATES> 3
<STATE> 2
~s "silst"
<TRANSP> 3
 0.000000e+00 1.000000e+00 0.000000e+00
 0.000000e+00 9.991020e-01 8.979820e-04
 0.000000e+00 0.000000e+00 0.000000e+00
<ENDHMM>
~h "noise"
<BEGINHMM>
<NUMSTATES> 3
<STATE> 2
~s "silst"
<TRANSP> 3
 0.000000e+00 1.000000e+00 0.000000e+00
 0.000000e+00 9.818988e-01 1.810116e-02
 0.000000e+00 0.000000e+00 0.000000e+00
<ENDHMM>
