~o
<STREAMINFO> 1 39
<VECSIZE> 39<NULLD><MFCC_D_A_C_K_0><DIAGC>
~s "silst"
<NUMMIXES> 16
<MIXTURE> 1 2.123972e-02
<MEAN> 39
 -1.583832e+01 -8.456287e+00 -8.641704e+00 -1.465606e+01 -7.699173e+00 -1.699173e+01 -8.806094e+00 -7.538086e+00 -2.469448e+00 -3.374261e+00 -3.041700e+00 -6.731701e-01 6.869133e+01 -4.383822e-01 -2.804188e-01 4.084024e-03 -4.753603e-01 4.132324e-01 4.676631e-02 5.922610e-01 5.271847e-01 5.943180e-01 -7.647592e-02 5.248514e-01 1.302665e-01 1.510744e+00 1.829294e-01 -3.555194e-02 -1.151198e-01 1.178987e-01 -9.890585e-02 7.082685e-02 -5.686658e-02 -9.272657e-02 -1.444089e-01 -1.250348e-02 -1.389354e-01 -5.758854e-02 -2.823749e-01
<VARIANCE> 39
 6.568799e+01 5.095756e+01 6.515288e+01 5.765852e+01 8.330602e+01 7.207607e+01 7.538289e+01 7.254214e+01 6.376760e+01 6.220020e+01 5.804176e+01 4.432278e+01 7.290042e+01 4.511320e+00 3.510675e+00 4.604699e+00 4.613976e+00 6.341331e+00 5.493447e+00 6.042834e+00 6.133291e+00 5.543534e+00 5.083630e+00 4.962751e+00 3.792567e+00 4.921684e+00 6.759536e-01 5.397521e-01 6.901619e-01 7.694211e-01 9.828395e-01 9.212600e-01 1.041439e+00 1.082153e+00 9.671962e-01 8.919441e-01 8.651116e-01 6.778113e-01 8.831223e-01
<GCONST> 1.441811e+02
<MIXTURE> 2 5.750426e-02
<MEAN> 39
 -1.595343e+01 -1.005645e+01 -1.347354e+01 -1.382717e+01 -1.131842e+01 -1.566960e+01 -9.722383e+00 -9.770694e+00 -6.609514e+00 -6.190324e+00 -7.997769e+00 -2.210013e+00 5.706933e+01 1.515700e-03 -1.550823e-02 -1.094886e-03 7.031561e-02 1.174811e-01 2.541885e-01 3.452704e-01 4.293342e-01 4.548841e-01 4.370006e-01 3.231137e-01 2.082948e-01 -4.925613e-02 3.534614e-02 5.141915e-02 9.612878e-02 1.318087e-01 5.598419e-02 -7.197958e-02 -1.099258e-01 6.448835e-03 2.249676e-01 3.881953e-01 3.107058e-01 1.604295e-01 2.308748e-02
<VARIANCE> 39
 6.405198e+00 6.491495e+00 8.495249e+00 9.744292e+00 1.441257e+01 1.482470e+01 1.425173e+01 1.621980e+01 1.736115e+01 1.327212e+01 1.531620e+01 1.647801e+01 6.918029e+00 1.826681e-01 3.113363e-01 5.062434e-01 7.480851e-01 9.938008e-01 1.279696e+00 1.469384e+00 1.633862e+00 1.679342e+00 1.690902e+00 1.633434e+00 1.562903e+00 6.674381e-02 3.635087e-02 6.480256e-02 1.017877e-01 1.478486e-01 2.022378e-01 2.591549e-01 3.042206e-01 3.243854e-01 2.956954e-01 2.469731e-01 2.760270e-01 3.023747e-01 1.213273e-02
<GCONST> 7.506177e+01
<MIXTURE> 3 6.012518e-02
<MEAN> 39
 -1.275356e+01 -8.522958e+00 -1.026272e+01 -8.509726e+00 -9.465470e+00 -1.645929e+01 -1.332144e+01 -1.303447e+01 -8.407968e+00 -4.297194e+00 -8.470288e+00 -2.853978e+00 5.708110e+01 -5.505994e-02 -9.877390e-02 -8.391863e-02 1.173006e-02 1.897689e-01 4.289537e-01 6.509131e-01 8.333997e-01 9.138641e-01 8.791943e-01 6.824408e-01 4.180953e-01 -3.169937e-02 -4.138853e-02 -5.474261e-02 -1.298480e-01 -1.989299e-01 -1.232497e-01 -5.970357e-02 3.564677e-02 6.429259e-02 2.621731e-02 -3.610874e-02 -1.659899e-02 -1.954095e-02 1.077888e-02
<VARIANCE> 39
 2.190424e+00 3.160796e+00 4.258212e+00 5.840406e+00 9.496612e+00 1.188258e+01 1.214901e+01 1.209757e+01 1.350889e+01 1.369692e+01 1.455358e+01 1.465710e+01 1.061531e+00 1.679364e-01 2.964803e-01 4.818076e-01 7.273000e-01 9.873800e-01 1.194304e+00 1.359280e+00 1.503069e+00 1.575759e+00 1.568043e+00 1.564905e+00 1.537809e+00 5.317127e-02 3.021578e-02 5.285624e-02 8.129621e-02 1.219628e-01 1.813097e-01 2.303368e-01 2.534183e-01 2.665722e-01 2.834277e-01 2.907223e-01 3.150491e-01 3.184764e-01 9.854889e-03
<GCONST> 6.652524e+01
<MIXTURE> 4 8.089668e-02
<MEAN> 39
 -1.529446e+01 -7.668639e+00 -1.089783e+01 -1.130738e+01 -9.378304e+00 -1.814461e+01 -1.307068e+01 -1.324573e+01 -7.958138e+00 -6.068022e+00 -7.670231e+00 -3.473380e+00 5.933231e+01 -2.310892e-01 8.949917e-02 5.926473e-02 -1.555594e-01 2.150694e-01 2.024227e-02 2.010608e-01 1.740012e-01 2.722994e-01 7.289354e-02 3.028603e-01 8.970241e-02 2.206749e-01 4.756707e-03 -5.344192e-02 -2.161381e-02 -3.553146e-02 2.656724e-02 9.431706e-02 1.642393e-01 1.730313e-01 1.319428e-01 8.141506e-02 1.165630e-01 1.027416e-01 7.079967e-02
<VARIANCE> 39
 1.122141e+01 9.935248e+00 1.283101e+01 1.486796e+01 1.848030e+01 1.963564e+01 2.141232e+01 2.180086e+01 2.332277e+01 2.400712e+01 2.050704e+01 1.905538e+01 4.606246e+00 1.053219e+00 9.372284e-01 1.261031e+00 1.618374e+00 1.976068e+00 2.054265e+00 2.362554e+00 2.491467e+00 2.574551e+00 2.561987e+00 2.341465e+00 2.054807e+00 5.610018e-01 1.768260e-01 1.609616e-01 2.251483e-01 2.957407e-01 3.609438e-01 3.821570e-01 4.277364e-01 4.613032e-01 4.752499e-01 4.830119e-01 4.420283e-01 3.954638e-01 1.108977e-01
<GCONST> 9.897166e+01
<MIXTURE> 5 8.258945e-02
<MEAN> 39
 -1.282587e+01 -9.144516e+00 -1.164199e+01 -1.051990e+01 -1.160560e+01 -1.804303e+01 -1.393042e+01 -1.247858e+01 -7.752762e+00 -3.821549e+00 -8.594330e+00 -2.925271e+00 5.689711e+01 2.416626e-01 4.175563e-01 5.189414e-01 4.557747e-01 2.357836e-01 -2.215923e-02 -2.751702e-01 -4.005148e-01 -3.832474e-01 -2.552759e-01 -1.333324e-01 -2.032273e-02 8.535627e-02 -1.624430e-02 2.238166e-02 4.753921e-02 7.683814e-02 1.537023e-01 1.175039e-01 4.498171e-02 -8.278991e-02 -1.459681e-01 -1.545687e-01 -6.438323e-02 -3.189385e-02 1.808876e-02
<VARIANCE> 39
 1.881253e+00 3.108686e+00 4.317771e+00 5.748960e+00 8.581476e+00 1.091260e+01 1.148759e+01 1.238344e+01 1.389307e+01 1.432866e+01 1.387538e+01 1.394341e+01 9.085215e-01 1.451342e-01 2.537983e-01 4.154269e-01 6.584691e-01 9.481404e-01 1.205300e+00 1.353031e+00 1.491077e+00 1.543108e+00 1.546219e+00 1.559400e+00 1.553797e+00 4.444360e-02 2.942656e-02 5.496957e-02 8.386461e-02 1.174352e-01 1.660879e-01 2.163238e-01 2.480852e-01 2.726158e-01 2.952555e-01 3.076304e-01 3.078929e-01 3.063414e-01 9.199203e-03
<GCONST> 6.497829e+01
<MIXTURE> 6 9.047589e-02
<MEAN> 39
 -1.524756e+01 -1.013551e+01 -1.345995e+01 -1.335904e+01 -1.181862e+01 -1.623007e+01 -1.008764e+01 -8.067666e+00 -2.422256e+00 -4.503436e-02 -3.294519e+00 6.924230e-01 5.687088e+01 1.200575e-03 1.837444e-03 4.834058e-03 1.402233e-02 5.442085e-03 1.724713e-02 5.421123e-03 1.354452e-02 1.128684e-02 2.529297e-02 1.686553e-02 1.327996e-02 -2.594806e-02 2.877199e-02 7.562321e-02 1.183296e-01 1.271175e-01 9.889223e-02 -2.310835e-02 -1.518150e-01 -3.100987e-01 -4.550932e-01 -5.290032e-01 -4.474989e-01 -2.890987e-01 2.870307e-02
<VARIANCE> 39
 6.555256e+00 5.735498e+00 7.476124e+00 9.530223e+00 1.272023e+01 1.527941e+01 1.852176e+01 1.775992e+01 1.695129e+01 1.326530e+01 1.381200e+01 1.496689e+01 4.613658e+00 2.006222e-01 3.491727e-01 5.544776e-01 7.984816e-01 1.064351e+00 1.338774e+00 1.556191e+00 1.784290e+00 1.899010e+00 1.860720e+00 1.779706e+00 1.640326e+00 7.081522e-02 4.090643e-02 7.206296e-02 1.116561e-01 1.571641e-01 2.022227e-01 2.568147e-01 3.124762e-01 3.479297e-01 3.390166e-01 2.961996e-01 3.081399e-01 3.145696e-01 1.295735e-02
<GCONST> 7.647536e+01
<MIXTURE> 7 5.811178e-02
<MEAN> 39
 -1.740225e+01 -9.278149e+00 -1.081219e+01 -1.380378e+01 -9.260305e+00 -1.699093e+01 -9.832831e+00 -8.460793e+00 -3.280989e+00 -3.654155e+00 -3.028269e+00 4.136292e-01 6.154338e+01 2.337637e-02 -3.409626e-02 -3.612660e-02 6.902254e-02 4.364211e-02 1.534999e-01 1.886262e-01 2.614646e-01 2.597459e-01 2.678341e-01 1.630749e-01 1.295435e-01 -1.189405e-01 2.279979e-02 -8.393042e-03 -3.809164e-02 2.202598e-02 -1.933238e-02 1.290887e-02 -3.092431e-02 -7.874499e-02 -8.920806e-02 -5.825372e-02 -1.580194e-01 -1.218840e-01 -2.933747e-02
<VARIANCE> 39
 1.884381e+01 1.484542e+01 1.872902e+01 1.686905e+01 3.143694e+01 2.945336e+01 3.184477e+01 3.308199e+01 3.413917e+01 2.746616e+01 2.444234e+01 2.348035e+01 8.716198e+00 2.697721e-01 4.193842e-01 6.891267e-01 9.214760e-01 1.249511e+00 1.491173e+00 1.680336e+00 1.854344e+00 1.913806e+00 1.919753e+00 1.826057e+00 1.712773e+00 1.569362e-01 4.533641e-02 7.793395e-02 1.272491e-01 1.838190e-01 2.591789e-01 3.229229e-01 3.743268e-01 4.150804e-01 4.118168e-01 3.795014e-01 3.716597e-01 3.582543e-01 1.750643e-02
<GCONST> 9.027264e+01
<MIXTURE> 8 3.558730e-02
<MEAN> 39
 -1.552276e+01 -9.928007e+00 -1.058453e+01 -1.501966e+01 -7.118063e+00 -1.505634e+01 -7.466728e+00 -6.974626e+00 -2.667249e+00 -3.618808e+00 -2.749935e+00 -8.626665e-01 6.779122e+01 1.216491e-01 1.027286e-01 -9.774435e-02 1.837055e-01 -7.427927e-02 -8.031554e-02 -2.152687e-01 -3.334619e-01 -3.169634e-01 -1.279156e-01 -2.501967e-01 -1.095615e-01 -4.499939e-01 6.610801e-02 3.992422e-02 4.646531e-02 1.166853e-01 -1.238307e-01 -1.090730e-01 -1.970040e-01 -1.687181e-01 -1.480027e-01 -4.405827e-02 -1.442715e-01 -4.825883e-02 -1.683630e-01
<VARIANCE> 39
 6.213360e+01 4.664679e+01 6.212383e+01 5.093796e+01 8.553997e+01 6.953093e+01 6.936168e+01 6.911083e+01 6.581968e+01 6.148374e+01 5.424073e+01 4.566296e+01 4.561028e+01 8.223372e-01 1.062534e+00 1.571615e+00 1.905187e+00 2.404831e+00 2.622054e+00 3.093933e+00 3.281832e+00 3.153227e+00 2.970020e+00 2.783494e+00 2.482142e+00 1.001058e+00 1.767558e-01 2.082942e-01 3.258211e-01 3.990479e-01 4.928057e-01 5.374942e-01 6.281524e-01 6.690816e-01 6.604324e-01 6.383314e-01 5.894897e-01 5.199531e-01 1.259051e-01
<GCONST> 1.224514e+02
<MIXTURE> 9 6.727760e-02
<MEAN> 39
 -1.310856e+01 -8.196068e+00 -1.035920e+01 -9.516871e+00 -1.015484e+01 -1.802588e+01 -1.526385e+01 -1.639316e+01 -1.264312e+01 -8.859292e+00 -1.105748e+01 -4.360363e+00 5.757056e+01 4.068165e-02 7.501804e-02 1.467621e-01 2.161704e-01 2.091087e-01 2.301079e-01 1.976943e-01 1.989069e-01 2.416273e-01 3.153039e-01 2.825397e-01 2.012724e-01 -1.563434e-02 -6.218560e-02 -9.643590e-02 -1.347828e-01 -1.355377e-01 -2.804400e-02 1.069115e-01 3.069813e-01 5.099447e-01 6.178911e-01 5.457937e-01 3.610375e-01 1.614962e-01 -9.503020e-04
<VARIANCE> 39
 3.770673e+00 4.738084e+00 6.096909e+00 8.308112e+00 1.195124e+01 1.425283e+01 1.478150e+01 1.416732e+01 1.448170e+01 1.397945e+01 1.565702e+01 1.579906e+01 1.850484e+00 2.227196e-01 3.562029e-01 5.506024e-01 7.878400e-01 1.007949e+00 1.245629e+00 1.473650e+00 1.692571e+00 1.809940e+00 1.728836e+00 1.618498e+00 1.541211e+00 7.648741e-02 4.211124e-02 6.760699e-02 1.007524e-01 1.504944e-01 2.163259e-01 2.633720e-01 2.939830e-01 2.992465e-01 2.894477e-01 2.915921e-01 3.306666e-01 3.337037e-01 1.455165e-02
<GCONST> 7.340778e+01
<MIXTURE> 10 5.480346e-02
<MEAN> 39
 -1.365719e+01 -1.009541e+01 -1.206521e+01 -9.645444e+00 -9.107860e+00 -1.459330e+01 -1.010011e+01 -9.407737e+00 -5.591786e+00 -2.630774e+00 -8.197626e+00 -3.178387e+00 5.665974e+01 3.626498e-02 5.291373e-02 6.533429e-02 9.674175e-02 1.273634e-01 1.733500e-01 2.021918e-01 2.492909e-01 2.612720e-01 2.737357e-01 2.468991e-01 1.833794e-01 4.322981e-03 7.998092e-02 1.584328e-01 1.264782e-01 -3.044298e-02 -1.575231e-01 -3.244887e-01 -4.277028e-01 -4.699859e-01 -4.006870e-01 -2.768212e-01 -6.700914e-02 2.014421e-02 6.015275e-02
<VARIANCE> 39
 2.015823e+00 3.005368e+00 4.328431e+00 5.893718e+00 8.997065e+00 1.050780e+01 1.058867e+01 1.146437e+01 1.314126e+01 1.360360e+01 1.264840e+01 1.338346e+01 1.029478e+00 1.788112e-01 3.148493e-01 4.995615e-01 7.471685e-01 9.981303e-01 1.222450e+00 1.420015e+00 1.625816e+00 1.742013e+00 1.721492e+00 1.655489e+00 1.605175e+00 5.611092e-02 3.084718e-02 5.408389e-02 8.779876e-02 1.312460e-01 1.792141e-01 2.110261e-01 2.262910e-01 2.559197e-01 2.865484e-01 2.924592e-01 2.933091e-01 3.033923e-01 1.031702e-02
<GCONST> 6.632511e+01
<MIXTURE> 11 6.691935e-02
<MEAN> 39
 -1.265657e+01 -8.743953e+00 -1.092400e+01 -9.414068e+00 -1.026064e+01 -1.715936e+01 -1.414575e+01 -1.374724e+01 -9.033436e+00 -4.508764e+00 -8.746180e+00 -2.956867e+00 5.701505e+01 1.002015e-01 1.399848e-01 1.308086e-01 3.520924e-02 -1.682563e-01 -3.973962e-01 -6.950831e-01 -9.420251e-01 -1.076944e+00 -1.011152e+00 -7.858299e-01 -4.179883e-01 1.852933e-02 -5.537069e-02 -5.041809e-02 -6.810310e-02 -9.481591e-02 -3.501265e-02 1.881245e-02 1.319496e-01 1.574125e-01 9.306043e-02 -1.381823e-02 -8.736303e-03 -1.565104e-02 2.215254e-03
<VARIANCE> 39
 2.061663e+00 3.124427e+00 4.444754e+00 6.575540e+00 9.509743e+00 1.187933e+01 1.208685e+01 1.194996e+01 1.274156e+01 1.310804e+01 1.441565e+01 1.461470e+01 9.419859e-01 1.497542e-01 2.692895e-01 4.444910e-01 6.892259e-01 9.587992e-01 1.155587e+00 1.291599e+00 1.366957e+00 1.394896e+00 1.404929e+00 1.457082e+00 1.500298e+00 4.698585e-02 2.883326e-02 5.275880e-02 8.221065e-02 1.278796e-01 1.812610e-01 2.305518e-01 2.484650e-01 2.569715e-01 2.617736e-01 2.809441e-01 3.126900e-01 3.180693e-01 9.132889e-03
<GCONST> 6.511443e+01
<MIXTURE> 12 9.219635e-02
<MEAN> 39
 -1.364576e+01 -1.011102e+01 -1.325347e+01 -1.243349e+01 -1.258476e+01 -1.906903e+01 -1.488996e+01 -1.396709e+01 -9.394456e+00 -5.602884e+00 -9.733541e+00 -3.881093e+00 5.690676e+01 -8.860270e-02 -1.733294e-01 -2.040291e-01 -1.626261e-01 -1.108461e-01 2.405342e-02 1.107814e-01 1.910162e-01 2.024761e-01 1.793608e-01 7.553343e-02 2.382397e-02 -6.560906e-02 5.374076e-02 1.533399e-01 2.500660e-01 2.845376e-01 2.868182e-01 2.290242e-01 1.939721e-01 1.507457e-01 1.260250e-01 1.015248e-01 1.362798e-01 1.097025e-01 4.511565e-02
<VARIANCE> 39
 2.785614e+00 3.632760e+00 4.570605e+00 6.364484e+00 9.557799e+00 1.189532e+01 1.260798e+01 1.381178e+01 1.553859e+01 1.506040e+01 1.563539e+01 1.522798e+01 1.366740e+00 1.774538e-01 3.034800e-01 4.937900e-01 7.462991e-01 1.011926e+00 1.258383e+00 1.469120e+00 1.683493e+00 1.786319e+00 1.761251e+00 1.702921e+00 1.609853e+00 5.862186e-02 3.428710e-02 5.679210e-02 8.007804e-02 1.188880e-01 1.765112e-01 2.323544e-01 2.710955e-01 3.088760e-01 3.256934e-01 3.224783e-01 3.344241e-01 3.321729e-01 1.126194e-02
<GCONST> 6.953449e+01
<MIXTURE> 13 6.768655e-02
<MEAN> 39
 -1.604912e+01 -8.327634e+00 -1.095595e+01 -1.174374e+01 -8.557058e+00 -1.673862e+01 -1.073412e+01 -1.080465e+01 -6.190201e+00 -5.589659e+00 -6.094509e+00 -2.095313e+00 5.950586e+01 1.814196e-01 2.619767e-02 1.156785e-02 9.266463e-02 -3.167589e-01 -3.705643e-01 -6.651047e-01 -7.947628e-01 -8.577235e-01 -6.984298e-01 -7.276921e-01 -3.998834e-01 -1.681054e-01 3.438205e-02 -5.015014e-02 -5.880183e-02 -5.865486e-02 -1.289476e-01 -7.110398e-02 -1.094917e-01 -6.761114e-02 -2.469464e-02 5.817594e-02 -4.297528e-02 -1.713622e-02 -1.693570e-02
<VARIANCE> 39
 9.850044e+00 9.726323e+00 1.222402e+01 1.313212e+01 1.806421e+01 1.987274e+01 2.073946e+01 2.246891e+01 2.376791e+01 2.107062e+01 2.018376e+01 2.013450e+01 4.624335e+00 3.595533e-01 4.734651e-01 7.215827e-01 9.675398e-01 1.218767e+00 1.423253e+00 1.601441e+00 1.708384e+00 1.789763e+00 1.795524e+00 1.698311e+00 1.672152e+00 1.655990e-01 5.567855e-02 7.996616e-02 1.266205e-01 1.819813e-01 2.366313e-01 2.896436e-01 3.340408e-01 3.611130e-01 3.842040e-01 3.673036e-01 3.703195e-01 3.559171e-01 2.133992e-02
<GCONST> 8.512868e+01
<MIXTURE> 14 5.716843e-02
<MEAN> 39
 -1.219390e+01 -7.658851e+00 -9.656997e+00 -8.789474e+00 -1.045993e+01 -1.797141e+01 -1.536625e+01 -1.603417e+01 -1.222523e+01 -8.058249e+00 -1.116254e+01 -4.168757e+00 5.733501e+01 5.133894e-03 -4.193679e-02 -9.051035e-02 -1.362099e-01 -2.273594e-01 -2.301222e-01 -2.504362e-01 -2.529767e-01 -2.913940e-01 -3.189522e-01 -3.541308e-01 -2.344701e-01 -2.528506e-02 -1.324723e-01 -1.912905e-01 -2.282564e-01 -1.807590e-01 -1.293744e-02 1.189438e-01 2.860082e-01 4.305072e-01 5.070655e-01 4.477623e-01 3.299075e-01 1.378398e-01 -2.847021e-02
<VARIANCE> 39
 2.439419e+00 3.533911e+00 5.199344e+00 7.761687e+00 1.042351e+01 1.315644e+01 1.399152e+01 1.345831e+01 1.337033e+01 1.320435e+01 1.408845e+01 1.437897e+01 1.057724e+00 1.802744e-01 3.260918e-01 5.185390e-01 7.304111e-01 9.444966e-01 1.165037e+00 1.379347e+00 1.541026e+00 1.620018e+00 1.562337e+00 1.490209e+00 1.456907e+00 5.583527e-02 3.132473e-02 5.725149e-02 9.334137e-02 1.475670e-01 1.983425e-01 2.502041e-01 2.844990e-01 2.910555e-01 2.815765e-01 2.822993e-01 3.042079e-01 3.113338e-01 9.641660e-03
<GCONST> 6.845858e+01
<MIXTURE> 15 6.501968e-02
<MEAN> 39
 -1.263985e+01 -8.515692e+00 -1.028821e+01 -8.538191e+00 -9.589300e+00 -1.653817e+01 -1.340280e+01 -1.321442e+01 -8.799523e+00 -4.563172e+00 -8.906313e+00 -3.094344e+00 5.700562e+01 -2.009953e-01 -3.397616e-01 -3.927426e-01 -3.298500e-01 -2.005821e-01 2.250179e-02 2.185132e-01 3.702420e-01 4.177274e-01 3.629985e-01 1.684695e-01 2.603375e-02 -1.062703e-01 -6.122415e-02 -8.530656e-02 -1.576911e-01 -2.202768e-01 -1.555275e-01 -9.541038e-02 -2.004186e-02 -8.077584e-04 -3.240353e-02 -8.258071e-02 -4.926766e-02 -4.074545e-02 -3.620412e-03
<VARIANCE> 39
 2.054317e+00 3.061172e+00 4.186574e+00 5.897694e+00 9.260242e+00 1.157971e+01 1.193817e+01 1.215915e+01 1.346232e+01 1.369074e+01 1.441157e+01 1.446300e+01 9.565545e-01 1.552936e-01 2.841891e-01 4.637452e-01 7.035207e-01 9.563530e-01 1.162352e+00 1.309512e+00 1.416797e+00 1.468618e+00 1.459319e+00 1.473485e+00 1.501436e+00 4.836232e-02 2.861937e-02 5.206205e-02 8.018735e-02 1.195149e-01 1.774700e-01 2.234967e-01 2.451758e-01 2.602484e-01 2.759264e-01 2.877903e-01 3.109707e-01 3.126798e-01 8.944253e-03
<GCONST> 6.518114e+01
<MIXTURE> 16 4.263431e-02
<MEAN> 39
 -1.355067e+01 -1.010688e+01 -1.225690e+01 -1.008578e+01 -9.646532e+00 -1.504251e+01 -1.044964e+01 -9.653258e+00 -5.888360e+00 -2.753876e+00 -8.322588e+00 -3.157274e+00 5.662459e+01 -8.937659e-02 -1.614273e-01 -2.215905e-01 -2.620264e-01 -3.204388e-01 -3.246128e-01 -3.489467e-01 -3.570503e-01 -3.944822e-01 -3.971263e-01 -3.987890e-01 -2.915152e-01 -6.326218e-02 4.878775e-02 1.203011e-01 1.035122e-01 -1.541002e-02 -1.366747e-01 -3.080417e-01 -4.348277e-01 -4.974647e-01 -4.358527e-01 -3.207162e-01 -1.200709e-01 -2.357127e-02 3.904594e-02
<VARIANCE> 39
 2.067960e+00 3.052459e+00 4.436662e+00 6.181089e+00 9.004376e+00 1.063764e+01 1.095175e+01 1.174428e+01 1.363716e+01 1.399008e+01 1.310509e+01 1.348493e+01 1.031288e+00 1.616774e-01 2.987695e-01 4.787557e-01 7.170797e-01 9.533541e-01 1.193306e+00 1.397434e+00 1.591142e+00 1.702131e+00 1.689869e+00 1.598975e+00 1.545677e+00 5.057874e-02 2.893941e-02 5.396128e-02 8.739112e-02 1.304592e-01 1.766817e-01 2.085557e-01 2.254483e-01 2.528127e-01 2.874074e-01 3.003136e-01 3.010179e-01 3.055657e-01 9.069954e-03
<GCONST> 6.587186e+01
~h "sp"
<BEGINHMM>
<NUMSTATES> 3
<STATE> 2
~s "silst"
<TRANSP> 3
 0.000000e+00 6.075951e-01 3.924048e-01
 0.000000e+00 9.842347e-01 1.576534e-02
 0.000000e+00 0.000000e+00 0.000000e+00
<ENDHMM>
~h "oov"
<BEGINHMM>
<NUMSTATES> 3
<STATE> 2
<NUMMIXES> 16
<MIXTURE> 1 7.314331e-02
<MEAN> 39
 -1.456727e+01 -4.942850e+00 -9.355457e+00 -1.239288e+01 -9.003124e+00 -1.996280e+01 -9.709636e+00 -7.376354e+00 -1.079178e+00 -1.926773e+00 -9.023804e-01 3.364928e-01 6.672357e+01 1.017806e+00 -3.008317e-01 3.279879e-01 -1.141564e+00 -9.270952e-01 -7.007915e-01 1.572400e-02 9.470173e-01 9.094536e-01 4.611624e-01 8.139059e-01 3.414066e-01 1.636725e+00 2.467865e-01 -3.413776e-01 -8.245274e-02 -3.394709e-01 -1.757303e-01 2.098351e-01 2.941543e-02 1.031480e-02 -2.086637e-01 -1.592200e-01 -2.348638e-01 -1.735134e-01 2.711853e-01
<VARIANCE> 39
 5.206720e+01 3.485718e+01 4.149908e+01 3.349943e+01 6.236506e+01 6.095752e+01 5.637894e+01 4.817852e+01 4.620243e+01 4.925890e+01 3.733625e+01 3.319221e+01 1.675182e+01 7.468337e+00 4.217869e+00 6.114824e+00 5.426293e+00 8.849050e+00 7.590161e+00 7.725251e+00 7.930111e+00 6.782417e+00 6.618391e+00 6.112114e+00 5.019490e+00 2.826159e+00 5.179192e-01 4.040933e-01 4.764223e-01 5.270457e-01 7.590448e-01 8.356988e-01 8.272015e-01 8.353673e-01 7.405846e-01 7.630812e-01 7.154897e-01 6.264058e-01 2.580611e-01
<GCONST> 1.372818e+02
<MIXTURE> 2 4.184004e-02
<MEAN> 39
 -2.152959e+01 -4.066692e+00 -8.780517e+00 -1.186121e+01 -3.070646e+00 -1.571932e+01 -4.950255e+00 -6.692813e+00 -1.575197e+00 -5.347357e+00 6.276194e-01 -1.511645e+00 7.129963e+01 -1.264836e-01 1.319586e-01 2.095164e-01 3.203534e-01 4.188660e-01 3.779567e-01 3.858009e-01 4.497498e-01 4.495153e-01 3.060497e-01 2.442504e-01 1.234540e-01 -1.147909e-01 1.665183e-01 -9.505585e-02 1.670210e-03 -6.644820e-02 -1.479894e-01 -2.379122e-02 -6.676297e-02 -4.702230e-02 -1.649343e-02 6.349577e-02 -4.660531e-02 2.063599e-02 -5.140913e-02
<VARIANCE> 39
 8.514780e+01 1.019023e+02 7.860216e+01 7.162072e+01 9.466498e+01 7.457964e+01 8.746291e+01 9.234477e+01 7.786823e+01 6.848175e+01 8.500896e+01 5.113637e+01 3.870914e+01 4.368300e-01 7.880461e-01 1.027338e+00 1.297504e+00 1.716943e+00 1.984740e+00 2.229425e+00 2.309083e+00 2.351185e+00 2.288403e+00 2.181924e+00 1.968628e+00 2.912409e-01 9.685348e-02 1.545502e-01 1.858383e-01 2.636345e-01 3.442499e-01 4.001740e-01 4.631071e-01 4.909413e-01 4.675069e-01 4.489767e-01 4.307317e-01 3.807798e-01 3.475089e-02
<GCONST> 1.144378e+02
<MIXTURE> 3 4.597188e-02
<MEAN> 39
 -2.159775e+00 -8.382878e+00 -1.635359e+01 -2.269127e+01 -1.010884e+01 -1.185623e+01 -1.137967e+01 -1.102594e+01 -4.004188e+00 2.042972e+00 3.376526e-01 5.339133e-01 7.107503e+01 1.354297e-01 1.087581e-02 -1.516457e-01 8.316906e-02 2.315504e-01 4.732258e-01 1.748801e-01 3.901120e-02 2.890993e-01 5.580400e-01 2.818317e-01 1.603144e-01 -1.894205e-01 -3.702671e-01 -9.963696e-02 2.944714e-01 3.154016e-01 9.950531e-02 -2.106771e-01 5.853458e-02 3.600979e-01 2.151553e-01 -1.718243e-01 -9.218619e-02 -2.836116e-02 -7.363737e-03
<VARIANCE> 39
 1.256775e+01 3.734626e+01 3.669711e+01 6.772276e+01 7.030321e+01 9.296021e+01 7.237194e+01 7.011435e+01 8.645690e+01 8.891930e+01 9.906289e+01 9.041351e+01 2.021051e+01 1.090912e+00 1.801968e+00 1.905738e+00 3.607013e+00 3.286213e+00 4.470815e+00 4.113938e+00 4.509786e+00 4.569582e+00 4.161288e+00 4.345521e+00 3.797248e+00 1.357011e+00 1.649559e-01 2.298006e-01 3.005031e-01 6.036179e-01 5.661318e-01 6.557540e-01 7.092692e-01 7.851037e-01 8.190587e-01 7.887164e-01 7.932435e-01 7.347372e-01 1.635494e-01
<GCONST> 1.289394e+02
<MIXTURE> 4 6.345309e-02
<MEAN> 39
 -6.355844e+00 -1.331696e+01 -1.186205e+01 -1.963242e+01 -9.115586e+00 -1.603212e+01 -1.274548e+01 -4.666674e+00 1.914573e+00 2.015281e-02 -8.652050e-01 -3.009041e+00 7.576096e+01 5.862218e-01 -1.612095e+00 -2.936895e-01 -1.064099e+00 1.777932e-01 5.920751e-01 4.547044e-01 1.419687e+00 5.806422e-01 -2.468705e-01 7.313959e-02 -1.710738e-01 1.776943e+00 -4.456031e-01 2.948476e-01 1.551288e-01 4.229111e-01 8.856024e-02 1.298965e-02 3.440171e-01 -2.543018e-01 -5.208992e-01 -2.696674e-01 -1.327118e-01 1.775812e-01 -4.395622e-01
<VARIANCE> 39
 2.417710e+01 4.679646e+01 7.294761e+01 6.838284e+01 9.931420e+01 1.319183e+02 1.028172e+02 9.214574e+01 8.948715e+01 9.005505e+01 1.042908e+02 8.190894e+01 3.519564e+01 3.432542e+00 3.587016e+00 4.885569e+00 5.972863e+00 6.857285e+00 7.869599e+00 7.016047e+00 7.502013e+00 6.864842e+00 6.557314e+00 6.081881e+00 5.843931e+00 3.108222e+00 4.191437e-01 5.226693e-01 7.357705e-01 8.658220e-01 1.125344e+00 1.275264e+00 1.190907e+00 1.304421e+00 1.188178e+00 1.123405e+00 1.146192e+00 9.461792e-01 4.182608e-01
<GCONST> 1.481466e+02
<MIXTURE> 5 4.828922e-02
<MEAN> 39
 -6.553047e+00 -1.748794e+01 -8.758461e+00 -2.006829e+01 -1.124619e+01 -1.486304e+01 -8.214117e+00 -1.721000e+00 -2.132892e+00 -3.694797e+00 -1.938705e+00 -2.301980e+00 7.756889e+01 1.225437e-01 2.391862e-01 4.601296e-02 2.600920e-01 5.672881e-02 1.293132e-01 2.148605e-01 1.516608e-01 1.569485e-01 3.345764e-01 2.020903e-01 2.738294e-01 -3.022879e-01 1.381968e-02 2.586429e-01 -1.109942e-02 1.894326e-01 2.893152e-02 -2.799541e-02 1.906547e-02 -5.750724e-02 1.237945e-01 1.687267e-01 4.137257e-02 1.054585e-01 -1.715001e-01
<VARIANCE> 39
 1.971057e+01 3.989933e+01 9.339423e+01 7.512704e+01 1.536829e+02 1.452507e+02 1.352768e+02 1.090221e+02 1.032644e+02 8.738352e+01 9.921970e+01 1.033598e+02 2.549265e+01 4.305202e-01 1.049266e+00 1.517809e+00 1.714896e+00 2.390963e+00 2.637741e+00 3.152846e+00 3.297397e+00 3.143696e+00 2.867814e+00 2.746040e+00 2.577296e+00 5.183820e-01 6.795653e-02 1.533491e-01 2.240068e-01 2.892642e-01 3.959022e-01 4.644165e-01 5.581063e-01 5.834873e-01 5.840012e-01 5.268623e-01 5.194945e-01 4.858832e-01 6.968126e-02
<GCONST> 1.209032e+02
<MIXTURE> 6 6.982497e-02
<MEAN> 39
 -9.552325e+00 -8.092517e+00 -1.357611e+01 -1.615575e+01 -1.316493e+01 -1.685807e+01 -1.152489e+01 -9.002524e+00 -3.796422e+00 -1.977077e+00 -4.588564e+00 -5.883712e-01 6.319674e+01 -2.219436e-01 4.281871e-02 1.123837e-01 2.112567e-01 5.116794e-02 3.012864e-02 5.808805e-02 7.414028e-02 2.163955e-02 8.803935e-02 6.202703e-02 1.096789e-01 -3.435883e-01 -3.384662e-02 2.836825e-02 1.423340e-01 1.797420e-01 1.568296e-01 2.493712e-02 -2.004840e-02 -6.384906e-02 -7.554867e-02 -3.710375e-02 6.986763e-02 3.092085e-02 4.729232e-02
<VARIANCE> 39
 2.321210e+01 1.751536e+01 2.873448e+01 2.483978e+01 3.398679e+01 4.084196e+01 3.738184e+01 4.424856e+01 4.845650e+01 4.136096e+01 4.082021e+01 3.374829e+01 1.021240e+01 3.852862e-01 5.483415e-01 9.235187e-01 1.100108e+00 1.429701e+00 1.869667e+00 2.042162e+00 2.244630e+00 2.246510e+00 2.260219e+00 2.150026e+00 1.960081e+00 2.202595e-01 6.055137e-02 8.759864e-02 1.397206e-01 1.729636e-01 2.367150e-01 3.022226e-01 3.610817e-01 4.155668e-01 4.340211e-01 4.327834e-01 4.084085e-01 3.796017e-01 2.751319e-02
<GCONST> 9.794859e+01
<MIXTURE> 7 8.083590e-02
<MEAN> 39
 -2.079133e+01 -2.110442e+00 -5.579439e+00 -1.504567e+01 -6.995215e+00 -1.934689e+01 -7.126461e+00 -8.950120e+00 -2.092660e+00 -4.563510e+00 -1.543152e-01 -6.043938e-01 7.239788e+01 -2.444996e-01 4.496696e-01 1.216447e-01 1.840554e-01 -1.837460e-01 -5.190027e-01 7.007138e-02 -1.507768e-01 9.730180e-02 -5.719567e-02 1.821949e-01 5.673477e-02 3.425814e-01 5.848805e-01 -2.955661e-01 -2.340146e-01 4.922929e-02 -2.750476e-01 2.391933e-02 -1.856589e-01 9.394912e-02 -5.339179e-04 1.235550e-01 -1.519315e-01 -3.119503e-02 -1.847596e-01
<VARIANCE> 39
 5.931171e+01 6.327269e+01 8.953400e+01 7.551514e+01 1.221459e+02 9.661949e+01 8.943552e+01 8.391705e+01 7.314552e+01 7.094390e+01 6.115796e+01 4.818063e+01 2.917070e+01 5.701467e+00 3.576977e+00 3.569733e+00 3.713676e+00 6.335935e+00 5.400727e+00 5.650301e+00 5.077071e+00 4.619151e+00 4.372454e+00 4.185064e+00 3.459345e+00 1.637875e+00 7.086655e-01 5.367883e-01 6.960166e-01 7.346038e-01 1.213149e+00 1.168495e+00 1.101125e+00 1.114076e+00 1.000803e+00 9.520517e-01 8.729036e-01 7.216125e-01 2.840259e-01
<GCONST> 1.427489e+02
<MIXTURE> 8 5.222444e-02
<MEAN> 39
 -1.254700e+01 -7.736789e+00 -1.111333e+01 -1.101414e+01 -9.792595e+00 -1.715566e+01 -1.249718e+01 -1.184566e+01 -7.073349e+00 -4.312252e+00 -7.202351e+00 -2.378852e+00 5.995807e+01 -9.530029e-02 1.199964e-01 5.388868e-01 -7.120035e-01 4.492929e-01 -9.151831e-02 5.174499e-01 1.170538e+00 1.062268e+00 6.198775e-01 1.282672e+00 5.213729e-01 1.373387e+00 8.532681e-02 -1.086376e-01 3.967381e-02 -4.997452e-01 3.117953e-02 -1.239004e-01 2.550464e-01 5.138637e-01 4.683800e-01 1.910031e-01 4.021283e-01 1.736030e-01 8.180095e-01
<VARIANCE> 39
 1.482259e+01 1.096617e+01 1.664984e+01 1.552892e+01 2.128659e+01 2.291521e+01 2.486990e+01 2.694283e+01 2.752334e+01 2.761829e+01 2.540869e+01 2.278855e+01 7.352285e+00 4.218377e+00 2.339723e+00 4.144968e+00 3.454870e+00 5.110523e+00 4.598917e+00 4.876458e+00 5.056152e+00 4.758438e+00 4.819480e+00 4.225343e+00 3.532411e+00 1.670631e+00 4.597770e-01 4.457362e-01 6.139434e-01 5.344053e-01 8.243315e-01 7.620535e-01 7.715326e-01 8.443363e-01 7.762901e-01 7.866234e-01 7.223621e-01 6.464205e-01 2.267065e-01
<GCONST> 1.213407e+02
<MIXTURE> 9 6.992187e-02
<MEAN> 39
 -1.031796e+01 -1.489186e+01 -1.902258e+01 -1.428482e+01 -1.244099e+00 -1.005722e+01 -3.955762e+00 -4.060935e+00 1.732889e+00 -3.593769e+00 -6.106780e+00 -3.550884e+00 7.331382e+01 -2.277648e-01 4.264577e-01 -1.840035e-03 4.271917e-01 -2.898665e-02 -1.111944e-01 -3.011648e-01 -5.820510e-01 -4.005304e-01 -1.771146e-01 -2.754358e-01 1.026257e-01 -8.095370e-01 2.641555e-02 1.623948e-01 3.413293e-01 -1.140842e-01 -4.011058e-01 -3.417937e-01 -4.061838e-01 -2.565836e-01 -2.535033e-01 2.096605e-02 1.941409e-01 1.086943e-01 -1.063471e-01
<VARIANCE> 39
 5.024103e+01 4.201443e+01 4.103390e+01 4.180132e+01 6.541716e+01 9.484099e+01 6.824924e+01 6.515816e+01 6.273780e+01 6.015128e+01 5.647839e+01 6.086975e+01 5.591309e+01 1.390529e+00 1.694053e+00 1.979623e+00 2.146493e+00 3.396043e+00 3.827658e+00 3.834811e+00 4.096599e+00 3.731909e+00 3.520987e+00 3.367677e+00 2.923494e+00 1.229874e+00 2.141448e-01 2.529400e-01 3.096315e-01 3.609217e-01 4.826005e-01 6.355246e-01 6.155188e-01 6.844224e-01 6.615496e-01 6.348479e-01 5.872623e-01 5.369913e-01 1.856594e-01
<GCONST> 1.261478e+02
<MIXTURE> 10 9.164763e-02
<MEAN> 39
 -8.036956e+00 -6.311382e+00 -3.821867e+00 -1.424465e+01 -1.846064e+01 -2.347170e+01 -1.216442e+01 -1.021857e+01 -5.604098e+00 -2.478912e-01 -1.604134e+00 1.690586e+00 6.767422e+01 -1.101182e-01 1.626650e-01 -4.091613e-01 2.808461e-01 3.770528e-01 4.129454e-01 -2.454386e-01 -3.953818e-01 -9.072901e-02 2.523852e-02 -2.286397e-01 -6.537195e-02 -7.000680e-01 -1.747553e-01 -1.934196e-01 -2.010600e-01 -1.075135e-01 2.801247e-01 2.892926e-01 1.741897e-01 2.090485e-01 2.935665e-02 -2.089257e-01 -1.075830e-01 -1.582853e-01 4.250401e-02
<VARIANCE> 39
 1.699026e+01 2.452022e+01 5.472974e+01 5.765235e+01 4.955109e+01 6.527055e+01 6.921840e+01 8.723222e+01 8.466538e+01 7.156240e+01 6.731692e+01 5.779165e+01 1.913595e+01 8.208662e-01 1.172296e+00 2.469692e+00 2.572491e+00 2.767582e+00 3.038359e+00 3.645628e+00 4.304095e+00 3.843557e+00 3.767200e+00 3.537881e+00 3.099863e+00 1.136986e+00 1.014347e-01 1.425485e-01 2.711314e-01 3.614292e-01 3.981660e-01 4.609925e-01 5.687561e-01 6.803434e-01 7.067580e-01 6.341300e-01 5.982779e-01 5.509970e-01 8.307919e-02
<GCONST> 1.207654e+02
<MIXTURE> 11 7.548366e-02
<MEAN> 39
 -7.959937e+00 -1.416751e+01 -3.063673e+00 -1.749950e+01 -1.783769e+01 -2.438844e+01 -7.363347e+00 1.915072e+00 -1.989916e+00 -3.609401e+00 -1.507113e+00 1.825985e+00 7.622344e+01 2.212027e-01 -2.040918e-01 -2.035334e-01 -8.954583e-02 1.741550e-02 2.947029e-01 5.280479e-01 -2.917291e-02 -3.771631e-01 -6.532424e-02 -2.076989e-01 -6.051231e-04 -5.864874e-03 -1.535410e-01 4.552691e-01 -3.844375e-01 2.572015e-01 4.977555e-01 3.980986e-01 -2.232055e-01 -8.066713e-01 -7.877842e-02 1.900938e-01 -5.160938e-02 -1.829097e-01 -5.089645e-01
<VARIANCE> 39
 1.834309e+01 3.790134e+01 8.313413e+01 6.521045e+01 9.747950e+01 9.123322e+01 1.354564e+02 8.601016e+01 1.040099e+02 9.848577e+01 9.591928e+01 8.642662e+01 3.437430e+01 1.440515e+00 2.619627e+00 4.225825e+00 3.598544e+00 5.009865e+00 4.498489e+00 5.766269e+00 6.367132e+00 5.312892e+00 5.151280e+00 4.551744e+00 3.886835e+00 2.111972e+00 2.632603e-01 3.383383e-01 5.809962e-01 6.548454e-01 8.324715e-01 8.908792e-01 1.099189e+00 9.670145e-01 1.058302e+00 1.018597e+00 9.203434e-01 8.108276e-01 2.012095e-01
<GCONST> 1.393249e+02
<MIXTURE> 12 8.834036e-02
<MEAN> 39
 -1.374021e+01 -6.074959e+00 -1.089202e+01 -1.054599e+01 -1.022199e+01 -1.842494e+01 -1.350780e+01 -1.371760e+01 -8.408134e+00 -6.915217e+00 -7.254438e+00 -2.900359e+00 6.183038e+01 -8.432736e-02 7.110485e-04 6.861043e-02 1.429010e-01 -3.164120e-02 -8.375882e-03 -2.149656e-01 -1.195204e-01 -1.178780e-01 -3.636858e-02 -9.320612e-02 -1.255322e-01 -2.203185e-01 9.567864e-02 -5.620570e-02 -4.237812e-03 -2.387731e-01 -4.133124e-02 5.627391e-02 2.571315e-01 4.403039e-01 4.093951e-01 3.546627e-01 3.506373e-01 2.079236e-01 2.225803e-01
<VARIANCE> 39
 3.129512e+01 1.764057e+01 2.093993e+01 1.852473e+01 2.369901e+01 2.595185e+01 2.731564e+01 2.809997e+01 3.145576e+01 2.774498e+01 3.084624e+01 2.480078e+01 1.048704e+01 1.483134e+00 1.033612e+00 1.352167e+00 1.536085e+00 1.979612e+00 2.083924e+00 2.380949e+00 2.668105e+00 2.707450e+00 2.643690e+00 2.530089e+00 2.205704e+00 5.499943e-01 2.132363e-01 1.722603e-01 2.547789e-01 2.770184e-01 3.812665e-01 4.138055e-01 4.385046e-01 4.874111e-01 4.990931e-01 4.957502e-01 4.800490e-01 4.321751e-01 8.997949e-02
<GCONST> 1.055696e+02
<MIXTURE> 13 5.078208e-02
<MEAN> 39
 -9.748420e+00 -9.282861e+00 -1.407655e+01 -1.356511e+01 -1.051680e+01 -1.544484e+01 -9.748410e+00 -8.262050e+00 -4.765107e+00 -2.811485e+00 -6.246710e+00 -8.046964e-01 6.146746e+01 -8.205446e-01 9.798471e-02 3.918813e-01 7.075396e-01 1.802587e-01 -1.091401e-01 -7.605122e-01 -1.165025e+00 -1.217508e+00 -9.048824e-01 -9.111034e-01 -6.024011e-01 -9.512329e-01 3.026212e-02 -1.494399e-02 1.041800e-01 -8.993351e-02 -7.729463e-02 -1.961097e-01 -1.129595e-01 -7.679771e-03 8.289910e-03 -3.368460e-02 6.681091e-02 -3.353213e-02 2.191447e-01
<VARIANCE> 39
 1.073730e+01 1.190453e+01 2.308535e+01 1.933460e+01 2.950754e+01 3.864901e+01 3.201693e+01 3.684289e+01 4.062124e+01 3.918998e+01 4.000984e+01 3.040674e+01 6.297458e+00 5.779319e-01 8.362156e-01 1.505917e+00 1.554760e+00 2.221622e+00 2.721854e+00 2.672602e+00 2.970975e+00 2.925646e+00 3.000879e+00 2.721340e+00 2.518536e+00 3.672000e-01 7.098383e-02 1.065444e-01 1.626067e-01 2.125730e-01 2.775402e-01 3.495519e-01 3.995865e-01 4.503123e-01 4.706095e-01 4.826917e-01 4.548647e-01 4.105130e-01 4.214256e-02
<GCONST> 1.015238e+02
<MIXTURE> 14 5.210054e-02
<MEAN> 39
 -1.568125e+01 -6.369793e+00 -1.002137e+01 -1.407616e+01 -7.064658e+00 -1.416317e+01 -7.781054e+00 -8.318003e+00 -1.715657e+00 -2.874100e+00 -3.897021e-01 4.169988e-01 6.893435e+01 5.144459e-02 -1.107788e-01 -2.140368e-01 -1.597043e-01 -3.566717e-01 -2.547285e-01 -3.582093e-01 -3.047818e-01 -3.352860e-01 -2.631325e-01 -3.758202e-01 -1.594485e-01 -3.780752e-01 4.437590e-02 -6.793156e-02 -6.602838e-02 -7.983796e-02 -1.538458e-01 -1.556909e-01 -1.168890e-01 -8.695429e-02 -1.209050e-01 -1.098948e-01 -1.709023e-01 -1.170143e-01 -2.841024e-02
<VARIANCE> 39
 9.869805e+01 6.591684e+01 7.032645e+01 6.433024e+01 9.645494e+01 6.944373e+01 8.140813e+01 7.098679e+01 6.442944e+01 5.556385e+01 4.753159e+01 3.949099e+01 3.001002e+01 3.610913e-01 5.744896e-01 8.074236e-01 1.075370e+00 1.429695e+00 1.728500e+00 1.940329e+00 2.057486e+00 2.006032e+00 2.047824e+00 1.928267e+00 1.752236e+00 2.572417e-01 6.980546e-02 9.716348e-02 1.442075e-01 2.084657e-01 2.639306e-01 3.226706e-01 3.959146e-01 4.250965e-01 4.124540e-01 4.036554e-01 3.812184e-01 3.410414e-01 2.406524e-02
<GCONST> 1.070131e+02
<MIXTURE> 15 4.605572e-02
<MEAN> 39
 -3.139369e+00 -8.266406e+00 -1.684872e+01 -2.067118e+01 -9.732535e+00 -1.292912e+01 -1.138137e+01 -1.037438e+01 -3.031172e+00 2.118976e+00 -2.817189e-01 3.000485e-01 6.924579e+01 -1.997923e-01 1.694790e-01 -2.568815e-01 4.104632e-01 -6.648261e-02 1.925182e-02 2.235859e-02 -5.960943e-01 -6.447163e-01 -3.991316e-01 -6.630022e-01 -3.739788e-01 -6.564651e-01 -4.600244e-01 -9.973776e-02 3.463881e-01 3.187090e-01 4.510186e-02 -2.654325e-01 -1.556145e-02 1.821617e-01 -2.584301e-02 -3.764474e-01 -2.335067e-01 -1.061326e-01 -5.926805e-02
<VARIANCE> 39
 1.283812e+01 2.813283e+01 3.264381e+01 4.941808e+01 5.382890e+01 7.436951e+01 6.750840e+01 6.334876e+01 7.818195e+01 7.548437e+01 8.424877e+01 6.979790e+01 1.860050e+01 1.564692e+00 1.706736e+00 1.974268e+00 3.539508e+00 2.986209e+00 4.312049e+00 4.023019e+00 4.449922e+00 4.677692e+00 4.292053e+00 4.025820e+00 3.509714e+00 1.462145e+00 1.733782e-01 2.014367e-01 2.712190e-01 4.915340e-01 4.906001e-01 5.871666e-01 6.636699e-01 7.193720e-01 7.793312e-01 7.377522e-01 7.317106e-01 6.485680e-01 1.287633e-01
<GCONST> 1.255862e+02
<MIXTURE> 16 4.848209e-02
<MEAN> 39
 -6.522837e+00 -1.682095e+01 -7.843386e+00 -1.878756e+01 -1.099198e+01 -1.537394e+01 -7.575876e+00 4.087549e-02 -2.860042e+00 -4.366610e+00 -1.775563e+00 -1.760758e+00 7.671948e+01 1.605177e-02 3.257840e-01 -2.543857e-01 1.194835e-01 -2.538210e-01 -3.465729e-01 -3.320133e-01 -7.225742e-01 -5.877135e-01 -2.750181e-01 -4.146435e-01 -1.502065e-01 -5.954011e-01 -4.131114e-02 2.216693e-01 -1.173669e-01 1.080915e-01 -9.181233e-02 -1.763536e-01 -1.462528e-01 -2.984321e-01 6.129104e-03 5.603460e-02 -1.239902e-01 -5.433101e-03 -2.176103e-01
<VARIANCE> 39
 1.938655e+01 3.430929e+01 8.404724e+01 6.749813e+01 1.477765e+02 1.263517e+02 1.421511e+02 1.074094e+02 1.060898e+02 8.486913e+01 9.630602e+01 9.768017e+01 2.843554e+01 4.565708e-01 1.116959e+00 1.571685e+00 1.769877e+00 2.456202e+00 2.724164e+00 3.304265e+00 3.550223e+00 3.371022e+00 3.085032e+00 2.876805e+00 2.661791e+00 6.522748e-01 6.921626e-02 1.514870e-01 2.317987e-01 3.007598e-01 4.204564e-01 4.787415e-01 6.051984e-01 6.233644e-01 6.297533e-01 5.627807e-01 5.495357e-01 5.102607e-01 6.871364e-02
<GCONST> 1.217686e+02
<TRANSP> 3
 0.000000e+00 1.000000e+00 0.000000e+00
 0.000000e+00 9.890760e-01 1.092405e-02
 0.000000e+00 0.000000e+00 0.000000e+00
<ENDHMM>
~h "sil"
<BEGINHMM>
<NUMSTATES> 3
<STATE> 2
~s "silst"
<TRANSP> 3
 0.000000e+00 1.000000e+00 0.000000e+00
 0.000000e+00 9.956843e-01 4.315741e-03
 0.000000e+00 0.000000e+00 0.000000e+00
<ENDHMM>
~h "noise"
<BEGINHMM>
<NUMSTATES> 3
<STATE> 2
~s "silst"
<TRANSP> 3
 0.000000e+00 1.000000e+00 0.000000e+00
 0.000000e+00 9.873015e-01 1.269852e-02
 0.000000e+00 0.000000e+00 0.000000e+00
<ENDHMM>
