~o
<STREAMINFO> 1 22
<VECSIZE> 22<NULLD><MFCC_0><DIAGC>
~h "SIL"
<BEGINHMM>
<NUMSTATES> 5
<STATE> 2
<NUMMIXES> 8
<MIXTURE> 1 1.250000e-01
<MEAN> 22
 1.877383e+01 1.949125e+01 1.299772e+01 1.130126e+01 8.464820e+01 1.044775e+02 1.097265e+02 1.095327e+02 7.505647e+01 7.573883e+01 1.979348e+02 1.856436e+02 1.229792e+02 1.202530e+02 7.011682e+00 4.873831e+00 6.671385e+00 6.073262e+00 6.140773e+00 5.924387e+00 3.815298e+00 4.064278e+00
<VARIANCE> 22
 4.801635e+02 4.063120e+02 3.300595e+02 2.164982e+02 4.956268e+03 5.429985e+03 9.837579e+02 1.115179e+03 2.936362e+02 3.515820e+02 3.745738e+03 4.440754e+03 4.183320e+02 3.870127e+02 6.504288e+00 1.793316e+00 2.326111e+00 1.170389e+00 2.082489e+00 5.618803e+00 6.153808e+00 6.060927e+00
<GCONST> 1.445108e+02
<MIXTURE> 2 1.250000e-01
<MEAN> 22
 1.000877e+01 1.142837e+01 5.730708e+00 5.415712e+00 5.648790e+01 7.500215e+01 9.718052e+01 9.617489e+01 6.820213e+01 6.823861e+01 1.734538e+02 1.589880e+02 1.147980e+02 1.123840e+02 5.991542e+00 4.338173e+00 6.061321e+00 5.640524e+00 5.563539e+00 4.976227e+00 2.823024e+00 3.079520e+00
<VARIANCE> 22
 4.801635e+02 4.063120e+02 3.300595e+02 2.164982e+02 4.956268e+03 5.429985e+03 9.837579e+02 1.115179e+03 2.936362e+02 3.515820e+02 3.745738e+03 4.440754e+03 4.183320e+02 3.870127e+02 6.504288e+00 1.793316e+00 2.326111e+00 1.170389e+00 2.082489e+00 5.618803e+00 6.153808e+00 6.060927e+00
<GCONST> 1.445108e+02
<MIXTURE> 3 1.250000e-01
<MEAN> 22
 1.000877e+01 1.142837e+01 5.730708e+00 5.415711e+00 5.648790e+01 7.500215e+01 9.718052e+01 9.617490e+01 6.820213e+01 6.823861e+01 1.734538e+02 1.589880e+02 1.147980e+02 1.123840e+02 5.991541e+00 4.338172e+00 6.061321e+00 5.640524e+00 5.563539e+00 4.976227e+00 2.823024e+00 3.079520e+00
<VARIANCE> 22
 4.801635e+02 4.063120e+02 3.300595e+02 2.164982e+02 4.956268e+03 5.429985e+03 9.837579e+02 1.115179e+03 2.936362e+02 3.515820e+02 3.745738e+03 4.440754e+03 4.183320e+02 3.870127e+02 6.504288e+00 1.793316e+00 2.326111e+00 1.170389e+00 2.082489e+00 5.618803e+00 6.153808e+00 6.060927e+00
<GCONST> 1.445108e+02
<MIXTURE> 4 1.250000e-01
<MEAN> 22
 1.243720e+00 3.365496e+00 -1.536308e+00 -4.698386e-01 2.832759e+01 4.552678e+01 8.463456e+01 8.281718e+01 6.134780e+01 6.073840e+01 1.489728e+02 1.323324e+02 1.066168e+02 1.045150e+02 4.971401e+00 3.802516e+00 5.451257e+00 5.207786e+00 4.986306e+00 4.028067e+00 1.830750e+00 2.094762e+00
<VARIANCE> 22
 4.801635e+02 4.063120e+02 3.300595e+02 2.164982e+02 4.956268e+03 5.429985e+03 9.837579e+02 1.115179e+03 2.936362e+02 3.515820e+02 3.745738e+03 4.440754e+03 4.183320e+02 3.870127e+02 6.504288e+00 1.793316e+00 2.326111e+00 1.170389e+00 2.082489e+00 5.618803e+00 6.153808e+00 6.060927e+00
<GCONST> 1.445108e+02
<MIXTURE> 5 1.250000e-01
<MEAN> 22
 1.000877e+01 1.142837e+01 5.730708e+00 5.415711e+00 5.648789e+01 7.500215e+01 9.718052e+01 9.617494e+01 6.820214e+01 6.823862e+01 1.734538e+02 1.589880e+02 1.147980e+02 1.123840e+02 5.991541e+00 4.338172e+00 6.061321e+00 5.640524e+00 5.563540e+00 4.976227e+00 2.823024e+00 3.079520e+00
<VARIANCE> 22
 4.801635e+02 4.063120e+02 3.300595e+02 2.164982e+02 4.956268e+03 5.429985e+03 9.837579e+02 1.115179e+03 2.936362e+02 3.515820e+02 3.745738e+03 4.440754e+03 4.183320e+02 3.870127e+02 6.504288e+00 1.793316e+00 2.326111e+00 1.170389e+00 2.082489e+00 5.618803e+00 6.153808e+00 6.060927e+00
<GCONST> 1.445108e+02
<MIXTURE> 6 1.250000e-01
<MEAN> 22
 1.243720e+00 3.365497e+00 -1.536308e+00 -4.698384e-01 2.832759e+01 4.552678e+01 8.463456e+01 8.281718e+01 6.134780e+01 6.073840e+01 1.489728e+02 1.323324e+02 1.066168e+02 1.045150e+02 4.971402e+00 3.802515e+00 5.451257e+00 5.207786e+00 4.986305e+00 4.028067e+00 1.830750e+00 2.094762e+00
<VARIANCE> 22
 4.801635e+02 4.063120e+02 3.300595e+02 2.164982e+02 4.956268e+03 5.429985e+03 9.837579e+02 1.115179e+03 2.936362e+02 3.515820e+02 3.745738e+03 4.440754e+03 4.183320e+02 3.870127e+02 6.504288e+00 1.793316e+00 2.326111e+00 1.170389e+00 2.082489e+00 5.618803e+00 6.153808e+00 6.060927e+00
<GCONST> 1.445108e+02
<MIXTURE> 7 1.250000e-01
<MEAN> 22
 1.243716e+00 3.365498e+00 -1.536308e+00 -4.698396e-01 2.832759e+01 4.552678e+01 8.463456e+01 8.281718e+01 6.134781e+01 6.073840e+01 1.489728e+02 1.323324e+02 1.066168e+02 1.045150e+02 4.971401e+00 3.802514e+00 5.451257e+00 5.207786e+00 4.986305e+00 4.028067e+00 1.830750e+00 2.094762e+00
<VARIANCE> 22
 4.801635e+02 4.063120e+02 3.300595e+02 2.164982e+02 4.956268e+03 5.429985e+03 9.837579e+02 1.115179e+03 2.936362e+02 3.515820e+02 3.745738e+03 4.440754e+03 4.183320e+02 3.870127e+02 6.504288e+00 1.793316e+00 2.326111e+00 1.170389e+00 2.082489e+00 5.618803e+00 6.153808e+00 6.060927e+00
<GCONST> 1.445108e+02
<MIXTURE> 8 1.250000e-01
<MEAN> 22
 -7.521334e+00 -4.697377e+00 -8.803324e+00 -6.355390e+00 1.672869e-01 1.605140e+01 7.208860e+01 6.945947e+01 5.449348e+01 5.323820e+01 1.244918e+02 1.056768e+02 9.843556e+01 9.664597e+01 3.951261e+00 3.266857e+00 4.841193e+00 4.775048e+00 4.409072e+00 3.079907e+00 8.384756e-01 1.110004e+00
<VARIANCE> 22
 4.801635e+02 4.063120e+02 3.300595e+02 2.164982e+02 4.956268e+03 5.429985e+03 9.837579e+02 1.115179e+03 2.936362e+02 3.515820e+02 3.745738e+03 4.440754e+03 4.183320e+02 3.870127e+02 6.504288e+00 1.793316e+00 2.326111e+00 1.170389e+00 2.082489e+00 5.618803e+00 6.153808e+00 6.060927e+00
<GCONST> 1.445108e+02
<STATE> 3
<NUMMIXES> 8
<MIXTURE> 1 1.250000e-01
<MEAN> 22
 1.877383e+01 1.949125e+01 1.299772e+01 1.130126e+01 8.464820e+01 1.044775e+02 1.097265e+02 1.095327e+02 7.505647e+01 7.573883e+01 1.979348e+02 1.856436e+02 1.229792e+02 1.202530e+02 7.011682e+00 4.873831e+00 6.671385e+00 6.073262e+00 6.140773e+00 5.924387e+00 3.815298e+00 4.064278e+00
<VARIANCE> 22
 4.801635e+02 4.063120e+02 3.300595e+02 2.164982e+02 4.956268e+03 5.429985e+03 9.837579e+02 1.115179e+03 2.936362e+02 3.515820e+02 3.745738e+03 4.440754e+03 4.183320e+02 3.870127e+02 6.504288e+00 1.793316e+00 2.326111e+00 1.170389e+00 2.082489e+00 5.618803e+00 6.153808e+00 6.060927e+00
<GCONST> 1.445108e+02
<MIXTURE> 2 1.250000e-01
<MEAN> 22
 1.000877e+01 1.142837e+01 5.730708e+00 5.415712e+00 5.648790e+01 7.500215e+01 9.718052e+01 9.617489e+01 6.820213e+01 6.823861e+01 1.734538e+02 1.589880e+02 1.147980e+02 1.123840e+02 5.991542e+00 4.338173e+00 6.061321e+00 5.640524e+00 5.563539e+00 4.976227e+00 2.823024e+00 3.079520e+00
<VARIANCE> 22
 4.801635e+02 4.063120e+02 3.300595e+02 2.164982e+02 4.956268e+03 5.429985e+03 9.837579e+02 1.115179e+03 2.936362e+02 3.515820e+02 3.745738e+03 4.440754e+03 4.183320e+02 3.870127e+02 6.504288e+00 1.793316e+00 2.326111e+00 1.170389e+00 2.082489e+00 5.618803e+00 6.153808e+00 6.060927e+00
<GCONST> 1.445108e+02
<MIXTURE> 3 1.250000e-01
<MEAN> 22
 1.000877e+01 1.142837e+01 5.730708e+00 5.415711e+00 5.648790e+01 7.500215e+01 9.718052e+01 9.617490e+01 6.820213e+01 6.823861e+01 1.734538e+02 1.589880e+02 1.147980e+02 1.123840e+02 5.991541e+00 4.338172e+00 6.061321e+00 5.640524e+00 5.563539e+00 4.976227e+00 2.823024e+00 3.079520e+00
<VARIANCE> 22
 4.801635e+02 4.063120e+02 3.300595e+02 2.164982e+02 4.956268e+03 5.429985e+03 9.837579e+02 1.115179e+03 2.936362e+02 3.515820e+02 3.745738e+03 4.440754e+03 4.183320e+02 3.870127e+02 6.504288e+00 1.793316e+00 2.326111e+00 1.170389e+00 2.082489e+00 5.618803e+00 6.153808e+00 6.060927e+00
<GCONST> 1.445108e+02
<MIXTURE> 4 1.250000e-01
<MEAN> 22
 1.243720e+00 3.365496e+00 -1.536308e+00 -4.698386e-01 2.832759e+01 4.552678e+01 8.463456e+01 8.281718e+01 6.134780e+01 6.073840e+01 1.489728e+02 1.323324e+02 1.066168e+02 1.045150e+02 4.971401e+00 3.802516e+00 5.451257e+00 5.207786e+00 4.986306e+00 4.028067e+00 1.830750e+00 2.094762e+00
<VARIANCE> 22
 4.801635e+02 4.063120e+02 3.300595e+02 2.164982e+02 4.956268e+03 5.429985e+03 9.837579e+02 1.115179e+03 2.936362e+02 3.515820e+02 3.745738e+03 4.440754e+03 4.183320e+02 3.870127e+02 6.504288e+00 1.793316e+00 2.326111e+00 1.170389e+00 2.082489e+00 5.618803e+00 6.153808e+00 6.060927e+00
<GCONST> 1.445108e+02
<MIXTURE> 5 1.250000e-01
<MEAN> 22
 1.000877e+01 1.142837e+01 5.730708e+00 5.415711e+00 5.648789e+01 7.500215e+01 9.718052e+01 9.617494e+01 6.820214e+01 6.823862e+01 1.734538e+02 1.589880e+02 1.147980e+02 1.123840e+02 5.991541e+00 4.338172e+00 6.061321e+00 5.640524e+00 5.563540e+00 4.976227e+00 2.823024e+00 3.079520e+00
<VARIANCE> 22
 4.801635e+02 4.063120e+02 3.300595e+02 2.164982e+02 4.956268e+03 5.429985e+03 9.837579e+02 1.115179e+03 2.936362e+02 3.515820e+02 3.745738e+03 4.440754e+03 4.183320e+02 3.870127e+02 6.504288e+00 1.793316e+00 2.326111e+00 1.170389e+00 2.082489e+00 5.618803e+00 6.153808e+00 6.060927e+00
<GCONST> 1.445108e+02
<MIXTURE> 6 1.250000e-01
<MEAN> 22
 1.243720e+00 3.365497e+00 -1.536308e+00 -4.698384e-01 2.832759e+01 4.552678e+01 8.463456e+01 8.281718e+01 6.134780e+01 6.073840e+01 1.489728e+02 1.323324e+02 1.066168e+02 1.045150e+02 4.971402e+00 3.802515e+00 5.451257e+00 5.207786e+00 4.986305e+00 4.028067e+00 1.830750e+00 2.094762e+00
<VARIANCE> 22
 4.801635e+02 4.063120e+02 3.300595e+02 2.164982e+02 4.956268e+03 5.429985e+03 9.837579e+02 1.115179e+03 2.936362e+02 3.515820e+02 3.745738e+03 4.440754e+03 4.183320e+02 3.870127e+02 6.504288e+00 1.793316e+00 2.326111e+00 1.170389e+00 2.082489e+00 5.618803e+00 6.153808e+00 6.060927e+00
<GCONST> 1.445108e+02
<MIXTURE> 7 1.250000e-01
<MEAN> 22
 1.243716e+00 3.365498e+00 -1.536308e+00 -4.698396e-01 2.832759e+01 4.552678e+01 8.463456e+01 8.281718e+01 6.134781e+01 6.073840e+01 1.489728e+02 1.323324e+02 1.066168e+02 1.045150e+02 4.971401e+00 3.802514e+00 5.451257e+00 5.207786e+00 4.986305e+00 4.028067e+00 1.830750e+00 2.094762e+00
<VARIANCE> 22
 4.801635e+02 4.063120e+02 3.300595e+02 2.164982e+02 4.956268e+03 5.429985e+03 9.837579e+02 1.115179e+03 2.936362e+02 3.515820e+02 3.745738e+03 4.440754e+03 4.183320e+02 3.870127e+02 6.504288e+00 1.793316e+00 2.326111e+00 1.170389e+00 2.082489e+00 5.618803e+00 6.153808e+00 6.060927e+00
<GCONST> 1.445108e+02
<MIXTURE> 8 1.250000e-01
<MEAN> 22
 -7.521334e+00 -4.697377e+00 -8.803324e+00 -6.355390e+00 1.672869e-01 1.605140e+01 7.208860e+01 6.945947e+01 5.449348e+01 5.323820e+01 1.244918e+02 1.056768e+02 9.843556e+01 9.664597e+01 3.951261e+00 3.266857e+00 4.841193e+00 4.775048e+00 4.409072e+00 3.079907e+00 8.384756e-01 1.110004e+00
<VARIANCE> 22
 4.801635e+02 4.063120e+02 3.300595e+02 2.164982e+02 4.956268e+03 5.429985e+03 9.837579e+02 1.115179e+03 2.936362e+02 3.515820e+02 3.745738e+03 4.440754e+03 4.183320e+02 3.870127e+02 6.504288e+00 1.793316e+00 2.326111e+00 1.170389e+00 2.082489e+00 5.618803e+00 6.153808e+00 6.060927e+00
<GCONST> 1.445108e+02
<STATE> 4
<NUMMIXES> 8
<MIXTURE> 1 1.250000e-01
<MEAN> 22
 1.877383e+01 1.949125e+01 1.299772e+01 1.130126e+01 8.464820e+01 1.044775e+02 1.097265e+02 1.095327e+02 7.505647e+01 7.573883e+01 1.979348e+02 1.856436e+02 1.229792e+02 1.202530e+02 7.011682e+00 4.873831e+00 6.671385e+00 6.073262e+00 6.140773e+00 5.924387e+00 3.815298e+00 4.064278e+00
<VARIANCE> 22
 4.801635e+02 4.063120e+02 3.300595e+02 2.164982e+02 4.956268e+03 5.429985e+03 9.837579e+02 1.115179e+03 2.936362e+02 3.515820e+02 3.745738e+03 4.440754e+03 4.183320e+02 3.870127e+02 6.504288e+00 1.793316e+00 2.326111e+00 1.170389e+00 2.082489e+00 5.618803e+00 6.153808e+00 6.060927e+00
<GCONST> 1.445108e+02
<MIXTURE> 2 1.250000e-01
<MEAN> 22
 1.000877e+01 1.142837e+01 5.730708e+00 5.415712e+00 5.648790e+01 7.500215e+01 9.718052e+01 9.617489e+01 6.820213e+01 6.823861e+01 1.734538e+02 1.589880e+02 1.147980e+02 1.123840e+02 5.991542e+00 4.338173e+00 6.061321e+00 5.640524e+00 5.563539e+00 4.976227e+00 2.823024e+00 3.079520e+00
<VARIANCE> 22
 4.801635e+02 4.063120e+02 3.300595e+02 2.164982e+02 4.956268e+03 5.429985e+03 9.837579e+02 1.115179e+03 2.936362e+02 3.515820e+02 3.745738e+03 4.440754e+03 4.183320e+02 3.870127e+02 6.504288e+00 1.793316e+00 2.326111e+00 1.170389e+00 2.082489e+00 5.618803e+00 6.153808e+00 6.060927e+00
<GCONST> 1.445108e+02
<MIXTURE> 3 1.250000e-01
<MEAN> 22
 1.000877e+01 1.142837e+01 5.730708e+00 5.415711e+00 5.648790e+01 7.500215e+01 9.718052e+01 9.617490e+01 6.820213e+01 6.823861e+01 1.734538e+02 1.589880e+02 1.147980e+02 1.123840e+02 5.991541e+00 4.338172e+00 6.061321e+00 5.640524e+00 5.563539e+00 4.976227e+00 2.823024e+00 3.079520e+00
<VARIANCE> 22
 4.801635e+02 4.063120e+02 3.300595e+02 2.164982e+02 4.956268e+03 5.429985e+03 9.837579e+02 1.115179e+03 2.936362e+02 3.515820e+02 3.745738e+03 4.440754e+03 4.183320e+02 3.870127e+02 6.504288e+00 1.793316e+00 2.326111e+00 1.170389e+00 2.082489e+00 5.618803e+00 6.153808e+00 6.060927e+00
<GCONST> 1.445108e+02
<MIXTURE> 4 1.250000e-01
<MEAN> 22
 1.243720e+00 3.365496e+00 -1.536308e+00 -4.698386e-01 2.832759e+01 4.552678e+01 8.463456e+01 8.281718e+01 6.134780e+01 6.073840e+01 1.489728e+02 1.323324e+02 1.066168e+02 1.045150e+02 4.971401e+00 3.802516e+00 5.451257e+00 5.207786e+00 4.986306e+00 4.028067e+00 1.830750e+00 2.094762e+00
<VARIANCE> 22
 4.801635e+02 4.063120e+02 3.300595e+02 2.164982e+02 4.956268e+03 5.429985e+03 9.837579e+02 1.115179e+03 2.936362e+02 3.515820e+02 3.745738e+03 4.440754e+03 4.183320e+02 3.870127e+02 6.504288e+00 1.793316e+00 2.326111e+00 1.170389e+00 2.082489e+00 5.618803e+00 6.153808e+00 6.060927e+00
<GCONST> 1.445108e+02
<MIXTURE> 5 1.250000e-01
<MEAN> 22
 1.000877e+01 1.142837e+01 5.730708e+00 5.415711e+00 5.648789e+01 7.500215e+01 9.718052e+01 9.617494e+01 6.820214e+01 6.823862e+01 1.734538e+02 1.589880e+02 1.147980e+02 1.123840e+02 5.991541e+00 4.338172e+00 6.061321e+00 5.640524e+00 5.563540e+00 4.976227e+00 2.823024e+00 3.079520e+00
<VARIANCE> 22
 4.801635e+02 4.063120e+02 3.300595e+02 2.164982e+02 4.956268e+03 5.429985e+03 9.837579e+02 1.115179e+03 2.936362e+02 3.515820e+02 3.745738e+03 4.440754e+03 4.183320e+02 3.870127e+02 6.504288e+00 1.793316e+00 2.326111e+00 1.170389e+00 2.082489e+00 5.618803e+00 6.153808e+00 6.060927e+00
<GCONST> 1.445108e+02
<MIXTURE> 6 1.250000e-01
<MEAN> 22
 1.243720e+00 3.365497e+00 -1.536308e+00 -4.698384e-01 2.832759e+01 4.552678e+01 8.463456e+01 8.281718e+01 6.134780e+01 6.073840e+01 1.489728e+02 1.323324e+02 1.066168e+02 1.045150e+02 4.971402e+00 3.802515e+00 5.451257e+00 5.207786e+00 4.986305e+00 4.028067e+00 1.830750e+00 2.094762e+00
<VARIANCE> 22
 4.801635e+02 4.063120e+02 3.300595e+02 2.164982e+02 4.956268e+03 5.429985e+03 9.837579e+02 1.115179e+03 2.936362e+02 3.515820e+02 3.745738e+03 4.440754e+03 4.183320e+02 3.870127e+02 6.504288e+00 1.793316e+00 2.326111e+00 1.170389e+00 2.082489e+00 5.618803e+00 6.153808e+00 6.060927e+00
<GCONST> 1.445108e+02
<MIXTURE> 7 1.250000e-01
<MEAN> 22
 1.243716e+00 3.365498e+00 -1.536308e+00 -4.698396e-01 2.832759e+01 4.552678e+01 8.463456e+01 8.281718e+01 6.134781e+01 6.073840e+01 1.489728e+02 1.323324e+02 1.066168e+02 1.045150e+02 4.971401e+00 3.802514e+00 5.451257e+00 5.207786e+00 4.986305e+00 4.028067e+00 1.830750e+00 2.094762e+00
<VARIANCE> 22
 4.801635e+02 4.063120e+02 3.300595e+02 2.164982e+02 4.956268e+03 5.429985e+03 9.837579e+02 1.115179e+03 2.936362e+02 3.515820e+02 3.745738e+03 4.440754e+03 4.183320e+02 3.870127e+02 6.504288e+00 1.793316e+00 2.326111e+00 1.170389e+00 2.082489e+00 5.618803e+00 6.153808e+00 6.060927e+00
<GCONST> 1.445108e+02
<MIXTURE> 8 1.250000e-01
<MEAN> 22
 -7.521334e+00 -4.697377e+00 -8.803324e+00 -6.355390e+00 1.672869e-01 1.605140e+01 7.208860e+01 6.945947e+01 5.449348e+01 5.323820e+01 1.244918e+02 1.056768e+02 9.843556e+01 9.664597e+01 3.951261e+00 3.266857e+00 4.841193e+00 4.775048e+00 4.409072e+00 3.079907e+00 8.384756e-01 1.110004e+00
<VARIANCE> 22
 4.801635e+02 4.063120e+02 3.300595e+02 2.164982e+02 4.956268e+03 5.429985e+03 9.837579e+02 1.115179e+03 2.936362e+02 3.515820e+02 3.745738e+03 4.440754e+03 4.183320e+02 3.870127e+02 6.504288e+00 1.793316e+00 2.326111e+00 1.170389e+00 2.082489e+00 5.618803e+00 6.153808e+00 6.060927e+00
<GCONST> 1.445108e+02
<TRANSP> 5
 0.000000e+00 1.000000e+00 0.000000e+00 0.000000e+00 0.000000e+00
 0.000000e+00 4.800000e-01 3.200000e-01 2.000000e-01 0.000000e+00
 0.000000e+00 0.000000e+00 6.000000e-01 4.000000e-01 0.000000e+00
 0.000000e+00 2.000000e-01 0.000000e+00 5.600000e-01 2.400000e-01
 0.000000e+00 0.000000e+00 0.000000e+00 0.000000e+00 0.000000e+00
<ENDHMM>
~h "oov"
<BEGINHMM>
<NUMSTATES> 5
<STATE> 2
<NUMMIXES> 8
<MIXTURE> 1 8.835559e-02
<MEAN> 22
 3.741742e+01 3.634952e+01 3.022183e+01 2.555497e+01 1.007673e+02 1.003612e+02 1.044075e+02 9.775488e+01 6.735011e+01 6.920011e+01 2.035461e+02 1.757892e+02 1.225135e+02 1.195534e+02 6.662061e+00 4.573834e+00 6.265462e+00 5.592114e+00 6.011141e+00 5.359363e+00 3.015490e+00 3.226312e+00
<VARIANCE> 22
 1.494149e+04 1.038879e+04 1.215382e+04 7.768735e+03 3.689461e+04 2.083241e+04 3.983580e+02 6.679556e+02 1.080510e+02 2.570428e+02 5.964520e+02 2.676395e+03 1.586684e+02 1.348035e+02 2.198751e+00 7.405159e-01 1.949980e-01 3.887075e-01 7.496602e-02 2.895385e+00 6.944577e+00 6.510396e+00
<GCONST> 1.452858e+02
<MIXTURE> 2 1.876119e-01
<MEAN> 22
 1.056002e+01 1.069253e+01 1.749444e+00 1.670278e+00 1.517530e+02 1.487924e+02 7.527475e+01 7.509090e+01 7.061015e+01 6.822880e+01 5.467987e+01 5.482676e+01 1.077288e+02 1.092234e+02 1.903300e+00 2.178591e+00 5.831436e+00 5.627565e+00 3.214019e+00 9.068447e-01 3.641510e+00 3.554621e+00
<VARIANCE> 22
 1.347457e+02 1.357791e+02 4.366122e+00 3.486110e+00 2.041006e+03 1.617385e+03 7.204287e+02 7.821280e+02 1.290481e+02 1.209111e+02 5.487614e+02 5.242772e+02 2.504231e+02 1.654510e+02 3.818236e-01 3.596145e-01 2.012185e+00 6.350008e-01 3.455496e-01 3.822872e-01 5.530032e+00 5.712121e+00
<GCONST> 1.137669e+02
<MIXTURE> 3 1.449661e-01
<MEAN> 22
 1.694002e+01 1.702779e+01 8.795094e+00 7.833675e+00 9.192471e+01 1.268291e+02 1.024280e+02 1.186742e+02 7.886499e+01 8.353674e+01 1.334259e+02 1.177766e+02 1.117136e+02 1.069322e+02 3.643990e+00 3.342438e+00 5.235096e+00 4.661379e+00 4.367582e+00 3.303647e+00 3.022345e+00 3.142372e+00
<VARIANCE> 22
 2.808507e+03 2.365030e+03 2.508776e+03 1.563675e+03 7.204131e+03 9.517592e+03 1.846273e+03 2.267212e+03 5.407555e+02 9.396430e+02 5.440020e+03 4.675591e+03 5.771556e+02 3.987617e+02 8.360217e+00 1.851159e+00 5.492557e+00 1.834165e+00 3.225933e+00 5.590200e+00 6.515931e+00 5.995037e+00
<GCONST> 1.587584e+02
<MIXTURE> 4 5.249511e-02
<MEAN> 22
 3.367662e-06 -2.712011e-06 -7.539988e-06 1.040101e-05 2.992959e+02 2.323949e+02 -3.576279e-07 2.932549e-05 4.500151e-06 -5.811453e-06 -1.454353e-05 1.883507e-05 5.811453e-06 1.540780e-05 5.140901e-07 4.060566e-07 -2.272427e-07 7.376075e-07 -1.862645e-08 1.464039e-06 -3.017485e-07 -1.639128e-07
<VARIANCE> 22
 4.801635e+00 4.063120e+00 3.300595e+00 2.164982e+00 6.551965e+04 3.958434e+04 9.837578e+00 1.115179e+01 2.936362e+00 3.515820e+00 3.745738e+01 4.440754e+01 4.183320e+00 3.870127e+00 6.504288e-02 1.793316e-02 2.326111e-02 1.170389e-02 2.082489e-02 5.618803e-02 6.153808e-02 6.060927e-02
<GCONST> 5.697560e+01
<MIXTURE> 5 1.947645e-01
<MEAN> 22
 5.383901e+00 5.442623e+00 9.928691e-01 9.373386e-01 1.269464e+02 1.248316e+02 6.724341e+01 6.555485e+01 6.284560e+01 5.960612e+01 4.825232e+01 5.047958e+01 9.769055e+01 9.852149e+01 1.829122e+00 2.062779e+00 5.871957e+00 5.680459e+00 3.148718e+00 8.160939e-01 2.756464e+00 2.663119e+00
<VARIANCE> 22
 5.844954e+01 6.356873e+01 3.300595e+00 2.164982e+00 1.739366e+03 1.356626e+03 5.487137e+02 5.443292e+02 7.496047e+01 8.799844e+01 4.159991e+02 4.360970e+02 1.049523e+02 9.908334e+01 2.965439e-01 3.532408e-01 2.089553e+00 7.426443e-01 3.041199e-01 3.451405e-01 5.757931e+00 5.888058e+00
<GCONST> 1.075062e+02
<MIXTURE> 6 1.198957e-01
<MEAN> 22
 4.285488e+01 3.846090e+01 3.136219e+01 2.610640e+01 7.575945e+01 1.032121e+02 7.440974e+01 8.315284e+01 6.260326e+01 6.502940e+01 9.860506e+01 8.072941e+01 9.047902e+01 8.886597e+01 3.204340e+00 2.729378e+00 4.847842e+00 4.541724e+00 3.998649e+00 2.497200e+00 2.360857e+00 2.452205e+00
<VARIANCE> 22
 1.433428e+04 1.014834e+04 1.182542e+04 7.616337e+03 4.746125e+03 5.489151e+03 1.526476e+03 1.999134e+03 5.414653e+02 6.943203e+02 3.711742e+03 3.541867e+03 9.163909e+02 8.052850e+02 7.425211e+00 2.130078e+00 5.961316e+00 3.239055e+00 3.502688e+00 6.055309e+00 5.057434e+00 4.964425e+00
<GCONST> 1.642914e+02
<MIXTURE> 7 1.585179e-01
<MEAN> 22
 4.296758e+00 9.966349e+00 1.105526e+00 2.643180e+00 2.895284e+01 8.584443e+01 8.415644e+01 7.902554e+01 5.888218e+01 6.658473e+01 1.782329e+02 1.147228e+02 1.105333e+02 1.046012e+02 6.521945e+00 3.775102e+00 6.085872e+00 5.379522e+00 5.915046e+00 3.958215e+00 1.939897e+00 2.620202e+00
<VARIANCE> 22
 8.809824e+01 1.940444e+02 7.191838e+00 1.769125e+01 6.528448e+03 6.107434e+03 3.793792e+02 7.714285e+02 7.312457e+01 2.524235e+02 6.433128e+02 3.445007e+03 9.073923e+01 1.108821e+02 2.903098e+00 1.477192e+00 7.864682e-02 5.428217e-01 1.361399e-01 6.399589e+00 5.169240e+00 5.058470e+00
<GCONST> 1.201930e+02
<MIXTURE> 8 5.338294e-02
<MEAN> 22
 2.983212e-05 -1.221895e-06 -7.748604e-07 6.705523e-06 1.101046e+02 8.549115e+01 2.354383e-05 -8.881092e-06 -2.413988e-06 1.105666e-05 6.544590e-05 1.549721e-05 1.445413e-05 1.266599e-05 1.233071e-06 1.247972e-07 4.190952e-07 1.166016e-06 1.350418e-06 -5.289912e-07 1.221895e-06 1.434237e-06
<VARIANCE> 22
 4.801635e+00 4.063120e+00 3.300595e+00 2.164982e+00 4.413658e+04 2.658171e+04 9.837578e+00 1.115179e+01 2.936362e+00 3.515820e+00 3.745738e+01 4.440754e+01 4.183320e+00 3.870127e+00 6.504288e-02 1.793316e-02 2.326111e-02 1.170389e-02 2.082489e-02 5.618803e-02 6.153808e-02 6.060927e-02
<GCONST> 5.618232e+01
<STATE> 3
<NUMMIXES> 8
<MIXTURE> 1 4.486852e-02
<MEAN> 22
 1.531207e+01 9.997008e+00 4.556336e+00 2.806515e+00 6.127742e+01 5.094685e+01 1.349814e+02 1.180099e+02 8.859710e+01 7.383896e+01 2.210523e+02 2.108740e+02 1.413751e+02 1.340207e+02 4.952370e+00 4.675791e+00 6.528350e+00 5.639224e+00 5.392190e+00 5.483069e+00 3.049524e+00 2.987251e+00
<VARIANCE> 22
 4.900529e+02 3.184899e+02 6.356871e+01 3.009294e+01 5.642257e+03 4.686275e+03 1.996535e+03 9.963824e+02 2.903015e+02 2.662511e+02 4.658845e+03 2.763257e+03 8.642867e+02 3.456936e+02 9.452639e+00 5.577458e-01 1.648669e+00 3.853787e-01 3.082571e+00 1.813257e+00 7.074064e+00 6.620744e+00
<GCONST> 1.385515e+02
<MIXTURE> 2 2.643046e-01
<MEAN> 22
 1.533281e+00 1.618461e+01 6.761602e-01 4.509690e+00 8.911806e+00 1.343666e+02 9.982076e+01 1.020947e+02 6.105053e+01 8.718777e+01 2.006174e+02 9.492988e+01 1.189673e+02 1.053628e+02 6.999640e+00 3.185961e+00 6.104823e+00 4.670434e+00 5.999984e+00 3.135388e+00 2.139296e+00 3.688017e+00
<VARIANCE> 22
 5.829559e+00 2.749693e+02 3.300595e+00 2.725415e+01 1.216918e+02 5.915188e+03 2.540174e+02 2.249794e+03 6.654172e+01 6.263403e+02 4.507149e+02 2.541842e+03 1.582701e+02 2.193318e+02 6.504288e-02 1.212803e+00 9.383321e-02 1.324750e+00 2.082489e-02 6.109165e+00 6.317187e+00 5.227919e+00
<GCONST> 1.109097e+02
<MIXTURE> 3 3.638586e-02
<MEAN> 22
 5.374037e+00 7.025085e+00 1.350254e+00 1.469914e+00 7.645760e+01 9.733133e+01 5.406171e+01 5.580517e+01 6.667485e+01 6.642342e+01 1.022727e+02 7.059905e+01 1.036002e+02 1.025418e+02 3.004479e+00 2.335578e+00 6.215922e+00 5.556242e+00 4.368225e+00 5.683497e-01 3.433486e+00 3.328478e+00
<VARIANCE> 22
 3.279330e+01 7.056292e+01 3.300595e+00 2.888099e+00 2.410775e+03 2.468770e+03 7.071425e+02 1.046062e+03 9.655946e+01 1.841937e+02 2.159794e+03 6.088601e+02 8.114428e+01 8.632957e+01 6.156996e+00 6.274976e-01 2.292118e-01 6.699381e-01 1.340689e+00 5.201465e-01 6.217730e+00 6.254609e+00
<GCONST> 1.150560e+02
<MIXTURE> 4 1.378643e-01
<MEAN> 22
 1.250147e+01 2.341899e+00 3.857394e+00 1.046528e+00 1.543592e+02 2.367781e+01 1.157623e+02 9.903886e+01 9.594049e+01 5.871278e+01 6.872049e+01 1.964031e+02 1.031304e+02 1.187028e+02 1.468393e+00 4.911243e+00 3.485837e+00 5.800028e+00 2.974428e+00 5.908889e+00 3.642135e+00 2.523624e+00
<VARIANCE> 22
 1.933474e+02 1.563125e+01 2.048340e+01 2.366147e+00 4.643256e+03 9.461138e+02 2.543301e+03 4.252703e+02 5.838810e+02 6.481220e+01 1.444247e+03 7.844254e+02 3.262584e+02 1.177643e+02 4.634864e-01 1.360327e-01 8.685124e+00 1.665003e-01 1.126765e+00 4.905784e-01 5.842794e+00 6.278739e+00
<GCONST> 1.171698e+02
<MIXTURE> 5 2.937877e-01
<MEAN> 22
 6.864274e-01 8.069578e+00 3.590686e-01 2.405696e+00 6.028613e+00 1.391110e+02 8.503191e+01 9.329858e+01 5.392261e+01 7.613150e+01 1.790334e+02 5.816786e+01 1.072500e+02 9.114031e+01 6.999526e+00 2.571462e+00 6.016462e+00 4.512753e+00 5.999897e+00 1.914142e+00 1.139288e+00 2.912711e+00
<VARIANCE> 22
 4.801635e+00 1.073658e+02 3.300595e+00 1.058868e+01 5.420727e+01 2.874361e+03 9.554380e+01 1.517112e+03 3.422500e+01 3.982879e+02 1.915146e+02 1.390615e+03 6.045432e+01 1.723620e+02 6.504288e-02 7.306975e-01 2.326111e-02 1.612093e+00 2.082489e-02 3.893547e+00 4.146878e+00 5.740412e+00
<GCONST> 9.966472e+01
<MIXTURE> 6 1.282497e-01
<MEAN> 22
 7.462530e+00 1.768943e+00 2.385367e+00 7.864543e-01 1.181533e+02 2.344840e+01 1.042542e+02 7.618156e+01 7.988132e+01 5.379896e+01 5.578774e+01 1.606195e+02 9.161123e+01 1.065218e+02 1.538821e+00 4.559601e+00 3.420264e+00 5.705894e+00 2.795160e+00 5.453254e+00 2.940670e+00 1.867625e+00
<VARIANCE> 22
 1.022325e+02 1.079728e+01 1.026906e+01 2.164982e+00 3.700999e+03 9.012598e+02 1.755487e+03 7.282733e+02 4.557354e+02 6.081829e+01 1.117395e+03 1.482687e+03 2.651964e+02 1.039247e+02 4.458306e-01 5.577359e-01 8.457490e+00 2.226072e-01 1.024179e+00 3.117522e+00 6.041426e+00 5.314568e+00
<GCONST> 1.182681e+02
<MIXTURE> 7 5.464593e-02
<MEAN> 22
 1.469252e+01 9.820887e+00 4.420471e+00 3.092588e+00 8.040445e+01 7.342332e+01 8.916598e+01 9.251624e+01 7.465930e+01 6.492666e+01 1.445189e+02 1.499202e+02 1.054162e+02 1.098470e+02 3.424368e+00 4.122107e+00 5.893053e+00 5.324548e+00 4.418697e+00 4.640553e+00 2.898958e+00 2.735802e+00
<VARIANCE> 22
 3.359916e+02 2.202429e+02 5.072811e+01 2.592609e+01 5.805019e+03 5.412395e+03 2.175720e+03 1.686679e+03 4.016701e+02 3.404947e+02 3.352734e+03 3.010722e+03 9.613580e+02 4.117444e+02 9.956244e+00 1.305503e+00 3.405963e+00 9.531748e-01 4.982193e+00 4.472745e+00 5.915591e+00 5.838216e+00
<GCONST> 1.424359e+02
<MIXTURE> 8 3.987202e-02
<MEAN> 22
 2.398653e+00 3.677630e+00 7.839168e-01 7.226343e-01 5.924898e+01 7.091570e+01 3.515834e+01 3.763347e+01 6.330687e+01 5.805436e+01 8.172386e+01 7.814946e+01 1.001361e+02 9.827926e+01 2.260429e+00 1.771292e+00 6.072352e+00 5.845812e+00 3.908514e+00 2.419908e-01 2.210773e+00 2.102825e+00
<VARIANCE> 22
 1.321039e+01 3.821613e+01 3.300595e+00 2.164982e+00 1.789926e+03 1.753351e+03 4.851033e+02 4.598519e+02 5.659902e+01 6.340341e+01 6.100977e+02 4.165843e+02 6.560156e+01 6.744336e+01 1.966310e+00 9.130029e-01 1.236857e-01 3.597415e-01 4.336639e-01 2.591808e-01 5.996915e+00 5.786503e+00
<GCONST> 1.037585e+02
<STATE> 4
<NUMMIXES> 8
<MIXTURE> 1 1.486222e-01
<MEAN> 22
 3.353554e+00 3.273909e+00 1.291560e+00 1.344666e+00 1.481683e+01 1.476506e+01 1.172393e+02 1.124228e+02 7.259904e+01 6.608535e+01 2.222125e+02 2.187831e+02 1.329664e+02 1.301070e+02 6.999091e+00 5.000160e+00 6.294678e+00 5.866545e+00 6.002224e+00 5.994027e+00 2.705828e+00 2.604923e+00
<VARIANCE> 22
 2.232055e+01 2.177192e+01 3.454811e+00 3.471607e+00 2.620016e+02 2.843123e+02 1.767267e+02 9.499297e+01 5.810018e+01 4.544949e+01 2.066155e+02 1.817580e+02 8.427063e+01 6.248340e+01 6.504288e-02 1.793316e-02 2.078408e-01 1.156454e-01 2.082489e-02 5.618803e-02 6.289751e+00 6.244963e+00
<GCONST> 8.346990e+01
<MIXTURE> 2 6.433029e-02
<MEAN> 22
 1.553449e+01 1.861161e+01 3.924988e+00 4.874199e+00 4.694281e+01 5.075210e+01 9.388443e+01 9.437481e+01 7.210991e+01 6.879445e+01 1.825860e+02 1.761575e+02 1.190369e+02 1.169305e+02 5.489085e+00 4.657727e+00 6.412028e+00 5.512055e+00 5.869200e+00 5.591677e+00 3.765427e+00 3.825039e+00
<VARIANCE> 22
 2.751953e+02 4.245522e+02 2.379872e+01 3.420786e+01 1.705392e+03 2.392698e+03 8.621879e+02 9.222625e+02 2.027252e+02 2.785954e+02 1.504737e+03 1.672441e+03 2.072815e+02 1.330164e+02 7.779239e+00 5.439752e-01 3.458941e-01 3.741964e-01 6.532488e-01 1.842844e+00 6.089030e+00 5.659543e+00
<GCONST> 1.266399e+02
<MIXTURE> 3 2.012422e-01
<MEAN> 22
 1.901235e+00 3.100683e+00 7.544475e-01 1.126319e+00 7.151840e+00 1.034307e+01 9.025556e+01 8.935699e+01 5.773473e+01 5.613306e+01 1.870430e+02 1.860845e+02 1.121741e+02 1.125123e+02 6.998908e+00 5.000000e+00 6.003060e+00 5.952123e+00 6.000000e+00 6.000430e+00 2.471430e+00 2.663732e+00
<VARIANCE> 22
 6.968845e+00 1.724317e+01 3.300595e+00 2.391703e+00 4.956268e+01 1.328705e+02 5.207565e+01 6.566237e+01 1.636815e+01 3.144105e+01 7.439364e+01 9.462652e+01 3.000342e+01 2.668459e+01 6.504288e-02 1.793316e-02 2.326111e-02 4.556531e-02 2.082489e-02 5.618803e-02 6.181295e+00 6.360065e+00
<GCONST> 6.932377e+01
<MIXTURE> 4 8.186138e-02
<MEAN> 22
 7.722430e+00 8.350285e+00 1.506489e+00 1.592078e+00 7.563268e+01 8.566856e+01 7.844904e+01 8.160598e+01 6.980189e+01 6.766373e+01 1.337795e+02 1.222045e+02 1.063444e+02 1.051205e+02 3.728815e+00 3.828897e+00 5.934288e+00 5.317100e+00 4.851419e+00 4.163846e+00 3.016935e+00 3.034931e+00
<VARIANCE> 22
 9.324301e+01 9.506837e+01 3.925654e+00 3.094615e+00 4.481468e+03 4.494997e+03 1.349902e+03 1.619490e+03 2.948255e+02 3.268882e+02 2.625666e+03 3.044784e+03 1.537379e+02 1.590034e+02 9.515911e+00 1.731684e+00 2.551198e+00 8.604361e-01 2.797535e+00 6.459292e+00 5.859368e+00 5.788360e+00
<GCONST> 1.309173e+02
<MIXTURE> 5 1.963021e-01
<MEAN> 22
 8.840448e-01 1.678003e+00 3.490548e-01 6.038801e-01 5.167350e+00 8.316135e+00 8.331667e+01 8.268467e+01 5.381640e+01 5.214097e+01 1.757845e+02 1.753277e+02 1.065801e+02 1.055752e+02 6.999530e+00 5.000000e+00 6.001239e+00 5.935433e+00 6.000000e+00 5.999683e+00 1.410539e+00 1.747688e+00
<VARIANCE> 22
 4.801635e+00 7.507511e+00 3.300595e+00 2.164982e+00 4.956268e+01 1.034784e+02 4.010596e+01 5.493858e+01 1.745060e+01 4.382885e+01 8.200143e+01 9.206921e+01 2.872043e+01 3.482623e+01 6.504288e-02 1.793316e-02 2.326111e-02 6.039455e-02 2.082489e-02 5.618803e-02 4.570871e+00 5.229573e+00
<GCONST> 6.780367e+01
<MIXTURE> 6 1.655945e-01
<MEAN> 22
 1.839050e+00 1.776512e+00 6.665049e-01 7.135102e-01 1.061457e+01 1.173583e+01 1.080738e+02 1.062113e+02 6.782189e+01 6.372165e+01 2.104953e+02 2.091650e+02 1.247074e+02 1.242248e+02 6.997728e+00 5.000000e+00 6.167440e+00 5.842188e+00 6.000913e+00 5.992042e+00 1.799337e+00 1.629196e+00
<VARIANCE> 22
 1.061263e+01 9.206831e+00 3.300595e+00 2.164982e+00 1.543545e+02 2.568105e+02 1.023354e+02 9.385785e+01 3.703012e+01 4.582429e+01 2.297757e+02 2.077333e+02 8.371334e+01 6.690236e+01 6.504288e-02 1.793316e-02 1.394004e-01 1.329059e-01 2.082489e-02 5.618803e-02 5.192071e+00 4.899171e+00
<GCONST> 7.932317e+01
<MIXTURE> 7 6.915309e-02
<MEAN> 22
 5.113122e+00 6.109595e+00 9.394892e-01 1.134479e+00 6.735454e+01 8.130791e+01 6.184092e+01 6.241308e+01 6.258061e+01 6.033406e+01 1.116029e+02 9.651238e+01 9.827334e+01 9.665695e+01 3.417860e+00 3.310932e+00 5.844015e+00 5.387521e+00 4.539302e+00 3.326852e+00 2.159696e+00 2.201961e+00
<VARIANCE> 22
 6.313668e+01 7.550246e+01 3.300595e+00 2.304510e+00 4.106030e+03 3.867553e+03 1.027616e+03 1.229150e+03 1.883361e+02 2.070544e+02 2.369104e+03 2.253650e+03 1.725679e+02 1.791110e+02 8.099122e+00 2.304373e+00 2.209646e+00 1.064379e+00 2.339526e+00 8.148044e+00 5.263984e+00 5.166137e+00
<GCONST> 1.279945e+02
<MIXTURE> 8 7.286280e-02
<MEAN> 22
 1.258215e+01 1.704415e+01 2.858832e+00 4.433933e+00 4.386786e+01 5.981255e+01 7.093350e+01 7.247924e+01 6.414945e+01 6.416420e+01 1.519376e+02 1.349187e+02 1.064658e+02 1.051547e+02 4.883189e+00 4.171618e+00 6.215507e+00 5.443131e+00 5.529644e+00 4.920190e+00 2.761850e+00 2.852097e+00
<VARIANCE> 22
 2.389517e+02 2.826828e+02 1.667544e+01 2.523037e+01 1.527722e+03 2.358097e+03 6.938459e+02 8.667938e+02 1.574295e+02 2.324104e+02 1.527085e+03 2.109993e+03 1.425619e+02 1.272613e+02 9.050360e+00 1.088772e+00 3.759621e-01 4.459259e-01 9.462927e-01 4.964685e+00 5.751776e+00 4.853498e+00
<GCONST> 1.266775e+02
<TRANSP> 5
 0.000000e+00 1.000000e+00 0.000000e+00 0.000000e+00 0.000000e+00
 0.000000e+00 5.515739e-01 4.484261e-01 0.000000e+00 0.000000e+00
 0.000000e+00 0.000000e+00 8.562834e-01 1.437165e-01 0.000000e+00
 0.000000e+00 0.000000e+00 0.000000e+00 9.158217e-01 8.417837e-02
 0.000000e+00 0.000000e+00 0.000000e+00 0.000000e+00 0.000000e+00
<ENDHMM>
