~o
<STREAMINFO> 1 22
<VECSIZE> 22<NULLD><MFCC_0><DIAGC>
~h "BN"
<BEGINHMM>
<NUMSTATES> 5
<STATE> 2
<NUMMIXES> 2
<MIXTURE> 1 3.207321e-001
<MEAN> 22
 9.108532e+000 1.368837e+001 5.299902e+000 5.511252e+000 1.847197e+001 2.193127e+001 8.092019e+001 7.346288e+001 5.903593e+001 5.568159e+001 1.770296e+002 1.678530e+002 1.101025e+002 1.080264e+002 6.884787e+000 5.027922e+000 6.066985e+000 5.908758e+000 5.810640e+000 6.125095e+000 2.429184e+000 2.226190e+000
<VARIANCE> 22
 2.386438e+003 1.611586e+003 1.921626e+003 1.214730e+003 4.150642e+002 4.131012e+002 6.050861e+002 5.685240e+002 6.506423e+001 5.860484e+001 8.867009e+002 1.009363e+003 1.595177e+002 1.602329e+002 1.669489e-001 1.565028e-001 6.249809e-002 8.291689e-002 1.596188e-001 2.413064e-001 5.726175e+000 4.043243e+000
<GCONST> 1.181373e+002
<MIXTURE> 2 6.792678e-001
<MEAN> 22
 5.998632e+000 8.118526e+000 1.640158e+000 2.700777e+000 1.445490e+002 1.577033e+002 7.182451e+001 8.489371e+001 7.008308e+001 7.181609e+001 1.080386e+002 7.301690e+001 9.334344e+001 9.219772e+001 3.039174e+000 2.481612e+000 4.680490e+000 4.064285e+000 4.064272e+000 2.080486e+000 2.288490e+000 2.373104e+000
<VARIANCE> 22
 1.251341e+002 2.308107e+002 1.017980e+001 1.638744e+001 3.282205e+004 1.701048e+004 2.333691e+003 2.679091e+003 9.714860e+002 1.147145e+003 5.851271e+003 3.373347e+003 1.734889e+003 1.335514e+003 8.176670e+000 2.128426e+000 7.472657e+000 3.323182e+000 3.673301e+000 5.332890e+000 6.088866e+000 5.743870e+000
<GCONST> 1.495862e+002
<STATE> 3
<NUMMIXES> 2
<MIXTURE> 1 3.937908e-001
<MEAN> 22
 1.498380e+000 2.095389e+001 4.967977e-001 5.316124e+000 7.513259e+000 1.370319e+002 1.004628e+002 1.020330e+002 6.222612e+001 8.566681e+001 2.038284e+002 8.365450e+001 1.219240e+002 1.107351e+002 6.998802e+000 3.024283e+000 6.102424e+000 4.622026e+000 5.998211e+000 2.558829e+000 1.745092e+000 3.631296e+000
<VARIANCE> 22
 9.972624e+000 3.738977e+002 3.300596e+000 2.867402e+001 9.954729e+001 5.794299e+003 3.283517e+002 1.657320e+003 6.842812e+001 5.751451e+002 6.694265e+002 2.907550e+003 2.280511e+002 1.782202e+002 6.504287e-002 1.238208e+000 9.252832e-002 8.818439e-001 2.082488e-002 5.694921e+000 5.513826e+000 5.327651e+000
<GCONST> 1.115771e+002
<MIXTURE> 2 6.062095e-001
<MEAN> 22
 8.940431e-001 4.844461e+000 4.316097e-001 1.561102e+000 9.851511e+000 1.725268e+002 8.691917e+001 1.187179e+002 5.629203e+001 8.851322e+001 1.807919e+002 3.180727e+001 1.098407e+002 9.653993e+001 6.933034e+000 2.062090e+000 6.006914e+000 3.675182e+000 5.960639e+000 1.102457e+000 1.365931e+000 2.642214e+000
<VARIANCE> 22
 4.801632e+000 4.258194e+001 3.300596e+000 3.553252e+000 5.799776e+002 9.764993e+002 1.374521e+002 2.007315e+002 5.612160e+001 2.621572e+002 4.161172e+002 3.297787e+002 6.287430e+001 8.306622e+001 3.627503e-001 1.165391e-001 2.319463e-001 4.726499e-001 1.154594e-001 2.999988e-001 4.864844e+000 5.959919e+000
<GCONST> 9.630454e+001
<STATE> 4
<NUMMIXES> 2
<MIXTURE> 1 4.298223e-001
<MEAN> 22
 1.395438e+001 5.074788e+000 3.122699e+000 1.656307e+000 5.268827e+001 2.391645e+001 8.763248e+001 9.491273e+001 7.150868e+001 5.803846e+001 1.543229e+002 1.941216e+002 1.144854e+002 1.168852e+002 4.872204e+000 4.992367e+000 6.402838e+000 5.852494e+000 5.197996e+000 6.011244e+000 3.655526e+000 2.775621e+000
<VARIANCE> 22
 3.027560e+002 6.839346e+001 2.009322e+001 6.304452e+000 2.884457e+003 8.698428e+002 6.207887e+002 3.236843e+002 2.775141e+002 6.496970e+001 3.850149e+003 5.118438e+002 2.727517e+002 1.197168e+002 8.439457e+000 2.200459e-002 2.432335e-001 1.257495e-001 1.758312e+000 5.618803e-002 5.904956e+000 6.558158e+000
<GCONST> 1.130177e+002
<MIXTURE> 2 5.701776e-001
<MEAN> 22
 6.140253e+000 1.616308e+000 2.549297e+000 7.405129e-001 1.634591e+002 1.813146e+001 1.268725e+002 8.620335e+001 9.192817e+001 5.856718e+001 3.475782e+001 1.794194e+002 9.917081e+001 1.150769e+002 1.972210e+000 4.712350e+000 7.677078e-001 5.817785e+000 2.863374e+000 5.641597e+000 2.996991e+000 1.931354e+000
<VARIANCE> 22
 8.374609e+001 1.231572e+001 1.790236e+001 2.164982e+000 3.850500e+003 7.593030e+002 3.749897e+002 7.983765e+002 3.253364e+002 6.828832e+001 3.759087e+002 1.719410e+003 2.194748e+002 1.705869e+002 3.707296e-001 4.320416e-001 1.565699e+000 1.850480e-001 2.659072e-001 2.618313e+000 6.212812e+000 5.673013e+000
<GCONST> 1.125752e+002
<TRANSP> 5
 0.000000e+000 1.000000e+000 0.000000e+000 0.000000e+000 0.000000e+000
 0.000000e+000 8.123387e-001 1.876613e-001 0.000000e+000 0.000000e+000
 0.000000e+000 0.000000e+000 9.556144e-001 4.438564e-002 0.000000e+000
 0.000000e+000 0.000000e+000 0.000000e+000 9.267367e-001 7.326333e-002
 0.000000e+000 0.000000e+000 0.000000e+000 0.000000e+000 0.000000e+000
<ENDHMM>
~h "BS"
<BEGINHMM>
<NUMSTATES> 5
<STATE> 2
<NUMMIXES> 2
<MIXTURE> 1 7.320102e-002
<MEAN> 22
 3.621964e+001 3.401255e+001 2.236103e+001 1.942735e+001 4.428738e+002 3.206828e+002 1.035844e+002 9.477985e+001 6.815963e+001 6.613733e+001 1.602895e+002 1.473433e+002 1.129514e+002 1.129368e+002 1.548326e+000 3.840921e+000 6.706244e+000 5.319671e+000 3.311519e+000 4.120757e+000 1.848852e+000 2.425214e+000
<VARIANCE> 22
 9.813930e+003 7.288575e+003 8.617864e+003 5.661335e+003 3.450327e+004 1.470592e+004 1.749176e+003 1.435345e+003 3.385690e+001 2.164214e+001 1.303835e+003 8.879593e+002 1.211284e+002 7.814075e+001 6.929750e+000 1.455897e+000 2.074640e-001 2.345691e-001 8.710071e+000 3.388150e+000 5.757098e+000 6.074047e+000
<GCONST> 1.469448e+002
<MIXTURE> 2 9.267992e-001
<MEAN> 22
 1.327072e+001 1.312122e+001 2.264206e+000 2.307564e+000 5.095068e+001 5.021987e+001 6.482713e+001 6.265931e+001 6.350610e+001 6.022933e+001 1.558800e+002 1.519026e+002 1.092800e+002 1.086519e+002 5.869220e+000 4.627031e+000 5.986023e+000 5.831200e+000 5.406059e+000 5.585741e+000 2.755274e+000 1.972944e+000
<VARIANCE> 22
 1.650980e+002 1.512680e+002 5.630198e+000 6.199098e+000 4.387002e+003 3.294637e+003 1.009759e+003 9.366118e+002 1.520517e+002 1.539855e+002 1.865063e+003 1.953389e+003 3.349100e+002 2.997020e+002 4.901945e+000 1.399788e+000 5.943175e-001 5.234107e-001 9.673042e-001 4.089891e+000 3.080777e+000 3.827181e+000
<GCONST> 1.256445e+002
<STATE> 3
<NUMMIXES> 2
<MIXTURE> 1 4.198976e-001
<MEAN> 22
 1.465665e+001 1.493734e+001 3.555885e+000 3.467332e+000 1.312945e+002 1.237155e+002 1.459203e+002 1.411539e+002 8.883765e+001 7.858689e+001 1.532532e+002 1.605528e+002 1.163757e+002 1.148722e+002 4.455887e-001 3.716746e+000 4.425849e+000 4.724836e+000 1.813530e+000 3.836623e+000 2.915766e+000 3.870747e+000
<VARIANCE> 22
 4.241477e+002 4.401068e+002 1.903312e+001 2.101276e+001 1.505771e+003 1.696927e+003 1.007295e+003 8.897585e+002 1.851275e+002 2.652357e+002 2.128435e+003 1.293911e+003 1.777240e+002 1.378684e+002 3.210217e-001 3.389749e-001 1.125172e+001 2.551255e-001 6.107505e+000 9.232945e-001 6.454027e+000 5.576849e+000
<GCONST> 1.269076e+002
<MIXTURE> 2 5.801019e-001
<MEAN> 22
 2.164854e+001 2.230755e+001 3.693348e+000 3.614324e+000 9.278401e+001 9.507482e+001 4.743886e+001 4.862328e+001 6.497614e+001 6.075780e+001 9.475766e+001 9.368748e+001 1.004216e+002 1.011946e+002 2.142523e+000 2.846824e+000 6.145148e+000 5.756867e+000 4.151393e+000 2.423277e+000 2.712246e+000 2.824932e+000
<VARIANCE> 22
 3.459373e+002 3.601271e+002 2.319128e+001 1.793039e+001 1.585201e+003 1.265652e+003 6.450063e+002 6.474814e+002 1.168242e+002 1.220027e+002 9.110555e+002 8.257021e+002 1.166785e+002 9.925982e+001 4.070072e+000 2.199358e+000 3.683771e-001 3.690192e-001 1.881496e+000 7.907868e+000 5.340468e+000 4.382051e+000
<GCONST> 1.241522e+002
<STATE> 4
<NUMMIXES> 2
<MIXTURE> 1 4.465900e-001
<MEAN> 22
 9.204011e+000 8.842133e+000 2.483705e+000 2.143690e+000 3.442750e+001 3.514233e+001 1.024615e+002 9.972039e+001 6.545576e+001 6.012626e+001 1.935089e+002 1.914010e+002 1.153087e+002 1.146612e+002 6.724582e+000 4.942816e+000 6.440927e+000 5.518745e+000 6.059287e+000 5.833733e+000 3.870131e+000 3.684292e+000
<VARIANCE> 22
 8.306380e+001 7.900239e+001 7.269665e+000 5.496526e+000 1.082094e+003 8.342169e+002 5.903123e+002 4.282843e+002 1.053699e+002 8.693076e+001 7.740063e+002 6.596367e+002 1.878897e+002 1.458018e+002 1.626528e+000 1.310607e-001 2.841533e-001 2.502700e-001 1.952028e-001 3.228191e-001 4.474530e+000 8.366621e+000
<GCONST> 1.082169e+002
<MIXTURE> 2 5.534099e-001
<MEAN> 22
 6.316161e+000 6.043626e+000 1.762352e+000 1.640586e+000 9.049760e+001 8.908167e+001 1.169147e+002 1.179945e+002 6.846431e+001 6.381134e+001 1.566642e+002 1.560879e+002 1.052565e+002 1.048886e+002 7.474365e-003 3.999265e+000 6.999494e+000 5.000000e+000 3.505315e+000 4.354838e+000 3.061635e+000 3.803850e+000
<VARIANCE> 22
 6.457774e+001 5.835300e+001 5.950436e+000 5.044472e+000 7.155156e+002 6.530295e+002 5.867332e+002 5.135792e+002 9.815533e+001 1.274450e+002 4.217185e+002 4.581155e+002 7.313365e+001 7.985741e+001 6.504287e-002 1.793315e-002 2.326111e-002 1.170389e-002 1.191356e+001 2.648514e-001 6.494882e+000 7.382812e+000
<GCONST> 9.807490e+001
<TRANSP> 5
 0.000000e+000 1.000000e+000 0.000000e+000 0.000000e+000 0.000000e+000
 0.000000e+000 7.648445e-001 2.351555e-001 0.000000e+000 0.000000e+000
 0.000000e+000 0.000000e+000 9.244403e-001 7.555977e-002 0.000000e+000
 0.000000e+000 0.000000e+000 0.000000e+000 9.481798e-001 5.182014e-002
 0.000000e+000 0.000000e+000 0.000000e+000 0.000000e+000 0.000000e+000
<ENDHMM>
~h "CF"
<BEGINHMM>
<NUMSTATES> 5
<STATE> 2
<NUMMIXES> 2
<MIXTURE> 1 2.437141e-001
<MEAN> 22
 7.902396e+000 1.379281e+001 5.134800e+000 5.934671e+000 1.144547e+001 2.251784e+001 9.213006e+001 7.902711e+001 5.917719e+001 5.890524e+001 1.903290e+002 1.770629e+002 1.143008e+002 1.124957e+002 6.961783e+000 4.982150e+000 6.047752e+000 5.967494e+000 5.972233e+000 6.110340e+000 2.064898e+000 2.176988e+000
<VARIANCE> 22
 1.803788e+003 1.396143e+003 1.697668e+003 1.002523e+003 1.755153e+002 3.897335e+002 2.925317e+002 5.421705e+002 7.095227e+001 6.946365e+001 5.517882e+002 8.523720e+002 1.392850e+002 1.423296e+002 1.086340e-001 4.131016e-002 8.141147e-002 3.144871e-002 4.856125e-002 1.846809e-001 5.745142e+000 3.524624e+000
<GCONST> 1.110057e+002
<MIXTURE> 2 7.562866e-001
<MEAN> 22
 8.438514e+000 6.995221e+000 3.082312e+000 2.432502e+000 8.558817e+001 8.548627e+001 8.453670e+001 6.772147e+001 7.948999e+001 6.513918e+001 8.685834e+001 1.044237e+002 9.593893e+001 1.032405e+002 2.714175e+000 3.225460e+000 4.536053e+000 5.062137e+000 3.773979e+000 3.455290e+000 2.908993e+000 2.680083e+000
<VARIANCE> 22
 2.258109e+002 1.231467e+002 2.338139e+001 1.717353e+001 8.324938e+003 7.009616e+003 2.317837e+003 1.729280e+003 6.556813e+002 5.521823e+002 3.465861e+003 3.353545e+003 6.416334e+002 5.242167e+002 4.996387e+000 2.304159e+000 6.093484e+000 1.930132e+000 2.274045e+000 7.812950e+000 6.008286e+000 5.648471e+000
<GCONST> 1.428517e+002
<STATE> 3
<NUMMIXES> 2
<MIXTURE> 1 3.501026e-001
<MEAN> 22
 2.634995e+000 2.372405e+001 9.855953e-001 5.923167e+000 1.758526e+001 1.244579e+002 9.962716e+001 9.173602e+001 6.370600e+001 8.644008e+001 1.926467e+002 9.245327e+001 1.175089e+002 1.030323e+002 6.831491e+000 3.236386e+000 6.206152e+000 4.693692e+000 5.892270e+000 2.995812e+000 2.094981e+000 3.887366e+000
<VARIANCE> 22
 2.517188e+001 5.058397e+002 3.493559e+000 4.321859e+001 1.032570e+003 5.796874e+003 5.968359e+002 2.044777e+003 1.296537e+002 4.818302e+002 1.560516e+003 2.967574e+003 3.047278e+002 2.858800e+002 8.020303e-001 1.374683e+000 6.137583e-001 1.693964e+000 2.737407e-001 7.359128e+000 6.014078e+000 5.057435e+000
<GCONST> 1.265396e+002
<MIXTURE> 2 6.498982e-001
<MEAN> 22
 9.417524e-001 6.481707e+000 4.587910e-001 3.060734e+000 5.895575e+000 1.944891e+002 9.019046e+001 1.289229e+002 5.716699e+001 1.020136e+002 1.859714e+002 3.123617e+001 1.110358e+002 8.359566e+001 7.000000e+000 2.000000e+000 6.007389e+000 2.941170e+000 5.999994e+000 9.934949e-001 1.419680e+000 2.539750e+000
<VARIANCE> 22
 4.801632e+000 9.470686e+001 3.300596e+000 1.900621e+001 4.956259e+001 9.274286e+002 1.845351e+002 4.357050e+002 4.995004e+001 3.959276e+002 3.642295e+002 1.493091e+002 1.040482e+002 2.379620e+002 6.504287e-002 1.793315e-002 2.326111e-002 1.258723e+000 2.082488e-002 5.618803e-002 5.142734e+000 5.750141e+000
<GCONST> 8.998685e+001
<STATE> 4
<NUMMIXES> 2
<MIXTURE> 1 4.247238e-001
<MEAN> 22
 9.006515e+000 5.745466e+000 2.695847e+000 2.128901e+000 2.900920e+001 2.401471e+001 9.054499e+001 9.738204e+001 6.587637e+001 6.086441e+001 1.868088e+002 1.946918e+002 1.164287e+002 1.164765e+002 6.331298e+000 5.000438e+000 6.198778e+000 5.710638e+000 5.886324e+000 5.988249e+000 3.376192e+000 3.049207e+000
<VARIANCE> 22
 1.778860e+002 6.113736e+001 1.408068e+001 7.811421e+000 7.935916e+002 5.760874e+002 6.413969e+002 3.259300e+002 1.638018e+002 9.295411e+001 1.056872e+003 5.115845e+002 2.087528e+002 1.288031e+002 4.013992e+000 1.793315e-002 1.592649e-001 2.065054e-001 1.225227e-001 5.618803e-002 6.409477e+000 6.406851e+000
<GCONST> 1.054326e+002
<MIXTURE> 2 5.752764e-001
<MEAN> 22
 1.060157e+001 1.556140e+000 3.866886e+000 8.179942e-001 1.720540e+002 2.516707e+001 1.210315e+002 9.694897e+001 9.697919e+001 5.769667e+001 3.824374e+001 1.917188e+002 8.550697e+001 1.134918e+002 1.910212e+000 4.977084e+000 2.487748e+000 5.672904e+000 3.042212e+000 5.953156e+000 3.152686e+000 2.050894e+000
<VARIANCE> 22
 2.147005e+002 8.405884e+000 2.929832e+001 2.164982e+000 3.451808e+003 1.106086e+003 1.190425e+003 2.398328e+002 4.587835e+002 8.475270e+001 5.158345e+002 4.440354e+002 4.461081e+002 1.196273e+002 2.215261e-001 6.632286e-002 4.654102e+000 2.414185e-001 2.362235e-001 2.190999e-001 6.216042e+000 5.595790e+000
<GCONST> 1.100776e+002
<TRANSP> 5
 0.000000e+000 1.000000e+000 0.000000e+000 0.000000e+000 0.000000e+000
 0.000000e+000 8.362111e-001 1.637890e-001 0.000000e+000 0.000000e+000
 0.000000e+000 0.000000e+000 9.503040e-001 4.969606e-002 0.000000e+000
 0.000000e+000 0.000000e+000 0.000000e+000 9.304940e-001 6.950609e-002
 0.000000e+000 0.000000e+000 0.000000e+000 0.000000e+000 0.000000e+000
<ENDHMM>
~h "CN"
<BEGINHMM>
<NUMSTATES> 5
<STATE> 2
<NUMMIXES> 2
<MIXTURE> 1 4.178255e-001
<MEAN> 22
 8.700460e+000 8.182558e+000 2.877718e+000 2.753236e+000 2.115440e+001 2.359010e+001 9.285175e+001 8.873649e+001 6.386712e+001 5.942784e+001 1.920639e+002 1.885778e+002 1.189332e+002 1.170481e+002 6.999014e+000 5.000000e+000 6.131791e+000 5.935068e+000 5.999439e+000 6.016328e+000 2.756821e+000 1.962839e+000
<VARIANCE> 22
 5.288991e+002 4.141504e+002 3.706743e+002 2.725677e+002 3.517533e+002 5.060143e+002 5.984901e+002 4.012413e+002 9.205000e+001 6.772688e+001 8.177529e+002 6.563818e+002 2.511269e+002 1.908772e+002 6.504287e-002 1.793315e-002 1.144225e-001 6.071556e-002 2.082488e-002 5.618803e-002 3.245458e+000 3.991843e+000
<GCONST> 1.055283e+002
<MIXTURE> 2 5.821743e-001
<MEAN> 22
 2.081968e+001 2.063757e+001 2.607112e+000 2.902873e+000 9.228025e+001 8.804155e+001 4.352150e+001 4.550501e+001 6.557468e+001 6.212253e+001 9.964528e+001 9.900111e+001 1.054521e+002 1.046269e+002 3.023007e+000 3.330715e+000 6.018841e+000 5.875124e+000 4.291456e+000 3.082001e+000 2.631226e+000 2.041268e+000
<VARIANCE> 22
 3.272652e+002 3.067686e+002 9.519843e+000 1.168208e+001 2.107009e+003 2.063203e+003 4.795012e+002 6.297789e+002 1.165703e+002 1.092283e+002 1.444627e+003 1.663124e+003 1.650136e+002 1.349926e+002 6.080630e+000 2.085945e+000 1.921483e-001 4.294054e-001 7.594028e-001 9.841356e+000 2.249475e+000 3.096831e+000
<GCONST> 1.227179e+002
<STATE> 3
<NUMMIXES> 2
<MIXTURE> 1 4.696937e-001
<MEAN> 22
 8.759563e+000 8.374508e+000 1.135195e+000 1.035111e+000 1.648876e+002 1.589394e+002 8.570360e+001 8.256824e+001 6.858517e+001 6.672050e+001 3.922687e+001 4.321891e+001 1.063576e+002 1.083007e+002 2.063355e+000 1.835448e+000 5.535309e+000 5.867118e+000 3.107350e+000 8.284853e-001 2.962147e+000 2.882207e+000
<VARIANCE> 22
 1.529420e+002 1.746767e+002 3.300596e+000 2.164982e+000 1.658625e+003 1.421235e+003 4.296314e+002 5.323924e+002 1.591514e+002 1.754672e+002 3.953591e+002 5.448164e+002 2.420756e+002 1.857010e+002 1.240882e-001 2.200449e-001 1.587635e+000 1.189283e+000 1.345391e-001 2.283745e-001 6.000993e+000 6.035204e+000
<GCONST> 1.099789e+002
<MIXTURE> 2 5.303087e-001
<MEAN> 22
 6.378033e+000 7.529871e+000 1.236876e+000 9.938497e-001 1.319613e+002 1.260174e+002 6.145779e+001 5.951711e+001 6.481811e+001 6.192522e+001 4.472280e+001 4.672002e+001 1.005306e+002 1.012505e+002 2.006746e+000 2.000000e+000 6.000000e+000 6.000000e+000 3.230057e+000 7.547413e-001 3.372429e+000 3.300343e+000
<VARIANCE> 22
 6.073831e+001 9.379790e+001 3.560122e+000 2.164982e+000 1.159348e+003 9.036644e+002 2.929929e+002 3.341706e+002 5.076059e+001 5.549092e+001 2.318046e+002 2.884301e+002 5.172874e+001 5.124818e+001 6.504287e-002 1.793315e-002 2.326111e-002 1.170389e-002 1.771297e-001 1.850970e-001 6.006136e+000 5.983115e+000
<GCONST> 8.861483e+001
<STATE> 4
<NUMMIXES> 2
<MIXTURE> 1 3.979787e-001
<MEAN> 22
 1.057699e+001 9.616377e+000 3.178024e+000 2.752287e+000 3.901292e+001 3.142772e+001 9.929646e+001 9.543795e+001 6.505203e+001 6.061351e+001 1.953906e+002 1.929441e+002 1.163600e+002 1.154651e+002 6.989934e+000 5.000001e+000 6.281280e+000 5.778863e+000 6.012995e+000 5.978876e+000 3.789456e+000 3.697914e+000
<VARIANCE> 22
 1.183025e+002 9.688656e+001 8.598943e+000 7.190073e+000 7.098515e+003 4.429240e+003 4.349858e+002 3.490253e+002 9.375627e+001 6.486507e+001 5.077159e+002 4.677501e+002 1.501177e+002 1.186187e+002 6.504287e-002 1.793315e-002 2.021635e-001 1.722354e-001 2.082488e-002 5.618803e-002 7.951126e+000 4.567230e+000
<GCONST> 1.007069e+002
<MIXTURE> 2 6.020217e-001
<MEAN> 22
 1.669223e+001 1.618887e+001 2.177610e+000 2.439971e+000 9.361304e+001 9.164789e+001 5.334615e+001 5.149649e+001 6.763451e+001 6.569921e+001 1.160207e+002 1.101074e+002 1.067169e+002 1.072747e+002 3.574136e+000 3.290879e+000 6.051050e+000 5.911882e+000 4.441365e+000 3.068460e+000 4.223516e+000 4.113958e+000
<VARIANCE> 22
 4.073150e+002 3.484716e+002 1.064603e+001 1.577259e+001 3.626117e+003 3.095377e+003 1.234763e+003 1.278757e+003 2.196718e+002 1.635430e+002 1.811345e+003 1.918807e+003 3.095146e+002 1.863134e+002 5.865244e+000 3.699163e+000 3.843153e-001 3.363985e-001 1.477132e+000 9.451128e+000 6.806714e+000 5.162890e+000
<GCONST> 1.316657e+002
<TRANSP> 5
 0.000000e+000 1.000000e+000 0.000000e+000 0.000000e+000 0.000000e+000
 0.000000e+000 8.407884e-001 1.592117e-001 0.000000e+000 0.000000e+000
 0.000000e+000 0.000000e+000 9.635918e-001 3.640818e-002 0.000000e+000
 0.000000e+000 0.000000e+000 0.000000e+000 9.193679e-001 8.063212e-002
 0.000000e+000 0.000000e+000 0.000000e+000 0.000000e+000 0.000000e+000
<ENDHMM>
~h "CP"
<BEGINHMM>
<NUMSTATES> 5
<STATE> 2
<NUMMIXES> 2
<MIXTURE> 1 7.733523e-001
<MEAN> 22
 1.358040e+001 1.193520e+001 3.962750e+000 3.414023e+000 5.408554e+001 5.641834e+001 1.046031e+002 1.044387e+002 7.465799e+001 6.940414e+001 1.808142e+002 1.848095e+002 1.228532e+002 1.190539e+002 3.734365e+000 4.577225e+000 6.659757e+000 5.481048e+000 5.324635e+000 5.505483e+000 3.203758e+000 3.164551e+000
<VARIANCE> 22
 7.425052e+002 4.919596e+002 5.138369e+002 2.947361e+002 1.452305e+003 1.671355e+003 1.329353e+003 1.469906e+003 2.014207e+002 2.098456e+002 2.245304e+003 1.279543e+003 4.600060e+002 2.531998e+002 1.160939e+001 3.422591e-001 2.288744e-001 2.498441e-001 4.289997e+000 9.605103e-001 5.399172e+000 5.332108e+000
<GCONST> 1.348396e+002
<MIXTURE> 2 2.266475e-001
<MEAN> 22
 6.803448e+000 4.144074e+000 9.726501e-001 9.965501e-001 3.217255e+002 2.355078e+002 5.855861e+001 4.719563e+001 3.394790e+001 3.136043e+001 4.875160e+001 6.199050e+001 4.993335e+001 5.147061e+001 1.003243e+000 1.615929e+000 1.196550e+000 2.529154e+000 1.196173e+000 1.501833e+000 1.378849e+000 1.615964e+000
<VARIANCE> 22
 4.099013e+002 7.904793e+001 4.260101e+000 4.481841e+000 3.162000e+004 2.076112e+004 4.912483e+003 3.758219e+003 1.490662e+003 1.218708e+003 4.286819e+003 5.682542e+003 3.009312e+003 3.040781e+003 2.938907e+000 3.743779e+000 5.347978e+000 7.464593e+000 2.957850e+000 5.021671e+000 5.008200e+000 5.889490e+000
<GCONST> 1.504200e+002
<STATE> 3
<NUMMIXES> 2
<MIXTURE> 1 5.235090e-001
<MEAN> 22
 1.173281e+001 1.086978e+001 2.996992e+000 3.012341e+000 4.830299e+001 3.853381e+001 9.479279e+001 9.876043e+001 7.297203e+001 6.796841e+001 1.886935e+002 1.909813e+002 1.238084e+002 1.222680e+002 6.116364e+000 4.797050e+000 6.477984e+000 5.432458e+000 6.024957e+000 5.776900e+000 3.645533e+000 3.453409e+000
<VARIANCE> 22
 1.072883e+002 1.038131e+002 1.042724e+001 1.056071e+001 1.329609e+003 5.800324e+002 6.553105e+002 5.247060e+002 1.144371e+002 1.017573e+002 7.687258e+002 6.862466e+002 1.582764e+002 1.268165e+002 5.354650e+000 1.764345e-001 2.653507e-001 2.454323e-001 1.653987e-001 3.287272e-001 5.361227e+000 5.186521e+000
<GCONST> 1.108274e+002
<MIXTURE> 2 4.764909e-001
<MEAN> 22
 1.075358e+001 1.122509e+001 3.116830e+000 3.056205e+000 6.966251e+001 6.119725e+001 5.937099e+001 6.337167e+001 7.345988e+001 6.893769e+001 1.175627e+002 1.205158e+002 1.048863e+002 1.048469e+002 3.029702e-001 3.736613e+000 6.777943e+000 5.183725e+000 5.116112e+000 4.740193e+000 3.385681e+000 3.113197e+000
<VARIANCE> 22
 1.207761e+002 1.113773e+002 1.550425e+001 1.346224e+001 7.510872e+002 8.906560e+002 3.203575e+002 4.229342e+002 1.446911e+002 1.838392e+002 4.960215e+002 6.014036e+002 1.213903e+002 1.176771e+002 5.328103e-001 4.994766e-001 2.201887e-001 1.753044e-001 2.145889e+000 5.538044e+000 5.262186e+000 5.061923e+000
<GCONST> 1.140520e+002
<STATE> 4
<NUMMIXES> 2
<MIXTURE> 1 6.497890e-001
<MEAN> 22
 6.646925e+000 6.732935e+000 1.730576e+000 1.912918e+000 3.021970e+001 2.944356e+001 8.411722e+001 8.430920e+001 6.214877e+001 5.931970e+001 1.755739e+002 1.763058e+002 1.104982e+002 1.106025e+002 6.995650e+000 4.999696e+000 6.239420e+000 5.667741e+000 6.000628e+000 5.987323e+000 3.873786e+000 3.695933e+000
<VARIANCE> 22
 4.189386e+001 4.336540e+001 3.536026e+000 4.480640e+000 6.181893e+002 5.033336e+002 3.147495e+002 2.847744e+002 6.966036e+001 8.048595e+001 4.884203e+002 4.594157e+002 9.916750e+001 9.795945e+001 6.504287e-002 1.793315e-002 1.820963e-001 2.218587e-001 2.082488e-002 5.618803e-002 5.497597e+000 5.794688e+000
<GCONST> 9.163445e+001
<MIXTURE> 2 3.502106e-001
<MEAN> 22
 7.530463e+000 7.469337e+000 1.349171e+000 1.241545e+000 5.011506e+001 4.717599e+001 6.093103e+001 6.266931e+001 6.208682e+001 6.004892e+001 1.352413e+002 1.366346e+002 9.950276e+001 9.901590e+001 2.443103e+000 4.317840e+000 6.616936e+000 5.339081e+000 5.911979e+000 5.919843e+000 3.297155e+000 3.133255e+000
<VARIANCE> 22
 5.509855e+001 5.019055e+001 3.300596e+000 2.462526e+000 4.379017e+002 3.704799e+002 2.977363e+002 3.802443e+002 6.905528e+001 1.026667e+002 2.899808e+002 3.396326e+002 5.075517e+001 6.240024e+001 1.082580e+001 3.409255e-001 2.958857e-001 2.485806e-001 4.314433e-001 6.422684e-001 5.272145e+000 5.107065e+000
<GCONST> 1.032178e+002
<TRANSP> 5
 0.000000e+000 1.000000e+000 0.000000e+000 0.000000e+000 0.000000e+000
 0.000000e+000 6.840734e-001 3.159266e-001 0.000000e+000 0.000000e+000
 0.000000e+000 0.000000e+000 9.247335e-001 7.526641e-002 0.000000e+000
 0.000000e+000 0.000000e+000 0.000000e+000 9.465727e-001 5.342727e-002
 0.000000e+000 0.000000e+000 0.000000e+000 0.000000e+000 0.000000e+000
<ENDHMM>
~h "CV"
<BEGINHMM>
<NUMSTATES> 5
<STATE> 2
<NUMMIXES> 2
<MIXTURE> 1 4.068610e-001
<MEAN> 22
 8.919133e+000 9.624170e+000 3.133476e+000 2.969959e+000 2.049479e+001 2.145853e+001 9.071709e+001 8.608161e+001 6.259428e+001 5.821965e+001 1.873928e+002 1.836444e+002 1.158546e+002 1.153472e+002 6.987844e+000 4.993923e+000 6.151754e+000 5.907876e+000 5.993916e+000 6.011588e+000 2.738211e+000 2.273113e+000
<VARIANCE> 22
 5.344308e+002 4.702341e+002 5.170963e+002 3.211818e+002 3.774003e+002 3.684141e+002 5.283878e+002 4.478091e+002 7.953197e+001 5.784192e+001 7.322886e+002 7.031730e+002 1.832979e+002 1.482915e+002 6.504287e-002 2.022364e-002 1.287247e-001 8.566191e-002 2.082488e-002 8.843835e-002 3.264310e+000 4.068040e+000
<GCONST> 1.060487e+002
<MIXTURE> 2 5.931391e-001
<MEAN> 22
 1.971795e+001 1.935078e+001 3.382227e+000 3.214449e+000 1.029212e+002 9.663727e+001 6.521294e+001 6.602795e+001 6.868610e+001 6.034338e+001 1.010893e+002 1.112059e+002 1.089030e+002 1.076278e+002 2.336773e+000 3.521839e+000 6.009626e+000 5.397114e+000 4.082245e+000 3.484455e+000 2.689470e+000 2.580518e+000
<VARIANCE> 22
 4.532392e+002 4.126310e+002 1.530636e+001 1.342166e+001 8.529399e+003 5.876589e+003 9.599564e+002 9.812562e+002 2.273886e+002 1.297244e+002 2.780071e+003 2.506063e+003 3.641779e+002 3.261927e+002 6.453945e+000 1.390522e+000 2.749538e+000 7.188855e-001 2.083471e+000 7.043415e+000 3.851751e+000 3.782264e+000
<GCONST> 1.353578e+002
<STATE> 3
<NUMMIXES> 2
<MIXTURE> 1 3.930720e-001
<MEAN> 22
 8.763201e+000 8.737254e+000 2.637565e+000 2.912445e+000 1.680466e+002 1.631953e+002 9.977843e+001 9.864169e+001 7.229590e+001 6.911292e+001 4.737038e+001 5.227507e+001 1.131522e+002 1.131642e+002 1.680572e+000 2.413237e+000 4.492660e+000 4.775258e+000 2.649253e+000 1.491911e+000 3.394165e+000 3.287240e+000
<VARIANCE> 22
 1.412357e+002 1.357736e+002 1.487385e+001 2.030335e+001 1.822572e+003 1.425634e+003 5.285920e+002 6.620321e+002 1.364948e+002 1.016654e+002 4.627671e+002 4.715495e+002 2.948746e+002 1.959379e+002 3.492977e-001 3.026303e-001 1.016238e+001 7.304553e-001 3.439867e-001 4.478969e-001 5.514727e+000 5.714093e+000
<GCONST> 1.176741e+002
<MIXTURE> 2 6.069290e-001
<MEAN> 22
 5.876258e+000 6.350418e+000 1.251570e+000 1.315883e+000 1.204886e+002 1.216796e+002 6.965651e+001 6.993948e+001 6.078152e+001 5.754584e+001 5.238597e+001 5.272947e+001 9.883573e+001 9.952976e+001 1.338179e+000 2.562619e+000 6.893600e+000 5.175386e+000 2.865614e+000 1.220972e+000 3.495922e+000 3.362473e+000
<VARIANCE> 22
 5.558057e+001 5.707496e+001 3.300596e+000 2.582308e+000 1.226287e+003 8.426704e+002 2.306604e+002 2.729117e+002 3.298335e+001 4.377242e+001 1.950086e+002 2.124387e+002 6.036573e+001 6.286475e+001 2.353747e-001 2.983129e-001 9.518097e-002 2.620873e-001 2.292062e-001 2.856793e-001 5.632623e+000 5.976408e+000
<GCONST> 9.612794e+001
<STATE> 4
<NUMMIXES> 2
<MIXTURE> 1 4.802000e-001
<MEAN> 22
 1.067888e+001 9.616936e+000 3.056156e+000 2.608888e+000 2.315261e+001 2.307962e+001 9.478011e+001 9.245776e+001 6.403466e+001 5.839697e+001 1.911264e+002 1.903807e+002 1.154876e+002 1.146566e+002 6.993747e+000 5.000496e+000 6.223444e+000 5.832301e+000 6.022060e+000 5.989762e+000 4.229343e+000 4.052057e+000
<VARIANCE> 22
 1.089592e+002 1.002759e+002 9.453976e+000 7.313415e+000 4.963588e+002 4.522800e+002 4.514134e+002 3.452399e+002 8.925693e+001 6.617344e+001 6.600976e+002 5.814149e+002 1.771414e+002 1.416966e+002 6.504287e-002 1.793315e-002 1.735191e-001 1.395760e-001 2.172497e-002 5.618803e-002 6.771671e+000 5.023353e+000
<GCONST> 9.626292e+001
<MIXTURE> 2 5.197995e-001
<MEAN> 22
 1.570267e+001 1.564821e+001 2.656306e+000 2.996481e+000 7.808451e+001 6.844193e+001 4.514699e+001 5.021672e+001 6.506638e+001 5.996187e+001 1.055388e+002 1.130174e+002 1.039860e+002 1.042121e+002 2.509110e+000 3.523583e+000 6.146995e+000 5.761092e+000 4.437119e+000 3.415700e+000 4.312693e+000 4.243046e+000
<VARIANCE> 22
 2.763304e+002 2.547949e+002 1.608323e+001 1.634100e+001 1.404604e+003 1.415631e+003 5.494007e+002 6.894306e+002 1.066316e+002 8.944840e+001 1.344673e+003 1.678300e+003 1.559604e+002 1.169427e+002 6.400783e+000 1.970287e+000 2.270558e-001 2.519505e-001 9.647236e-001 9.454037e+000 5.831611e+000 5.572268e+000
<GCONST> 1.234833e+002
<TRANSP> 5
 0.000000e+000 1.000000e+000 0.000000e+000 0.000000e+000 0.000000e+000
 0.000000e+000 8.454399e-001 1.545601e-001 0.000000e+000 0.000000e+000
 0.000000e+000 0.000000e+000 9.467522e-001 5.324775e-002 0.000000e+000
 0.000000e+000 0.000000e+000 0.000000e+000 9.195659e-001 8.043413e-002
 0.000000e+000 0.000000e+000 0.000000e+000 0.000000e+000 0.000000e+000
<ENDHMM>
~h "DC"
<BEGINHMM>
<NUMSTATES> 5
<STATE> 2
<NUMMIXES> 2
<MIXTURE> 1 4.215026e-001
<MEAN> 22
 9.777476e+000 9.280747e+000 3.798688e+000 3.330931e+000 4.242831e+001 4.007794e+001 8.994684e+001 8.653040e+001 6.348572e+001 5.940625e+001 1.879242e+002 1.851305e+002 1.177416e+002 1.168014e+002 6.975565e+000 4.993265e+000 6.178886e+000 5.862983e+000 5.961979e+000 6.009000e+000 2.484710e+000 2.114042e+000
<VARIANCE> 22
 8.949124e+002 6.472386e+002 8.320015e+002 5.124877e+002 1.055786e+004 6.621929e+003 6.845170e+002 4.736911e+002 9.914014e+001 6.144958e+001 8.747070e+002 7.526967e+002 2.315114e+002 1.801864e+002 1.306980e-001 1.793315e-002 1.468856e-001 1.182445e-001 8.398567e-002 1.105978e-001 3.091541e+000 3.477999e+000
<GCONST> 1.177559e+002
<MIXTURE> 2 5.784958e-001
<MEAN> 22
 1.393139e+001 1.347640e+001 2.702629e+000 2.899657e+000 1.081718e+002 9.960190e+001 4.499121e+001 4.578166e+001 6.528168e+001 6.155556e+001 1.104896e+002 1.138347e+002 1.050135e+002 1.029193e+002 1.984890e+000 3.472985e+000 6.054221e+000 5.563566e+000 4.504642e+000 4.263268e+000 2.528212e+000 1.993682e+000
<VARIANCE> 22
 1.603246e+002 1.394616e+002 1.263885e+001 1.567336e+001 1.064419e+004 7.282650e+003 6.775804e+002 7.336003e+002 2.852547e+002 2.186659e+002 1.254652e+003 1.353590e+003 6.432589e+002 5.294345e+002 6.854819e+000 2.179352e+000 1.465079e+000 1.229240e+000 1.981655e+000 9.346812e+000 2.838774e+000 3.179457e+000
<GCONST> 1.335553e+002
<STATE> 3
<NUMMIXES> 2
<MIXTURE> 1 4.898894e-001
<MEAN> 22
 1.382364e+001 1.533598e+001 2.865601e+000 3.211786e+000 1.366926e+002 1.345660e+002 6.717976e+001 6.841016e+001 6.831978e+001 6.545207e+001 5.978206e+001 6.027246e+001 9.860496e+001 9.915983e+001 1.916697e+000 2.220098e+000 5.873796e+000 5.717143e+000 3.405303e+000 8.358169e-001 2.729553e+000 2.677813e+000
<VARIANCE> 22
 2.701660e+002 3.479534e+002 2.645062e+001 3.012007e+001 2.344464e+003 1.685439e+003 5.978618e+002 6.283212e+002 1.123001e+002 1.593492e+002 5.247970e+002 5.708650e+002 1.976911e+002 2.085150e+002 5.071093e-001 5.004470e-001 8.023030e-001 7.184376e-001 3.545479e-001 9.804758e-001 5.480404e+000 5.477456e+000
<GCONST> 1.200430e+002
<MIXTURE> 2 5.101097e-001
<MEAN> 22
 8.810962e+000 9.009387e+000 1.082588e+000 1.159174e+000 1.112839e+002 1.076251e+002 3.099983e+001 3.376649e+001 6.317018e+001 6.071293e+001 7.997485e+001 8.096609e+001 9.958159e+001 1.002572e+002 2.000509e+000 2.007249e+000 6.000123e+000 6.005707e+000 4.000207e+000 2.786518e-002 2.758303e+000 2.442088e+000
<VARIANCE> 22
 1.370322e+002 1.263870e+002 3.300596e+000 2.297935e+000 4.743131e+002 5.178054e+002 1.174221e+002 1.329043e+002 6.834684e+001 8.808118e+001 1.694277e+002 1.789105e+002 9.745739e+001 9.505976e+001 6.021672e-001 8.892263e-001 2.326111e-002 1.016668e-001 2.082488e-002 5.618803e-002 5.408518e+000 5.821384e+000
<GCONST> 9.246914e+001
<STATE> 4
<NUMMIXES> 2
<MIXTURE> 1 5.509638e-001
<MEAN> 22
 9.997983e+000 9.231142e+000 3.177759e+000 2.826934e+000 2.255006e+001 2.220754e+001 9.597290e+001 9.352102e+001 6.417275e+001 5.972173e+001 1.909190e+002 1.902186e+002 1.145892e+002 1.145874e+002 6.996800e+000 5.001604e+000 6.305064e+000 5.722810e+000 6.012842e+000 5.997465e+000 4.104987e+000 3.915357e+000
<VARIANCE> 22
 8.543551e+001 8.165374e+001 8.467593e+000 7.130869e+000 3.602104e+002 3.712742e+002 3.903464e+002 3.462853e+002 9.096218e+001 7.885380e+001 5.180553e+002 4.760273e+002 1.536823e+002 1.270887e+002 6.504287e-002 1.793315e-002 2.120013e-001 2.003556e-001 2.082488e-002 5.618803e-002 7.135193e+000 4.407675e+000
<GCONST> 9.496061e+001
<MIXTURE> 2 4.490367e-001
<MEAN> 22
 1.846068e+001 1.827855e+001 2.893148e+000 2.683865e+000 7.456171e+001 6.683781e+001 3.982590e+001 4.335986e+001 6.622185e+001 6.155976e+001 1.219294e+002 1.265227e+002 1.035034e+002 1.037803e+002 3.529869e+000 4.196212e+000 6.112211e+000 5.810189e+000 4.884439e+000 5.515069e+000 4.270814e+000 4.212746e+000
<VARIANCE> 22
 3.644615e+002 3.560968e+002 2.244665e+001 1.733926e+001 1.399738e+003 1.177405e+003 5.030937e+002 4.890602e+002 1.202776e+002 1.224158e+002 7.955669e+002 8.699427e+002 1.520723e+002 1.214588e+002 8.819277e+000 2.158414e+000 1.662735e-001 2.072840e-001 6.944172e-001 6.241876e+000 7.310642e+000 4.757288e+000
<GCONST> 1.223622e+002
<TRANSP> 5
 0.000000e+000 1.000000e+000 0.000000e+000 0.000000e+000 0.000000e+000
 0.000000e+000 8.698783e-001 1.301217e-001 0.000000e+000 0.000000e+000
 0.000000e+000 0.000000e+000 9.549764e-001 4.502351e-002 0.000000e+000
 0.000000e+000 0.000000e+000 0.000000e+000 9.087710e-001 9.122894e-002
 0.000000e+000 0.000000e+000 0.000000e+000 0.000000e+000 0.000000e+000
<ENDHMM>
~h "FM"
<BEGINHMM>
<NUMSTATES> 5
<STATE> 2
<NUMMIXES> 2
<MIXTURE> 1 1.318001e-001
<MEAN> 22
 1.293282e+001 1.755138e+001 7.740193e+000 7.770171e+000 4.839718e+001 6.826516e+001 6.970023e+001 7.331548e+001 7.148171e+001 7.548792e+001 1.519960e+002 1.309452e+002 1.077762e+002 1.096627e+002 4.626163e+000 3.966984e+000 5.997127e+000 5.351215e+000 5.212998e+000 5.284285e+000 2.695441e+000 3.096309e+000
<VARIANCE> 22
 2.381978e+003 2.388443e+003 1.908527e+003 1.234016e+003 3.652221e+003 3.718348e+003 1.127287e+003 1.223785e+003 4.738205e+002 3.753967e+002 2.158975e+003 2.257137e+003 7.173920e+002 3.388200e+002 9.205478e+000 1.140545e+000 1.496970e+000 5.492588e-001 1.517450e+000 4.864283e+000 7.079942e+000 5.337784e+000
<GCONST> 1.488966e+002
<MIXTURE> 2 8.681999e-001
<MEAN> 22
 7.135787e+000 1.292875e+000 2.006042e+000 6.288863e-001 6.410701e+001 8.922070e+000 6.347234e+001 1.009491e+002 9.514033e+001 5.728869e+001 1.408098e+002 2.011199e+002 1.144458e+002 1.192533e+002 2.260497e+000 5.000000e+000 6.523437e+000 5.904313e+000 5.282000e+000 5.998956e+000 3.142700e+000 1.831345e+000
<VARIANCE> 22
 6.426494e+001 4.063125e+000 7.818385e+000 2.164982e+000 8.000050e+002 7.039482e+001 7.997413e+002 2.056538e+002 4.993734e+002 7.209437e+001 1.169924e+003 3.740623e+002 1.767114e+002 1.307419e+002 1.023554e+001 1.793315e-002 2.494507e-001 8.653039e-002 3.492766e-001 5.618803e-002 6.393405e+000 5.542655e+000
<GCONST> 9.941037e+001
<STATE> 3
<NUMMIXES> 2
<MIXTURE> 1 4.384420e-001
<MEAN> 22
 2.339547e+000 9.210410e+000 8.697386e-001 3.181847e+000 1.566195e+001 5.262091e+001 1.048505e+002 8.150935e+001 6.419670e+001 9.157583e+001 2.058446e+002 1.618690e+002 1.213771e+002 1.165487e+002 6.991043e+000 4.482003e+000 6.139936e+000 5.269926e+000 5.992497e+000 6.297127e+000 2.212839e+000 3.326866e+000
<VARIANCE> 22
 1.758498e+001 8.219376e+001 3.300596e+000 1.691769e+001 6.619014e+002 1.025434e+003 4.520978e+002 4.987551e+002 8.310455e+001 5.882674e+002 8.127169e+002 9.739258e+002 3.299629e+002 1.642029e+002 6.504287e-002 2.820628e-001 1.541865e-001 2.212306e-001 3.752236e-002 3.253687e-001 6.285110e+000 5.625205e+000
<GCONST> 1.045483e+002
<MIXTURE> 2 5.615581e-001
<MEAN> 22
 8.113914e-001 5.915243e+000 3.601719e-001 1.204130e+000 5.707317e+000 6.203437e+001 8.839975e+001 5.094282e+001 5.314176e+001 8.198220e+001 1.830071e+002 1.202263e+002 1.100870e+002 9.870584e+001 6.962909e+000 4.055616e+000 6.002520e+000 5.408198e+000 5.994463e+000 6.291794e+000 1.358946e+000 3.126526e+000
<VARIANCE> 22
 4.801632e+000 3.687668e+001 3.300596e+000 2.164982e+000 4.956259e+001 2.717790e+002 7.063046e+001 2.911520e+002 3.650146e+001 1.430463e+002 1.510460e+002 3.802346e+002 4.135886e+001 5.044807e+001 2.458171e-001 2.795773e-001 2.326111e-002 2.423014e-001 2.082488e-002 2.383154e+000 4.935997e+000 5.829005e+000
<GCONST> 8.667803e+001
<STATE> 4
<NUMMIXES> 2
<MIXTURE> 1 9.018125e-001
<MEAN> 22
 6.315936e+000 5.418843e+000 1.616897e+000 1.648515e+000 4.386326e+001 3.382641e+001 6.035800e+001 5.577586e+001 7.928718e+001 6.525492e+001 1.357849e+002 1.335591e+002 1.055160e+002 1.033604e+002 2.911529e+000 3.988939e+000 6.441377e+000 5.612086e+000 5.303112e+000 5.282553e+000 2.681163e+000 2.561152e+000
<VARIANCE> 22
 7.586536e+001 6.072831e+001 6.332027e+000 8.718071e+000 7.496075e+002 6.936675e+002 8.023126e+002 8.271125e+002 3.801901e+002 1.853769e+002 1.173126e+003 1.364461e+003 1.143599e+002 1.234746e+002 1.030325e+001 1.535143e+000 2.571205e-001 2.386459e-001 5.018801e-001 5.892578e+000 5.831509e+000 6.275928e+000
<GCONST> 1.191055e+002
<MIXTURE> 2 9.818748e-002
<MEAN> 22
 2.114538e-001 1.916301e+000 5.726870e-002 4.889871e-001 4.969779e+002 3.758194e+002 2.887143e+001 2.325998e+001 1.550592e+001 2.032273e+001 5.165451e+001 4.249527e+001 2.734259e+001 2.745012e+001 1.757708e+000 1.127755e+000 1.612335e+000 1.334799e+000 1.506608e+000 1.475772e+000 2.511010e-001 8.986765e-001
<VARIANCE> 22
 4.801632e+000 2.215612e+001 3.300596e+000 2.164982e+000 3.248380e+003 8.365355e+002 2.487267e+003 1.708870e+003 7.176965e+002 1.294392e+003 7.958707e+003 5.511314e+003 2.230313e+003 2.248534e+003 9.214393e+000 3.855945e+000 7.814460e+000 5.368101e+000 6.769797e+000 6.522502e+000 1.007432e+000 3.844356e+000
<GCONST> 1.363595e+002
<TRANSP> 5
 0.000000e+000 1.000000e+000 0.000000e+000 0.000000e+000 0.000000e+000
 0.000000e+000 8.890988e-001 1.109012e-001 0.000000e+000 0.000000e+000
 0.000000e+000 0.000000e+000 9.556193e-001 4.438071e-002 0.000000e+000
 0.000000e+000 0.000000e+000 0.000000e+000 8.369309e-001 1.630691e-001
 0.000000e+000 0.000000e+000 0.000000e+000 0.000000e+000 0.000000e+000
<ENDHMM>
~h "FN"
<BEGINHMM>
<NUMSTATES> 5
<STATE> 2
<NUMMIXES> 2
<MIXTURE> 1 5.117506e-001
<MEAN> 22
 1.608378e+001 3.921772e+000 6.572802e+000 3.227224e+000 1.767380e+002 1.212580e+001 1.136008e+002 1.022582e+002 8.339288e+001 6.045900e+001 4.227997e+001 2.035430e+002 1.027554e+002 1.207834e+002 1.787673e+000 4.985415e+000 2.903772e+000 5.875990e+000 2.962913e+000 5.984855e+000 3.728385e+000 2.008095e+000
<VARIANCE> 22
 1.638932e+003 9.830396e+002 1.340666e+003 7.824385e+002 2.436433e+003 2.135708e+002 1.008424e+003 2.528367e+002 1.907920e+002 6.705202e+001 1.223938e+003 5.420252e+002 3.594454e+002 1.144956e+002 3.760459e-001 3.770754e-002 8.145492e+000 1.222444e-001 5.268013e-001 1.149155e-001 6.225372e+000 5.858942e+000
<GCONST> 1.242190e+002
<MIXTURE> 2 4.882486e-001
<MEAN> 22
 6.521095e+000 1.095279e+001 1.789818e+000 2.743784e+000 1.181405e+002 1.479316e+002 8.603284e+001 9.093752e+001 6.672677e+001 6.421758e+001 1.570191e+002 9.701471e+001 1.025924e+002 1.002356e+002 4.577062e+000 3.112726e+000 5.584049e+000 4.639089e+000 5.079451e+000 2.984879e+000 2.516317e+000 2.684266e+000
<VARIANCE> 22
 2.321595e+002 2.409214e+002 1.419740e+001 1.456289e+001 3.374040e+004 1.768315e+004 1.990616e+003 1.580707e+003 6.116577e+002 4.798698e+002 5.136408e+003 6.417042e+003 1.679669e+003 1.067280e+003 8.937067e+000 2.634861e+000 3.799340e+000 3.008750e+000 2.977168e+000 6.408905e+000 6.516365e+000 5.619494e+000
<GCONST> 1.483097e+002
<STATE> 3
<NUMMIXES> 2
<MIXTURE> 1 4.680595e-001
<MEAN> 22
 2.472523e+000 1.700258e+001 7.929301e-001 3.587292e+000 1.331652e+001 7.395877e+001 9.388286e+001 7.678825e+001 5.979086e+001 6.624651e+001 1.906102e+002 1.281868e+002 1.142551e+002 1.073005e+002 6.942483e+000 3.987714e+000 6.143359e+000 5.454091e+000 5.967405e+000 4.169769e+000 2.139039e+000 3.906008e+000
<VARIANCE> 22
 2.192217e+001 3.000075e+002 3.300596e+000 2.129428e+001 5.376238e+002 3.078583e+003 3.034149e+002 1.115709e+003 7.599379e+001 1.851719e+002 5.785034e+002 3.231827e+003 1.297791e+002 1.711420e+002 2.511880e-001 1.276888e+000 1.589182e-001 5.908312e-001 7.552489e-002 6.731296e+000 6.240741e+000 5.319823e+000
<GCONST> 1.138537e+002
<MIXTURE> 2 5.319413e-001
<MEAN> 22
 8.658348e-001 9.656912e+000 4.520767e-001 2.625645e+000 5.390816e+000 1.755813e+002 9.042111e+001 1.093953e+002 5.713212e+001 6.759972e+001 1.891242e+002 2.521601e+001 1.118261e+002 9.531282e+001 6.999184e+000 2.000000e+000 6.003813e+000 4.205996e+000 5.998733e+000 1.249871e+000 1.355048e+000 3.102210e+000
<VARIANCE> 22
 4.801632e+000 1.302946e+002 3.300596e+000 1.201311e+001 4.956259e+001 9.679785e+002 1.924085e+002 5.000712e+002 4.114260e+001 1.258872e+002 4.305715e+002 1.469199e+002 1.403691e+002 2.349477e+002 6.504287e-002 1.793315e-002 2.326111e-002 1.441042e+000 2.082488e-002 2.011161e-001 4.771978e+000 5.362133e+000
<GCONST> 9.043327e+001
<STATE> 4
<NUMMIXES> 2
<MIXTURE> 1 6.765014e-001
<MEAN> 22
 1.051112e+001 2.380966e+000 2.798419e+000 8.881342e-001 1.010761e+002 2.082029e+001 1.026825e+002 9.725447e+001 7.174495e+001 5.647684e+001 1.097567e+002 1.971593e+002 1.063750e+002 1.174533e+002 3.674799e+000 4.998206e+000 4.693182e+000 5.807203e+000 4.188392e+000 5.982883e+000 3.450861e+000 2.109187e+000
<VARIANCE> 22
 1.668165e+002 1.451385e+001 1.367927e+001 2.164982e+000 5.468776e+003 8.996233e+002 1.266338e+003 2.505320e+002 1.945150e+002 7.174808e+001 6.764613e+003 4.497481e+002 4.569695e+002 1.516882e+002 7.133517e+000 1.793315e-002 6.828418e+000 1.556265e-001 2.934403e+000 5.618803e-002 6.068345e+000 5.993729e+000
<GCONST> 1.151039e+002
<MIXTURE> 2 3.234990e-001
<MEAN> 22
 6.925265e+000 6.949961e+000 1.799639e+000 1.682016e+000 5.103188e+001 4.239819e+001 5.658551e+001 4.080688e+001 6.497243e+001 5.665178e+001 8.026066e+001 1.010001e+002 9.875845e+001 1.002418e+002 2.830537e+000 3.075541e+000 5.594470e+000 5.660743e+000 3.865584e+000 2.901233e+000 2.802834e+000 2.587857e+000
<VARIANCE> 22
 1.332681e+002 2.017097e+002 9.860384e+000 7.746481e+000 1.524427e+003 1.672336e+003 1.316623e+003 5.769272e+002 8.354835e+001 4.580506e+001 2.290161e+003 1.118431e+003 1.498657e+002 9.359018e+001 4.094356e+000 2.494480e+000 2.970617e+000 7.812380e-001 9.263363e-001 1.011054e+001 6.359643e+000 6.222888e+000
<GCONST> 1.248955e+002
<TRANSP> 5
 0.000000e+000 1.000000e+000 0.000000e+000 0.000000e+000 0.000000e+000
 0.000000e+000 8.139033e-001 1.860967e-001 0.000000e+000 0.000000e+000
 0.000000e+000 0.000000e+000 9.552473e-001 4.475265e-002 0.000000e+000
 0.000000e+000 0.000000e+000 0.000000e+000 9.063887e-001 9.361127e-002
 0.000000e+000 0.000000e+000 0.000000e+000 0.000000e+000 0.000000e+000
<ENDHMM>
~h "FU"
<BEGINHMM>
<NUMSTATES> 5
<STATE> 2
<NUMMIXES> 2
<MIXTURE> 1 8.053888e-001
<MEAN> 22
 9.843057e+000 1.311942e+000 2.363412e+000 6.944959e-001 1.380216e+002 1.889499e+001 1.027325e+002 9.420332e+001 6.509780e+001 5.468080e+001 5.157750e+001 1.916799e+002 9.893478e+001 1.126422e+002 2.544292e+000 5.000000e+000 3.295209e+000 5.848838e+000 3.241588e+000 5.996478e+000 3.226123e+000 1.948955e+000
<VARIANCE> 22
 2.436528e+002 4.063125e+000 1.027185e+001 2.164982e+000 4.879935e+003 7.360101e+002 9.696152e+002 1.754389e+002 1.994277e+002 5.459960e+001 3.168322e+003 3.220146e+002 2.181815e+002 1.351772e+002 3.219668e+000 1.793315e-002 7.841052e+000 1.283126e-001 1.449388e+000 5.618803e-002 6.258748e+000 5.676405e+000
<GCONST> 1.092107e+002
<MIXTURE> 2 1.946116e-001
<MEAN> 22
 8.608706e+000 9.194690e+000 2.832475e+000 2.327798e+000 5.548363e+001 5.627702e+001 7.910402e+001 5.823117e+001 6.251204e+001 5.719343e+001 8.921040e+001 1.144573e+002 9.883596e+001 1.003840e+002 3.399837e+000 3.628235e+000 5.212766e+000 5.526543e+000 4.080348e+000 4.097457e+000 2.910856e+000 2.835719e+000
<VARIANCE> 22
 1.907890e+002 1.465769e+002 2.942167e+001 1.270482e+001 3.006169e+003 2.939073e+003 1.451740e+003 9.144521e+002 1.319645e+002 9.413570e+001 4.193420e+003 2.308101e+003 2.621128e+002 1.450131e+002 5.778287e+000 2.078056e+000 4.281323e+000 6.016923e-001 1.952928e+000 7.688240e+000 5.922662e+000 5.168760e+000
<GCONST> 1.323094e+002
<STATE> 3
<NUMMIXES> 2
<MIXTURE> 1 4.331813e-001
<MEAN> 22
 2.143316e+000 1.883538e+001 7.015722e-001 3.381677e+000 7.665727e+000 1.378807e+002 1.025779e+002 9.138750e+001 6.230029e+001 6.956074e+001 2.046723e+002 7.296994e+001 1.213090e+002 1.072736e+002 6.998035e+000 2.909769e+000 6.153315e+000 4.869468e+000 5.998917e+000 2.616421e+000 2.036225e+000 3.231516e+000
<VARIANCE> 22
 2.236409e+001 3.703574e+002 3.300596e+000 1.477568e+001 9.907936e+001 5.763011e+003 3.932981e+002 1.684743e+003 8.813190e+001 1.779268e+002 7.863991e+002 3.263132e+003 2.720965e+002 1.808673e+002 6.504287e-002 1.472357e+000 1.298064e-001 1.526150e+000 2.082488e-002 5.822285e+000 6.279815e+000 5.634448e+000
<GCONST> 1.127149e+002
<MIXTURE> 2 5.668192e-001
<MEAN> 22
 9.759519e-001 3.759373e+000 5.252618e-001 1.286124e+000 7.636779e+000 1.626979e+002 8.247559e+001 1.033345e+002 5.246251e+001 5.790688e+001 1.745582e+002 2.030075e+001 1.043434e+002 8.944479e+001 6.933630e+000 2.034201e+000 6.015280e+000 4.150131e+000 5.961673e+000 1.305199e+000 1.381987e+000 2.629456e+000
<VARIANCE> 22
 4.801632e+000 3.198423e+001 3.300596e+000 2.441459e+000 4.401744e+002 7.644066e+002 8.810636e+001 2.250943e+002 3.534420e+001 9.515640e+001 3.106855e+002 3.276898e+002 6.011604e+001 7.091396e+001 3.573845e-001 9.161639e-002 6.461916e-002 2.211242e+000 1.104640e-001 4.187918e-001 4.875992e+000 6.680359e+000
<GCONST> 9.323005e+001
<STATE> 4
<NUMMIXES> 2
<MIXTURE> 1 6.882008e-001
<MEAN> 22
 4.560773e+000 1.120122e+001 2.006654e+000 3.292003e+000 1.523111e+001 2.408160e+001 9.818501e+001 9.043974e+001 6.073312e+001 5.801641e+001 1.963013e+002 1.881039e+002 1.168354e+002 1.136416e+002 6.992820e+000 5.001050e+000 6.119367e+000 5.832660e+000 5.998914e+000 6.003738e+000 2.880943e+000 3.657900e+000
<VARIANCE> 22
 2.291446e+002 3.222263e+002 1.603815e+002 1.057918e+002 1.686157e+002 4.763111e+002 2.547535e+002 3.032644e+002 7.669788e+001 8.446322e+001 4.115101e+002 4.890295e+002 1.400523e+002 1.224121e+002 6.504287e-002 1.793315e-002 1.051190e-001 1.393359e-001 2.082488e-002 5.618803e-002 6.683471e+000 5.500367e+000
<GCONST> 1.005448e+002
<MIXTURE> 2 3.117990e-001
<MEAN> 22
 6.097097e+000 7.580727e+000 1.410982e+000 3.013699e+000 2.224847e+002 1.879206e+002 6.442935e+001 6.392773e+001 5.146640e+001 5.232940e+001 1.175218e+002 9.105901e+001 8.330913e+001 7.440272e+001 3.791591e+000 2.977890e+000 4.482051e+000 3.913692e+000 4.004793e+000 3.396107e+000 2.221284e+000 2.219054e+000
<VARIANCE> 22
 1.499443e+002 2.188579e+002 7.620469e+000 5.890433e+001 4.453552e+004 2.338951e+004 2.258049e+003 2.530482e+003 9.584161e+002 1.118992e+003 7.663011e+003 6.135583e+003 2.549723e+003 2.315822e+003 9.350284e+000 4.677343e+000 6.979219e+000 5.903599e+000 5.818820e+000 8.264607e+000 6.767800e+000 6.346364e+000
<GCONST> 1.555338e+002
<TRANSP> 5
 0.000000e+000 1.000000e+000 0.000000e+000 0.000000e+000 0.000000e+000
 0.000000e+000 9.246717e-001 7.532830e-002 0.000000e+000 0.000000e+000
 0.000000e+000 0.000000e+000 9.467824e-001 5.321759e-002 0.000000e+000
 0.000000e+000 0.000000e+000 0.000000e+000 8.349652e-001 1.650348e-001
 0.000000e+000 0.000000e+000 0.000000e+000 0.000000e+000 0.000000e+000
<ENDHMM>
~h "MC"
<BEGINHMM>
<NUMSTATES> 5
<STATE> 2
<NUMMIXES> 2
<MIXTURE> 1 9.549465e-002
<MEAN> 22
 1.833979e+001 2.195021e+001 1.142081e+001 9.665238e+000 1.492438e+002 1.681204e+002 1.119851e+002 6.034954e+001 7.430788e+001 7.811854e+001 1.903338e+002 1.128821e+002 1.287668e+002 1.162479e+002 5.427383e+000 3.199420e+000 6.133244e+000 5.748443e+000 5.286907e+000 2.905790e+000 2.286009e+000 2.938352e+000
<VARIANCE> 22
 2.879824e+003 2.210454e+003 2.548621e+003 1.493200e+003 4.614360e+004 2.042526e+004 2.069032e+003 1.005737e+003 2.683640e+002 2.026457e+002 8.327450e+003 2.811703e+003 1.553219e+003 5.401656e+002 5.464806e+000 1.425970e+000 1.212788e+000 4.469606e-001 1.282047e+000 8.933573e+000 6.014485e+000 5.295971e+000
<GCONST> 1.553169e+002
<MIXTURE> 2 9.045059e-001
<MEAN> 22
 5.666178e+000 6.994320e+000 1.542353e+000 2.097078e+000 4.840514e+001 5.658144e+001 6.101005e+001 5.027974e+001 7.111082e+001 6.622569e+001 1.139536e+002 1.084773e+002 1.015315e+002 1.012619e+002 3.641647e+000 3.415643e+000 6.185475e+000 5.726619e+000 4.756434e+000 3.781783e+000 2.888025e+000 2.727939e+000
<VARIANCE> 22
 5.403266e+001 7.401952e+001 3.880272e+000 7.603615e+000 1.241804e+003 1.706788e+003 7.217238e+002 7.452524e+002 2.136275e+002 2.416739e+002 2.846357e+003 1.861079e+003 1.476882e+002 1.244584e+002 7.832975e+000 1.689779e+000 2.595221e-001 2.133889e-001 1.404115e+000 9.691326e+000 6.084608e+000 5.592840e+000
<GCONST> 1.218547e+002
<STATE> 3
<NUMMIXES> 2
<MIXTURE> 1 2.819844e-001
<MEAN> 22
 2.627388e+000 1.399975e+001 7.802640e-001 4.337064e+000 1.063586e+001 1.138067e+002 1.090600e+002 7.917220e+001 6.594938e+001 9.177219e+001 2.125464e+002 1.056286e+002 1.263228e+002 1.135465e+002 6.884138e+000 3.363827e+000 6.185683e+000 5.338100e+000 5.966962e+000 2.642423e+000 2.179999e+000 3.454492e+000
<VARIANCE> 22
 2.148625e+001 1.651345e+002 3.300596e+000 2.424219e+001 4.143191e+002 4.160771e+003 3.563634e+002 1.292645e+003 5.955333e+001 6.688721e+002 6.668873e+002 3.274798e+003 1.555224e+002 1.366614e+002 6.387171e-001 1.417675e+000 1.673844e-001 5.518614e-001 7.663407e-002 8.085884e+000 6.078186e+000 5.183631e+000
<GCONST> 1.160340e+002
<MIXTURE> 2 7.180152e-001
<MEAN> 22
 1.048237e+000 8.280643e+000 5.927437e-001 2.373326e+000 6.075447e+000 1.011111e+002 8.698816e+001 5.142715e+001 5.298064e+001 7.622370e+001 1.806779e+002 7.716023e+001 1.077744e+002 9.336525e+001 6.999998e+000 2.905828e+000 6.002147e+000 5.739418e+000 6.000000e+000 2.157938e+000 1.663843e+000 3.162644e+000
<VARIANCE> 22
 4.801632e+000 5.946776e+001 3.300596e+000 6.432172e+000 4.956259e+001 1.259927e+003 8.427805e+001 4.286765e+002 4.421714e+001 2.449570e+002 1.483463e+002 1.328921e+003 5.084719e+001 1.677889e+002 6.504287e-002 1.093872e+000 2.326111e-002 2.344872e-001 2.082488e-002 8.433103e+000 5.548219e+000 5.086893e+000
<GCONST> 9.495976e+001
<STATE> 4
<NUMMIXES> 2
<MIXTURE> 1 9.409045e-001
<MEAN> 22
 8.769508e+000 2.700025e+000 2.745235e+000 1.014154e+000 8.165768e+001 1.431272e+001 6.496782e+001 9.771667e+001 7.602937e+001 5.608981e+001 1.202476e+002 1.962551e+002 1.098351e+002 1.161659e+002 3.248537e+000 5.000000e+000 6.262696e+000 5.804392e+000 4.630754e+000 5.994590e+000 3.273272e+000 2.594372e+000
<VARIANCE> 22
 7.991962e+001 1.464666e+001 1.250624e+001 2.164982e+000 2.712266e+003 1.950690e+002 8.695341e+002 2.512586e+002 4.631166e+002 5.675977e+001 3.331094e+003 4.319383e+002 2.687542e+002 1.254969e+002 7.971495e+000 1.793315e-002 2.155104e-001 1.573475e-001 1.321334e+000 5.618803e-002 5.905699e+000 6.244019e+000
<GCONST> 1.067306e+002
<MIXTURE> 2 5.909560e-002
<MEAN> 22
 4.415990e+000 2.648676e+001 1.171365e+000 4.595462e+000 1.214859e+002 1.187003e+002 6.714973e+001 7.002782e+001 6.128621e+001 5.556484e+001 1.311165e+002 1.184201e+002 9.893507e+001 9.522419e+001 3.817703e+000 3.271774e+000 5.194840e+000 4.530231e+000 4.325777e+000 3.868706e+000 1.892484e+000 3.146692e+000
<VARIANCE> 22
 8.273741e+001 2.982637e+003 4.902185e+000 3.794186e+001 2.822721e+004 1.658648e+004 2.033549e+003 2.245671e+003 1.073329e+003 7.269587e+002 6.580980e+003 6.512574e+003 2.242366e+003 2.071338e+003 1.014609e+001 3.592191e+000 6.032753e+000 4.781948e+000 4.818328e+000 7.861148e+000 5.503336e+000 6.458899e+000
<GCONST> 1.540291e+002
<TRANSP> 5
 0.000000e+000 1.000000e+000 0.000000e+000 0.000000e+000 0.000000e+000
 0.000000e+000 8.745361e-001 1.254639e-001 0.000000e+000 0.000000e+000
 0.000000e+000 0.000000e+000 9.591507e-001 4.084932e-002 0.000000e+000
 0.000000e+000 0.000000e+000 0.000000e+000 9.009892e-001 9.901076e-002
 0.000000e+000 0.000000e+000 0.000000e+000 0.000000e+000 0.000000e+000
<ENDHMM>
~h "NU"
<BEGINHMM>
<NUMSTATES> 5
<STATE> 2
<NUMMIXES> 2
<MIXTURE> 1 8.053867e-001
<MEAN> 22
 8.168530e+000 1.181815e+001 2.996874e+000 2.927090e+000 9.660882e+001 8.855323e+001 9.535275e+001 8.257890e+001 7.165072e+001 6.362939e+001 1.652036e+002 1.460146e+002 1.135678e+002 1.156228e+002 5.082004e+000 4.085305e+000 5.905675e+000 5.570603e+000 5.143514e+000 4.224297e+000 2.677529e+000 2.525330e+000
<VARIANCE> 22
 6.169774e+002 1.120341e+003 4.394458e+002 2.790755e+002 2.101377e+004 1.301680e+004 1.428762e+003 9.456827e+002 2.247425e+002 1.246384e+002 4.331162e+003 3.697696e+003 9.182524e+002 2.534412e+002 7.434499e+000 1.298033e+000 2.504091e+000 3.829034e-001 2.219267e+000 6.026057e+000 6.117914e+000 5.068172e+000
<GCONST> 1.465793e+002
<MIXTURE> 2 1.946133e-001
<MEAN> 22
 0.000000e+000 0.000000e+000 0.000000e+000 0.000000e+000 5.315967e+002 4.080165e+002 0.000000e+000 0.000000e+000 0.000000e+000 0.000000e+000 0.000000e+000 0.000000e+000 0.000000e+000 0.000000e+000 0.000000e+000 0.000000e+000 0.000000e+000 0.000000e+000 0.000000e+000 0.000000e+000 0.000000e+000 0.000000e+000
<VARIANCE> 22
 4.801632e+000 4.063125e+000 3.300596e+000 2.164982e+000 3.309066e+003 2.711503e+003 9.838196e+000 1.115232e+001 2.936353e+000 3.516743e+000 3.745900e+001 4.440890e+001 4.184655e+000 3.870682e+000 6.504287e-002 1.793315e-002 2.326111e-002 1.170389e-002 2.082488e-002 5.618803e-002 6.153807e-002 6.060927e-002
<GCONST> 5.130988e+001
<STATE> 3
<NUMMIXES> 2
<MIXTURE> 1 5.671127e-001
<MEAN> 22
 1.389237e+000 1.338193e+001 5.064942e-001 3.305000e+000 7.000711e+000 8.749131e+001 9.842416e+001 7.290322e+001 6.026238e+001 6.660523e+001 1.986012e+002 1.148153e+002 1.180761e+002 1.095996e+002 6.999008e+000 3.749593e+000 6.081990e+000 5.398043e+000 6.000000e+000 3.795210e+000 1.687478e+000 3.479643e+000
<VARIANCE> 22
 8.144813e+000 1.665966e+002 3.300596e+000 1.369758e+001 5.307623e+001 3.319325e+003 2.760016e+002 9.311655e+002 6.595564e+001 1.576888e+002 5.488751e+002 2.564865e+003 1.997763e+002 1.722370e+002 6.504287e-002 1.098543e+000 7.526320e-002 4.235446e-001 2.082488e-002 6.771068e+000 5.565712e+000 5.025739e+000
<GCONST> 1.051345e+002
<MIXTURE> 2 4.328864e-001
<MEAN> 22
 7.952383e-001 2.321850e+000 4.000157e-001 1.086203e+000 1.146002e+001 1.124449e+002 8.553207e+001 6.737478e+001 5.522626e+001 6.127643e+001 1.778512e+002 6.646959e+001 1.070124e+002 9.777817e+001 6.892919e+000 2.758443e+000 6.071630e+000 5.174763e+000 5.938578e+000 1.273249e+000 1.210409e+000 2.806772e+000
<VARIANCE> 22
 4.801632e+000 6.313542e+000 3.300596e+000 2.164982e+000 7.811270e+002 9.188811e+002 1.625888e+002 4.310396e+002 4.530054e+001 6.924946e+001 4.122289e+002 6.101172e+002 6.441301e+001 9.825015e+001 6.077474e-001 2.716031e-001 1.080644e-001 3.199777e-001 1.678716e-001 9.532050e-001 4.419597e+000 6.178705e+000
<GCONST> 9.600061e+001
<STATE> 4
<NUMMIXES> 2
<MIXTURE> 1 5.479495e-001
<MEAN> 22
 8.227369e+000 3.664046e+000 2.445637e+000 1.266891e+000 7.416991e+001 1.369089e+001 8.274630e+001 9.783047e+001 6.980259e+001 5.620230e+001 1.367261e+002 1.971472e+002 1.137937e+002 1.170395e+002 3.951813e+000 5.000000e+000 6.513019e+000 5.907932e+000 4.642011e+000 5.996277e+000 3.297568e+000 2.563493e+000
<VARIANCE> 22
 9.907850e+001 2.858460e+001 9.616453e+000 3.141035e+000 3.053830e+003 2.088963e+002 7.097402e+002 2.544707e+002 2.317002e+002 6.239071e+001 3.818604e+003 4.187217e+002 2.324476e+002 1.237483e+002 9.206805e+000 1.793315e-002 2.536843e-001 8.358928e-002 2.693938e+000 5.618803e-002 6.223736e+000 6.358802e+000
<GCONST> 1.075263e+002
<MIXTURE> 2 4.520502e-001
<MEAN> 22
 4.787017e+000 6.006435e+000 1.368720e+000 2.062890e+000 6.071306e+001 6.601154e+001 6.168745e+001 5.793219e+001 6.737129e+001 5.679774e+001 9.624587e+001 9.956427e+001 1.021860e+002 9.989263e+001 2.330594e+000 3.166573e+000 5.925718e+000 5.426543e+000 3.983915e+000 2.832905e+000 2.653597e+000 2.786658e+000
<VARIANCE> 22
 5.560592e+001 9.394675e+001 4.084983e+000 1.203399e+001 2.694646e+003 2.704253e+003 1.208329e+003 9.960521e+002 1.430852e+002 5.617204e+001 2.321669e+003 1.630566e+003 1.208272e+002 1.439127e+002 5.156731e+000 1.447803e+000 3.209892e+000 3.929375e-001 1.876997e+000 7.156301e+000 6.209784e+000 6.303470e+000
<GCONST> 1.251013e+002
<TRANSP> 5
 0.000000e+000 1.000000e+000 0.000000e+000 0.000000e+000 0.000000e+000
 0.000000e+000 7.036753e-001 2.963247e-001 0.000000e+000 0.000000e+000
 0.000000e+000 0.000000e+000 9.479885e-001 5.201147e-002 0.000000e+000
 0.000000e+000 0.000000e+000 0.000000e+000 9.214864e-001 7.851361e-002
 0.000000e+000 0.000000e+000 0.000000e+000 0.000000e+000 0.000000e+000
<ENDHMM>
~h "OK"
<BEGINHMM>
<NUMSTATES> 5
<STATE> 2
<NUMMIXES> 2
<MIXTURE> 1 6.872005e-001
<MEAN> 22
 1.458471e+001 2.805920e+000 4.269351e+000 1.362535e+000 1.215355e+002 1.589706e+001 1.001979e+002 9.503173e+001 7.658337e+001 5.352353e+001 8.215002e+001 1.967713e+002 1.074074e+002 1.164984e+002 2.308904e+000 4.998106e+000 4.623604e+000 5.909078e+000 3.433186e+000 5.995555e+000 3.452434e+000 2.188633e+000
<VARIANCE> 22
 4.933357e+002 2.012903e+002 2.419672e+002 1.373511e+002 4.144690e+003 4.373679e+002 9.221908e+002 2.163233e+002 2.571281e+002 5.661988e+001 3.547338e+003 3.876937e+002 3.341737e+002 1.266256e+002 5.151562e+000 1.793315e-002 9.257857e+000 8.265499e-002 2.477776e+000 5.618803e-002 5.795387e+000 5.991719e+000
<GCONST> 1.222638e+002
<MIXTURE> 2 3.127993e-001
<MEAN> 22
 8.584367e+000 7.031474e+000 2.048993e+000 1.903798e+000 5.399141e+001 6.214936e+001 7.476633e+001 5.283472e+001 6.963570e+001 6.031779e+001 9.226782e+001 1.011891e+002 9.945967e+001 1.016304e+002 2.739389e+000 3.243324e+000 4.809302e+000 5.505668e+000 3.927408e+000 3.626795e+000 3.037750e+000 2.585426e+000
<VARIANCE> 22
 1.744832e+002 1.545963e+002 1.566456e+001 1.482392e+001 2.101071e+003 3.343556e+003 1.780137e+003 1.071747e+003 1.330818e+002 1.092689e+002 2.867117e+003 1.668359e+003 3.491219e+002 1.457123e+002 5.293005e+000 1.611317e+000 6.731062e+000 6.311976e-001 2.212016e+000 8.946913e+000 6.571418e+000 5.994486e+000
<GCONST> 1.323614e+002
<STATE> 3
<NUMMIXES> 2
<MIXTURE> 1 4.828370e-001
<MEAN> 22
 2.474409e+000 2.062474e+001 8.028085e-001 4.215356e+000 1.026240e+001 1.040581e+002 1.009862e+002 8.845035e+001 6.174503e+001 7.506529e+001 2.026304e+002 1.096159e+002 1.205772e+002 1.119878e+002 6.998039e+000 3.643112e+000 6.136477e+000 5.076572e+000 5.999210e+000 3.709317e+000 2.160952e+000 3.726284e+000
<VARIANCE> 22
 3.112312e+001 4.097847e+002 3.300596e+000 2.166521e+001 2.243157e+002 5.605062e+003 3.928134e+002 1.329964e+003 8.725983e+001 3.016516e+002 7.581251e+002 2.921595e+003 2.628885e+002 1.993747e+002 6.504287e-002 1.197395e+000 1.186331e-001 6.404741e-001 2.082488e-002 6.213771e+000 6.500228e+000 5.197429e+000
<GCONST> 1.133686e+002
<MIXTURE> 2 5.171627e-001
<MEAN> 22
 1.027395e+000 6.300361e+000 6.341316e-001 2.087827e+000 8.016518e+000 1.449973e+002 8.465323e+001 9.724538e+001 5.248360e+001 6.813688e+001 1.809743e+002 4.646389e+001 1.087542e+002 9.712207e+001 6.922936e+000 2.454716e+000 6.016040e+000 4.524507e+000 5.973964e+000 1.545492e+000 1.576701e+000 3.135180e+000
<VARIANCE> 22
 4.801632e+000 6.402995e+001 3.300596e+000 6.376410e+000 3.851080e+002 1.129130e+003 9.051062e+001 4.780913e+002 3.774757e+001 8.225305e+001 2.461044e+002 3.611977e+002 5.125816e+001 8.093133e+001 4.541269e-001 3.007799e-001 4.658539e-002 4.372133e-001 7.963010e-002 4.695974e-001 5.396379e+000 5.907171e+000
<GCONST> 9.492378e+001
<STATE> 4
<NUMMIXES> 2
<MIXTURE> 1 8.822058e-001
<MEAN> 22
 4.026301e+000 6.216376e+000 1.486442e+000 1.998310e+000 2.667146e+001 3.060387e+001 9.668176e+001 9.474378e+001 6.262237e+001 5.765786e+001 1.958889e+002 1.938555e+002 1.172540e+002 1.165076e+002 6.967701e+000 4.997765e+000 6.108589e+000 5.854589e+000 5.985407e+000 5.999854e+000 2.684420e+000 3.212728e+000
<VARIANCE> 22
 3.613284e+001 6.929002e+001 5.106641e+000 6.431932e+000 1.224095e+003 9.511119e+002 3.494483e+002 2.409772e+002 9.360761e+001 7.523753e+001 4.625349e+002 3.941166e+002 1.470631e+002 1.022393e+002 1.149374e-001 1.793315e-002 9.679754e-002 1.242648e-001 2.501219e-002 5.618803e-002 6.201376e+000 6.256744e+000
<GCONST> 9.413661e+001
<MIXTURE> 2 1.177946e-001
<MEAN> 22
 4.026567e+000 2.822184e+000 1.262240e+000 9.835387e-001 2.808324e+002 2.101538e+002 4.601143e+001 2.953768e+001 3.532648e+001 2.951831e+001 4.384758e+001 7.206051e+001 4.834537e+001 5.336392e+001 1.280415e+000 2.235581e+000 1.942496e+000 2.918081e+000 1.680148e+000 2.839586e+000 1.667688e+000 1.672202e+000
<VARIANCE> 22
 7.307446e+001 4.091391e+001 8.616346e+000 6.051231e+000 5.093341e+004 3.364805e+004 2.793710e+003 1.169677e+003 1.231550e+003 8.609037e+002 3.393615e+003 5.662995e+003 2.340913e+003 2.722165e+003 3.985209e+000 5.321901e+000 8.280247e+000 8.146736e+000 4.225502e+000 9.656721e+000 5.720121e+000 5.766460e+000
<GCONST> 1.494354e+002
<TRANSP> 5
 0.000000e+000 1.000000e+000 0.000000e+000 0.000000e+000 0.000000e+000
 0.000000e+000 9.043305e-001 9.566953e-002 0.000000e+000 0.000000e+000
 0.000000e+000 0.000000e+000 9.285031e-001 7.149692e-002 0.000000e+000
 0.000000e+000 0.000000e+000 0.000000e+000 8.396018e-001 1.603983e-001
 0.000000e+000 0.000000e+000 0.000000e+000 0.000000e+000 0.000000e+000
<ENDHMM>
~h "PF"
<BEGINHMM>
<NUMSTATES> 5
<STATE> 2
<NUMMIXES> 2
<MIXTURE> 1 3.169490e-001
<MEAN> 22
 1.065807e+001 1.328224e+001 7.294388e+000 7.377783e+000 1.739990e+002 1.426772e+002 1.007661e+002 9.209844e+001 6.319496e+001 6.307328e+001 1.986313e+002 1.867337e+002 1.154108e+002 1.163511e+002 6.986408e+000 4.948442e+000 6.116735e+000 5.788162e+000 5.981867e+000 6.016181e+000 2.463020e+000 2.469609e+000
<VARIANCE> 22
 3.032819e+003 2.462978e+003 2.630622e+003 1.748138e+003 5.005280e+004 3.093856e+004 2.933119e+002 5.959004e+002 4.506974e+001 1.124743e+002 5.229850e+002 9.912885e+002 1.133422e+002 1.399173e+002 6.777323e-002 1.540979e-001 1.031083e-001 1.995829e-001 5.343992e-002 3.179266e-001 6.365512e+000 5.769601e+000
<GCONST> 1.272769e+002
<MIXTURE> 2 6.830506e-001
<MEAN> 22
 7.066654e+000 1.062131e+001 2.143505e+000 2.875825e+000 1.103776e+002 1.623427e+002 8.282299e+001 1.176545e+002 7.167453e+001 7.745763e+001 1.334396e+002 7.893366e+001 9.982794e+001 9.324117e+001 3.452760e+000 2.640050e+000 5.355758e+000 4.120599e+000 4.752076e+000 2.199873e+000 2.463368e+000 2.886948e+000
<VARIANCE> 22
 1.855911e+002 2.609269e+002 3.167895e+001 1.607299e+001 2.051319e+004 9.732742e+003 1.965189e+003 3.190538e+003 5.791495e+002 8.057299e+002 5.213196e+003 3.785365e+003 1.159394e+003 7.037599e+002 9.368171e+000 1.537419e+000 4.988183e+000 2.411835e+000 2.900067e+000 3.834890e+000 6.211213e+000 5.065815e+000
<GCONST> 1.466931e+002
<STATE> 3
<NUMMIXES> 2
<MIXTURE> 1 3.374797e-001
<MEAN> 22
 2.340118e+000 2.089246e+001 9.234349e-001 4.497398e+000 1.168075e+001 4.759835e+001 9.409660e+001 8.630875e+001 5.910163e+001 6.491709e+001 1.933756e+002 1.651847e+002 1.155668e+002 1.113428e+002 6.993867e+000 4.553629e+000 6.045005e+000 5.535690e+000 5.998940e+000 5.410571e+000 2.348228e+000 3.752763e+000
<VARIANCE> 22
 1.227158e+001 4.324377e+002 3.300596e+000 2.198483e+001 1.622810e+002 1.344677e+003 2.091745e+002 6.200753e+002 4.217095e+001 1.714888e+002 3.869791e+002 1.714732e+003 1.206699e+002 1.359871e+002 6.504287e-002 4.967243e-001 4.297839e-002 2.535331e-001 2.082488e-002 2.536367e+000 6.150241e+000 5.828234e+000
<GCONST> 1.020446e+002
<MIXTURE> 2 6.625203e-001
<MEAN> 22
 1.351074e+000 1.055279e+001 6.250570e-001 3.623956e+000 1.000020e+001 1.870651e+002 9.241640e+001 1.347825e+002 5.800104e+001 8.529932e+001 1.879521e+002 5.614733e+001 1.129682e+002 9.195711e+001 6.925385e+000 2.429601e+000 6.058365e+000 3.608230e+000 5.957973e+000 1.696680e+000 1.695002e+000 3.335675e+000
<VARIANCE> 22
 8.352826e+000 1.610703e+002 3.300596e+000 2.004712e+001 6.086993e+002 1.723993e+003 2.680150e+002 8.395665e+002 7.005381e+001 2.627803e+002 6.709097e+002 9.359062e+002 1.313881e+002 2.133708e+002 3.838852e-001 3.150881e-001 2.724575e-001 6.680069e-001 1.212180e-001 5.070917e-001 5.850501e+000 4.384261e+000
<GCONST> 1.080688e+002
<STATE> 4
<NUMMIXES> 2
<MIXTURE> 1 7.466969e-001
<MEAN> 22
 1.217343e+001 1.510733e+000 3.610245e+000 7.471734e-001 1.367622e+002 1.916541e+001 1.316831e+002 9.924345e+001 8.421541e+001 5.644431e+001 1.081198e+002 1.988543e+002 1.038312e+002 1.180692e+002 2.704225e+000 5.000000e+000 3.075689e+000 5.817523e+000 3.330283e+000 5.999065e+000 3.424168e+000 2.298940e+000
<VARIANCE> 22
 2.269148e+002 4.587637e+000 2.318971e+001 2.164982e+000 6.451244e+003 6.897903e+002 1.716468e+003 2.121420e+002 4.303836e+002 6.889455e+001 4.410958e+003 4.027268e+002 4.088034e+002 1.310694e+002 6.274419e+000 1.793315e-002 8.497634e+000 1.491746e-001 3.615382e+000 5.618803e-002 6.854455e+000 6.091586e+000
<GCONST> 1.151778e+002
<MIXTURE> 2 2.533029e-001
<MEAN> 22
 6.873265e+000 7.315367e+000 2.624387e+000 2.359814e+000 5.736711e+001 2.737745e+001 8.510210e+001 4.790298e+001 7.737312e+001 5.795186e+001 9.338660e+001 1.185737e+002 9.871679e+001 1.035273e+002 2.831859e+000 3.503317e+000 4.245569e+000 5.631445e+000 3.748407e+000 3.530137e+000 2.747302e+000 2.805855e+000
<VARIANCE> 22
 1.364854e+002 1.293695e+002 2.308227e+001 1.230874e+001 2.259813e+003 7.267036e+002 3.265320e+003 8.371817e+002 3.713519e+002 6.670989e+001 2.611619e+003 1.273333e+003 2.708197e+002 8.868692e+001 4.953163e+000 2.056602e+000 6.490020e+000 2.916716e-001 1.805269e+000 9.461658e+000 6.538002e+000 6.327247e+000
<GCONST> 1.297351e+002
<TRANSP> 5
 0.000000e+000 1.000000e+000 0.000000e+000 0.000000e+000 0.000000e+000
 0.000000e+000 6.760477e-001 3.239523e-001 0.000000e+000 0.000000e+000
 0.000000e+000 0.000000e+000 9.551837e-001 4.481626e-002 0.000000e+000
 0.000000e+000 0.000000e+000 0.000000e+000 9.149422e-001 8.505774e-002
 0.000000e+000 0.000000e+000 0.000000e+000 0.000000e+000 0.000000e+000
<ENDHMM>
~h "PR"
<BEGINHMM>
<NUMSTATES> 5
<STATE> 2
<NUMMIXES> 2
<MIXTURE> 1 8.368283e-001
<MEAN> 22
 8.364597e+000 1.232930e+001 4.139524e+000 5.115105e+000 3.184215e+001 6.882893e+001 9.693601e+001 9.344891e+001 7.430393e+001 6.622610e+001 1.822301e+002 1.468875e+002 1.178084e+002 1.157950e+002 5.077131e+000 4.097879e+000 6.436596e+000 5.357518e+000 5.602595e+000 4.357305e+000 2.232518e+000 2.903528e+000
<VARIANCE> 22
 1.346207e+003 1.064205e+003 1.037884e+003 6.782330e+002 1.445949e+003 3.485430e+003 1.458820e+003 1.040470e+003 2.709198e+002 1.936083e+002 3.394515e+003 2.837224e+003 9.343008e+002 3.123317e+002 8.719147e+000 1.045594e+000 5.267882e-001 4.628530e-001 1.326090e+000 4.204187e+000 5.779836e+000 5.613451e+000
<GCONST> 1.432671e+002
<MIXTURE> 2 1.631715e-001
<MEAN> 22
 2.782549e-001 2.218208e+000 1.230944e-001 5.986863e-001 4.642344e+002 3.597289e+002 2.489363e+001 1.591479e+001 1.347826e+001 1.437687e+001 4.447363e+001 2.516366e+001 2.417646e+001 2.254548e+001 1.462881e+000 7.757544e-001 1.250267e+000 1.165899e+000 1.265545e+000 6.343715e-001 5.422770e-001 7.182888e-001
<VARIANCE> 22
 4.801632e+000 3.602363e+001 3.300596e+000 3.989178e+000 4.214917e+003 2.072681e+003 2.242851e+003 1.037193e+003 6.635453e+002 7.519940e+002 7.351931e+003 2.931022e+003 2.126547e+003 1.847205e+003 8.025708e+000 2.426521e+000 5.905755e+000 4.964661e+000 5.910147e+000 2.861099e+000 2.311459e+000 3.088817e+000
<GCONST> 1.351376e+002
<STATE> 3
<NUMMIXES> 2
<MIXTURE> 1 8.969046e-001
<MEAN> 22
 1.041301e+000 1.018766e+001 4.983121e-001 3.314348e+000 6.946796e+000 9.856344e+001 9.165353e+001 8.627586e+001 5.740322e+001 6.443849e+001 1.881334e+002 1.039593e+002 1.120695e+002 1.019153e+002 6.999857e+000 3.490669e+000 6.012151e+000 5.034602e+000 5.999713e+000 3.403962e+000 1.657783e+000 3.670033e+000
<VARIANCE> 22
 4.801632e+000 1.457073e+002 3.300596e+000 1.858896e+001 5.721426e+001 2.267577e+003 2.003441e+002 7.001978e+002 5.024027e+001 1.674148e+002 4.333353e+002 1.925479e+003 1.275536e+002 2.100717e+002 6.504287e-002 7.319403e-001 2.326111e-002 3.628441e-001 2.082488e-002 3.863556e+000 5.654400e+000 6.255939e+000
<GCONST> 1.008193e+002
<MIXTURE> 2 1.030979e-001
<MEAN> 22
 3.781525e+000 3.941928e+000 1.242133e+000 1.975329e+000 4.064402e+001 7.780871e+001 8.715659e+001 8.252644e+001 6.669299e+001 6.416361e+001 1.690256e+002 1.048113e+002 1.084427e+002 1.016359e+002 5.860100e+000 3.461720e+000 6.538857e+000 5.065838e+000 5.644156e+000 3.032191e+000 2.014382e+000 3.115121e+000
<VARIANCE> 22
 3.793771e+001 2.220207e+001 7.743741e+000 6.791102e+000 2.208683e+003 2.484743e+003 6.291931e+002 6.831838e+002 1.859652e+002 1.503806e+002 1.644481e+003 2.228816e+003 2.750741e+002 2.369515e+002 5.913224e+000 9.396016e-001 9.278020e-001 3.592307e-001 1.179659e+000 4.387068e+000 5.561615e+000 7.046491e+000
<GCONST> 1.219877e+002
<STATE> 4
<NUMMIXES> 2
<MIXTURE> 1 7.096547e-001
<MEAN> 22
 8.819873e+000 2.298233e+000 2.579082e+000 1.021293e+000 7.042488e+001 1.591292e+001 8.439666e+001 9.612769e+001 6.952521e+001 5.558253e+001 1.276199e+002 1.950841e+002 1.095799e+002 1.156499e+002 3.266046e+000 5.000232e+000 6.605128e+000 5.846145e+000 4.240608e+000 5.998064e+000 3.562980e+000 2.277837e+000
<VARIANCE> 22
 1.172502e+002 1.243333e+001 1.145397e+001 2.164982e+000 2.575135e+003 2.821505e+002 6.178958e+002 1.951945e+002 2.188892e+002 6.352553e+001 3.603099e+003 3.497556e+002 2.368689e+002 1.076832e+002 9.122230e+000 1.793315e-002 2.395850e-001 1.301880e-001 3.780353e+000 5.618803e-002 5.850072e+000 6.067919e+000
<GCONST> 1.066009e+002
<MIXTURE> 2 2.903455e-001
<MEAN> 22
 9.932399e+000 4.817442e+000 2.609334e+000 1.419435e+000 5.762586e+001 2.813332e+001 8.159033e+001 5.413680e+001 7.521363e+001 5.908823e+001 9.127619e+001 1.299353e+002 1.034559e+002 1.013707e+002 1.853928e+000 3.796661e+000 5.027354e+000 5.658956e+000 3.180262e+000 4.690760e+000 2.708035e+000 2.383936e+000
<VARIANCE> 22
 1.804935e+002 7.231985e+001 1.344928e+001 7.102352e+000 2.364213e+003 8.450959e+002 1.851019e+003 1.099977e+003 1.363194e+002 5.532885e+001 1.218773e+003 1.462608e+003 1.222801e+002 1.060779e+002 4.078451e+000 1.212549e+000 7.843705e+000 2.757866e-001 2.218890e+000 7.208927e+000 5.895656e+000 6.161667e+000
<GCONST> 1.250309e+002
<TRANSP> 5
 0.000000e+000 1.000000e+000 0.000000e+000 0.000000e+000 0.000000e+000
 0.000000e+000 6.558179e-001 3.441821e-001 0.000000e+000 0.000000e+000
 0.000000e+000 0.000000e+000 9.496116e-001 5.038840e-002 0.000000e+000
 0.000000e+000 0.000000e+000 0.000000e+000 9.178250e-001 8.217491e-002
 0.000000e+000 0.000000e+000 0.000000e+000 0.000000e+000 0.000000e+000
<ENDHMM>
~h "SP"
<BEGINHMM>
<NUMSTATES> 5
<STATE> 2
<NUMMIXES> 2
<MIXTURE> 1 8.364745e-001
<MEAN> 22
 1.049260e+001 1.412863e+001 6.214357e+000 6.993778e+000 4.483697e+001 1.174021e+002 9.546286e+001 1.175869e+002 7.661844e+001 8.652646e+001 1.652685e+002 1.100853e+002 1.149309e+002 1.079268e+002 4.466017e+000 3.387775e+000 6.052059e+000 4.432191e+000 5.496572e+000 3.132525e+000 2.363429e+000 2.640596e+000
<VARIANCE> 22
 2.655811e+003 1.803358e+003 2.155854e+003 1.301622e+003 3.116558e+003 9.033940e+003 1.662153e+003 1.826622e+003 3.612291e+002 1.070653e+003 4.474939e+003 3.807162e+003 6.061809e+002 3.134610e+002 9.865438e+000 1.636488e+000 2.339600e+000 1.637848e+000 1.226027e+000 5.610344e+000 5.828490e+000 4.888373e+000
<GCONST> 1.538161e+002
<MIXTURE> 2 1.635256e-001
<MEAN> 22
 1.401298e-045 0.000000e+000 -6.025583e-044 0.000000e+000 5.310355e+002 3.993491e+002 -5.857428e-043 1.601684e-042 -1.430726e-042 1.107026e-043 -1.137854e-042 2.606415e-043 -6.992479e-043 4.088989e-042 0.000000e+000 1.401298e-045 -6.684194e-042 0.000000e+000 -2.942727e-044 -7.006492e-045 4.203895e-045 4.203895e-044
<VARIANCE> 22
 4.801632e+000 4.063125e+000 3.300596e+000 2.164982e+000 3.435549e+003 2.506354e+003 9.838196e+000 1.115232e+001 2.936353e+000 3.516743e+000 3.745900e+001 4.440890e+001 4.184655e+000 3.870682e+000 6.504287e-002 1.793315e-002 2.326111e-002 1.170389e-002 2.082488e-002 5.618803e-002 6.153807e-002 6.060927e-002
<GCONST> 5.126871e+001
<STATE> 3
<NUMMIXES> 2
<MIXTURE> 1 4.269667e-001
<MEAN> 22
 1.754584e+000 2.243319e+001 6.462780e-001 6.421257e+000 9.049656e+000 1.029697e+002 9.464869e+001 1.006160e+002 5.992581e+001 7.228139e+001 1.925812e+002 1.139800e+002 1.149802e+002 1.039544e+002 6.997659e+000 3.635868e+000 6.066720e+000 4.809625e+000 5.998247e+000 3.785058e+000 2.029137e+000 3.801262e+000
<VARIANCE> 22
 9.590830e+000 3.726606e+002 3.300596e+000 4.210056e+001 1.163047e+002 5.697164e+003 2.626205e+002 1.241823e+003 5.387846e+001 3.472147e+002 5.330872e+002 3.674220e+003 1.648128e+002 2.628446e+002 6.504287e-002 1.352367e+000 6.226673e-002 9.708660e-001 2.082488e-002 4.934968e+000 6.103513e+000 5.092818e+000
<GCONST> 1.105734e+002
<MIXTURE> 2 5.730360e-001
<MEAN> 22
 1.116673e+000 3.630492e+000 4.709872e-001 1.763551e+000 1.067825e+001 1.948388e+002 9.396019e+001 1.399019e+002 6.024691e+001 9.232502e+001 1.856020e+002 4.956578e+001 1.114108e+002 8.949696e+001 6.900289e+000 2.114531e+000 6.078175e+000 3.175589e+000 5.951857e+000 1.462138e+000 1.453112e+000 2.548124e+000
<VARIANCE> 22
 7.135022e+000 2.613322e+001 3.300596e+000 5.313739e+000 6.515300e+002 1.706280e+003 3.600023e+002 4.929464e+002 1.000803e+002 4.076642e+002 7.465124e+002 4.925558e+002 1.676401e+002 1.871489e+002 5.350325e-001 1.738940e-001 4.098115e-001 2.661758e-001 1.973019e-001 5.157425e-001 5.121177e+000 6.084943e+000
<GCONST> 1.048826e+002
<STATE> 4
<NUMMIXES> 2
<MIXTURE> 1 7.052090e-001
<MEAN> 22
 1.268425e+001 1.129276e+000 4.175046e+000 5.686125e-001 1.541525e+002 1.403207e+001 1.285553e+002 9.718578e+001 9.327175e+001 5.699441e+001 8.563914e+001 1.948594e+002 9.432710e+001 1.157521e+002 2.489565e+000 5.000000e+000 2.844812e+000 5.833311e+000 3.458896e+000 5.991968e+000 3.401449e+000 1.872999e+000
<VARIANCE> 22
 3.302697e+002 4.063125e+000 5.341310e+001 2.164982e+000 6.265982e+003 6.590154e+002 1.403790e+003 1.893302e+002 4.783398e+002 5.198108e+001 3.191017e+003 3.353683e+002 4.182916e+002 1.096965e+002 4.462588e+000 1.793315e-002 7.644110e+000 1.389070e-001 2.650635e+000 5.618803e-002 6.267084e+000 5.689848e+000
<GCONST> 1.140525e+002
<MIXTURE> 2 2.947912e-001
<MEAN> 22
 7.522889e+000 6.659857e+000 2.682862e+000 2.284794e+000 6.760503e+001 2.837562e+001 1.008228e+002 5.055615e+001 8.499149e+001 5.950964e+001 9.533520e+001 1.188475e+002 9.761194e+001 1.035094e+002 3.034537e+000 3.580276e+000 3.955269e+000 5.640931e+000 3.909313e+000 3.311033e+000 2.996118e+000 2.691668e+000
<VARIANCE> 22
 1.177150e+002 1.318534e+002 1.839178e+001 1.185236e+001 2.603087e+003 9.271088e+002 2.690823e+003 8.395944e+002 6.873843e+002 7.349063e+001 3.053339e+003 1.688022e+003 2.665936e+002 1.184444e+002 5.438954e+000 1.564381e+000 6.897747e+000 3.323424e-001 1.780344e+000 9.546969e+000 6.648057e+000 6.752380e+000
<GCONST> 1.310482e+002
<TRANSP> 5
 0.000000e+000 1.000000e+000 0.000000e+000 0.000000e+000 0.000000e+000
 0.000000e+000 6.381149e-001 3.618851e-001 0.000000e+000 0.000000e+000
 0.000000e+000 0.000000e+000 9.582562e-001 4.174376e-002 0.000000e+000
 0.000000e+000 0.000000e+000 0.000000e+000 9.238614e-001 7.613853e-002
 0.000000e+000 0.000000e+000 0.000000e+000 0.000000e+000 0.000000e+000
<ENDHMM>
~h "ST"
<BEGINHMM>
<NUMSTATES> 5
<STATE> 2
<NUMMIXES> 2
<MIXTURE> 1 1.115419e-001
<MEAN> 22
 2.688654e+001 3.018394e+001 1.685281e+001 1.257150e+001 2.875485e+002 2.210940e+002 9.405143e+001 8.590313e+001 7.175375e+001 7.422712e+001 1.640720e+002 1.273998e+002 1.097672e+002 1.106325e+002 5.281374e+000 3.682527e+000 6.422452e+000 5.583512e+000 5.296769e+000 3.574605e+000 2.978691e+000 3.060281e+000
<VARIANCE> 22
 4.682500e+003 4.773581e+003 4.273266e+003 2.587763e+003 5.425879e+004 3.087724e+004 1.285433e+003 9.606787e+002 2.710898e+002 2.993795e+002 3.975482e+003 4.842081e+003 5.869190e+002 1.602995e+002 6.450562e+000 1.984464e+000 4.236253e-001 5.233852e-001 1.039180e+000 7.793172e+000 6.974640e+000 6.419867e+000
<GCONST> 1.553058e+002
<MIXTURE> 2 8.884581e-001
<MEAN> 22
 3.827549e+000 7.995356e+000 9.836197e-001 1.956270e+000 6.373906e+001 1.026884e+002 8.626051e+001 8.003359e+001 7.011177e+001 7.510049e+001 1.602504e+002 9.932811e+001 1.131007e+002 1.100712e+002 4.725008e+000 2.997857e+000 6.067808e+000 5.589996e+000 5.063748e+000 2.547531e+000 2.545806e+000 2.702852e+000
<VARIANCE> 22
 4.111931e+001 1.259371e+002 3.300596e+000 6.686058e+000 1.011357e+004 6.740952e+003 1.629806e+003 1.050606e+003 3.509652e+002 5.288688e+002 4.677995e+003 4.722192e+003 1.041392e+003 6.425908e+002 8.648484e+000 2.304396e+000 1.982329e+000 1.391867e+000 2.714581e+000 6.787332e+000 6.398719e+000 5.888248e+000
<GCONST> 1.374764e+002
<STATE> 3
<NUMMIXES> 2
<MIXTURE> 1 3.569003e-001
<MEAN> 22
 2.642211e+000 1.626791e+001 8.572140e-001 3.737777e+000 1.722691e+001 6.102053e+001 9.450373e+001 6.928069e+001 6.032687e+001 6.883303e+001 1.904107e+002 1.359140e+002 1.146549e+002 1.097418e+002 6.897302e+000 4.168601e+000 6.192886e+000 5.743194e+000 5.956283e+000 4.768427e+000 1.962508e+000 3.348756e+000
<VARIANCE> 22
 2.107607e+001 2.213936e+002 3.300596e+000 1.705127e+001 7.674759e+002 2.283538e+003 3.211149e+002 8.111078e+002 7.323165e+001 2.225008e+002 7.182380e+002 3.224093e+003 1.555026e+002 1.399977e+002 5.072210e-001 1.398968e+000 1.710493e-001 2.503523e-001 9.264471e-002 6.602293e+000 5.532657e+000 5.107026e+000
<GCONST> 1.134565e+002
<MIXTURE> 2 6.430995e-001
<MEAN> 22
 8.027646e-001 7.824934e+000 3.947324e-001 1.403805e+000 5.883917e+000 1.373728e+002 9.078807e+001 6.770624e+001 5.750819e+001 8.473616e+001 1.895526e+002 4.756810e+001 1.133045e+002 1.031874e+002 6.999737e+000 2.054446e+000 6.001166e+000 5.883617e+000 6.000000e+000 3.974041e-001 1.331668e+000 2.824512e+000
<VARIANCE> 22
 4.801632e+000 9.721210e+001 3.300596e+000 2.942071e+000 4.956259e+001 9.401984e+002 1.640934e+002 5.077366e+002 4.136756e+001 2.879453e+002 3.613977e+002 3.419556e+002 1.085677e+002 1.183786e+002 6.504287e-002 8.582307e-002 2.326111e-002 4.089659e-001 2.082488e-002 2.420600e-001 4.804758e+000 6.057580e+000
<GCONST> 8.974075e+001
<STATE> 4
<NUMMIXES> 2
<MIXTURE> 1 7.557669e-001
<MEAN> 22
 1.063191e+001 1.315776e+000 2.376670e+000 5.915405e-001 1.039876e+002 1.759886e+001 7.688811e+001 9.879297e+001 8.425289e+001 5.713144e+001 9.006264e+001 1.994449e+002 1.099434e+002 1.186522e+002 2.980364e+000 5.000000e+000 6.206473e+000 5.907713e+000 4.175954e+000 5.996071e+000 3.329304e+000 1.951214e+000
<VARIANCE> 22
 1.471540e+002 4.063125e+000 9.743246e+000 2.164982e+000 3.613044e+003 7.055980e+002 6.668681e+002 1.873980e+002 3.593113e+002 4.811654e+001 4.517030e+003 3.703925e+002 2.870815e+002 1.260718e+002 5.546026e+000 1.793315e-002 3.125126e-001 8.376712e-002 1.486229e+000 5.618803e-002 6.115617e+000 5.772143e+000
<GCONST> 1.060777e+002
<MIXTURE> 2 2.442328e-001
<MEAN> 22
 7.791447e+000 7.374691e+000 1.667357e+000 2.470717e+000 5.263455e+001 2.944234e+001 7.188492e+001 5.651164e+001 7.596394e+001 5.969528e+001 9.321024e+001 1.384164e+002 1.045697e+002 1.059957e+002 2.995644e+000 4.226760e+000 5.442695e+000 5.775881e+000 4.187900e+000 5.414579e+000 2.729687e+000 2.759497e+000
<VARIANCE> 22
 9.105978e+001 1.097532e+002 5.713712e+000 1.302466e+001 3.400959e+003 1.058195e+003 1.114070e+003 1.038815e+003 3.436666e+002 7.021510e+001 4.236380e+003 1.889996e+003 1.506906e+002 1.242394e+002 6.343803e+000 1.008584e+000 3.862170e+000 2.367475e-001 1.626106e+000 5.281159e+000 5.883457e+000 6.150667e+000
<GCONST> 1.263405e+002
<TRANSP> 5
 0.000000e+000 1.000000e+000 0.000000e+000 0.000000e+000 0.000000e+000
 0.000000e+000 7.270498e-001 2.729502e-001 0.000000e+000 0.000000e+000
 0.000000e+000 0.000000e+000 9.571199e-001 4.288002e-002 0.000000e+000
 0.000000e+000 0.000000e+000 0.000000e+000 9.177594e-001 8.224054e-002
 0.000000e+000 0.000000e+000 0.000000e+000 0.000000e+000 0.000000e+000
<ENDHMM>
~h "TT"
<BEGINHMM>
<NUMSTATES> 5
<STATE> 2
<NUMMIXES> 2
<MIXTURE> 1 4.666153e-001
<MEAN> 22
 1.997465e+001 5.449362e+000 8.459415e+000 3.314208e+000 2.253910e+002 8.456353e+000 1.727133e+002 1.041167e+002 1.226025e+002 6.044114e+001 9.629932e+001 2.014208e+002 1.039791e+002 1.189836e+002 1.377217e+000 4.997137e+000 1.217867e+000 5.917787e+000 2.311693e+000 5.991389e+000 3.684296e+000 2.315955e+000
<VARIANCE> 22
 1.931367e+003 1.199499e+003 1.383854e+003 8.873935e+002 2.516912e+003 1.344236e+002 1.300649e+003 2.692280e+002 5.370610e+002 1.116437e+002 8.660995e+002 3.928749e+002 3.198655e+002 1.381998e+002 4.519082e-001 1.793315e-002 2.674818e+000 7.545380e-002 5.873156e-001 5.618803e-002 5.678963e+000 6.453001e+000
<GCONST> 1.228177e+002
<MIXTURE> 2 5.333844e-001
<MEAN> 22
 9.225541e+000 1.231568e+001 2.833316e+000 3.883946e+000 4.560323e+001 1.155436e+002 9.214272e+001 1.216133e+002 7.464760e+001 8.975333e+001 1.780444e+002 1.381306e+002 1.160535e+002 1.119337e+002 5.181077e+000 3.704271e+000 6.365763e+000 4.684421e+000 5.707772e+000 3.826101e+000 3.031843e+000 2.777755e+000
<VARIANCE> 22
 1.999923e+002 3.391247e+002 2.351253e+001 3.362887e+001 2.595380e+003 1.120555e+004 1.983734e+003 2.973464e+003 3.134240e+002 1.309353e+003 3.169324e+003 2.924851e+003 5.651644e+002 2.593114e+002 8.542883e+000 1.633919e+000 4.708247e-001 1.804489e+000 6.017963e-001 5.549354e+000 6.886344e+000 5.106824e+000
<GCONST> 1.391080e+002
<STATE> 3
<NUMMIXES> 2
<MIXTURE> 1 3.484152e-001
<MEAN> 22
 2.560420e+000 2.277367e+001 9.537606e-001 5.719282e+000 1.188349e+001 5.574648e+001 9.455357e+001 9.601608e+001 5.973203e+001 6.900534e+001 1.924478e+002 1.619986e+002 1.157083e+002 1.100975e+002 6.991297e+000 4.382704e+000 6.084765e+000 5.333265e+000 5.997509e+000 5.201167e+000 2.281604e+000 3.850289e+000
<VARIANCE> 22
 1.773438e+001 4.734152e+002 3.300596e+000 4.301698e+001 1.851760e+002 2.009167e+003 2.682929e+002 5.736200e+002 7.327806e+001 3.162559e+002 5.013469e+002 2.026302e+003 1.570392e+002 2.078698e+002 6.504287e-002 6.432200e-001 7.758138e-002 2.839894e-001 2.082488e-002 2.061010e+000 5.829466e+000 5.309710e+000
<GCONST> 1.067656e+002
<MIXTURE> 2 6.515846e-001
<MEAN> 22
 1.556468e+000 1.336378e+001 6.926677e-001 5.455711e+000 9.709313e+000 2.229722e+002 9.447390e+001 1.731653e+002 5.852369e+001 1.233964e+002 1.904475e+002 8.823078e+001 1.139539e+002 9.439113e+001 6.969464e+000 2.455142e+000 6.086123e+000 3.171508e+000 5.991639e+000 1.659146e+000 1.843020e+000 3.574428e+000
<VARIANCE> 22
 1.032808e+001 2.289960e+002 3.300596e+000 5.188503e+001 2.922476e+002 1.377464e+003 2.841722e+002 7.773027e+002 9.487910e+001 4.846683e+002 4.860883e+002 6.000869e+002 1.493097e+002 3.209771e+002 1.621328e-001 2.647028e-001 1.181586e-001 2.011298e-001 3.296865e-002 3.462592e-001 5.812023e+000 5.516685e+000
<GCONST> 1.047599e+002
<STATE> 4
<NUMMIXES> 2
<MIXTURE> 1 7.370368e-001
<MEAN> 22
 1.519253e+001 2.123271e+000 5.228523e+000 1.012511e+000 1.412113e+002 2.690806e+001 1.391689e+002 9.706561e+001 9.783117e+001 5.603191e+001 1.200280e+002 1.943223e+002 1.021445e+002 1.158063e+002 2.706374e+000 5.000017e+000 3.255554e+000 5.826940e+000 3.539304e+000 5.987952e+000 3.355741e+000 2.346784e+000
<VARIANCE> 22
 3.683603e+002 1.049955e+001 6.150977e+001 2.164982e+000 8.185822e+003 9.256757e+002 2.291256e+003 2.453940e+002 1.032672e+003 5.210666e+001 2.952190e+003 4.262520e+002 3.863575e+002 1.341273e+002 6.569947e+000 1.793315e-002 8.524179e+000 1.431148e-001 3.712478e+000 5.618803e-002 5.500650e+000 6.230954e+000
<GCONST> 1.184870e+002
<MIXTURE> 2 2.629633e-001
<MEAN> 22
 1.025156e+001 6.292422e+000 4.127545e+000 2.508119e+000 1.303840e+002 6.688504e+001 9.017288e+001 3.790758e+001 8.705344e+001 5.307936e+001 9.123722e+001 1.026344e+002 8.729546e+001 9.229441e+001 2.070283e+000 3.046386e+000 3.675863e+000 5.176350e+000 3.390261e+000 2.666895e+000 2.741695e+000 2.221581e+000
<VARIANCE> 22
 2.511016e+002 1.199779e+002 4.575808e+001 2.305635e+001 1.881558e+004 1.413766e+004 5.186008e+003 1.112036e+003 2.149455e+003 4.414746e+002 2.347399e+003 2.448492e+003 1.148031e+003 1.121025e+003 4.272317e+000 3.023740e+000 7.384192e+000 3.481606e+000 2.898891e+000 1.014015e+001 6.335085e+000 6.075234e+000
<GCONST> 1.489063e+002
<TRANSP> 5
 0.000000e+000 1.000000e+000 0.000000e+000 0.000000e+000 0.000000e+000
 0.000000e+000 8.321155e-001 1.678844e-001 0.000000e+000 0.000000e+000
 0.000000e+000 0.000000e+000 9.536114e-001 4.638858e-002 0.000000e+000
 0.000000e+000 0.000000e+000 0.000000e+000 9.193624e-001 8.063760e-002
 0.000000e+000 0.000000e+000 0.000000e+000 0.000000e+000 0.000000e+000
<ENDHMM>
~h "VA"
<BEGINHMM>
<NUMSTATES> 5
<STATE> 2
<NUMMIXES> 2
<MIXTURE> 1 5.061367e-001
<MEAN> 22
 1.757379e+001 1.064384e+001 7.586321e+000 4.534664e+000 1.091601e+002 3.124438e+001 1.376248e+002 9.962331e+001 9.794161e+001 6.191621e+001 1.572822e+002 1.969333e+002 1.132522e+002 1.191435e+002 3.797250e+000 4.888343e+000 4.404210e+000 5.717228e+000 4.216842e+000 5.926113e+000 3.134866e+000 2.515137e+000
<VARIANCE> 22
 1.519487e+003 1.255227e+003 1.024772e+003 6.389445e+002 1.100255e+004 1.311469e+003 4.831931e+003 5.534120e+002 1.355782e+003 1.265837e+002 5.295063e+003 1.036262e+003 5.224201e+002 1.861466e+002 8.608166e+000 1.610640e-001 8.091310e+000 2.127120e-001 4.411010e+000 2.765922e-001 5.924075e+000 5.270850e+000
<GCONST> 1.431362e+002
<MIXTURE> 2 4.938633e-001
<MEAN> 22
 8.367597e+000 1.208334e+001 3.775188e+000 4.401946e+000 1.756906e+002 2.347997e+002 8.027593e+001 1.171849e+002 6.535702e+001 9.065129e+001 1.163931e+002 6.982008e+001 8.351405e+001 7.844612e+001 3.152652e+000 2.103776e+000 4.454579e+000 3.259483e+000 4.053352e+000 1.390027e+000 2.486865e+000 2.635955e+000
<VARIANCE> 22
 3.594823e+002 2.194160e+002 8.396630e+001 3.575104e+001 3.857505e+004 1.013280e+004 3.189113e+003 5.920993e+003 1.322305e+003 2.357358e+003 6.536896e+003 2.350333e+003 2.317006e+003 1.528953e+003 9.080009e+000 1.307967e+000 7.321430e+000 3.202179e+000 4.919394e+000 2.001198e+000 6.187444e+000 5.101040e+000
<GCONST> 1.542020e+002
<STATE> 3
<NUMMIXES> 2
<MIXTURE> 1 5.359051e-001
<MEAN> 22
 1.795290e+000 1.965393e+001 7.633078e-001 6.907979e+000 8.214592e+000 8.196719e+001 9.111455e+001 8.574883e+001 5.708667e+001 7.854960e+001 1.886416e+002 1.209501e+002 1.130063e+002 1.005780e+002 6.995833e+000 3.824536e+000 6.021247e+000 5.298262e+000 5.999991e+000 4.195320e+000 2.034121e+000 3.722786e+000
<VARIANCE> 22
 8.379702e+000 3.671339e+002 3.300596e+000 4.883539e+001 7.832798e+001 3.380662e+003 2.080563e+002 6.876337e+002 6.451575e+001 4.128754e+002 4.070049e+002 3.876696e+003 1.179430e+002 4.020452e+002 6.504287e-002 1.321814e+000 2.326111e-002 4.869594e-001 2.082488e-002 6.581639e+000 6.008166e+000 5.260215e+000
<GCONST> 1.076653e+002
<MIXTURE> 2 4.640941e-001
<MEAN> 22
 2.755569e+000 1.067912e+001 1.446508e+000 4.325606e+000 1.446678e+001 2.200747e+002 9.088426e+001 1.664710e+002 5.634966e+001 1.151602e+002 1.857026e+002 7.975023e+001 1.122171e+002 7.959737e+001 6.854645e+000 2.349086e+000 6.065926e+000 3.163863e+000 5.917706e+000 1.715747e+000 2.301847e+000 3.309152e+000
<VARIANCE> 22
 2.313814e+001 1.595758e+002 1.057554e+001 2.682199e+001 7.734380e+002 2.655568e+003 4.215841e+002 1.472946e+003 1.252114e+002 5.316481e+002 9.778021e+002 1.103967e+003 2.234655e+002 3.609010e+002 7.776438e-001 3.375632e-001 2.973127e-001 6.962436e-001 1.860083e-001 6.576816e-001 6.244083e+000 5.394483e+000
<GCONST> 1.169687e+002
<STATE> 4
<NUMMIXES> 2
<MIXTURE> 1 7.160615e-001
<MEAN> 22
 1.457025e+001 2.232436e+000 5.203907e+000 1.074468e+000 1.383633e+002 1.780238e+001 1.320870e+002 9.764604e+001 9.851635e+001 5.537732e+001 1.196872e+002 1.951528e+002 9.629728e+001 1.155132e+002 3.092187e+000 5.000172e+000 3.718404e+000 5.856811e+000 3.807018e+000 5.987116e+000 3.346288e+000 2.398937e+000
<VARIANCE> 22
 2.856576e+002 1.200833e+001 4.212919e+001 2.219373e+000 8.200159e+003 6.270618e+002 2.479230e+003 2.087504e+002 8.057020e+002 8.042728e+001 4.202279e+003 3.215795e+002 4.963341e+002 1.198804e+002 6.999610e+000 1.793315e-002 8.631515e+000 1.226847e-001 3.551515e+000 5.618803e-002 5.918949e+000 6.269500e+000
<GCONST> 1.178951e+002
<MIXTURE> 2 2.839387e-001
<MEAN> 22
 6.721717e+000 7.250515e+000 2.950219e+000 3.035257e+000 7.376959e+001 3.676063e+001 9.474031e+001 4.872975e+001 8.442195e+001 5.717069e+001 8.092204e+001 1.072518e+002 9.312238e+001 1.021125e+002 2.516443e+000 3.173673e+000 3.941522e+000 5.538963e+000 3.540276e+000 2.962081e+000 2.920077e+000 2.810696e+000
<VARIANCE> 22
 1.024263e+002 1.833968e+002 2.496707e+001 2.336827e+001 3.121746e+003 1.189003e+003 3.558901e+003 5.583545e+002 3.990750e+002 1.196162e+002 2.012585e+003 1.033691e+003 4.388152e+002 1.107769e+002 3.028184e+000 1.547709e+000 6.741768e+000 3.031411e-001 1.334435e+000 8.267084e+000 6.361478e+000 6.438529e+000
<GCONST> 1.307582e+002
<TRANSP> 5
 0.000000e+000 1.000000e+000 0.000000e+000 0.000000e+000 0.000000e+000
 0.000000e+000 7.645003e-001 2.354997e-001 0.000000e+000 0.000000e+000
 0.000000e+000 0.000000e+000 9.439572e-001 5.604281e-002 0.000000e+000
 0.000000e+000 0.000000e+000 0.000000e+000 9.179441e-001 8.205590e-002
 0.000000e+000 0.000000e+000 0.000000e+000 0.000000e+000 0.000000e+000
<ENDHMM>
~h "VQ"
<BEGINHMM>
<NUMSTATES> 5
<STATE> 2
<NUMMIXES> 2
<MIXTURE> 1 1.851864e-001
<MEAN> 22
 2.125812e+001 2.952103e+001 1.378279e+001 1.501149e+001 5.174968e+001 1.190901e+002 7.489854e+001 9.336852e+001 6.720396e+001 6.488653e+001 1.352208e+002 7.475945e+001 9.823457e+001 9.402786e+001 4.145495e+000 2.917906e+000 5.694276e+000 4.627149e+000 5.035025e+000 2.566920e+000 2.854390e+000 3.254484e+000
<VARIANCE> 22
 5.584924e+003 4.146785e+003 4.398784e+003 2.827811e+003 5.998166e+003 4.908492e+003 1.233854e+003 1.285148e+003 2.804776e+002 2.485516e+002 3.064150e+003 1.934463e+003 7.077100e+002 3.461765e+002 8.945288e+000 1.018165e+000 3.233933e+000 9.933603e-001 2.211912e+000 3.521013e+000 6.535415e+000 4.809914e+000
<GCONST> 1.532349e+002
<MIXTURE> 2 8.148125e-001
<MEAN> 22
 1.167424e+001 2.887422e+000 4.095269e+000 1.305194e+000 1.070626e+002 2.164175e+001 1.015400e+002 7.232484e+001 7.861369e+001 5.481850e+001 8.226771e+001 1.601655e+002 9.688979e+001 1.098845e+002 2.359495e+000 4.245227e+000 3.454682e+000 5.714471e+000 3.259072e+000 4.924741e+000 3.534216e+000 2.483593e+000
<VARIANCE> 22
 2.034962e+002 1.840194e+001 3.030523e+001 4.622644e+000 5.698058e+003 4.179775e+002 2.464935e+003 1.015865e+003 3.442139e+002 6.307234e+001 2.963599e+003 2.045369e+003 3.675684e+002 1.296588e+002 3.948302e+000 1.647464e+000 8.914286e+000 2.040412e-001 2.330827e+000 5.259737e+000 5.924221e+000 5.930376e+000
<GCONST> 1.279314e+002
<STATE> 3
<NUMMIXES> 2
<MIXTURE> 1 5.116800e-001
<MEAN> 22
 2.624240e+000 1.979894e+001 8.501227e-001 5.788814e+000 9.079215e+000 1.027104e+002 9.881554e+001 9.549977e+001 6.012803e+001 7.202332e+001 2.001103e+002 1.191939e+002 1.196916e+002 1.053436e+002 6.997588e+000 3.743620e+000 6.122530e+000 5.039777e+000 5.998557e+000 4.015700e+000 2.168927e+000 3.842728e+000
<VARIANCE> 22
 2.258537e+001 3.275274e+002 3.300596e+000 5.398913e+001 1.279163e+002 7.158333e+003 4.299189e+002 1.993314e+003 8.835583e+001 3.616422e+002 7.897758e+002 3.172576e+003 2.594523e+002 2.589211e+002 6.504287e-002 1.310077e+000 1.075177e-001 1.056497e+000 2.082488e-002 5.498383e+000 6.169772e+000 4.877220e+000
<GCONST> 1.147341e+002
<MIXTURE> 2 4.883189e-001
<MEAN> 22
 1.136210e+000 6.066997e+000 7.127646e-001 3.019549e+000 1.003583e+001 1.642124e+002 8.414313e+001 1.148945e+002 5.274275e+001 7.436015e+001 1.791687e+002 4.564167e+001 1.073481e+002 8.147901e+001 6.943630e+000 2.387500e+000 6.050688e+000 4.091177e+000 5.961821e+000 1.754750e+000 1.684896e+000 3.482095e+000
<VARIANCE> 22
 4.801632e+000 3.772369e+001 3.300596e+000 1.381986e+001 6.352946e+002 1.480838e+003 1.826203e+002 7.191432e+002 5.983589e+001 2.014426e+002 4.157984e+002 4.141355e+002 8.773610e+001 2.410584e+002 2.964328e-001 2.821742e-001 1.497719e-001 6.672843e-001 1.171308e-001 3.433233e-001 5.430347e+000 6.170867e+000
<GCONST> 1.019195e+002
<STATE> 4
<NUMMIXES> 2
<MIXTURE> 1 9.026200e-001
<MEAN> 22
 1.040109e+001 2.962774e+000 3.883036e+000 1.201570e+000 9.579240e+001 2.347596e+001 1.054112e+002 9.445467e+001 7.504307e+001 5.370924e+001 1.080190e+002 1.929116e+002 1.003743e+002 1.143300e+002 3.265322e+000 4.999867e+000 4.283465e+000 5.861291e+000 3.898768e+000 5.995605e+000 3.499763e+000 2.452194e+000
<VARIANCE> 22
 1.649492e+002 2.555497e+001 3.040927e+001 3.954609e+000 5.254800e+003 9.924324e+002 9.794585e+002 2.020616e+002 4.320512e+002 6.450582e+001 4.820686e+003 3.107734e+002 4.000277e+002 1.144131e+002 7.746881e+000 1.793315e-002 8.725330e+000 1.194665e-001 3.562137e+000 5.618803e-002 5.863413e+000 6.136179e+000
<GCONST> 1.164604e+002
<MIXTURE> 2 9.737983e-002
<MEAN> 22
 2.884588e+000 4.746298e+000 1.398701e+000 1.885544e+000 4.043761e+002 3.146056e+002 4.048719e+001 3.878741e+001 2.677538e+001 2.810967e+001 5.546333e+001 3.553606e+001 4.152475e+001 4.120650e+001 1.882222e+000 1.295372e+000 2.168934e+000 1.992260e+000 1.815170e+000 1.038791e+000 1.048048e+000 1.708472e+000
<VARIANCE> 22
 6.962439e+001 1.220452e+002 1.292490e+001 1.938921e+001 4.866121e+004 2.107303e+004 2.894405e+003 2.696639e+003 1.034141e+003 1.153431e+003 6.187189e+003 2.649756e+003 2.528465e+003 2.460941e+003 8.015437e+000 2.742193e+000 8.729605e+000 5.846681e+000 6.103159e+000 3.073793e+000 3.939352e+000 6.110401e+000
<GCONST> 1.510068e+002
<TRANSP> 5
 0.000000e+000 1.000000e+000 0.000000e+000 0.000000e+000 0.000000e+000
 0.000000e+000 8.546518e-001 1.453482e-001 0.000000e+000 0.000000e+000
 0.000000e+000 0.000000e+000 9.443343e-001 5.566577e-002 0.000000e+000
 0.000000e+000 0.000000e+000 0.000000e+000 8.854685e-001 1.145315e-001
 0.000000e+000 0.000000e+000 0.000000e+000 0.000000e+000 0.000000e+000
<ENDHMM>
~h "SIL"
<BEGINHMM>
<NUMSTATES> 5
<STATE> 2
<NUMMIXES> 2
<MIXTURE> 1 1.630744e-001
<MEAN> 22
 4.891975e+002 4.129547e+002 4.449819e+002 3.566203e+002 8.813682e-001 1.251453e+000 3.969587e+001 3.899473e+001 2.807827e+001 2.655784e+001 7.769028e+001 7.467664e+001 4.933741e+001 4.860841e+001 2.755291e+000 1.993887e+000 2.641272e+000 2.528673e+000 2.482744e+000 2.334587e+000 4.666501e+000 4.663532e+000
<VARIANCE> 22
 6.627178e+003 4.116311e+003 4.639430e+003 3.340101e+003 6.617410e+001 1.565262e+002 2.348157e+003 2.294622e+003 1.092129e+003 1.015204e+003 8.564776e+003 8.147330e+003 3.231603e+003 3.132881e+003 1.120644e+001 5.744957e+000 9.252097e+000 8.405969e+000 8.296874e+000 8.444633e+000 4.022045e+000 4.055619e+000
<GCONST> 1.625262e+002
<MIXTURE> 2 8.369255e-001
<MEAN> 22
 0.000000e+000 0.000000e+000 0.000000e+000 0.000000e+000 3.661405e+001 2.963473e+001 0.000000e+000 0.000000e+000 0.000000e+000 0.000000e+000 0.000000e+000 0.000000e+000 0.000000e+000 0.000000e+000 0.000000e+000 0.000000e+000 0.000000e+000 0.000000e+000 0.000000e+000 0.000000e+000 0.000000e+000 0.000000e+000
<VARIANCE> 22
 4.801632e+000 4.063125e+000 3.300596e+000 2.164982e+000 1.817519e+004 1.195246e+004 9.838196e+000 1.115232e+001 2.936353e+000 3.516743e+000 3.745900e+001 4.440890e+001 4.184655e+000 3.870682e+000 6.504287e-002 1.793315e-002 2.326111e-002 1.170389e-002 2.082488e-002 5.618803e-002 6.153807e-002 6.060927e-002
<GCONST> 5.449670e+001
<STATE> 3
<NUMMIXES> 2
<MIXTURE> 1 7.748261e-001
<MEAN> 22
 1.417544e+000 1.829389e+000 6.013263e-001 7.573985e-001 7.948389e+000 9.852830e+000 1.010147e+002 9.770746e+001 6.352779e+001 5.933030e+001 1.983024e+002 1.961127e+002 1.185450e+002 1.172470e+002 6.999707e+000 5.000001e+000 6.121947e+000 5.906395e+000 6.001796e+000 6.000514e+000 1.989664e+000 2.014127e+000
<VARIANCE> 22
 4.926101e+000 7.060692e+000 3.300596e+000 2.164982e+000 6.929325e+001 1.196932e+002 3.364170e+002 2.240344e+002 1.014817e+002 7.915749e+001 5.581071e+002 4.230360e+002 1.950818e+002 1.393363e+002 6.504287e-002 1.793315e-002 1.071503e-001 8.489539e-002 2.082488e-002 5.618803e-002 5.624142e+000 5.625345e+000
<GCONST> 8.302599e+001
<MIXTURE> 2 2.251773e-001
<MEAN> 22
 8.779156e+000 1.118860e+001 2.232185e+000 2.820448e+000 5.337962e+001 6.062172e+001 8.310113e+001 8.016878e+001 6.991364e+001 6.436893e+001 1.475157e+002 1.432799e+002 1.096440e+002 1.097020e+002 4.628483e+000 4.096007e+000 5.924822e+000 5.533310e+000 5.074188e+000 4.573058e+000 2.460328e+000 2.477344e+000
<VARIANCE> 22
 1.773648e+002 2.132603e+002 1.452712e+001 1.591031e+001 2.814588e+003 2.817687e+003 1.470686e+003 1.286385e+003 2.730987e+002 2.061503e+002 3.805612e+003 3.734833e+003 4.396436e+002 2.440795e+002 8.404253e+000 1.659015e+000 2.129109e+000 4.917133e-001 2.003833e+000 6.004342e+000 5.228387e+000 4.737909e+000
<GCONST> 1.341260e+002
<STATE> 4
<NUMMIXES> 2
<MIXTURE> 1 2.366300e-001
<MEAN> 22
 5.716298e-001 1.105648e+000 2.789457e-001 6.307705e-001 3.985872e+000 4.112117e+000 1.063354e+002 1.138265e+002 6.400083e+001 6.617459e+001 2.298199e+002 2.341068e+002 1.356084e+002 1.379985e+002 7.000000e+000 5.000000e+000 6.000167e+000 5.997326e+000 6.000000e+000 6.000000e+000 9.854121e-001 1.466397e+000
<VARIANCE> 22
 4.801632e+000 5.130118e+000 3.300596e+000 2.202847e+000 4.956259e+001 5.429972e+001 1.149939e+001 1.305768e+001 3.890870e+000 7.101758e+000 3.745900e+001 4.440890e+001 6.501580e+000 7.676142e+000 6.504287e-002 1.793315e-002 2.326111e-002 1.170389e-002 2.082488e-002 5.618803e-002 3.575576e+000 4.653279e+000
<GCONST> 5.427490e+001
<MIXTURE> 2 7.633692e-001
<MEAN> 22
 1.023639e+000 1.610389e+000 4.000520e-001 6.267015e-001 4.850824e+000 6.053139e+000 8.671022e+001 8.621410e+001 5.627180e+001 5.497475e+001 1.822933e+002 1.819067e+002 1.105374e+002 1.100627e+002 6.990261e+000 4.994119e+000 6.006885e+000 5.976644e+000 5.996633e+000 5.992772e+000 1.769378e+000 1.903100e+000
<VARIANCE> 22
 4.801632e+000 1.131846e+001 3.300596e+000 2.164982e+000 7.011225e+001 8.370868e+001 5.059280e+001 5.362860e+001 2.204717e+001 4.098551e+001 1.100647e+002 1.285798e+002 3.356020e+001 3.757248e+001 6.504287e-002 1.793315e-002 2.326111e-002 2.462857e-002 2.082488e-002 5.618803e-002 5.365500e+000 5.871992e+000
<GCONST> 6.896306e+001
<TRANSP> 5
 0.000000e+000 1.000000e+000 0.000000e+000 0.000000e+000 0.000000e+000
 0.000000e+000 9.079478e-001 9.205215e-002 0.000000e+000 0.000000e+000
 0.000000e+000 0.000000e+000 9.973098e-001 2.690189e-003 0.000000e+000
 0.000000e+000 0.000000e+000 0.000000e+000 9.924656e-001 7.534475e-003
 0.000000e+000 0.000000e+000 0.000000e+000 0.000000e+000 0.000000e+000
<ENDHMM>
