~o
<STREAMINFO> 1 39
<VECSIZE> 39<NULLD><MFCC_D_A_C_K_0><DIAGC>
~s "silst"
<NUMMIXES> 2
<MIXTURE> 1 2.301071e-01
<MEAN> 39
 -1.425956e+01 -8.409090e+00 -1.102902e+01 -1.394360e+01 -9.509706e+00 -1.695554e+01 -1.007674e+01 -9.205526e+00 -4.318095e+00 -3.810339e+00 -4.100657e+00 -9.230486e-01 6.423898e+01 -6.601329e-02 1.553808e-02 -2.297394e-03 -2.833764e-02 7.356726e-02 4.294127e-03 5.109510e-02 3.588833e-02 5.345921e-02 8.368015e-03 7.312933e-02 2.639781e-02 6.085321e-02 3.576797e-02 -1.025030e-02 8.363536e-03 3.108189e-02 -1.561444e-02 9.418838e-05 -2.458534e-02 -1.986136e-02 -2.932209e-02 -7.049630e-03 -3.583090e-02 -1.730247e-02 -1.827575e-02
<VARIANCE> 39
 4.504658e+01 3.096918e+01 4.293217e+01 3.810056e+01 5.679377e+01 5.146617e+01 5.395693e+01 5.650126e+01 5.338300e+01 4.868205e+01 4.647132e+01 3.765141e+01 3.675287e+01 1.472794e+00 1.281213e+00 1.810115e+00 2.170284e+00 2.698615e+00 2.799731e+00 3.191742e+00 3.452229e+00 3.347360e+00 3.169790e+00 3.038537e+00 2.541415e+00 1.309212e+00 2.194710e-01 2.095263e-01 3.022320e-01 3.796917e-01 4.719925e-01 5.140287e-01 5.870879e-01 6.501133e-01 6.345108e-01 6.082829e-01 5.762190e-01 4.940522e-01 1.764618e-01
<GCONST> 1.207883e+02
<MIXTURE> 2 7.703216e-01
<MEAN> 39
 -1.375498e+01 -9.063280e+00 -1.155873e+01 -1.075464e+01 -1.051664e+01 -1.705882e+01 -1.280324e+01 -1.229347e+01 -7.836457e+00 -4.731192e+00 -8.165860e+00 -2.731167e+00 5.741030e+01 4.845901e-03 7.275566e-04 5.554457e-03 1.995544e-02 -1.496021e-02 -1.652747e-03 -2.578031e-02 -2.318081e-02 -2.247948e-02 -2.327666e-03 -2.800248e-02 -1.288612e-02 -3.597894e-02 -6.898696e-03 3.489322e-03 9.522869e-04 -1.436949e-02 6.185532e-03 2.051713e-04 1.307056e-02 1.600663e-02 1.753212e-02 7.365635e-03 1.984371e-02 8.315965e-03 1.737617e-02
<VARIANCE> 39
 5.839525e+00 5.444092e+00 7.772696e+00 1.096933e+01 1.283321e+01 1.500753e+01 1.816108e+01 2.081277e+01 2.307336e+01 1.989266e+01 1.974719e+01 1.733092e+01 3.249156e+00 2.219964e-01 3.662825e-01 5.782483e-01 8.131613e-01 1.058434e+00 1.309540e+00 1.575042e+00 1.828928e+00 1.959400e+00 1.904678e+00 1.779769e+00 1.628579e+00 7.997252e-02 4.089893e-02 7.198499e-02 1.146995e-01 1.634733e-01 2.132151e-01 2.647471e-01 3.191723e-01 3.727114e-01 4.010144e-01 3.901750e-01 3.646519e-01 3.347027e-01 1.387557e-02
<GCONST> 7.885223e+01
~h "sp"
<BEGINHMM>
<NUMSTATES> 3
<STATE> 2
~s "silst"
<TRANSP> 3
 0.000000e+00 4.606019e-01 5.393981e-01
 0.000000e+00 9.929091e-01 7.090852e-03
 0.000000e+00 0.000000e+00 0.000000e+00
<ENDHMM>
~h "oov"
<BEGINHMM>
<NUMSTATES> 3
<STATE> 2
<NUMMIXES> 2
<MIXTURE> 1 4.234402e-01
<MEAN> 39
 -1.187410e+01 -8.526259e+00 -8.738506e+00 -1.568581e+01 -9.919330e+00 -1.853882e+01 -9.741601e+00 -6.470085e+00 -1.956751e+00 -2.629206e+00 -1.653444e+00 -8.609261e-01 7.138728e+01 1.667062e-01 -3.389356e-01 1.304014e-01 -5.398670e-01 -1.916376e-02 3.352681e-02 4.393764e-01 8.434988e-01 6.434383e-01 2.563712e-01 5.694715e-01 2.330405e-01 1.045957e+00 4.159965e-02 -3.502996e-02 -6.989729e-02 1.311690e-03 1.017921e-02 8.734030e-02 5.439537e-02 -2.157526e-02 -3.192579e-02 1.364660e-02 -3.286715e-02 3.312510e-04 -2.934622e-02
<VARIANCE> 39
 7.029218e+01 6.838547e+01 7.917636e+01 6.823965e+01 1.042063e+02 1.020623e+02 9.098652e+01 8.962268e+01 7.957237e+01 7.514256e+01 7.380737e+01 6.227652e+01 5.462337e+01 4.876266e+00 3.935816e+00 4.757666e+00 4.914997e+00 6.949367e+00 6.519002e+00 6.346784e+00 6.578061e+00 5.843238e+00 5.640144e+00 5.282968e+00 4.503021e+00 3.003114e+00 6.428370e-01 5.739363e-01 6.806244e-01 8.128057e-01 1.060989e+00 1.057164e+00 1.062583e+00 1.210008e+00 1.068374e+00 9.813755e-01 9.426948e-01 7.904891e-01 5.356490e-01
<GCONST> 1.474792e+02
<MIXTURE> 2 5.750862e-01
<MEAN> 39
 -9.519858e+00 -1.029010e+01 -1.036864e+01 -1.654378e+01 -1.006645e+01 -1.621048e+01 -8.380726e+00 -5.901597e+00 -2.179588e+00 -2.191186e+00 -1.903284e+00 -8.559844e-01 7.184202e+01 -4.745759e-02 2.137082e-01 -1.307293e-01 3.263301e-01 -2.532850e-02 -2.369045e-02 -2.697521e-01 -5.563065e-01 -4.403245e-01 -1.924235e-01 -3.935738e-01 -1.482512e-01 -6.514756e-01 -4.968346e-02 2.538599e-02 3.498336e-02 2.861242e-02 -1.438033e-02 -6.315678e-02 -6.901525e-02 -3.561188e-02 -2.166863e-02 -3.578981e-02 -2.263307e-02 -1.533570e-02 -5.028716e-02
<VARIANCE> 39
 6.867745e+01 6.781389e+01 9.261952e+01 7.037203e+01 1.185231e+02 1.123910e+02 9.721437e+01 1.015311e+02 8.888089e+01 8.000291e+01 8.370641e+01 7.272771e+01 4.589028e+01 1.077152e+00 1.363026e+00 1.924263e+00 2.208711e+00 2.811590e+00 3.264264e+00 3.483974e+00 3.842849e+00 3.639668e+00 3.453134e+00 3.200137e+00 2.854575e+00 9.715170e-01 1.789172e-01 2.176509e-01 3.144137e-01 3.866773e-01 4.911305e-01 5.660442e-01 6.329847e-01 7.292740e-01 6.841488e-01 6.447096e-01 6.088998e-01 5.425951e-01 1.343659e-01
<GCONST> 1.290270e+02
<TRANSP> 3
 0.000000e+00 1.000000e+00 0.000000e+00
 0.000000e+00 9.839982e-01 1.600183e-02
 0.000000e+00 0.000000e+00 0.000000e+00
<ENDHMM>
~h "sil"
<BEGINHMM>
<NUMSTATES> 3
<STATE> 2
~s "silst"
<TRANSP> 3
 0.000000e+00 1.000000e+00 0.000000e+00
 0.000000e+00 9.974281e-01 2.571942e-03
 0.000000e+00 0.000000e+00 0.000000e+00
<ENDHMM>
~h "noise"
<BEGINHMM>
<NUMSTATES> 3
<STATE> 2
~s "silst"
<TRANSP> 3
 0.000000e+00 1.000000e+00 0.000000e+00
 0.000000e+00 9.861339e-01 1.386611e-02
 0.000000e+00 0.000000e+00 0.000000e+00
<ENDHMM>
