~o
<STREAMINFO> 1 39
<VECSIZE> 39<NULLD><MFCC_D_A_C_K_0><DIAGC>
~s "silst"
<NUMMIXES> 2
<MIXTURE> 1 4.843322e-01
<MEAN> 39
 -1.365264e+01 -8.992215e+00 -1.119411e+01 -1.218262e+01 -1.024502e+01 -1.690939e+01 -1.155371e+01 -1.066807e+01 -6.088250e+00 -3.989190e+00 -6.245610e+00 -1.835535e+00 6.061959e+01 2.894183e-02 7.538824e-02 1.214997e-01 1.244971e-01 1.905372e-01 2.150628e-01 2.582144e-01 2.940830e-01 3.140918e-01 3.079607e-01 3.115509e-01 2.395027e-01 5.765147e-02 1.660429e-02 2.123129e-02 2.862906e-02 2.495343e-02 3.944875e-02 3.929216e-02 5.014288e-02 5.758268e-02 6.068087e-02 5.463693e-02 6.176205e-02 4.400396e-02 2.239584e-02
<VARIANCE> 39
 2.330665e+01 1.897181e+01 2.531720e+01 2.791353e+01 3.459496e+01 3.389460e+01 3.751971e+01 4.153210e+01 4.113036e+01 3.354030e+01 3.805061e+01 2.894512e+01 4.027900e+01 7.857882e-01 8.197493e-01 1.137558e+00 1.423942e+00 1.806369e+00 1.980663e+00 2.249332e+00 2.506447e+00 2.485873e+00 2.380973e+00 2.255550e+00 2.010549e+00 6.238099e-01 1.176564e-01 1.368540e-01 1.958570e-01 2.567654e-01 3.284818e-01 3.754690e-01 4.340152e-01 4.923687e-01 4.971755e-01 4.796308e-01 4.536563e-01 4.056383e-01 8.259655e-02
<GCONST> 1.061673e+02
<MIXTURE> 2 5.142272e-01
<MEAN> 39
 -1.366423e+01 -8.972339e+00 -1.142752e+01 -1.127184e+01 -1.038451e+01 -1.718256e+01 -1.251549e+01 -1.190624e+01 -7.468925e+00 -4.781327e+00 -7.675604e+00 -2.646804e+00 5.865962e+01 -4.201772e-02 -6.655066e-02 -1.084685e-01 -9.829756e-02 -1.776691e-01 -2.028138e-01 -2.630474e-01 -2.978945e-01 -3.121819e-01 -2.942501e-01 -3.106118e-01 -2.355615e-01 -8.314884e-02 -1.301755e-02 -1.833684e-02 -2.275934e-02 -2.978940e-02 -3.425786e-02 -3.678756e-02 -3.908694e-02 -4.210531e-02 -4.545835e-02 -4.527893e-02 -4.567981e-02 -3.655783e-02 -7.169794e-03
<VARIANCE> 39
 1.234575e+01 9.960806e+00 1.472545e+01 1.740194e+01 2.100195e+01 2.235755e+01 2.563425e+01 2.945993e+01 3.069225e+01 2.536736e+01 2.708407e+01 2.152358e+01 1.710738e+01 4.113934e-01 5.174505e-01 7.775668e-01 1.027964e+00 1.298207e+00 1.531207e+00 1.791060e+00 2.049756e+00 2.128278e+00 2.046840e+00 1.908335e+00 1.734976e+00 2.896516e-01 7.068469e-02 9.572736e-02 1.471667e-01 2.008412e-01 2.574110e-01 3.091013e-01 3.658679e-01 4.222326e-01 4.427291e-01 4.282228e-01 4.002744e-01 3.624409e-01 4.029426e-02
<GCONST> 9.260442e+01
~h "sp"
<BEGINHMM>
<NUMSTATES> 3
<STATE> 2
~s "silst"
<TRANSP> 3
 0.000000e+00 3.284112e-01 6.715888e-01
 0.000000e+00 9.908617e-01 9.138382e-03
 0.000000e+00 0.000000e+00 0.000000e+00
<ENDHMM>
~h "oov"
<BEGINHMM>
<NUMSTATES> 3
<STATE> 2
<NUMMIXES> 2
<MIXTURE> 1 4.952883e-01
<MEAN> 39
 -1.127966e+01 -9.389850e+00 -9.845434e+00 -1.607500e+01 -9.682847e+00 -1.698609e+01 -8.628382e+00 -6.217699e+00 -1.796369e+00 -2.250654e+00 -1.545093e+00 -5.550676e-01 7.140022e+01 3.106391e-02 6.021847e-02 1.614568e-01 -8.835852e-03 2.275880e-01 2.446940e-01 4.163907e-01 4.944361e-01 4.860865e-01 3.763224e-01 4.645250e-01 3.375329e-01 3.471380e-01 1.723170e-02 1.704735e-02 1.960716e-02 3.801756e-02 4.178898e-02 5.895437e-02 5.401494e-02 4.778539e-02 5.365028e-02 6.384412e-02 5.003146e-02 5.152868e-02 2.752393e-04
<VARIANCE> 39
 7.561219e+01 7.023908e+01 8.197325e+01 6.936485e+01 1.096889e+02 1.053104e+02 9.180644e+01 9.312309e+01 8.091523e+01 7.621424e+01 7.626966e+01 6.523257e+01 5.441836e+01 2.972746e+00 2.636368e+00 3.198035e+00 3.568590e+00 4.667844e+00 4.596505e+00 4.749945e+00 5.273987e+00 4.717923e+00 4.300765e+00 4.192091e+00 3.475423e+00 2.542972e+00 3.990397e-01 3.823629e-01 4.773501e-01 5.801471e-01 7.405865e-01 7.793097e-01 8.139190e-01 9.235790e-01 8.424028e-01 7.815505e-01 7.460035e-01 6.372984e-01 3.369926e-01
<GCONST> 1.396992e+02
<MIXTURE> 2 5.027677e-01
<MEAN> 39
 -1.060741e+01 -9.246997e+00 -1.005884e+01 -1.580368e+01 -9.910542e+00 -1.731693e+01 -9.341800e+00 -6.782582e+00 -2.783158e+00 -2.911209e+00 -2.484530e+00 -1.225587e+00 7.040051e+01 3.827706e-02 -9.154031e-02 -2.010183e-01 -9.965268e-02 -2.365351e-01 -2.415387e-01 -3.147033e-01 -3.855442e-01 -3.996754e-01 -3.542451e-01 -3.821846e-01 -2.876390e-01 -1.656316e-01 -2.872540e-02 -2.257317e-02 -3.785942e-02 -2.636537e-03 -5.401363e-02 -5.599548e-02 -9.193793e-02 -1.049634e-01 -1.093436e-01 -9.085699e-02 -1.093395e-01 -7.299040e-02 -8.141676e-02
<VARIANCE> 39
 6.763421e+01 6.006820e+01 8.297248e+01 6.400752e+01 1.034487e+02 9.963594e+01 8.805999e+01 9.257135e+01 8.094305e+01 7.373270e+01 7.546682e+01 6.224358e+01 4.828503e+01 2.399328e+00 2.214525e+00 2.836137e+00 3.333839e+00 4.116312e+00 4.285039e+00 4.357923e+00 4.971415e+00 4.385082e+00 4.094566e+00 3.876791e+00 3.293002e+00 2.275511e+00 3.511106e-01 3.313293e-01 4.464396e-01 5.338939e-01 6.874753e-01 7.385817e-01 7.765455e-01 8.944091e-01 8.133850e-01 7.572988e-01 7.139623e-01 6.168196e-01 2.683438e-01
<GCONST> 1.367087e+02
<TRANSP> 3
 0.000000e+00 1.000000e+00 0.000000e+00
 0.000000e+00 9.810832e-01 1.891684e-02
 0.000000e+00 0.000000e+00 0.000000e+00
<ENDHMM>
~h "sil"
<BEGINHMM>
<NUMSTATES> 3
<STATE> 2
~s "silst"
<TRANSP> 3
 0.000000e+00 1.000000e+00 0.000000e+00
 0.000000e+00 9.991049e-01 8.951700e-04
 0.000000e+00 0.000000e+00 0.000000e+00
<ENDHMM>
~h "noise"
<BEGINHMM>
<NUMSTATES> 3
<STATE> 2
~s "silst"
<TRANSP> 3
 0.000000e+00 1.000000e+00 0.000000e+00
 0.000000e+00 9.818688e-01 1.813127e-02
 0.000000e+00 0.000000e+00 0.000000e+00
<ENDHMM>
